,0,1,2,3,4,5,6,7,8,9,10,11,12,13,14,15,16,17,18,19,20,21,22,23,24,25,26,27,28,29,30,31,32,33,34,35,36,37,38,39,40,41,42,43,44,45,46,47,48,49,50,51,52,53,54,55,56,57,58,59,60,61,62,63,64,65,66,67,68,69,70,71,72,73,74,75,76,77,78,79,80,81,82,83,84,85,86,87,88,89,90,91,92,93,94,95,96,97,98,99,100,101,102,103,104,105,106,107,108,109,110,111,112,113,114,115,116,117,118,119,120,121,122,123,124,125,126,127,128,129,130,131,132,133,134,135,136,137,138,139,140,141,142,143,144,145,146,147,148,149,150,151,152,153,154,155,156,157,158,159,160,161,162,163,164,165,166,167,168,169,170,171,172,173,174,175,176,177,178,179,180,181,182,183,184,185,186,187,188,189,190,191,192,193,194,195,196,197,198,199,200,201,202,203,204,205,206,207,208,209,210,211,212,213,214,215,216,217,218,219,220,221,222,223,224,225,226,227,228,229,230,231,232,233,234,235,236,237,238,239,240,241,242,243,244,245,246,247,248,249,250,251,252,253,254,255,256,257,258,259,260,261,262,263,264,265,266,267,268,269,270,271,272,273,274,275,276,277,278,279,280,281,282,283,284,285,286,287,288,289,290,291,292,293,294,295,296,297,298,299,300,301,302,303,304,305,306,307,308,309,310,311,312,313,314,315,316,317,318,319,320,321,322,323,324,325,326,327,328,329,330,331,332,333,334,335,336,337,338,339,340,341,342,343,344,345,346,347,348,349,350,351,352,353,354,355,356,357,358,359,360,361,362,363,364,365,366,367,368,369,370,371,372,373,374,375,376,377,378,379,380,381,382,383,384,385,386,387,388,389,390,391,392,393,394,395,396,397,398,399,400,401,402,403,404,405,406,407,408,409,410,411,412,413,414,415,416,417,418,419,420,421,422,423,424,425,426,427,428,429,430,431,432,433,434,435,436,437,438,439,440,441,442,443,444,445,446,447,448,449,450,451,452,453,454,455,456,457,458,459,460,461,462,463,464,465,466,467,468,469,470,471,472,473,474,475,476,477,478,479,480,481,482,483,484,485,486,487,488,489,490,491,492,493,494,495,496,497,498,499,500,501,502,503,504,505,506,507,508,509,510,511,512,513,514,515,516,517,518,519,520,521,522,523,524,525,526,527,528,529,530,531,532,533,534,535,536,537,538,539,540,541,542,543,544,545,546,547,548,549,550,551,552,553,554,555,556,557,558,559,560,561,562,563,564,565,566,567,568,569,570,571,572,573,574,575,576,577,578,579,580,581,582,583,584,585,586,587,588,589,590,591,592,593,594,595,596,597,598,599,600,601,602,603,604,605,606,607,608,609,610,611,612,613,614,615,616,617,618,619,620,621,622,623,624,625,626,627,628,629,630,631,632,633,634,635,636,637,638,639,640,641,642,643,644,645,646,647,648,649,650,651,652,653,654,655,656,657,658,659,660,661,662,663,664,665,666,667,668,669,670,671,672,673,674,675,676,677,678,679,680,681,682,683,684,685,686,687,688,689,690,691,692,693,694,695,696,697,698,699,700,701,702,703,704,705,706,707,708,709,710,711,712,713,714,715,716,717,718,719,720,721,722,723,724,725,726,727,728,729,730,731,732,733,734,735,736,737,738,739,740,741,742,743,744,745,746,747,748,749,750,751,752,753,754,755,756,757,758,759,760,761,762,763,764,765,766,767,768,769,770,771,772,773,774,775,776,777,778,779,780,781,782,783,784,785,786,787,788,789,790,791,792,793,794,795,796,797,798,799,800,801,802,803,804,805,806,807,808,809,810,811,812,813,814,815,816,817,818,819,820,821,822,823,824,825,826,827,828,829,830,831,832,833,834,835,836,837,838,839,840,841,842,843,844,845,846,847,848,849,850,851,852,853,854,855,856,857,858,859,860,861,862,863,864,865,866,867,868,869,870,871,872,873,874,875,876,877,878,879,880,881,882,883,884,885,886,887,888,889,890,891,892,893,894,895,896,897,898,899,900,901,902,903,904,905,906,907,908,909,910,911,912,913,914,915,916,917,918,919,920,921,922,923,924,925,926,927,928,929,930,931,932,933,934,935,936,937,938,939,940,941,942,943,944,945,946,947,948,949,950,951,952,953,954,955,956,957,958,959,960,961,962,963,964,965,966,967,968,969,970,971,972,973,974,975,976,977,978,979,980,981,982,983,984,985,986,987,988,989,990,991,992,993,994,995,996,997,998,999,1000,1001,1002,1003,1004,1005,1006,1007,1008,1009,1010,1011,1012,1013,1014,1015,1016,1017,1018,1019,1020,1021,1022,1023,1024,1025,1026,1027,1028,1029,1030,1031,1032,1033,1034,1035,1036,1037,1038,1039,1040,1041,1042,1043,1044,1045,1046,1047,1048,1049,1050,1051,1052,1053,1054,1055,1056,1057,1058,1059,1060,1061,1062,1063,1064,1065,1066,1067,1068,1069,1070,1071,1072,1073,1074,1075,1076,1077,1078,1079,1080,1081,1082,1083,1084,1085,1086,1087,1088,1089,1090,1091,1092,1093,1094,1095,1096,1097,1098,1099,1100,1101,1102,1103,1104,1105,1106,1107,1108,1109,1110,1111,1112,1113,1114,1115,1116,1117,1118,1119,1120,1121,1122,1123,1124,1125,1126,1127,1128,1129,1130,1131,1132,1133,1134,1135,1136,1137,1138,1139,1140,1141,1142,1143,1144,1145,1146,1147,1148,1149,1150,1151,1152,1153,1154,1155,1156,1157,1158,1159,1160,1161,1162,1163,1164,1165,1166,1167,1168,1169,1170,1171,1172,1173,1174,1175,1176,1177,1178,1179,1180,1181,1182,1183,1184,1185,1186,1187,1188,1189,1190,1191,1192,1193,1194,1195,1196,1197,1198,1199,1200,1201,1202,1203,1204,1205,1206,1207,1208,1209,1210,1211,1212,1213,1214,1215,1216,1217,1218,1219,1220,1221,1222,1223,1224,1225,1226,1227,1228,1229,1230,1231,1232,1233,1234,1235,1236,1237,1238,1239,1240,1241,1242,1243,1244,1245,1246,1247,1248,1249,1250,1251,1252,1253,1254,1255,1256,1257,1258,1259,1260,1261,1262,1263,1264,1265,1266,1267,1268,1269,1270,1271,1272,1273,1274,1275,1276,1277,1278,1279,1280,1281,1282,1283,1284,1285,1286,1287,1288,1289,1290,1291,1292,1293,1294,1295,1296,1297,1298,1299,1300,1301,1302,1303,1304,1305,1306,1307,1308,1309,1310,1311,1312,1313,1314,1315,1316,1317,1318,1319,1320,1321,1322,1323,1324,1325,1326,1327,1328,1329,1330,1331,1332,1333,1334,1335,1336,1337,1338,1339,1340,1341,1342,1343,1344,1345,1346,1347,1348,1349,1350,1351,1352,1353,1354,1355,1356,1357,1358,1359,1360,1361,1362,1363,1364,1365,1366,1367,1368,1369,1370,1371,1372,1373,1374,1375,1376,1377,1378,1379,1380,1381,1382,1383,1384,1385,1386,1387,1388,1389,1390,1391,1392,1393,1394,1395,1396,1397,1398,1399,1400,1401,1402,1403,1404,1405,1406,1407,1408,1409,1410,1411,1412,1413,1414,1415,1416,1417,1418,1419,1420,1421,1422,1423,1424,1425,1426,1427,1428,1429,1430,1431,1432,1433,1434,1435,1436,1437,1438,1439,1440,1441,1442,1443,1444,1445,1446,1447,1448,1449,1450,1451,1452,1453,1454,1455,1456,1457,1458,1459,1460,1461,1462,1463,1464,1465,1466,1467,1468,1469,1470,1471,1472,1473,1474,1475,1476,1477,1478,1479,1480,1481,1482,1483,1484,1485,1486,1487,1488,1489,1490,1491,1492,1493,1494,1495,1496,1497,1498,1499,1500,1501,1502,1503,1504,1505,1506,1507,1508,1509,1510,1511,1512,1513,1514,1515,1516,1517,1518,1519,1520,1521,1522,1523,1524,1525,1526,1527,1528,1529,1530,1531,1532,1533,1534,1535,1536,1537,1538,1539,1540,1541,1542,1543,1544,1545,1546,1547,1548,1549,1550,1551,1552,1553,1554,1555,1556,1557,1558,1559,1560,1561,1562,1563,1564,1565,1566,1567,1568,1569,1570,1571,1572,1573,1574,1575,1576,1577,1578,1579,1580,1581,1582,1583,1584,1585,1586,1587,1588,1589,1590,1591,1592,1593,1594,1595,1596,1597,1598,1599,1600,1601,1602,1603,1604,1605,1606,1607,1608,1609,1610,1611,1612,1613,1614,1615,1616,1617,1618,1619,1620,1621,1622,1623,1624,1625,1626,1627,1628,1629,1630,1631,1632,1633,1634,1635,1636,1637,1638,1639,1640,1641,1642,1643,1644,1645,1646,1647,1648,1649,1650,1651,1652,1653,1654,1655,1656,1657,1658,1659,1660,1661,1662,1663,1664,1665,1666,1667,1668,1669,1670,1671,1672,1673,1674,1675,1676,1677,1678,1679,1680,1681,1682,1683,1684,1685,1686,1687,1688,1689,1690,1691,1692,1693,1694,1695,1696,1697,1698,1699,1700,1701,1702,1703,1704,1705,1706,1707,1708,1709,1710,1711,1712,1713,1714,1715,1716,1717,1718,1719,1720,1721,1722,1723,1724,1725,1726,1727,1728,1729,1730,1731,1732,1733,1734,1735,1736,1737,1738,1739,1740,1741,1742,1743,1744,1745,1746,1747,1748,1749,1750,1751,1752,1753,1754,1755,1756,1757,1758,1759,1760,1761,1762,1763,1764,1765,1766,1767,1768,1769,1770,1771,1772,1773,1774,1775,1776,1777,1778,1779,1780,1781,1782,1783,1784,1785,1786,1787,1788,1789,1790,1791,1792,1793,1794,1795,1796,1797,1798,1799,1800,1801,1802,1803,1804,1805,1806,1807,1808,1809,1810,1811,1812,1813,1814,1815,1816,1817,1818,1819,1820,1821,1822,1823,1824,1825,1826,1827,1828,1829,1830,1831,1832,1833,1834,1835,1836,1837,1838,1839,1840,1841,1842,1843,1844,1845,1846,1847,1848,1849,1850,1851,1852,1853,1854,1855,1856,1857,1858,1859,1860,1861,1862,1863,1864,1865,1866,1867,1868,1869,1870,1871,1872,1873,1874,1875,1876,1877,1878,1879,1880,1881,1882,1883,1884,1885,1886,1887,1888,1889,1890,1891,1892,1893,1894,1895,1896,1897,1898,1899,1900,1901,1902,1903,1904,1905,1906,1907,1908,1909,1910,1911,1912,1913,1914,1915,1916,1917,1918,1919,1920,1921,1922,1923,1924,1925,1926,1927,1928,1929,1930,1931,1932,1933,1934,1935,1936,1937,1938,1939,1940,1941,1942,1943,1944,1945,1946,1947,1948,1949,1950,1951,1952,1953,1954,1955,1956,1957,1958,1959,1960,1961,1962,1963,1964,1965,1966,1967,1968,1969,1970,1971,1972,1973,1974,1975,1976,1977,1978,1979,1980,1981,1982,1983,1984,1985,1986,1987,1988,1989,1990,1991,1992,1993,1994,1995,1996,1997,1998,1999,2000,2001,2002,2003,2004,2005,2006,2007,2008,2009,2010,2011,2012,2013,2014,2015,2016,2017,2018,2019,2020,2021,2022,2023,2024,2025,2026,2027,2028,2029,2030,2031,2032,2033,2034,2035,2036,2037,2038,2039,2040,2041,2042,2043,2044,2045,2046,2047,2048,2049,2050,2051,2052,2053,2054,2055,2056,2057,2058,2059,2060,2061,2062,2063,2064,2065,2066,2067,2068,2069,2070,2071,2072,2073,2074,2075,2076,2077,2078,2079,2080,2081,2082,2083,2084,2085,2086,2087,2088,2089,2090,2091,2092,2093,2094,2095,2096,2097,2098,2099
0,11.776193725386449,11.475470515815733,11.902138830821416,11.166245554992974,12.445862661451093,11.159959877019004,11.51092135651864,12.702905496588249,10.728776497616822,11.809004687329931,12.121691359191095,12.187165597313141,11.410532155603535,11.424497136579175,12.042600568819385,11.233286212585726,11.523122845874257,11.893270854526051,10.996432652593032,11.323790057578897,10.475906016277271,10.900288230047163,11.966661140494129,11.998280824222292,11.31296750510188,12.09978875630622,11.30496640871694,11.382863851302817,10.74058620514941,12.056796832159929,11.306523453207038,12.130085511063376,10.477745002717,11.911867711041442,11.460566294036374,11.067933157274238,10.741886167223452,11.21652799956636,11.21829574279531,10.658980503436043,10.351285302049936,12.050691165071507,10.675345675699058,12.663315385308794,11.74849436552422,11.055704756632313,11.900154460784536,11.17993689519815,12.036262530319348,11.84333103188147,11.230560261772963,12.250785235771001,11.302990962940836,11.666268061783043,11.065849187859214,11.75017422939928,11.85128997348008,11.60155309781304,11.656362458110088,12.667361484633888,10.662834709616432,11.985183586653982,11.378399071451975,11.962973629862498,11.790717286588773,11.220690241063904,11.552672603367625,11.891701751976605,11.727556071496034,11.76918402946679,10.984729451059609,11.593783901200462,11.587245869699322,10.662729019611337,10.8226631178951,11.904994307122237,11.092852064288234,11.476422209837455,11.413877299960399,12.184284545499002,11.781096694012646,11.32595904329331,11.689793707078758,12.165581280269446,11.651797898676929,11.599101263098483,11.083050601836106,10.97458414709374,12.282265944970783,11.675378308061168,12.166089812000399,10.99165541872356,11.22192807067613,11.383400195701283,11.707217464732375,11.543468133448783,11.784303192728487,10.926908672219158,10.637285401171816,11.25105073468603,12.515927771623451,11.92284311394802,11.847920511885613,11.514580179309812,10.350874242924172,11.421388488077802,10.753794472405179,11.675888132856384,11.092748709823733,11.15585024776123,12.494561654119517,11.888751576360374,11.414920090254068,11.688713350601562,10.654113630531263,11.432105113256398,11.498658937309427,10.274663838015119,11.617207386849117,10.71943893524736,11.342733890792244,11.982189693409849,11.412504858210355,10.308919095915591,11.660665054717139,10.686731552182168,11.329765895146272,11.984094077855964,11.043539229678244,12.226537972883209,10.580986977305816,11.717320118685276,11.334745580104075,11.256294752616816,11.17332806535859,11.786744059278833,10.719839073364017,11.342065621547935,10.64672567112375,11.09271793117759,11.731052317097104,11.223832978431282,12.128926351879345,12.198354583398027,11.341897237348896,10.970604798416792,10.95691688337416,12.110678084214692,11.336024840788314,11.838146630501488,11.385940211516068,11.655410621776381,11.197658201948112,11.61560999346521,11.92271236774327,10.675216105616206,10.698035113116289,11.061560414944156,12.6767494216292,11.473576686724861,10.65070501930008,11.116967175198482,10.959383514622083,11.18665131641381,13.037499494506372,11.233547661251965,12.01019357337708,11.076888689444589,11.087790686734895,11.686721001999889,11.803744698394913,11.079628948822558,12.462064996254773,10.66090294603523,11.05295364808468,10.27618665851397,12.003805781162404,11.128922206253433,11.306254758880293,11.426125224719797,11.033752522682741,11.888275382533037,11.760496921240849,10.821665039003681,12.703210571108544,11.656100415967675,11.144807481777393,11.017179801397516,12.134437628968744,12.142088098071685,12.166982168137329,11.113880887375261,11.215824213668458,11.301974372461878,11.67518069242873,12.139089251109269,11.16360832360918,11.819437261791672,12.073247730790486,12.122171311438159,11.07279494204035,11.294841223691236,11.939215271392566,11.288376373476625,11.325635142634717,10.642276838628757,12.058360777474608,12.159682041795426,10.301889423519249,11.441715723452127,12.818726616223637,11.553717495618024,11.426985155014021,11.091760964819793,10.998879926418292,10.761571793444915,11.791518637114903,11.997602144223967,12.159587601906093,10.7851150663499,11.761337146468472,11.543802563637575,11.110376324061853,11.676784257823389,12.09847793625193,11.330780296830559,11.536203069248375,11.817234128445493,12.03732719027697,11.342664350769478,11.989404632046194,13.089215216947466,11.91686501715207,11.872105748999566,10.793440170086686,11.064219942853248,12.553823791619427,10.270314127118528,11.693511376574333,11.584909967275678,10.877809511706092,11.831570080682669,11.698429044769219,10.615991574136814,11.549161583370468,10.728791107017623,11.862458443926334,12.36698124981449,11.08691304887065,11.631007500796484,11.434283325475148,11.018921631247796,10.916181738556029,12.103996547904838,11.851809663372778,11.803900752444525,13.394608229730595,11.96290271014974,10.955531122210187,10.480486972507453,11.40531052992528,11.620327598488249,11.817721145968369,11.73730157655462,11.247279437534951,12.096664869382877,11.032833011520152,12.502454037194758,11.945706387806922,11.302621416454098,11.310379407114157,11.845838923904308,12.958184133327054,11.360060335544437,11.529389013690718,11.922800325456297,11.550614414320805,12.392931932877781,10.70118690866454,11.94345938241078,11.332217680344485,11.199723523203403,11.342638486919457,11.195592656125871,11.249976354099067,11.566822972778905,11.584174036650536,12.101729886640628,11.801807787706572,11.140935902961129,12.03729253180938,12.055974545089564,11.836481630814994,11.452725437458403,10.88008800642439,11.237096970805728,11.396481043781563,12.091425174949467,11.796489661108655,10.630641054739613,12.413941322282644,10.26096452491624,10.958213062752428,11.309457690269939,11.249873409672356,9.58180650439651,13.089311151053975,11.782644299722271,12.740637814208942,11.465870220525828,11.46196100233307,13.070429326271713,12.21742002670639,13.43204756019487,11.491087641783427,11.880264103178945,10.546701324757748,13.362567701025766,12.406528041934044,12.308170417579671,12.651558280963275,11.654436338435964,11.910825021809453,10.23737238235594,12.480722041327704,11.115747062706404,11.34538902333703,11.875851982683349,11.938268539470075,12.184332008960874,10.15713689874141,11.125629197000032,12.67308192138154,11.12787234665915,11.51759736030532,11.01089831600422,12.565455261106067,11.752342600454208,13.122884410127995,12.602951026918465,10.614024738729286,11.186509229377661,13.450965681445659,11.31252456264361,11.46067832181208,12.491206493705093,11.328504878636977,11.64380730636321,10.744174327593578,11.756332101745006,9.564623320429341,11.839904230581839,13.88656655435554,11.24889846621635,12.568385471078676,11.88136576667722,10.812611268918971,14.11223230569453,14.111651967363958,11.402325144631371,14.071331389629055,11.356225921182714,12.77609449704522,10.876536475135014,11.971825976295044,10.545329649785101,11.362022138597938,11.755989223315451,13.312556336236433,11.321123216906315,12.579659638102623,11.602370079673758,13.615121852272177,11.375229403861594,11.05501528165525,12.363938207856712,12.751167991536265,10.245562343862444,11.033465856888016,12.611860918552047,11.63836319816994,11.223295488413957,13.022211436047355,11.498381073186453,11.931340643714565,10.969100904252922,12.591261664477639,10.977579496726298,12.297687275748201,12.510613660364662,11.492068753195356,11.291250139434785,10.947663983539618,13.137881228528501,12.23352918546668,10.804328777552241,16.51280984498656,16.847443367108603,10.863266056293808,11.735190168592231,11.264819787824456,11.215049887695743,11.92851861785181,12.134828862506485,10.940811443397736,12.327381644189536,13.940471813048015,11.59542316601259,11.98344450980288,11.858452749096971,11.089228341966496,14.147689988474589,12.259245112456036,10.815663796498033,12.899418481537495,11.50265860025265,12.323942860870162,10.948063973186851,11.474009814677254,14.547905886159313,12.43150448419191,10.342454877144515,11.532806338967344,10.698665968860345,11.998457140665488,10.529244191077645,9.898244571669352,12.096671484375054,10.870120470999327,11.570620739569728,14.048857433112673,13.143421805417688,14.623267535916156,14.014357684065317,15.122019848407458,13.915994132263604,12.580971350763953,12.490665306368525,10.832350079939935,13.041191791008329,12.704955294274857,12.914858388640052,11.256263879901198,16.2925171507267,10.776431762190668,12.092893418382403,10.758584755805074,12.472594478523368,12.598750868455918,11.503796887637243,11.030352758265147,11.714212104141764,11.376191024226145,12.002487151536466,12.07467264230444,10.852195623058691,15.188729672702527,11.805957711922542,14.053277016782815,11.40314019738869,11.002995681409978,10.585890006931416,11.305348675797296,12.231608094637345,11.112897913597926,12.401281766844154,9.779458898077117,10.592623541426159,11.33434684231359,12.773212724489017,11.630906158930433,11.512454132728612,10.919477181822474,10.983022574851589,11.127072837304972,9.911448346599755,10.325779254381596,12.605514753840945,16.820707327146405,13.542795269790536,11.223346482529703,12.309132738551385,10.76519835788564,11.443540642700489,10.204603287500918,10.267708339371712,13.024615524102773,11.186552234246237,12.600284132250403,12.606816640533145,14.421409118015829,12.467474294223008,11.797651867697192,12.72255545504004,11.831560892107804,16.887583078358382,11.248000147670552,9.572350396012506,12.171750906491853,11.687675126809456,10.958198056581915,12.68842774143117,11.46002364351215,10.826673323235562,14.767810545544945,12.145684080860862,11.421796410758152,11.189964979950066,12.299721072656874,12.845797046992887,13.991226138141366,11.414300890294475,14.932506793360169,10.94102260559507,14.376867496874869,11.182777722237546,12.809096653518486,11.294815401660685,12.766060969291187,12.008522979730097,11.302650403858424,13.265845336856996,11.202291912021106,11.955435430901442,14.94464411745522,10.86720633121079,11.863026577017264,11.047238070648886,10.857073902403696,11.358256953125744,10.620728593823136,15.185285320906543,10.499899093353136,11.239444770378892,11.539280259491859,10.50294029977442,10.784779646140514,10.826892611838659,11.803398185669902,12.961953273615459,9.970860641343545,12.739793536880603,11.396410421565738,14.107117434421518,12.739438429798794,12.700770217203626,10.23838447151467,10.650300165113203,13.118902575439948,11.981975432716869,12.737081389637263,12.222083852477477,11.595639963089925,12.393883553130575,10.811961774188703,14.90302288933621,12.207223421943334,10.66018441487666,10.738700549830718,12.836775963529561,9.666808734871067,11.04312072781984,12.010352393175506,12.514922889453203,9.023159810536258,11.897577831279397,9.971022433451333,11.795391900742281,11.806536868695611,13.209529777691321,11.4112669080544,11.081406080314698,12.352663870496116,12.412823418186615,12.304462354111365,11.564625803550587,12.252537694631254,11.005604459094675,10.45351986783688,11.357049269715894,11.047111921197997,11.637859849446976,8.997953200837042,12.571951832116303,12.678721223158997,11.249637069576988,13.085825184705524,14.78099438051826,11.841655413045437,12.374002267581165,11.861299013523954,11.682517316330024,10.878757542995945,12.49767314688035,11.736034053053194,12.900557363822953,13.05617342853428,10.859240575370215,14.71518111853949,12.301242523721163,15.967175254162406,18.584510907137766,16.629757457645056,12.821917745447678,16.98973887383495,17.589043092880278,15.434794915466659,17.316338545118363,19.024995898497778,14.83800324887437,17.365318169915817,12.655945453276766,11.746764905373944,13.691109611763608,18.15972580739192,15.585232235340783,14.449100308809829,12.800810253608802,14.58047063939282,13.527351730568965,18.097415795836312,19.416970877794913,14.475656839114187,17.399145003505414,14.912633951840393,16.522044069489628,15.596089139011266,13.22901280809551,11.738879734729448,17.21415316115037,16.557881534367308,17.099364350770024,16.40350406815423,18.812242400583543,16.56194140055801,19.69472185873174,18.997784137720554,12.273264605020408,13.594686238504604,13.380077663087627,19.148492880291748,15.932682000904666,17.123611542169076,11.950217424124993,18.28506845643411,21.165146463699635,13.94333796926012,14.839591384673808,15.519009026280875,17.106737648494548,14.547598607799538,11.769084861630466,15.637513820695943,17.723719975384146,18.513757113279674,15.255929152593405,14.188488470727295,16.939067821224743,17.37390222334282,12.940260121064432,17.1299061556843,12.519089375328619,11.655437346518664,13.957642354397077,16.80421899420539,19.764827152291122,15.367665544894331,12.599734783143457,12.27276117605758,14.717354690979956,17.412790587374083,13.241863097566236,13.84336419899576,16.501072654752182,16.23648068365022,16.75468165096926,16.88713705921036,16.426802712502848,14.09251832267191,19.266887973996393,13.917350034205539,16.76466761908439,16.69848986160173,19.247745035293804,16.089822350079658,18.349148241133463,13.475834609579543,16.83776430769733,17.70057548558322,19.16095679593831,16.616750729757467,18.042241823753844,14.03428857842726,17.37536668827669,16.627913671091793,13.722000145123808,18.98154538041434,14.605437776446408,15.188052146519512,18.786104278226357,16.14033895465747,17.96427635919159,17.557369347375015,17.454905725766885,11.83759125971573,13.171894830090274,15.664110065937598,17.359632529014036,16.361764721545697,13.615231200715364,17.046846033786338,17.76772595479495,13.342853616814944,14.627070583497781,18.490399336167748,18.793834456642724,19.382694289891212,15.275710497989756,20.114895102073593,12.905604462698678,14.582423627667382,18.99190978074547,15.630798345614432,18.242205710220805,17.150434988908017,16.57441344122697,14.06053088577147,13.06035488927281,17.793088243478685,16.71967294273571,16.53158450188367,17.098014526328786,17.577467636959437,17.365662786898255,18.60255722962077,18.951792542988873,18.888214692259908,13.681340396011151,15.358976428141462,17.415244555378344,16.131459365929004,16.942796670980844,12.358764974060934,16.701699589465253,18.979127759214077,17.482607774084265,19.060361632611936,18.19492483653026,19.167372930903444,16.385671453968126,16.64613829364819,17.805808165011403,19.868669459763275,13.03463014801657,19.59030730158384,14.919531090551962,14.08030095072698,18.260224825380632,12.106608810591608,17.304567856835128,14.726285286272173,17.425366004599923,17.427444169474658,16.06458083360172,19.26226221684658,14.287352291044845,12.314555707303844,16.878083528166986,14.986799040931118,16.910287389150557,19.3719309129275,15.684557465530629,13.50984587067549,16.44795999140158,17.937675913756486,19.879947010672673,15.920257813276372,16.359118439655397,19.026469685512417,16.032412857216652,12.843077330208354,14.224772602084256,17.264925899073525,13.085484014837075,19.43901858839607,21.22910006853953,17.70163253868226,16.849282754260543,19.280766102526826,20.658046952478898,13.901828260774515,14.650593360996087,19.106649917064498,13.695642824095966,16.625221970829205,14.654122213784406,12.541778159849173,14.320848754268777,18.468558484095823,15.34386790059358,14.72471270995291,15.605202502040735,18.54224037603093,18.812875547033883,17.164470083142973,19.989681318644774,16.992243276300595,15.614900332469183,16.112984798861515,18.682457696131944,16.854048024166794,14.469935647340604,17.55007169163878,15.89572068956724,12.402223057383816,14.60944948139795,12.816596986733954,17.90212422913466,15.846870534363418,18.00270483904258,13.0520807088034,17.08078109939767,16.887911513853744,13.95419651178545,12.852311870204629,16.47532001108514,15.900366035969368,15.30609546882348,15.072370842584697,16.585195355810683,18.763526325143037,17.39661232982327,15.086882212301742,15.209026047423592,19.230146011439007,13.228089720595484,15.143417497222861,18.84859955143852,12.605208740950655,16.187337205902256,12.993183681603442,13.004193473069344,17.2260304389503,17.451717667034632,13.074168438295972,16.72553078884425,16.237937725160045,12.12571527851751,16.594383344736656,12.681618978406101,18.776570317128456,13.632859182238581,17.487546308033888,19.318988454883804,17.405153802954136,17.11439677539179,17.752679967678393,12.538617015457838,16.046961102411053,13.789966292442074,17.146361881993947,13.548135024719219,16.206104746322524,11.17849364495355,11.868612858810543,12.957562259946096,17.834008249951857,19.319202521176578,17.161742312245643,19.726335535471982,17.039877710345028,15.634951994543506,12.900343564235337,15.851629115414184,14.421664256545583,14.59858890052973,12.909026383350618,15.872722797132349,16.408270276948627,16.593872766850108,16.02115057494488,18.99580646254026,20.062106087263032,17.03618376471562,13.386718812678923,16.566096860509372,15.884758547313574,17.491703823591813,16.722431229338007,18.193410277571047,14.730641999962451,14.868056566064784,16.443691046114665,13.78853552454715,19.089738985884093,15.073487650455254,13.684479718992556,16.556167376760026,12.023222316485258,13.872261051072469,20.678005210432392,23.830909290376844,15.799576155387003,13.473274331930456,15.11097503686804,17.373994894691954,21.44862880931002,13.936629727404672,14.65123004089248,13.74644449481467,17.217074873258213,21.099245851024563,16.610119903842836,14.146123901893958,17.7805580112539,10.80435455981739,14.042002908420999,14.385582003389569,14.70151206643644,13.611591752223845,15.06742815081991,16.126663650014184,13.900765445306993,13.600796402069998,21.106117856436576,16.82141457617318,21.369068296399746,15.250318337421076,14.759483444230733,13.352761908000803,18.61348998962399,17.75870709804925,18.103240746279994,21.700345047672876,13.299895085764128,22.097395528272465,19.160340727638157,12.988318683076791,14.562352828856719,22.27062546657562,23.463626164354544,14.90656212234771,19.14767164127079,13.044210942671235,12.40386814958941,21.157851219091153,12.991639062620205,20.233538609656602,15.233332727791838,23.380127249177445,15.966649446321087,21.698288924168835,17.210140599344278,14.494645907613611,23.828328285399245,16.060155072584404,12.755990568009059,16.168843423134202,18.750372420732123,16.18853169231882,12.421239657522678,15.815864482448724,21.056137472089237,18.481560594131633,22.359257227458496,13.65558791849049,17.152639859954753,17.76692421426603,19.387798275278218,21.744744483096873,20.144082385775587,19.71315315484038,14.695691480455237,13.307627339217989,17.25834702451397,19.8444240832475,16.221854522997717,20.4621111367433,17.586989954019472,14.076323639342878,19.287503672378698,17.463548036459404,22.652661793557204,18.680621346458977,19.064325360162066,18.167922848281943,17.164380646804496,17.09603886713825,11.797551206531413,18.20550610595564,23.06437229129659,15.07370389789738,21.85696896053462,18.899702999939286,21.488132742057463,15.627076215560049,13.120642027094044,14.956227275903728,16.65525880697338,18.430117511098327,20.098061147626186,16.378954791483967,15.251874965993517,16.507066621987057,19.300359649251128,12.758398090714067,12.462336056985068,16.21843290303645,19.03544514870553,19.480122199484608,18.07774107199316,15.82603609830562,13.877529607172505,20.696858133775784,12.926791805374654,22.637371740558574,17.744868321539833,24.601037734436588,14.238824147654531,16.46354497274537,13.799387610858567,18.398758040546465,13.014781782459467,13.721815900658093,20.39440736108738,24.686050202630074,17.049563568770072,18.618764554119565,12.236439661993515,14.904548560166726,19.2973582819615,18.77315465530791,12.583122830095515,13.207673086954147,12.88165507308168,21.525713857195054,17.748585570016658,22.366558872720457,19.64812158171694,17.695484246617053,12.460902555624632,14.496097976061895,15.721871940300687,14.512308552275577,21.44034042381919,13.431236546476516,15.888838576763815,12.085112726669962,17.459252366541005,16.87073237043071,12.366157830919397,15.698262557675015,21.929081316180827,22.955917390386485,12.955818814774835,15.627268094152166,21.406887472453565,24.000610436357373,14.30873256272827,12.875815005629322,17.8457482257153,15.755388762946946,24.56962599263684,20.072735371871943,19.874129081456108,12.11001381112698,14.788309211918335,15.202480761725507,13.493351162875067,18.046609417605893,12.33963059071655,15.820922364350936,13.288426906727837,19.532893530188066,11.62662259043446,15.312795654466436,13.5598640256052,22.59765338316715,17.059421084675204,18.68007905963679,12.976996340046261,16.231066455865268,20.548614869246133,13.022751495742005,13.448642355851844,19.638300401679786,14.77895337241548,16.29608945533895,14.049743791070057,16.517192988019886,22.36906264113733,20.604532001765413,13.389036986599733,14.239715185961245,16.90669395950677,16.38423227557887,16.30882061712657,12.6240799820763,19.756336995599302,14.1591489136081,23.573893118897857,15.59561228337943,18.300942915515236,12.878565235443533,20.992282433363407,20.56991855283274,19.77215436973819,17.937522536929702,19.576889150563474,17.273157164697402,13.033336339948342,13.628281778762531,22.067764644073705,16.874096744610704,17.083145639853708,17.402734600400297,16.27851519296706,22.56867406124884,16.168598038205243,16.2237465125062,16.477384194861553,19.670619677048272,16.785861694335942,14.678073137309404,13.327052323334676,19.417176598982255,14.426972463838474,16.29033110379308,24.628548321863253,16.863948684959446,19.33068290458171,12.567640889045062,17.614753272635856,13.096549724525367,24.08702797088002,22.521573926909713,21.74173112650603,23.980719975030954,20.78967539113249,13.82423816951551,12.820667324562285,14.723338643426194,11.631804934253466,17.246069104596152,15.788949032210562,17.0349673000902,14.780457230554932,19.083921794149184,17.874628154374257,12.34776271650792,12.835179006852737,13.310151546422096,15.849227440475229,14.083815531936393,16.866058803133704,18.154779546503782,21.77482415922259,23.04028837646782,20.21034643377281,16.160855219814653,19.150502474586926,14.34121601962646,15.777845315531806,20.469290565194182,20.068336200762765,19.611778941502962,19.66055066120418,13.43795545976453,19.362091577683344,15.447731294199627,20.342990556661665,14.614015971208637,12.113507359275483,18.03795264359012,20.365276204409295,20.440558272313954,18.75487621327467,14.31912970480279,12.793591939060349,17.279427258736526,21.278409770617298,15.25531980906635,17.31149712465726,14.093963557297057,13.70716686657265,15.948681883276318,19.351381624641693,18.685850619416943,15.372314045047448,11.926143637539756,18.61078785656956,17.789125591465574,18.471767410974888,19.141560888085507,15.08879710473556,21.492183252412783,19.54287391225221,16.961803033781635,20.755964800038075,16.673547652270877,24.334510689800315,26.480687580190633,27.888274145884736,24.184171093241336,13.026949666538318,18.274698348191333,17.087828263709554,22.730213247719444,19.157210958289987,28.103494197630805,23.670550113257086,21.363855967493258,24.89413226455037,24.988670568500126,23.58630734700309,23.850277884227705,22.890291472212017,15.341646277732977,13.095151949815245,26.685079366956085,15.302486757127442,23.815985719715595,16.410178859515433,24.268881562323326,25.357661767004778,27.584236529476573,26.338271696403723,25.495789067237986,24.04417597274441,24.249430251714205,24.48571313870235,22.350582786043184,25.3063195511728,19.483004515958765,16.32203922801465,17.710003122917648,20.822827901552138,13.846092157322419,16.025988822263532,23.566320619544314,18.868820442638214,24.0899236979607,28.357300557973502,15.881255349079808,24.05435519219896,12.16349072076753,28.735652665032347,13.63758457220703,20.607779248615824,27.410741929053444,15.329607920806623,26.384700375809135,22.943603090451212,13.708106182200309,14.314853881036502,13.31947698484695,20.48018837947612,21.517643326927484,13.166535733850008,21.726547331907586,28.408912936204043,16.740080391145835,17.66033682015031,18.641492039681506,21.276509840678457,25.113974956485457,26.470331296553855,24.061866434140093,26.43359617257773,20.8797191400753,18.4535645533193,21.813725115916366,25.699292471020666,24.1090274523138,14.702673009750026,17.264740916306685,16.682166492319055,24.319362612597608,20.795465701726354,15.499858784709543,26.68187382024299,22.41808174788348,26.40860872599073,23.86352310951493,21.700010264243954,23.67048006120742,29.58945821238637,19.986359380596422,20.32831824332645,17.938029025374487,18.936592325333393,22.609583540915594,29.11768659739487,24.581079831166797,13.484913333323174,20.7730192902366,29.171715481681026,22.230350217778454,18.719383076608448,25.2009685518746,20.687102517710407,15.472094581743079,25.87792571532123,21.378193139053977,25.850561786895295,21.636653717782867,25.25387216879259,23.3232776809805,23.448741910063053,25.273725260049975,27.747020806028512,12.81853256906061,23.67114100462412,27.362160671706103,25.630866174458077,24.849023598092217,21.826581958348484,27.442074349229795,22.265072908484946,13.183762172248771,25.81603877146408,15.312658500640424,12.822062539963994,19.509709822056184,20.360352037304793,16.643958627683237,25.069924995963653,24.172242832524915,23.564104644150266,20.536331382349385,24.631031819472444,21.692329569960254,23.43515867424182,13.859669414466142,14.227451728068964,16.6792963613644,23.275993442509495,25.8845388775417,22.532336842526373,21.03392680782953,15.506293971635081,27.16483586364258,23.811271164284907,23.752297926862475,15.99418539873446,21.013035951251975,27.997406423286634,22.26684241080399,25.083170855869746,23.894851689524373,25.368913619873325,16.993106023502975,17.65335802028802,15.896518417967329,28.156004536750267,17.151090223316906,18.03254999964503,17.777308129671997,16.578586352038744,23.595987263668633,12.17781547438557,22.82609008792238,22.910497005870695,24.73641781746462,13.57790553596266,12.593395869751507,24.38157465565359,12.682127507834025,19.429163400446928,20.286185965729167,16.942865336459143,14.364771503400414,20.599836818394063,19.13565503803222,15.791948834244476,26.975459511710756,18.15711067224705,24.178844697195103,18.34981163952231,25.16296429582302,13.820848706120236,22.199272649248638,23.840016222291208,20.317218569532127,24.474464849535206,19.955639971070216,16.802538857891154,26.493838676485947,21.663952127397923,21.761258643914985,17.3094679832706,23.903698790199922,29.12249591358401,24.362093696736824,22.51182059034002,15.131045655841085,22.381886745291613,18.282159105168827,23.64701572993814,18.53603918993019,21.52942174602898,26.59731291254039,13.790814716385405,23.7977117690288,22.193386208513672,21.067758514776482,27.760612011413176,21.645600446101383,23.08614854406056,22.21595500801512,25.446092410281405,24.713071747468298,14.689584699416494,27.326365845649246,16.530667686148277,27.295406368693175,26.49178054414191,20.488506641561205,21.690284333504724,23.7878012447799,12.000705150464736,24.66883773264797,26.073285588622458,19.529833666914115,24.485869922581454,25.32681553065541,29.20735146267958,23.312256359832904,12.845432633995872,20.960791774001517,24.052737195359608,22.507888419066973,11.204538890145844,25.90220079020416,24.221897765125867,24.81422662195193,13.37391679882053,16.900323158676706,21.22779556458602,13.068102637592991,24.89480119760228,23.141636125699346,24.916948241002014,23.28064862389122,15.614671702986008,17.979900003202218,24.15061908731904,25.421269152451874,27.56452583116375,25.390549059785823,27.874913316981676,21.279162616428977,15.57556859505264,13.366074982299665,21.21365961092718,21.484610943974815,19.43855940456067,13.726432724078837,24.92145406253322,24.41038629368645,24.054714672094963,12.43299553048306,15.636986120646744,24.43007550193447,24.27250737335815,18.20775871888775,24.356585630182842,24.22180390475682,26.927485010208077,20.570099602736157,25.619590974042247,13.087867003238468,22.182892714931516,17.20634171271273,24.27786199444565,27.0716134485718,24.973517624268418,22.41083148810503,19.81624885856983,26.514915572717463,18.47993342971358,25.39453762170847,27.868086732801498,24.651810949945272,25.93007342535625,24.778556808517283,21.23396101771319,24.78258672862285,19.000499842011767,26.505717967391558,27.861726742324592,13.551221776274858,16.495921144248033,16.59348877736669,17.8224999626774,22.34259136239567,22.896367065320323,26.213595618359317,17.097904166740687,23.71321539281147,34.949121183045015,28.65789373886325,28.532291498465906,26.8414516482387,34.29440132500929,27.597574561566812,30.098805615032532,35.66984549924479,34.126153596788924,36.656928250609965,32.62208773247309,26.701537226901966,27.739530018701995,33.999748652088215,27.012213624067716,33.38236918177796,31.501660579097145,32.854068732655364,35.31836117632402,28.42298877399875,35.048259393234936,26.334332826519315,29.211583190549238,34.273978202257545,36.18243675566529,33.60859493311123,27.28956185888846,33.65044747284132,35.36642089856045,36.211450540588764,28.151638748358025,27.222582209988186,33.18651202925644,28.946986613535742,33.688223898526594,32.914127125949314,28.126624012369977,34.38111427989042,25.893210229319898,33.70167185207463,32.68099752794599,28.50759935511352,27.194284794363227,33.26173143499793,30.972860735950892,33.42239921652497,39.67848210364352,34.612089257475226,37.26801320045399,31.743460345002713,26.678950469805876,28.561280207799413,26.645397763207015,29.53240396948711,31.47132123528287,28.501996701266254,33.77482263367448,32.21203412416346,29.14997136890201,27.004433541000587,34.57055028318664,34.41518477878711,26.49794446595945,33.63134664662441,35.632221777488546,35.09403355634423,32.821739602217505,28.242844979931732,35.61871943608405,34.50643815853815,35.32861515469035,33.19022900540393,33.112856173656546,38.527552428098836,26.662106382020344,31.69960100104891,29.276376638037238,29.710994644652594,34.360045269077474,33.01144899506767,34.85620800825178,32.636099362821064,27.884229374611735,33.4487461334193,27.76732209575251,31.79731921093738,29.15371417804354,34.483093275823194,36.87645368234823,34.140072749464096,33.390748064776815,27.194812956492967,34.26967045542009,29.661286415789082,31.600603589393515,25.17362639217572,32.98952137352576,27.82728126521434,31.939134524682814,37.022007480049005,30.9632252592874,30.64165588512403,28.654536085485834,28.59664627739311,34.48017721124051,31.88539811004951,34.09586901390867,33.996197291460334,27.073174102939884,29.721515543802564,33.627591900333215,31.22628488857105,35.56013376582397,26.714054382506934,34.197806818240444,35.54051188532093,28.572545191389267,30.242895737302717,33.28521460211711,34.21262677523949,33.94008210350451,33.6186956598129,34.49610555412065,34.579949006648214,31.120828191744156,29.705354990301327,35.2832060859303,31.370410353500368,28.082671189028122,34.625475353778924,33.63923195202633,30.768585481621837,28.19748731756361,27.671838481036573,34.92868157172225,33.65207299410696,27.121380336589446,34.82159733548408,34.898563593849985,28.308506707841012,33.079793435106374,34.9518680943715,31.526045134864773,34.42671513879958,30.942646137244207,33.86915925842251,34.77169635656938,26.73900276844604,32.702511442350236,27.473538708154038,28.737121087874062,33.670414669084494,32.652228165750515,27.291717019170196,30.56257788685157,34.84779070117483,32.54929681442685,29.788093021509937,32.600444196349436,35.54602576435445,34.92293768997172,35.20628535617904,32.5565755476149,27.855444057088075,35.44294682500174,35.48833029070312,35.58728849203984,28.078721591908284,27.30928504960622,33.624229156299094,34.45551779004708,26.33663966895206,32.91107156654103,35.488919376828655,26.76721478712378,28.226093695397537,34.28638327900364,27.902427306336513,33.44919618119561,35.68645449945745,29.537851522471428,31.27470121648599,35.438317035973334,30.14126345064262,26.614105458080044,34.37586567038755,33.340092870200166,34.239817591160325,32.89947700636874,29.322348773640833,30.433594746292933,32.12823033407818,31.978199520854144,35.32361139833289,33.83919018060057,28.392868631605698,32.34844087380552,28.18932454252735,33.263452088007156,27.68122717846754,29.609808166535426,28.879630784574605,32.247735238608584,26.783273195143362,35.622915617074554,27.05731774533669,29.826932779971187,33.621780944068774,34.40703376746466,35.409776996003494,34.78088384756419,34.263241714901525,27.034924947664365,26.713892010912396,35.606608268895116,34.0952543158277,28.677418542181673,34.718488207017565,37.74856986132135,31.41043289526123,28.840125652333672,32.25291016203904,32.50734551915242,34.659534813321095,30.24446986012314,30.83705475641855,34.193300335562384,33.847815651683476,35.57634979145244,34.513466931557836,36.673792524464915,27.04420210579459,39.655453254240534,28.541330135136175,32.573458841532904,34.09038735549317,34.3256902873496,28.830639013634027,34.11652894437689,29.58239687363353,32.735889498642855,34.253520234707786,34.231341653633145,30.343440748714272,36.03162692593618,30.577246024298486,28.195720780372948,36.725906425836406,38.45686601652319,26.99553136257942,29.21057069941363,36.95228104075548,27.119881780789946,33.696704315877405,27.197286040588473,34.543994955761356,36.179496158626286,30.276182016448285,36.460054321564094,31.698215413951942,36.63744381367587,34.38936774743783,34.1597088859534,31.74394271062978,27.490928916073127,28.39925819488597,34.4861376471369,31.597552141062806,34.02750051598124,26.050487465451422,31.411120284377567,32.991813185197486,33.7761187998594,28.706877468791316,33.312476579879714,32.266586479218205,28.406986850635832,28.296784595176216,27.597505770145297,30.552953745469228,33.11450547517312,34.93806776265124,33.18463812625596,33.908920810434815,28.23598635798445,35.413530562945574,32.29233223029439,30.588139465903605,31.244824673708152,29.366384192515167,34.40805830409694,33.29166740798764,34.89413992268042,33.69928685193994,32.58647562590766,35.165020990114485,31.563808801926317,27.06647218120858,26.00196756355852,34.57150839185872,31.237326454319323,35.16889387024555,33.18331499006687,39.83932017915722,27.813957961378932,36.486382694611976,37.74054227308441,35.030406205946704,27.771473231294237,33.27764449441905,28.20368895594999,31.172319581488555,37.26136756735582,25.89060149680464,36.56532409562,31.338053964351424,33.56256680244176,34.27053408092466,36.03559050232694,33.54474066005624,32.83092891817029,34.61155378943008,33.56668645317134,27.524193797509863,29.319428344563626,30.637073173990128,28.44187794483662,30.756568451569894,28.691654066839583,38.05229878112386,37.01066106405751,31.178365454646222,38.19971968411541,36.09844393705297,31.49516134893798,36.8499558984071,35.36188663009678,38.49421672222124,34.20235469056979,36.214580614107106,28.053865152891557,29.809940148336985,30.195884596754087,38.00238140123447,32.5098232005259,31.863936495218546,27.814556032012685,28.922079270661868,40.73193839574124,34.52864398058214,27.901123026816407,28.060813775214825,36.388644838663744,30.57817884966588,29.311809161262293,33.784902536760484,32.329611881348,33.7858261310418,27.492264260527556,33.79691862156392,36.13571937405845,38.53537981153725,27.31529531166888,31.468881938502943,30.88010779735224,36.23989335644401,36.95105525351205,30.744544646108533,34.12388147008199,37.10848199485654,31.22797786309529,28.583451468019604,27.105812534034992,33.05605072270229,27.435865166231174,28.691291607280235,31.491892401004197,35.73261441443327,28.901015368049865,37.494475285655575,32.97171932060992,30.619571374662126,34.221252008914625,28.88966005868956,34.487363753478064,31.169765667762597,28.139205972009396,27.391775597618313,33.11070656088117,33.02662384233085,36.33550167851404,33.86284282972113,32.58152961951699,30.87836398496608,34.30674844271788,35.698396384336334,34.179971352080244,25.70538016629814,34.27771372054385,35.69117175583472,27.725153454053515,31.734520284823887,27.445285680335417,28.19509464402912,30.209636084776957,28.532393857717466,31.01575832033545,30.728666468469687,35.43509854425087,33.84344958205341,32.79256926491704,34.545439901439345,32.85851594895772,35.78888375522841,29.03502484654434,34.22730309416206,34.74501073275611,37.2958244093658,31.302516601467328,36.57418117355811,35.06555077932181,31.28769244176896,29.1220153203696,27.751072598521063,37.36792231407368,32.23694001179644,34.995463673802355,36.49234911172151,34.10709298780107,36.74111046413464,35.867253932497576,33.38334098357858,25.279957923910818,28.296688190603025,35.27558686726092,33.6464142514128,34.5283410876078,33.415578075205175,28.317140438623127,26.560644605040917,35.11973870443695,26.48892401442232,27.73958753140408,33.38210908711793,26.463416135247,28.841789661496612,33.14947303247224,34.93753890163534,29.944587381954044,29.490896737711914,40.38550923554847,39.58930472302194,33.673682669013,37.71927208135177,37.60049118608909,35.00368338922323,28.840842450654623,35.38255337615337,29.8314829403292,35.03263330890012,36.501338109520795,37.01648269479953,35.201058790294894,28.340386156192245,35.59685093872737,31.353855619842573,28.77293648888229,27.180301433372307,31.08605762225171,30.325998876179494,39.06302800004085,34.906796346755016,27.941571848154762,30.97236613593284,32.599008794179554,28.852717364389115,29.921729707035986,35.01727599968193,31.524900947316066,34.82084168160673,36.604617479203974,30.741090600759414,33.05646228422109,37.37294018620613,28.84298011520041,34.836279291702155,34.77941737326842,31.058710636410648,29.17569931267131,37.481734407638925,34.82380883954929,30.620798516490233,37.077947403956,33.386706554587406,26.753809164461416,26.975061643769646,30.91729475947988,34.16956657809303,28.22805294339846,33.84205002573048,33.97903385578283,26.57186977779526,40.6758373995497,33.23814920453176,32.33694164385343,33.72332513096101,28.703635713336492,33.79384103452454,35.90721479241435,27.33687188580399,28.978518996801842,33.845582750024924,30.546795242929885,35.29548255022507,27.941064795018395,30.05345440295884,34.10044743019676,31.93901904577683,33.60728448123736,31.424111079427597,33.800902034819046,29.967839614417496,35.01723189940898,27.392128364959827,37.47171516749414,35.74087772239242,36.422818794706735,31.0237191306246,38.20410212825811,29.821928041804682,35.46078764437588,33.13290024588019,30.76016582373595,37.75408889974289,30.414578687275956,34.305725091907085,28.525875494832526,31.328337167413252,36.59897919875697,37.826160788686344,26.089268143288503,30.86937706736987,38.25476667143687,29.45737444011954,31.79070077995165,35.628947000989214,30.358900013639882,35.454324307425104,30.08343166660419,36.56226150122681,35.726480320188095,28.881243081373867,37.60590101301574,38.71217124388485,28.109025651853713,35.08079987464532,28.871507877006877,25.2057937300044,36.541458735537226,35.50732131207152,27.972357752865804,35.43907408948474,27.601344273980747,26.064638941054454,37.419530711550685,28.58258086000157,32.919733737705805,28.836065648269308,29.30122066158542,33.10246367083109,29.52951037985976,30.37923409416839,34.26502222828692,36.30568721758641,33.22985604120218,35.513873472214904,34.555563115320005,31.761570245326656,32.1629734316629,32.39894059062314,28.183535079433565,34.559982480044,32.88205392336127,32.29026578844372,29.43765044299353,27.506818351399136,36.36653150190934,27.645611129943294,25.295867061511988,28.158701108394048,33.02424506968308,27.27009318539241,34.59947015724604,35.35268642911307,36.70470133900744,39.143999814851064,38.659057503687876,33.20327084854984,27.842843891524176,34.46414249331163
1,16.254392808668577,14.949216077941648,16.200088927309892,16.282664169329696,15.819571039810043,15.257776311280667,16.456933477026816,15.814005164449812,15.114942453314562,16.604204826419757,16.146697312651376,15.435654977037412,16.15624702911684,16.164880764749405,15.580662737922513,15.103872356378186,16.490134726949538,16.213600065245252,14.898396269657276,15.064448732940646,15.680189706753959,14.210042825852804,16.47905237035604,15.346964096120125,16.133391684965485,14.615687318023944,15.1588926701864,14.911815418985134,15.17477379498275,15.537446000551492,15.723925871767232,15.335016371647985,15.641139543633596,16.102338157730475,15.848955326900908,14.139187518979991,16.03470257371665,16.154391056573093,16.10810460605889,15.561137444489123,15.69508448399721,15.586766960655874,14.55758767289805,15.5196506219731,16.034572694497857,16.22692426790878,16.377926212708665,14.375178344917579,16.481798251879628,14.049641521330356,16.13440947495241,15.870824966770156,14.958750838563741,15.966972787380346,14.98554591911853,15.311810458223107,15.629166197849694,14.255531384177369,16.002729821078383,15.776307396880503,15.624823717766757,15.803176280966051,14.374008076284529,15.695630936700292,16.584115914648997,15.257783964051947,15.821507561823255,14.277906536686714,14.736773485363477,15.999721471759583,16.180751931748652,16.684506111546174,14.021531985473349,15.593514551951332,15.58071566292229,16.040995673375605,15.013512596453523,15.411139314877236,15.100648743112234,15.365908614825804,15.569005530549216,15.078232227807506,14.776390367551727,15.350151199498839,15.943261151411077,14.753047256517204,14.82229950462789,15.040140386848257,14.876195202120051,15.589949541795622,15.53144951344294,15.131264314774592,15.256370617784127,15.79131948049484,15.433894910585648,14.77678111939583,15.965672240394335,14.923864344483864,15.609165729330597,16.251822025071043,15.711434868055182,16.04361474372703,14.24882106855383,15.245899894481708,15.667943390671612,16.12528045699263,16.024095614150024,15.409606415852373,14.687529162405987,15.102214841025512,15.344293683716307,14.438376063744311,15.4627529493663,16.02581644448441,14.330075920177624,14.835761321603515,15.506552715544945,16.10199277612554,15.391601668357943,15.143034756012039,14.76557809686039,14.888080810246791,15.210517674262618,15.708416365901828,15.421846260837183,15.595719624150147,14.7295714907143,16.499690867848223,15.47501443484691,14.601966184368377,14.42289635778615,15.339279460548306,15.76451026735875,15.13178835486063,16.266499518798604,15.591066729080815,15.507624937104346,14.830242482596011,15.70212252347543,14.71004408927183,15.563397390713725,15.574049670776365,14.529696212431366,15.309442750941836,15.094764099716482,15.051984981654842,15.847987122009593,15.589313683170019,14.927292583842108,14.047334416072609,15.780554115502985,16.892747773924544,15.164309161290744,14.196325527135802,15.809089595361376,14.319718960792386,15.582139989719881,16.261692528486833,15.528513808993331,16.42298668732556,15.709656483734035,15.081155676780254,16.186851700050052,15.458771767639602,14.5799654468179,15.029085141903654,15.354063073605156,15.183289327136995,14.83054797842864,15.438627671168172,15.770949309791503,14.840504859994265,14.51417073159926,15.572527804456149,14.740020170400173,16.0161580003861,15.435772086900435,15.014260500882118,15.145083078560292,16.257613288934518,15.271027845993482,15.785269873180823,15.940598122405289,14.722203721516783,15.819895996256895,15.975429511489752,16.08754410241861,14.68575178729194,15.553819014279444,16.05136215858306,15.289182872983664,14.812234729428972,15.465075541369039,15.40933021931622,15.479400263011915,15.46802538460344,16.307251682720235,16.148022753479033,15.733598786433927,15.438268004684371,14.826141300475623,14.937575841460788,14.42887329909023,15.75135143428788,14.951311682640524,15.566831715906384,15.506720186871537,16.09792475225664,15.91102097613746,14.737204412305239,15.716432978658489,16.661347043332615,15.073431555119052,15.073050599232488,14.734766755294856,15.51209571219728,16.56464646784156,15.81226547307467,15.435941778905951,15.331245442503668,15.984701376972113,15.848844647622762,15.373760549491834,15.462943451427472,15.51967574340315,15.061082607699557,15.248957672117191,15.414764670955075,15.807114614593152,15.054291459400888,14.52026660468374,14.62060726103922,15.973886461717324,16.570501071338107,15.23989114917387,15.341230615069447,15.690474499436943,16.081626849818353,15.568315725829383,16.00852303043523,14.239164017241288,15.816525464118609,15.557407983741754,15.647844869544453,15.20666031760559,15.490383455782624,14.286518716316984,15.89227699702537,14.947762988083001,15.695976493545285,15.840628608560845,14.731410802901268,15.061300158282245,15.490315393459797,15.916633318989911,16.039326103085074,14.591881715863162,15.57014552122962,15.033326051492843,14.513944134202026,14.37298978278111,16.04357025047092,16.239863492489498,15.363813718303163,16.264752606818917,15.532644941848398,15.10597907377376,15.31352937171283,16.27172256988818,15.617201442965294,15.314381229774643,14.077143862299154,14.582447349021702,16.131178529630116,15.858600340283978,15.945504080553258,15.23908725577878,15.261353497891658,15.482168698789424,14.400891752437213,15.110498857009874,14.616105952904427,14.927884354575722,15.056987168295382,15.08396846945028,16.48667641992796,14.366475825000384,15.468219562382426,16.22456150143991,15.10354500559643,15.584974363394629,15.458486162121,15.431057572635057,15.78285895942993,15.173207906204732,15.105387238034336,15.373398864987232,16.14917339591282,14.093453877208924,14.259278446379136,14.644626450568122,15.249833143629347,16.5594204417327,14.41888473127709,15.170244716812375,16.15669966089459,15.806799654759178,16.89845828592677,16.758315610522367,16.370989812241135,15.78047256087428,16.6574486741777,14.886147468328687,15.998802274173064,15.622054550186231,15.718375079292256,15.917081692677721,16.41242852940131,17.124346465130976,15.139540411532936,16.531157475725028,16.03630136537529,16.109788179155775,15.88128144288364,15.07432209719585,15.274386131086644,14.69087116582517,16.042555827463104,15.531128581299754,16.37862511468129,15.143989958602289,16.410056072831267,16.227813717637584,14.435828921697464,15.690447712159239,15.076985950555523,17.43743109531167,16.726795150671215,15.620266583710961,14.413652932708615,15.329082596700433,15.152485370136157,16.042930664012875,14.986365615704214,15.685228384579535,17.22796858717767,14.855812548011453,16.29532095547353,16.50630979162933,15.739662570768804,16.376718737930872,15.844040016564032,17.406530324490806,15.532899308214335,16.47349151838118,16.053842028577634,15.052350029963028,14.926686837559478,15.237009647390972,15.454327481150864,15.217328075864437,16.30296801148324,15.992901315237756,15.677080912117484,16.07801809795928,16.199305823430777,14.721825651902455,15.543192802037531,14.363925122396601,15.320981618242572,15.877633922798742,16.594026974943375,14.457246238910196,16.194923364941914,16.54033578536575,15.649824822382596,16.73820542600497,15.214371411998936,15.34649150635782,15.907235842034037,15.420271135682933,16.867741919312294,15.182242981747718,15.396405219256119,16.00590027980793,16.237551252643733,15.899957121588738,15.34916092182183,15.838679567573084,15.459362677231361,15.72713718578565,15.675782729735408,16.32200512869592,15.293616112280358,16.243481265391313,14.759025529945136,17.111753770021917,17.487974917314354,16.385601200654378,15.50106660358387,15.293545289053878,16.03574234028876,16.02176776164845,15.035657607372213,16.336498950029956,16.04929393143483,14.784802251946859,16.442929444490975,16.703539693726544,15.716276681331076,14.719196818659501,14.978800771401051,14.457205161006968,16.288897083089534,16.177204489524815,15.912576197454156,15.709532335496624,15.713692122400293,15.481506604339975,15.180531056084732,15.059607837387746,16.332244516204913,15.233834400282,16.489398947208905,15.871920651494928,16.198328958857154,17.13214441899364,16.94252081360352,15.054077139910367,15.398571540579498,14.927557875140982,15.115920551808536,15.347428223156246,15.597872040736469,15.116421063784792,17.381756508071337,15.54804145222795,16.639141710106284,16.926411837921975,16.064664559939928,14.306083698463816,16.78062157317688,15.506778243462128,17.149363810632483,15.3455828101431,16.514885405000747,16.512788674728764,15.77177944563004,16.569109358301645,15.766677133759359,16.816619517443073,15.959702850175082,16.280950966037192,15.90026112860864,14.259628333048198,15.96860004885442,18.0024869827051,17.16619293531246,14.897079794698682,16.133906162744516,14.382958601584734,16.56219129596491,16.168085340877283,14.815970635512102,14.447044066613975,15.59887149257352,16.33687215776588,14.402169628958017,16.0517926728304,15.865655060814884,15.680347420033964,15.302146489704242,14.358326188193244,14.937074676547295,15.09508248025195,16.17484759902769,16.499183137274,16.23899727797217,17.39287155804565,15.216912798318612,16.010482278803526,15.064743462730585,15.415214424349255,15.723682265864126,15.944124048405854,15.308180974908362,16.148185094536476,14.464582197759379,14.437870602742253,14.352119833475037,14.916260054968475,15.4750976860518,15.033187588813599,16.733478595708956,16.54345683940815,17.527491425400818,15.22420491148171,16.387713857762325,15.112347630729086,15.477056112361836,14.650362375187727,15.349086476969358,16.277699360230642,15.677615669432331,16.055804594193496,16.930696389270437,14.58505862390093,15.949124975314923,15.846417972096354,15.72757470267478,15.762147300997507,15.475116505517493,16.584824275345103,16.326928649753135,14.953114029065176,15.796501046045533,16.001089305050055,17.480536248344876,16.27900765450889,16.680541474313024,14.499300390993286,14.306851345516955,15.904266493140879,15.548570223336723,16.603945350869676,15.959853099777405,15.715139529470882,15.017050068880945,15.612708192201147,16.450679861377825,15.76539346161758,18.037780975117393,16.200214260888817,16.03724111552052,15.09171275885911,15.773238521038639,15.05035731146227,16.468040733195945,16.077963655362307,15.857560481153817,17.062032232696176,14.780624349167303,14.630249090452361,17.54033422851949,15.964193967083872,15.455885309915505,15.15428642346307,15.76050645772893,15.650357561233859,16.86460683284532,16.819935924450512,15.25809107714851,16.311103718380046,15.16682254433639,16.560393887843134,16.613836367458802,14.816873169909828,15.415656214646654,15.99376261021274,14.649500365094749,16.094303220647117,15.198535196878954,14.854045043020163,17.101480562645676,18.153960351075,16.29145252720659,16.91795966035866,15.824023847090587,15.762752771353925,15.271228140063624,16.90776216312093,16.463206862279243,15.59491943241399,15.132899534441002,15.51442813043652,15.121449428438162,15.714096849403692,15.856502101023155,16.428163048443256,14.43331048466869,15.895992906998652,15.43292469437611,18.35106740857923,15.812027724824693,15.460408723246166,16.44436262844282,16.271916560046606,14.795688067745424,15.95247448204157,16.028663970602146,15.694527978386962,15.767278166467007,17.94918618272243,14.127112167321021,16.281790406262896,15.774890626369091,16.16939338671296,15.627239538632127,15.641173408321118,16.28115748714259,16.22748726945689,21.400101943546396,16.981554304354777,15.757714862192866,17.372620298953276,18.848835462050104,16.37344354749138,19.08449393174542,17.77996481705056,18.117994384335177,19.082769374615296,16.3293020904612,17.109394263529826,14.670199933983435,18.907978454508275,17.79712574052815,17.571646133349923,15.088267749551573,15.249073101267351,22.622818641333186,17.100289136398917,19.779876178414632,18.32184242492788,19.579188210995007,18.580200949563892,17.57715898739412,19.262967834229418,21.891914607520558,15.856469781946588,21.054012486983705,17.148846023949275,17.397384096290345,19.9891792976707,21.387139602835084,17.370148853287223,19.825467810163662,18.462988621806698,16.338290171609035,16.660874156332188,17.54079438680594,19.107275063570132,16.9160583246171,18.86505121708113,15.540781767451586,18.52935725600385,20.70127459483838,17.258716954204402,18.598113609139183,17.949487948075653,18.080049935292507,15.847661399744766,16.98590991390794,16.423276681376947,17.98459505798721,17.656050840942406,17.72769182247925,19.491520537805822,18.04125689182281,18.938598123869653,20.32283902386229,21.67722950049628,16.25342035685725,15.835996764420575,17.45159525519779,20.046558543075182,17.505593223097186,17.132051263699918,17.465714367452296,14.724670733329573,17.716155988237176,16.36935855889364,14.954235284260898,20.251395514877526,17.678687776315638,17.88753586237226,17.533504065606007,19.351725383279266,19.831016209872043,17.130753102562917,21.839356353077658,19.813600570112126,19.30040596274848,17.042165006618255,17.672853473779053,18.590199782921975,19.006634898960815,17.826039411103487,19.370010570216305,16.443216218803936,19.073031998564215,17.266391062742684,18.721479492768882,17.585638378413442,21.464531819070753,19.33878752628842,22.186140447556777,18.373014199176072,18.20431843618258,18.66435014960151,17.827563885991307,17.851103356592066,20.80198782211981,20.191057202680888,19.245640546178063,18.710146679054787,17.14382594525805,18.350436329608605,18.587111414509568,17.375581879601295,20.612402060045724,18.357810895826198,19.812020041871058,16.308127798265478,17.136746458948938,17.977087600884655,17.540035609893604,18.238135643666073,17.64988654744087,20.46228255161098,20.076675812176997,15.404148645439065,18.951460065952176,19.01506745909168,18.509281850937523,20.053980652013408,17.537054594250204,17.814539592932583,15.07614958047563,18.862793173322547,19.057039568204758,20.064727761332286,20.19256601471375,19.01944284122343,21.451132414834547,18.020553224757492,19.893294107869316,17.595743095106393,17.419788995547837,18.613639241995607,18.191348508299946,19.804413251418275,17.872441887046318,18.83465375073302,18.762736375128995,17.48351051502551,18.14590024303687,20.803878058131488,19.876739775480274,18.08058174813469,17.40137850277381,18.357118338849308,19.14432544097982,16.287394224062137,16.07117632500747,20.03718918561127,16.620684878378125,16.801110634004527,19.904356366158,15.978670710796331,18.80108417803653,15.734022153504899,18.58796849503062,18.25387862757849,18.00675876255284,18.62633719387742,18.25788835598358,16.31458494240915,19.34715584451741,16.829257646850607,20.67874064376009,17.893480256206082,18.75974156381711,14.99530440190226,17.442599034301125,19.934680965750214,20.66302616686121,18.416593196657647,18.80931865780354,18.193648887228047,18.543621687040975,16.479970953731673,19.621179211344835,18.360596366659287,14.938194176458763,18.1166308597837,20.630693212448588,18.287045513915803,16.843319639297793,18.074465024243715,20.09494744319381,16.057352693133765,16.992780861608725,21.279759507948203,17.164159230484756,16.900819745504048,18.68159860298116,16.377855106442883,18.02179441748782,18.00009994296469,16.468412988990597,18.90990901570909,18.08091613253886,18.434742694827147,17.576362727433004,18.868635177313323,20.510910434965044,18.975704440421936,17.503026780422125,20.23116740431099,17.40036952683202,19.37361682148986,14.889867216647913,19.182042962971078,18.697713894684313,16.978934612901913,17.925606502586618,20.072013971610758,20.376428637662226,18.01275429731845,18.090288925039015,15.529548447239483,16.821512338788057,17.474375556082247,16.930964116938654,16.27046888189077,17.61962985726026,18.421800135711415,20.02507602249513,16.963533763271457,18.65135284907178,18.199816650926604,18.9456438897655,17.76626145587807,16.790317369528886,21.459399272208017,19.88859321199081,16.765079539198553,17.77525901487718,16.93496598938455,18.649202512581414,14.883443112096451,14.853680266528924,21.176290002292173,21.62068745320764,21.3334974740301,20.641662889422406,18.37674381899833,16.00045405348452,19.737797571523505,16.347130867293135,18.557915960077985,19.354162205427524,18.93361451963233,20.173489330839978,18.92973152248377,20.803476377416523,19.84029017875736,17.25149684032022,17.955064346738084,17.936089947077495,19.19991442668968,17.09355136448642,18.296798914390536,16.550049735504277,18.53802170348735,20.81882148291597,20.13194222426926,19.923534120007744,16.26297577209188,20.357603973213784,20.203244730395763,16.963433875455785,16.575763822255812,19.22355829901463,15.566399939924866,14.98093107885235,20.26429582985072,17.728100177260636,19.828729105738685,16.99945469992052,19.52818279029811,17.716509253305222,17.182445263564347,18.54142718704158,16.31805098663484,17.448281119027104,16.660643205399943,19.508205290113732,19.293529214347153,20.387706874923058,17.091715043220454,17.87046591132926,19.959219801027977,17.24440770716707,20.771821325076836,18.248495466475966,17.70896821421365,17.79430342519796,15.54892114998789,16.02596350900426,18.68389916663588,16.597820578790706,17.988305159685407,15.934140519787737,18.261434990128926,17.999284681109298,18.44445754251504,15.36154729163201,17.57086998556803,19.315914744278512,19.103448458171076,18.79875135361385,17.127449492350593,17.655995213200192,17.616242190031798,16.156538192331634,16.29648811980707,16.20374820007714,16.636311100190593,15.823415264116155,16.653929751374115,18.383791112335356,18.00934814966898,16.345666883140897,17.2891700612476,19.83122802084742,19.265732901748294,17.043985757831894,15.98214984499197,16.86908927378431,14.390560611150631,19.22298925719801,17.867088067231656,18.57531873318498,16.202694732959944,18.70917559187241,18.04743037740334,17.597514852838465,17.529038244740423,17.20482441028492,20.78815269882763,16.321458519942357,18.633128569953968,16.026693016629046,15.58977856552729,19.995061436643983,16.388364854030225,18.119283781491244,15.496631341521697,16.68138071267214,18.330316269941527,18.754714502186673,18.932383384407252,17.54861487881563,16.126181947724955,17.526093658706976,15.977376055885497,17.912025286722287,20.38184752684811,16.324764315710002,17.36566824031276,17.656135755232764,20.358241512114667,18.31606358581183,18.03484488951057,18.28952818496214,18.187587920214995,18.68094599031934,17.52627178747657,16.975661327484968,18.36334210211832,19.072809696792486,18.166157825869647,16.353346915702915,18.61518230224644,19.78412969957471,16.38915206025005,17.335366560473823,17.806267464132464,16.112497729096145,17.01089230186774,18.860509760062566,19.82699830309207,18.2332295835913,19.342129262779405,16.99426926217048,19.63452813221527,16.641127968297916,15.939109651835164,17.899853957099335,16.982059739101,15.963644167880599,16.82730048783794,16.463230955631513,18.200172239907836,16.186809393068945,16.790007699893295,16.694292553924257,15.67838545344193,17.240768762580796,17.85602823489159,18.93705872935947,17.02494373149091,15.54067636377249,16.816512616235435,16.2493132733998,15.360988171978617,17.708716839144877,19.516627039074642,20.18400618132179,15.467051214087629,16.779198675155808,15.493882667853194,17.01316870005941,16.68679583578808,17.236688744067518,18.13748500326956,18.730637184997786,16.835200040672124,17.309290179206304,16.140830835489535,18.78526267724238,16.600024986855146,17.434820323774634,17.03526796635962,17.971599228734156,16.334485919890852,16.727182052203634,16.642766414745058,16.871183830568683,18.68016226543301,17.1200092819385,17.15674597237014,16.474210827272515,16.99772103588264,15.70682830435762,17.17077783998987,20.005359438369357,19.402432795198813,17.267432179719528,17.489357876171443,16.565739492233757,16.471749136513903,16.212856958335315,18.78768511545635,15.881338448492178,18.339556748454356,15.760162969162993,19.823638524244473,17.16463704332773,15.47267771909114,15.741115233885516,17.220656653308566,15.661798845929452,16.933014159959672,17.12046795757898,18.398521739579845,16.316399836169175,16.091415464734148,17.371449909570106,16.95821969854618,18.377134838461675,16.31830171258438,16.95748684742434,17.810909867876607,16.548740322728367,17.901453591784968,17.739636970674674,17.021070602909305,17.63175338262579,16.184256693076996,16.257626782341166,17.20348118435694,19.114202707856528,16.159704013652178,17.501120242269586,15.975508209624135,18.096182784598614,18.640224056494528,19.05971992973175,16.035553790918794,17.205884458707907,16.12424399647661,15.730587525524903,16.472115454785005,16.93004821659328,17.343796911042478,17.044385344296444,16.773711626261388,15.779903314606923,18.090542447708106,15.524205315485467,13.937725248010725,16.681560091707794,18.295928497412433,18.3415107242343,19.181948687285892,15.717432271293825,17.79816175385128,15.10779667821267,18.54492243302528,15.551133475979116,17.915907926405136,16.248429437015297,18.214836926433257,18.14750601199336,17.22529603695423,19.058500761004613,16.968536837637323,18.26009707834312,17.825167106280308,16.071981819994882,18.583836632881695,17.25913890804867,17.413130113314317,18.215375815316857,17.410526550707143,15.907583789810406,17.809611812902435,16.57850958837414,17.261722054709367,17.34617038777423,16.007004014342268,15.752668935764033,15.910314086159966,18.018153329479688,17.86771159314989,18.47240999109889,17.197575432696947,17.61421583652148,17.46815891259396,13.804579509128919,19.335547304633383,16.24196262459713,16.256611636201164,18.202082540071466,18.489140788891532,19.017752255700938,17.124711945599547,15.252365374543599,16.65623402183143,15.539356518638519,16.00441513011792,17.364900375996356,16.579931932832803,16.309712710784588,18.253533855222916,18.681528891506577,17.094256630155268,17.011742184172057,16.086219805019468,15.836630741739999,15.735239346764827,15.954129955872473,16.656595259605986,16.643559406073543,17.563530417233885,17.018164787897526,17.865880281051233,17.171255343854888,16.984074843320116,16.8090610050234,18.63086561574067,17.144434671962163,19.805529962681174,18.26581485869311,17.281320330577795,14.860876061969764,16.52221532693464,17.195804542418017,19.176004743363862,16.01783395634112,16.645826319402204,18.763589053024287,18.617812783032715,17.103712911090447,16.764473531175444,16.381558724158403,16.082396967306707,16.812096958453385,18.985685480992718,17.49084643683553,17.68532583105301,17.062855855857894,16.237811317995114,17.43249354534886,16.783913322112266,17.34286370861804,16.477278402697745,16.178026999466045,17.93103118717762,16.86415341653012,16.75131088603802,16.596979754982154,15.816144453983814,17.429785498656404,17.494707906495268,16.425900178307323,17.028310228547006,16.89999490857538,19.246187091205716,16.592315035263773,19.612713109877916,18.580682646851646,17.246444739318342,16.29263933012688,16.950453739656663,18.096144809371694,17.54362874036212,18.695253419870905,17.041663551549945,17.095344357644237,18.601190819435423,18.785072930137872,18.34903466267888,18.193408841937583,16.820970493770098,16.004413494653498,15.813678629326636,16.619098995820305,16.455710545176157,18.13701026373922,16.58449111890099,19.496294619933295,18.53473826078462,18.86294724445048,17.496924998050726,18.393967957743683,18.29838642805395,18.988219792672695,15.865319946734152,18.23292064898086,18.244811906726675,16.64668761119558,15.74549657479151,16.367025878407475,17.927967749580628,15.342782998535217,16.222845460385166,19.325539016878594,17.560189001086417,15.833637862493564,18.953739614420943,16.295419758392764,15.794491049818163,16.28016472595466,17.918919401165635,16.108833797175308,15.41905999653296,18.457487373678717,16.052532864768754,16.772452980903612,18.58337665532198,15.30830274606285,16.09986761406278,15.174036652088363,15.337862672473648,17.430083333334327,16.052124215809286,18.41504105117949,19.053355401706884,16.537716837115543,17.919935396918536,17.47692722917452,19.114756430434515,16.34679001459273,16.53751037002029,18.60901741904521,16.772653881127663,17.686098965461905,16.8717241408948,18.068534753339165,17.190323417775797,18.793867757600076,16.92789521341233,17.83127456549678,16.867279482906298,19.42651545091846,17.8880072947146,16.511005310264135,16.936314739791555,16.406243124280298,19.27387563744363,18.041283629213567,17.309030931504143,18.406228710059917,17.57116992948546,18.13649171116742,18.046875124361808,17.40526100849898,17.772966762257628,18.430608532340788,16.613963123742376,17.862508511841842,16.060890877074023,16.972643024207862,17.957356638280622,17.607518216604166,16.07660309709055,18.696395447835133,18.470518435909714,15.998685210838278,16.304249405950813,16.445799879046405,17.053344761111603,16.59115550737181,16.630306031864134,18.438720106515717,16.637718567606736,16.76463422285122,16.764849480477967,16.479977619188592,18.109002261474952,18.96659903943225,16.91226026114465,17.28417630459771,15.84202502927161,16.554775030318375,17.52574323246367,15.841514012964732,18.409146778233005,16.490835138490574,16.049230031746106,17.691251790369137,17.710033142628067,16.597019385829793,16.280673201429714,18.725148012877042,18.15689530265278,17.071700497516925,18.35784323312883,17.418423393925362,17.184953355734738,16.900760913329922,17.669734025391353,17.840061272889898,18.21669585046349,17.13322218366486,18.783177183567485,15.609547301927897,16.530499608488427,18.1768957656487,17.514364731404587,17.387844382554487,16.389232926643135,17.518275286628697,19.426826052445275,18.715221047819078,17.047016550269568,16.455232331753006,18.391791528207552,16.75182020432812,15.03247333910828,18.129546575803175,16.98242448381633,16.289733275517854,16.840290487279283,16.435241184315682,17.018786012323645,18.08585866324613,15.993941257225577,18.459324995419824,17.211609515614676,16.088472838875486,15.720310377148403,16.989812593646338,15.844938183845994,16.345236702888563,16.994466656671257,15.43362897837392,17.667066157656283,15.988034540183342,18.573103404496266,16.370812051862025,17.95175456576461,16.89292783392352,17.311494324737957,18.728605286757006,17.39777356779416,18.433618258546186,15.64852311483546,18.885995815345066,17.89580792740645,17.52515884287184,16.244926071850276,16.479865497791582,16.673368661713898,16.592296124512284,17.37158394689101,17.12626701868236,17.072130836097408,18.314471940467396,16.77629419416915,17.78426758991658,18.321730523621426,16.53375748342047,17.450010179187057,17.744363845634876,17.429535016690117,16.752761427363506,18.439557975011493,16.76866416511975,16.627564838931434,19.131075093441694,18.75344525534051,18.487949708740036,17.044005290832807,18.30700245313424,16.059892256413715,18.403342480790588,18.209322155841946,17.056515636072312,16.074514801165133,18.62800917889169,16.372457230066146,18.323416691390975,16.659227903080144,18.555979520110313,16.887752729981692,18.347945523361314,15.966996908503688,17.045029488442196,15.993934866090346,15.72064448420399,17.666674956722314,18.127077989815632,17.50265156595619,16.824140986149544,15.450528682402728,15.947946899311592,16.970673733262878,18.18930487096708,16.881606584138623,17.425228191301745,17.36045470302579,17.0097393181844,16.260685113496358,16.206844016282933,17.138382916277386,15.866829847245993,18.474364754519268,19.544774548628368,16.554439938280716,17.004327063972614,16.535832914879993,17.627406826204595,17.6338986248511,15.992681194612318,17.209676677622326,16.850804068739972,16.006357556180195,16.906529650980744,17.80346239894624,15.045233842963203,17.32724306700988,15.173265869651477,19.297679804767945,15.914420723993546,18.128296889588285,16.964486949227105,17.00136727455847,16.950307646555785,16.12521557312654,19.2921832046067,18.365351723828066,17.014014325764222,17.69991492506349,17.444567908420108,16.952390159566395,15.39340795435524,18.809476170007247,16.526556599404838,18.84338860381703,18.3762443462345,18.603909995738892,16.636052126258214,16.250738812294983,18.338340542260315,18.908777741922265,16.90829311003749,17.86909214531457,17.205995748762756,18.66518066391391,16.283465833285437,17.606650503268103,17.434756653095857,18.183344622806285,16.4709826931582,17.436182851525885,19.268030324094457,16.990376342035546,16.69361662853275,17.237521223139556,16.22636118189211,15.625315344194957,18.284023927370356,18.20410651815862,16.985344458108788,16.364599704672607,16.403811849509275,17.238096891649576,20.284893810501426,18.50063144566556,20.00489175541142,19.136182736761132,18.53804977854637,20.081372375076665,16.134205048007924,17.953528001209804,21.535436558450968,18.694283958675342,18.675730029584845,18.116211368226406,19.327692422934465,19.28868895393394,18.740248281858392,18.910748758250026,20.54938486932013,17.641350252282635,20.371612508434968,19.164417009108703,19.75488945900185,19.74840604060664,18.587218029403445,16.69981796322339,18.671876269690934,19.45075571375265,18.321891055943155,18.231855201830008,18.06832948928651,19.275379985899153,17.463624039288288,20.211156879487316,20.094421206679662,18.409388336493787,20.509791828465058,19.523327833510635,18.921027612116056,19.409123308089903,19.80957154635275,18.138769720483282,17.68707076551209,20.518374687789542,19.219131893901928,18.20462526008424,18.61207357726296,18.267736649369393,18.654627838228627,18.46183627388552,17.060435097142136,19.180666467737872,19.47256936213911,17.987224582605702,18.747591574188473,18.870355488881774,20.4419836566243,17.491270494478982,18.87511959542482,18.724332024575347,19.621521377683283,21.78957043967966,18.224400592705454,20.333899294773317,19.102268267970963,16.876169600019704,19.204976103444043,17.38442009782435,18.004023990249802,17.649157037776344,19.64443554417776,17.808406204876643,18.07951122202226,19.017297230099366,19.26762582353317,20.16112526945072,17.05848548978593,18.641924988644462,20.359217964154517,18.343957965688812,19.231893157848084,18.9135107443972,16.81581053412897,18.975152846234714,18.637323483617628,19.271074619080277,18.47537429237105,19.27612018391475,19.466096085942514,18.216090750147867,19.07016938859609,18.998759094198913,20.16485865158097,16.276754903655238,17.29454565709479,17.365068044133203,18.598545899347588,17.812715432065616,18.933912540592573,17.424357571353003,19.34260015397998,21.312909369521535,18.68382223766266,20.2713873517931,19.72599857317014,21.702347304221878,19.198268702657902,18.956053913518,16.95210226985839,20.23038719744905,18.722358196126933,19.041439970364785,19.617318347094674,17.73497616958301,18.784486136502583,18.131921150002004,16.582800323201592,19.14043764356249,20.418414275557367,17.805439027554467,19.63063614829823,17.92060567311487,18.199430589576764,16.78744146928475,17.66992025076222,20.138270988890294,19.513138202687202,20.052435117599426,17.72835954732582,19.059313587166315,17.153183526206575,18.586318887779694,18.784246860175724,19.15095190930847,20.491184232613893,17.947067287332853,19.519733666453487,18.741086915671033,16.443001206616376,20.42972682100996,19.989445008606662,18.82312609898045,18.876980323259044,19.15975771577085,19.581109563906512,18.77981073781705,17.882073776523065,17.13808181297901,18.962005099721775,17.967984659017635,19.485439679481793,17.971300472477836,18.220941128930125,18.203440428103022,18.647842161131422,20.219834573195655,19.004147725322884,18.644126116372213,17.390554564511245,18.209159276227783,17.596988545943468,20.451126589773306,17.09217658297269,17.766126253930118,19.413767826064184,18.095491057746163,19.13637638255683,18.066615109083557,20.326245719314585,19.586454667024555,18.41841543150509,18.89157265365835,19.847049861087143,20.494781286333087,17.925043409451753,18.32288329659332,20.050281954616214,16.285228977238038,19.918036683384127,18.649240244071617,17.5993242411079,19.474937527678584,20.83748343642526,17.641014853815076,19.714599585047377,19.258926406229474,18.737909190267533,19.248436661946403,18.844469785413466,18.28906281619535,18.645284300345715,20.196929578204124,18.49258712938127,18.62860174646231,18.47830798178695,18.689634678854652,18.84894391095074,17.93178134605808,20.368462257989837,19.36817921030996,18.74957026294944,19.394587477660984,18.806594732402203,18.84921754960245,18.66469939192421,19.23598840217844,19.235839583336524,20.529303543936386,18.414297402191654,16.494670642618736,16.254091439727173,19.284077908430987,18.313857703728615,19.90544743797138,20.717158177556247,21.867573588984484,19.09492958728236,19.004268995429996,17.985689290376442,17.755265267615812,18.807021200664092,19.573119955514045,17.635949046213746,18.054339569271562,18.76542887796516,19.63653410589114,18.724963989982008,18.61613013495782,18.746250830908213,17.507428868175282,18.078295967943212,18.059858945137226,20.047586753184085,18.28101999629691,18.45208429077673,18.08797459441355,19.041491476382927,18.206969431743556,18.57790980884282,19.624334575284863,19.46340588917211,18.933397930273678,18.837884628706977,17.99882956046326,17.419872955414277,16.430699560875063,20.663672959718287,20.502608897684997,16.05238952238517,17.503942674994413,19.840985987428823,17.600704742180838,17.842214310170323,19.697425018847444,18.802449687162706,18.26393478720426,16.65562668246006,19.846606065445474,18.28474274235887,17.361433295037855,19.26863839106603,18.428350487304563,19.731863828347286,19.074290281489542,20.858827656863618,19.07383237860209,18.348514651453737,19.161056768761096,19.221689485425845,18.89386259798896,20.492300343577213,19.064359257955328,18.268865652781386,17.573037134888597,19.283664419709364,19.212339780842917,17.677107814042596,17.74066713407615,18.49749685879159,19.32684371649205,18.50105562131624,19.426473092953827,20.52338757150957,19.549244383517262,18.92544785925196,18.3194225167651,17.513476268568926,18.236190280119853,19.400763894409614,20.033835048146546,17.405293533049896,18.66174052989457,19.560235497122918,16.01136020263259,18.885506956542347,19.059564713535515,19.10219735785818,19.28255555885564,19.238435194177267,19.427416960551433,16.165895592920563,18.919783677930557,18.942756152083568,18.955167134888914,20.02969840622389,18.55745237351232,19.963425121619743,19.674048872809518,22.617963163624143,20.0326064374323,19.777262020256142,19.140796210661904,19.364245524098518,20.40489032863968,20.03438445812541,21.58200926306038,19.853078898008878,20.604362355931904,19.410384340488214,19.211928911636107,19.266124476002187,19.775192396232303,20.85490015092044,19.08866289861942,19.671669410207244,19.566368478444062,19.65860327835881,19.880904692930454,20.007561866129077,20.549542060633723,18.46919034954295,23.234968980435443,19.27636207132873,20.678427172661014,19.08199186056092,20.605552597861834,20.988841563013196,21.96706782054964,22.338206067622824,20.580266271590027,18.371283322970477,17.915777953502936,19.83150438642802,18.896980120625418,20.045909373890417,20.36361890048685,18.943374950217883,19.13727802148333,19.96533370190187,19.998041623705237,21.095836151995027,18.684752710605117,19.211710422295692,20.271026133100204,19.25444370247243,19.599726030260914,19.010877717441517,17.906942086467,21.596385735764564,19.649749438563816,23.44299506236073,18.268396738565745,19.25174106343202,20.020052553067227,21.598386476686972,20.056365660102266,20.048533425652177,19.97708989285006,18.136114320596953,21.29715560885905,16.550791687429253,19.94980391186376,20.456846657666077,19.520501093168768,19.167420365489352,18.046350487545343,20.999397188969915,19.114976997337884,19.198741753454836,19.41948783464907,22.136122825643568,19.949904019934852,17.461545116899966,21.08654287730017,18.58988283437463,18.57968111703754,19.683474422416193,20.259691680788848,18.605446272210024,18.50946693941747,19.64399960951764,21.81515747550899,20.344185274564495,21.158035298439216,20.02617538687883,20.03953974830049,19.301378406146895,21.875923075240216,19.84659067051291,17.611061539735335,17.555744004920058,20.080189030658254,20.039456504074497,20.000688544189625,20.259019462068597,19.049179087485772,20.159151354897848,19.145856475802308,19.849881401741598,19.35788715236456,20.38715466305067,19.698644204491732,17.024144280586125,21.077152505454652,20.22332301573124,21.278605608946286,17.95464491633802,19.96090645158025,18.87522639573414,19.48662814772829,19.181859015982592,20.831930162566966,18.83303207519295,18.187780902287397,21.479060908734876,19.19858983447072,21.03584780300492,18.958678528055803,18.584472754151815,18.660818083747607,21.752881345911533,20.50977820140961,21.184269151210554,18.922130138596724,18.97459693007902,19.8619333120077,20.178887483448985,18.512026061203667,19.716055192743315,19.871795586064497,20.118473986050073,18.52340385878744,20.00633094514964,19.770172440506887,19.544813090410155,18.5385011572567,21.05826309003167,16.905847108137195,20.86258811227245,19.98696852859633,19.40181019969555,19.70982357936771,18.61126193657904,19.77324105596973,19.754639922824758,18.752879356944987,19.345785677864455,21.552887800292257,18.032346581354847,19.126259936040128,21.199669923890905,20.312483120603233,21.465404114111564,19.652146855674484,20.469631271486808,19.924273211698193,19.36101576829748,20.624471543802166,19.58419608614198,20.484806549878034,19.83547185454114,18.551096395981826,19.86769123687347,20.614167864738015,22.277725820164974,18.176668531354608,19.32614431474179,20.771288122282563,18.814432798734902,20.245477450555875,18.646733628701554,20.620788885591377,18.693742551813596,18.5540924783297,19.302341362866603,19.970224902119792,19.895075779798617,18.08168594728446,21.479554582716844,20.556183233835956,20.87471853203089,21.409344480496657,18.594722498816246,20.944656850779513,21.364069080560167,18.914433779084092,17.907813322283513,18.87705791797291,22.19811598274126,20.363374444956627,18.69621359049483,18.303315557464813,22.091855787426642,18.478951450455675,20.369704741601907,21.2736551149268,18.291660899456243,19.64297753517183,19.431530738410483,18.60930233348066,18.34368788052725,18.170834082988165,19.266645520516754,20.135643093992734,20.135889761393717,18.825514682588462,19.321949114145628,19.33025649112242,19.20640029003334,18.886272213838662,18.565010034819252,19.007465770992596,19.111316560268598,19.51511090260264,18.79651794595254,19.339880449112282,20.468650780637873,18.574337326481885,17.812055892200465,20.037108660225343,18.66287827190772,20.48399348425038,19.745306269572147,19.268310001554546,19.93451826374028,20.42004028744801,19.154792998676584,21.577659187315763,21.91243333293393,21.143429614991906,19.510129480874117,20.34207168858129,19.952854738385984,18.736356291025896,19.675163841702524,19.355216698444504,19.558975325187767,19.03000097149516,19.647934628753795,20.397041371055398,20.353808628005673,19.620674631132854,21.080123372045843,20.950081178964957,18.748492010682934,19.50059349618666,19.531099815826863,18.537998569957423,19.907015497365897,19.46300539299053,18.513834651531194,18.609136663461513,19.430412016951937,20.27596496748834,19.326024043692367,20.069360298450928,19.01144107314384,21.545046259730622,20.355444040927683,18.923888927002288,19.501979477239242,20.311247791706492,18.561598217776986,18.20965865068284,18.369217411328883,21.396025102180012,20.326483909038082,19.082303595145937,21.464399904580283,21.009551761317358,22.745730917791228,18.95394858011368,19.832223286375182,18.990982511948662,17.8610037542607,19.308720954361007,18.02612317497141,17.52827492742567,19.68012503453529,21.02437566747067,18.81652922461893,17.451037226016116,19.785032061482188,18.852956765180313,19.863307340812792,18.56417749376409,17.764976083240487,20.246398166772444,19.627940409690414,19.71755460023051,18.041350437115263
2,19.12577363497077,20.3728220510866,22.06350708335641,19.511754671910982,20.58156410180165,20.389976029796756,21.191048367937547,20.358563536002837,20.745176848675637,21.498642517147186,20.725556570968404,22.024898292103867,19.872884738476543,19.870233614076657,22.625370575319426,21.742628852048075,21.20347432505332,22.049125924146082,19.593035988975448,21.500885625053854,20.82476879859853,20.058439834522037,21.867783023510448,20.064814592311617,19.375328246667728,20.518688428000598,21.711960246149406,20.387688952813416,21.100775090210604,21.283061232030477,20.255422223241844,21.806543129995454,22.293137815267475,21.825646994273317,22.275743862133645,19.861417555235917,20.218029876097813,20.534173776472233,21.056019978948086,20.845105133001823,20.942051073051086,22.692085260689456,21.808591742831524,20.331057171026927,19.489902961982267,19.704993346405455,21.93388527917913,19.999628739625795,21.731990673777545,19.88576321702404,20.561267005641913,20.497629633743916,18.379700993699274,21.354598670825155,19.028542099859486,19.912600237491926,20.66919277714974,19.97682287094087,19.46580823300483,20.302079545112726,22.389060780677262,21.036007094879043,20.019736366719016,21.557236429128956,21.47609595096108,20.894854550089857,20.523609254739984,20.27979129549426,20.535905797852255,20.581398504758383,20.359694232244117,21.43262353986294,19.9157381742237,20.789871885241862,21.44725194783153,21.940491499274962,18.709155312205805,19.890848351745408,19.47028011341301,22.095650483913,21.060770609355114,21.71765319420753,18.289839883302218,22.106945308543587,20.538775867587624,20.438797130451974,21.16237813535064,20.171670359787488,22.563550418196318,20.368541317176327,19.90728678766625,21.858409049769502,20.891856199032745,18.711355529567676,19.535396517472186,20.354906561638597,19.119224662267833,21.627320156444004,22.47125973800067,19.301106767799084,20.577514812672206,19.130964167402624,20.094166229512346,19.125156395315013,20.902699672046705,19.931585015756575,20.21966950442577,21.312351632026054,20.82063599039935,20.371860177234662,20.553339725108568,18.42158343404883,19.73754251302075,19.51771145152903,20.2253984574344,20.469459636045016,19.885178413356027,21.46814518128328,18.832674860497395,20.72414268221138,21.301550531686235,20.253723530640425,21.68113931301248,20.958431124885987,18.668528342240755,22.35960339390152,21.33959863324595,21.79848799510183,20.937681754456296,20.28457662660101,21.938030853451284,19.909195713005435,18.95501226006241,21.740267833534958,19.487352106641143,21.047712001765596,20.879341671867618,21.450147532634944,20.728844695120223,20.83584279557207,20.232524585164757,19.08698669213419,20.349363898407216,20.281005332617006,21.555439283610028,20.15566987175726,21.368859472842924,22.632696343116773,20.385770867251686,19.730846709844677,20.345807188143652,21.23849357864788,20.40500369826565,19.95188985520973,21.415643412954633,20.249617335607567,20.83680652062078,19.60247176333922,20.252300276390297,21.199107345292102,20.73423680450437,20.227395872253616,20.338209749421058,19.221393534430273,19.924421762900806,21.57063109549873,19.974597545775072,20.572657269946777,21.167018443036625,19.532178435783667,20.953246592716933,21.14992586580742,20.187608081259654,20.83494057325678,20.676354791681792,21.77293277392214,21.315786134505327,18.93020902492312,19.47916525307225,21.233920352124862,19.807495864223185,21.353080565894853,19.203731103946957,21.691438266361693,20.336570441179013,21.333438797662154,19.655201106516188,20.714621787913384,19.89869757354278,20.612257444168847,20.27333496573081,19.53390464218338,20.170635805029193,19.201665346528912,19.704914149264813,22.264601802948377,19.478740024803077,19.122879366238028,19.507233631375254,20.08528439795147,21.146089740253014,21.520503651364198,18.511501272067598,20.273171393025255,20.46278113804273,20.781654680489623,22.622052368362773,20.707397842864882,21.315342512918978,20.460482634726404,20.260419433638685,21.368534579218586,19.300020431284082,20.23004035402827,20.628638309174928,22.330843500123198,21.473026274137627,21.037457868235258,22.059054729252303,20.885830174042027,19.493173753417793,19.488600994233998,20.987075175264284,19.67015073929684,20.094658909792813,21.467267529057214,18.90381840406276,19.49625307465087,20.313685483441187,21.469448406617634,20.68440028961195,19.82899590685916,21.79140211061284,21.583366438981702,20.93226086784101,19.965923938525673,20.555851484367654,21.780618085826056,19.675219353916575,20.04454053328814,20.05056003255124,20.948649953829186,21.203519069675718,20.722195269625825,19.073750485726713,22.374034534522853,20.11475612616057,20.684848339223855,20.44318042750798,19.757456737800528,22.066215110733538,20.70216652234816,20.152159417059355,20.34881897986812,20.618125430517235,20.360015850853962,19.788852560308374,22.954479734823813,20.135754420595767,19.986875847502503,19.965328229192416,19.215249767901852,19.09956249671947,19.93448870505386,19.447674833139885,20.096384249038692,21.871352957828122,20.539603697054005,21.99279626809817,19.10104944824852,19.215975686619423,19.780764250463022,19.954459616102035,21.034298425815912,19.472375237003362,20.580419558819976,19.02101444631646,20.321352442632563,20.88656668703724,20.352135308553592,21.733546445802848,20.774697230636754,20.472288073055374,20.517989140954953,19.782177534971005,21.188351108747106,20.061568437446567,19.987164443467233,19.113138386609297,21.698606790194173,22.62322882225907,20.27797444823986,19.5602863001991,18.586940966431044,19.761311272268816,21.60211278015818,19.285028038048356,20.82484117730287,19.855089458780864,21.826269435000004,22.8479169523894,19.72492971929179,18.96878323532075,19.117475242847092,21.09199731126698,19.926807462144975,25.61021021085732,20.325267523653007,21.13217453207505,17.577858200375644,20.97039377867637,19.290328409719613,21.19382098364117,23.990397438751664,20.779848968330523,22.637983871747036,21.044314119872972,24.886906548335006,20.564485926930782,19.5889403332681,18.44191167810555,19.866914335767127,19.078817479278495,20.106277162492074,22.31574304775761,19.61107625296349,18.430695151334923,19.090868833134415,19.88610318397644,24.97968005074042,19.765535323580952,23.728955379581333,25.09878648371415,19.724730907231404,19.851525105827463,21.20581253664839,20.552841057595735,23.7892948533885,25.606024062186318,19.11768323258478,18.517035596016502,19.50047873455861,24.017346467004312,19.481134883376296,19.71645191905946,20.411587502123776,19.850424906382834,20.45905161965097,21.749438750112226,20.349036496471953,20.172722310206424,20.82471022387671,19.83744563616018,21.194869083557176,18.355061673472804,19.034089228772494,19.62900705259247,22.241961585749205,22.507310000706223,21.1008270706022,22.57866778540857,22.860402332948258,25.3003313005266,19.808836937475522,24.44341298866485,20.701457738822988,20.351597121419097,21.266130967703713,22.66774956126476,20.66561819192644,21.36011553540555,20.636169257110854,22.601580074529846,19.82976039330295,17.758190990314755,24.06910300844564,19.90784143499395,19.60913302054466,20.65517249618341,21.347621234364034,20.904966375429716,19.42019873108607,22.922865169424146,20.864919845740854,24.42802352020737,18.00600439334822,21.154247487574164,20.199077635897737,21.38343166605551,23.536824983804465,19.76964105793305,20.88178474968111,18.59103535035137,19.87842562537798,18.884797903421173,20.370235492223024,20.512119080947897,20.122094361379006,21.253733366607673,21.79570328931603,21.04062043012266,20.52628439151396,18.974760959236562,22.127842161312216,20.02664486836487,18.79593080032787,22.231915335259224,21.46839508492294,19.66176534118641,19.12018121929014,20.699730939896632,22.15752683541589,21.43416982734684,18.036612257240172,24.979205388272064,19.60260939786181,23.147261288558425,19.811609659059755,20.983481457833236,22.10881214888914,21.636581657244147,20.488227555260845,20.3627236210628,21.702717926820494,23.591461826557705,20.551482933791196,20.232729191154096,20.786716697519232,20.180015283883485,20.565447948054974,22.87594000740436,22.86758950382785,21.72683309432633,22.38206797051642,20.25813323367796,19.858063008976988,23.020008680265327,19.32907555984197,19.219994583949287,22.588448811923215,19.298659353608283,16.10914577815703,19.396581555245817,20.545061177611302,19.51905909408132,19.626499935287857,21.32163123217852,18.83585002134599,19.584596229448902,19.884858769015405,19.142292608015435,17.40677063891806,22.885513140746127,18.950371757748194,20.580122844079096,19.132349000282865,20.6118334367061,19.339858682584836,22.901682913238883,19.75654341430821,20.814439988934446,18.19201296857635,19.662408257113942,22.442566035263965,19.695819763640547,20.7779207897903,20.40082561097659,18.723679173875315,21.835870840252994,25.09917700288654,19.85976025903304,20.908169961446546,19.37046734340605,20.040378273980426,20.200771666746324,20.375919862169088,20.269748924562034,19.954561036502106,20.424265282862194,23.011839684016635,23.58855290468849,19.563806357895974,19.439914633778553,19.768101384892866,20.25174562244821,19.635910334958382,25.284303728587894,19.51368731412624,19.116040603580128,19.20267119750058,22.068180086245125,22.677279924802658,20.429034623441897,21.167947307273366,22.632201571461323,20.098021710966428,20.980141604750916,20.075809341404756,22.32605144869367,20.982465305746167,18.73920052495199,20.829610913903778,21.65673999397726,19.72652454310725,20.93642067118757,20.626317435044886,19.863470871026028,19.97612434092312,21.37602459589713,21.598189860090464,22.21573012001845,21.099981152585997,20.090483497494798,20.003419105604895,22.034355031758007,19.246640976333204,25.273498364192776,20.878951248337113,19.983723722179533,20.240070933511706,19.032556504552108,22.646578512608528,20.483882588394742,19.39239908994228,20.16696922711598,19.1364112757294,19.066690731801398,21.230593603946577,19.69405906566778,17.747140721115734,20.035204444504572,20.49770349583225,20.582690975923338,23.491803570064825,20.437610006907384,21.077526905543184,19.61611740410454,18.11406602264003,16.64768842980909,21.38275199168373,20.264736103438285,22.75559751035414,21.148730823259356,20.032031579305816,21.35474871103082,20.867522782267933,19.733858732081696,20.013017450720913,25.599553826187773,20.70546500658669,20.02935722010664,22.19909488747986,22.76449709597041,19.63113649120815,18.044977739205674,19.959087727965898,21.160644217330315,18.623823953201285,20.62944164055049,19.081650446835777,19.967388358457114,20.255066949247542,22.683724106840398,19.4191582618038,20.660750327017976,16.539837470717234,20.04983508244872,20.76877805180819,19.18533345186555,19.359976577768045,19.31535219506028,19.590746679912925,24.101506216090996,19.627238228266357,22.485927918461627,20.50724544590585,22.365127978219217,20.48452463432587,20.454892745370188,21.20173783567828,20.319455862213548,21.15993098067717,20.964990273152832,21.500688344864773,24.004386663188825,19.679892428423393,25.21963512326901,20.50725466252195,16.93651327888909,24.182351435978664,22.699395144948937,20.211112910596803,21.051324983611824,20.38391138305711,16.40610546278487,20.990106460982112,25.1938020724152,18.648651107179763,22.06281660275335,20.494491226183502,18.856077242325675,21.420653015360735,20.107351321862026,21.05561921398347,19.388720902262758,21.635607044264695,19.97481771519478,20.775968124953835,22.473203810988334,18.296831160944258,20.761237475903652,20.718607639530962,22.526288790755476,19.98901891877838,22.273920990808648,23.031260191486126,20.56003915018946,19.889752467731782,18.973502193099474,20.86446491104305,22.158465204769442,21.691756505726147,19.703620461414147,20.308652261118883,19.475092095377406,19.66425762907285,22.237181091822674,20.891701286470298,21.56661415748205,19.54747025423787,19.970744710821435,19.188769466738208,23.07482476190969,21.715773085724333,20.66157622890062,20.416224408499485,21.341396968437433,20.55766963953256,20.60206722846319,19.76095290688813,22.281454523848474,22.06929845348537,23.410653040367137,22.18836576054884,20.14202179828552,22.04381554493625,20.958493719610164,19.673611770641106,22.531870244778226,18.88635963432761,20.131478660848906,21.262392753820496,19.430653877286026,20.48115253773067,22.265825442252076,20.602148860433,20.38817482912619,18.52480162622487,20.94480142483198,23.0214670019493,21.894459139605953,22.304695924971277,21.642028263092207,19.93726697513382,24.29627177162665,21.075597054958457,22.093238178573408,18.870511966005623,21.17597351272281,20.574804387478157,20.30556084494529,20.919100120779607,20.86630323973366,19.370399255378413,22.36828669558941,21.022859519199276,21.25800121115053,22.031969170280956,20.40507790194545,20.594492857652323,23.54319574242391,20.92106403678714,20.225312548249406,22.33350919431359,21.35521676222299,23.549437088527668,21.416725834307783,20.99183311936606,20.218112640456706,22.29561029224388,20.259265302579422,19.742910939427908,20.914621156920145,21.421948364648696,21.547888102130017,20.850156009473306,20.177889014885594,19.801191263967734,20.39754814606626,22.29241947773169,22.49090521070589,21.17741030186297,20.14888651843877,20.82802532131633,20.673238334691167,19.132904761157548,19.371212362793763,19.2629985638779,19.81164798149632,20.808920836135744,21.178878553507392,21.14348362019795,20.51752777205839,20.904479360003233,21.500064826019894,22.380815643572696,20.567969510468405,22.530967532240386,20.13529429665072,23.37711254123706,19.15165780912133,22.637333146322725,21.448745508454024,21.316468555029026,23.623469126026638,19.796852304166393,18.54974837266149,19.61981990715648,20.5071012457241,20.79887090315618,23.168479672099703,23.45878039655973,21.840341959885727,21.43469140676766,19.73388057963776,22.74792708561941,22.3991911724453,18.6518678005559,23.689576281658596,21.04252820891468,21.010759286232574,19.559635304837734,20.656412589170877,19.97748454415982,19.7708330058386,19.681357147087315,19.798225293775676,21.91459989975156,22.050814173278535,20.885280969810335,18.683439507481616,20.644264935499667,21.71389045193945,18.739923469224458,20.772304552980174,17.93649318435966,21.18362102986014,22.012025356816896,20.219661948330547,20.361104883271103,20.93708112987581,19.681718405510658,20.098738723869054,19.811805759005534,22.26121925769352,19.627007332778362,22.073187583448977,21.06640899808305,20.05422854795589,23.295225479411716,22.161825022219457,21.03568737572521,19.622853930913294,19.250516536116358,21.481233348440806,22.62302905219386,21.37888997417426,19.202478111291594,22.305214183753506,20.000368135591454,19.808832268033147,20.532824006874378,21.64414250082623,20.94668872996155,20.53894408223546,22.142046208094293,20.018557246323173,19.52227261224151,20.162547553570295,22.81273436884174,20.46082952567986,20.774927785219614,22.214877263064,21.192347558676467,18.634712612691818,18.891446967383118,21.650833955239932,20.696555626592705,21.358168287358527,20.265760573330123,18.559441063380582,19.174630574598083,22.689165697800888,22.254528741707546,19.84813862030499,19.923675397773174,20.389375517108984,20.79867044762359,21.181979229873537,22.244490392385696,20.951041242883644,19.12141044861089,20.905314192836276,23.028139480641453,20.047986374792323,18.84297562386447,23.557418006927715,21.206386775244845,20.316715268389153,21.049459163684492,18.480461375011682,18.720947753910483,18.899809899342465,20.991619735310348,21.063610575490987,20.11956502793493,21.414462014923185,22.430584470157864,18.843456742463914,23.285056281548872,21.832248688066894,20.917338158135937,20.3413782720695,20.68777727611747,21.73972142582573,23.64284053562863,20.6602759814435,22.18142639206416,21.070015915520074,23.939311662371566,19.582790901270187,19.59667749832972,19.50503408431868,21.303232291063953,20.914360311757076,22.594537588841675,21.508350402839632,20.564148896715576,20.38929527007074,20.730020717121516,20.207660146039043,20.168925503396455,21.98256524725669,21.125109364173824,19.621107185829594,22.717544065465766,21.20602579406223,18.60164730309455,21.717236263297536,20.243916021249934,19.77743403276427,20.161464724909298,19.68171584321537,20.481309918368023,20.73625701777474,22.491562560621674,21.635401340178657,21.225956461013848,20.34586551819559,19.946429775185887,23.219865947830023,19.180274337523436,22.009825012725855,21.36391845315886,21.021743520237017,19.143670715063568,23.120614226172282,22.632046408627286,21.997050105211095,18.592641362550925,21.54154992776685,22.589034083500223,21.281077383286743,21.032942397756077,19.94574604924451,22.206080812292427,21.389937502140526,19.60033101520707,19.133195686781562,22.736149067211826,20.924581489138564,19.21034476772938,22.758723391074795,20.834858140185347,20.008849570732078,17.975102102222266,19.97294942208815,19.49878995153906,22.222298970454613,20.528297426182156,24.2666274855226,19.206507456066984,21.51435335176368,18.933224063064984,19.86972268874735,24.0394209416877,21.03788526418386,19.52498037607681,19.980048124528754,20.75072351137628,20.718646910857974,20.96400360061468,17.500711749321987,20.89164536969166,21.0598719239983,18.996795148305093,21.043091061514243,21.568958745645617,18.82112260910583,20.277521716285012,21.722108417770247,20.192704209683317,18.737448368318702,21.11893703854732,21.53704394007671,21.008398476569766,21.165162240355055,19.86508014425472,22.283868370076355,19.101588076058885,19.44019909258142,20.09571457816072,17.87916889887975,22.10966840037858,20.873688356363935,21.900516296400728,22.716538451803967,21.867554664695398,20.74194411906365,20.344624189446698,19.105717154313183,22.353105746200196,18.833992186963194,18.13327894056824,21.41885899539393,18.569141590887998,22.020689181552818,23.02408005815422,21.506110028007186,18.484045635858806,19.623996931477276,19.793660884171967,20.556617836616507,21.83062070594691,20.74667083210647,21.910171786310432,21.50793514823995,21.20592570743456,23.1042543543683,19.342242555896973,20.39795757251879,20.916610771167537,22.325953980990576,19.350727123276368,22.978635848865334,20.169713706196934,20.696661844833415,22.909426102627574,20.0675082686012,21.553060715996875,18.57612592507285,20.90519559857688,19.539816258778227,21.70211895776478,20.324241565377967,21.460074325043177,19.077008140454907,17.870850486857282,20.20710549197742,19.80964738229576,20.55328152307538,23.083120593957357,19.193155104697446,22.88335502234438,17.825516979114852,19.754106835097,21.149069213276206,21.509420864544857,19.935513405552516,22.708402313427616,25.906124151285166,19.165162300815055,23.204371842287873,21.284500191505437,23.438149383448117,20.729974435621145,20.02631867579472,20.554610621203736,20.939517702556163,24.30700724400947,21.266959582036527,22.025405694475893,22.734120532147227,19.221830452139603,20.53027925948217,20.339188495918656,22.133210072250872,21.01188593981091,22.622592940326992,23.570036838488146,20.53924072697803,20.784363750397798,21.036679368952036,26.645385915691076,22.209058590816916,24.38906234322648,20.111738193902816,23.073417091625622,20.70378444629189,21.29630964352936,21.78961674916046,20.504210461306528,20.552988916295245,20.18822870749911,20.155810477608664,21.27921285173542,20.35519955598311,22.25202972537445,19.638271238250013,20.33462537749957,23.147212871310167,20.80525617586931,20.44454731344663,20.889505317141214,19.374575241160485,20.24656223591983,19.991823627064438,19.031145903984477,19.927631798967926,23.805209341846048,21.26526844867324,21.474468128329605,19.99399079153909,21.61648621420801,20.002726009813607,19.93285467491339,21.36553117012805,19.036211801999134,19.5860252941704,21.103437955551676,18.364019481520696,22.41855014996177,21.7620145193988,20.751226774394024,20.19470147976978,20.27957027247366,23.60082105908059,21.31215583346573,19.886055929469588,20.923541622690735,20.68891392656085,22.72403718837843,19.057245018672862,19.96985580124337,19.721197374396766,20.03712278907671,19.63512722167421,20.04546062733981,21.186980442268244,20.554289865199816,21.650828770360867,21.385783878974465,21.24923735080102,22.826465838603802,21.200976147454327,20.1007612398689,20.82699399019287,17.450443698085135,21.03312900872698,20.99011675882503,20.357695636948534,23.072074927796745,19.06541194128804,20.421341870534565,21.5344253428212,22.8234966771448,21.13545660171189,19.63736166036879,19.103269849491163,21.750254790579973,21.364786593559767,21.520912908864638,21.093448983701236,20.251462701087487,18.861906382907154,21.96253900517209,20.42229271197297,20.552729294360184,19.70526686811095,19.58635010633339,19.335635353027055,21.500954560252627,23.029237331082406,21.49680406888327,24.016009448777933,19.619367778320832,21.117608411809737,22.32411347516826,19.933244199286854,19.876014454912532,20.774801765612736,21.457980944477985,22.18691727381254,23.310121827913402,17.96780619171928,20.84216921977448,22.900421316678084,19.3148420376486,19.706192874635626,20.75757735478488,21.32244562884889,21.953552246054617,21.714847342883047,19.40802346555642,20.130324807565927,20.375502730158914,20.184489656331007,22.544431133152717,24.208622609301788,19.953841238986456,17.92798037523562,20.20750766310943,22.796694887633176,20.50318351011892,21.29515249159635,20.04292496257728,20.212730085104212,19.45893564210508,18.666771006983982,19.71931276443194,21.153623033419738,21.899849739847628,21.679374084979784,17.942813175856035,21.29316880491915,18.613724467056503,19.1673531600186,20.72117192385312,20.861747517952235,21.478597595848537,20.032956820231217,19.421059346267455,22.206048087486714,21.443266531795096,20.6722811807952,21.33348432721382,19.782849246782305,25.91445761262083,21.692137766994616,20.387780440861906,19.01146529540674,21.31607958325199,21.088331177139594,21.76634679146868,19.644662990871257,20.91954852005989,21.145053644535736,22.59314997813284,22.33557634483311,19.839211648365918,22.65610007174813,21.17639954559289,19.42561167703765,20.829160422048002,20.534254190319047,21.803308902153624,21.64717945671644,21.10237711259095,20.358020301653468,20.070208181035312,20.72502342911568,20.0503827594157,19.79978839409287,19.99314373648163,20.174895202598528,20.81494209324175,21.32913237074686,20.400971639928336,21.69843691174816,19.458296538859695,21.982299210031755,20.125399006448895,22.867915078441456,20.611265954077133,21.254672185667168,19.278456962398675,23.309828011688413,22.50032731785455,21.410631981224892,18.98021186669079,22.78145535058445,23.96009151221996,23.924650469103813,21.920410395520253,21.437708530923352,20.515521652937927,22.635563528735574,20.30745245320207,19.532318754904068,21.534053179004182,22.376373846576907,21.560006084005185,21.179951864751033,25.26890956945015,22.33175399117972,19.63961391811326,24.039765719117,21.0319272565889,21.206037211105645,23.851406641281255,19.8604795221076,20.82123358706493,19.347474750113218,19.589766353530226,19.994508359754843,19.539330333237977,18.573711272229527,22.066936789538516,19.822206524755657,22.86660895340404,21.573300280259737,20.319237140768212,21.08315217278118,20.344307730023708,20.9687568409134,21.668220498680597,21.900658140132734,21.42476435427398,21.410528283679533,21.549666732629888,19.452217209136087,21.256535158987017,21.454734382989873,21.047756505069916,21.179633857125197,18.704517109185723,19.548752417655543,20.302901787837413,20.197000175568117,23.302144514373815,19.52751398154535,18.537449785369358,21.50082829547367,20.743372617840134,21.086258903727785,21.923874358930544,19.807908523004098,23.997715050552177,20.669881050730613,19.15771082403334,23.593156313936095,23.035359937391966,20.87579774082563,19.577117718745335,21.168521679305215,19.849246146576508,24.09515500267834,20.34147000658832,21.432975153124158,20.51808083114243,20.27278131749221,20.392358450360767,20.106047982623508,21.28354198298895,20.158227497027674,21.70387867506052,19.273646029633895,19.57318857954381,21.77585623350632,21.848458915823848,21.774913458199368,19.584000618424664,24.331759948657552,21.05787750053087,22.074495223928935,19.583875452762765,22.94856927602629,21.34346222055956,19.29783112722605,20.143644016791107,20.40473534324674,21.37800294992942,21.360422096981278,22.256627284883535,20.12184642546649,21.37459668924089,22.690042635678974,23.64063673673641,21.283283750711544,21.844942536716147,21.630562273474272,19.451437938028707,21.72145138835254,18.70016433007911,23.972951181815173,19.84090073652297,19.812400045207323,21.37461255421163,20.605975500499206,19.602981926273767,19.456928756368473,21.370768224520518,20.90366518131495,23.807109820944785,20.5365398871864,19.262382132502037,21.907913844269753,21.995435064630183,20.392283906339312,21.441173384497194,20.110899866330065,19.2769581350965,20.252370125239523,21.439851061249797,21.421721996975503,19.382310637669924,19.79051839197778,21.348181803883907,21.10693418589588,20.8949210974106,21.05837450815585,23.996039654268394,22.235378950303932,20.455928100525117,19.17072522748117,21.245131395295672,21.393178000699198,20.597826202700485,19.66692222276748,19.969410541951376,20.32222306934946,22.855489170813637,20.64425307403936,21.826755729415062,21.096757741911656,20.92740564919823,19.938184624419623,20.239195482245144,22.873295043285925,20.029981924025275,19.61500022752871,20.68357304965087,20.151067441878237,21.147233160633977,21.66650327360536,20.9728151433464,19.56683726639035,22.47889003794114,20.187461653904744,21.07900719186396,20.73853125915679,20.942455070020426,19.69774962954386,20.38869776020484,21.66759955558381,19.564282666256528,20.22632036571387,21.773343942512923,23.625810247676917,19.671728764819218,19.790001635996752,21.117007119549836,19.40423954566231,19.65074139647851,18.42944319559903,21.457537499866916,19.69713304713999,21.366900282865682,23.75511089850347,21.177847065650166,20.467696982958522,20.574288154373686,18.240504434743603,22.90231972758029,23.787511395560397,20.915377505284816,19.449170491277453,23.910384503972544,22.908858170918514,21.62297764267814,23.44178093056278,22.435231501060017,21.491417316162593,21.211283162701594,22.503178010408718,20.4841740232561,21.96515755288054,20.284368394575257,18.698773220977383,21.69919291317601,20.327679675579702,18.05884997737127,21.136601977107368,19.822777079226537,20.45862442594429,19.66525382144316,21.67780555711753,20.295765202170067,22.209481276695673,22.517252953385746,21.185559791019333,23.45462858543134,20.340198607002442,23.62917794828679,21.407559645398006,22.8800761891475,21.376398174414412,19.41414514471838,22.14565976802034,25.046132043378478,19.90535132032523,23.496756592492368,21.441498506419624,22.04748048961001,22.629651784371102,19.7932177265598,23.425517673386388,20.355814899303777,21.395533182050997,20.012318267363426,22.344868482709206,23.748655542155376,19.52312565068597,18.302670560838024,19.827952629251982,22.28256706863593,21.178754137100867,20.31150463669502,22.7391766590025,21.369757711602563,21.431820555308903,21.82347831879529,21.84281594626604,23.958382302065065,21.977045074609983,20.978893262160256,21.007419955883883,21.387814172634297,21.890850271345922,23.320556335642525,22.855105145934413,25.710193405509276,19.75493062930171,21.783038848005074,21.123959491822358,19.732748191551703,21.189098399094732,21.952773430906806,20.367703878948983,22.204922808132196,22.3325738283843,19.437095455212148,22.632264246088816,22.754376070430908,22.260578395623014,23.49663518066854,20.500452880303815,22.564771918263013,21.701371803709613,20.03074830022863,22.388480206457746,20.577540399541075,20.56739537336007,20.781119911034285,22.838540803423527,22.38165554734692,19.873636013661894,19.041519491793984,22.499992286802442,20.794082785570147,20.323689706772402,19.50331742047606,21.94227802732616,20.37652220974707,18.392857823970097,20.41252147122915,19.07819495697269,23.538038746367985,20.29802170458021,24.155447777131947,21.712625843111265,20.31042133221901,20.09766535491816,19.322457508416495,20.81190799267719,19.236591468537785,19.78522559696763,23.414340334824686,19.79475515241306,21.378011523296223,19.935474431085908,19.971587200477032,22.02091275626116,21.232588441383772,19.78834594824305,20.866614934421257,22.31591806147418,18.416909462091144,20.059024594977124,21.93717169327088,21.285759794386035,22.001832994817107,20.239114926946783,23.65750989322188,20.778119135545452,19.459209004084435,21.448710972376976,22.67852704182876,20.487164137841255,19.912644318932546,20.458764698671,19.795967723169102,20.797838308656637,23.72555945630508,22.112920700653643,22.63866740624852,20.37578086168729,21.875069430467065,20.75810880221206,20.81478632118405,22.90890451243886,22.8946012992153,20.034121339989053,19.37573882208126,19.9117945221791,19.87565214668124,20.343191063297237,24.793468008856117,22.057949042332815,25.81640871848428,19.94155683506929,20.20154842536078,21.947719108131565,23.755639834318817,22.865465855746077,22.378992394151382,20.584624236536268,16.606060595153437,20.039566075281083,20.569088777999603,20.16893859077354,19.162765024418142,21.14068225985824,20.745512292932887,24.216686968333768,19.87416614193981,20.30703376509438,22.680780762192892,20.55935683968313,20.907194740449295,22.48911585229665,20.93165995987531,21.939059059149923,23.272694521157366,20.920221917395804,20.464373137014896,22.5968360210863,20.484696590774096,19.52770461996681,24.3281405031967,21.86149346669775,18.737304652910375,25.448714468475984,21.966476202157274,22.028589230349898,20.602321042860112,20.676319791162985,19.46681392474043,22.0029898072248,21.103642735744717,20.54021324378763,20.76856579465372,20.775520165355253,22.417870193965946,21.124538292177096,22.74179434992483,22.314940816662755,24.343440549361926,20.11602084788982,25.10998532307628,22.430366162877544,21.586022805696402,20.866110848527637,20.89712737205416,20.655616295774212,21.156483476729953,18.48709836244264,20.857257327083925,20.703965509041925,21.712712763386744,21.087883340320467,24.566761771393562,19.98068203193882,20.985949065124135,22.601809723688024,20.09123285892796,20.725889554735343,22.61440507513617,20.086545164669808,22.505114128097098,22.838501050231805,19.922758206930478,19.41598976096705,22.153732781306104,19.035396605289765,20.191387712444875,20.295171426857966,22.373656108754485,18.39322542666772,17.292656633361673,16.707356882360838,24.107013577833374,20.41103443406688,20.245324911842204,23.378377173586948,18.679790068072005,20.319253081409165,18.30649593510131,20.881155234917415,19.98360620929163,19.93953990625625,24.30424404495273,21.212293893774678,20.626591753852356,21.20437564368666,23.702697099112886,20.530149288487763,21.903133528234328,24.001835111731214,19.860704278736034,19.753316764404882,20.507434886403498,20.863537409916454,16.751521219831478,22.372539700382077,23.28391260334631,19.78342037337207,20.724465415745403,17.081435755676747,21.088195132731492,20.405509284898987,21.935004251006593,19.897540120430268,21.013772874354057,20.309641994391907,17.682611673709996,21.212990929820634,22.01635943131407,21.220426553912905,19.46054881052772,24.092539236357197,21.217635395725758,23.12207678942031,20.50345714607131,21.206974932983755,21.437187338928037,20.07961695673109,22.231529888892865,21.90700561020257,21.92836933816858,20.667772837540053,19.799185540930264,19.882203881070186,20.16050111326358,20.889203547177107,20.345767135134235,20.86817647987158,21.93789223175597,22.375749745431865,19.416797314328633,18.609361609989772,20.103874795986986,20.67220709197017,19.04140520543064,19.197948951085728,21.060700759881193,22.420064575863677,21.133359459565323,19.976274434323326,20.687761150121588,22.98853862274397,21.571624143041856,21.397670697271373,19.609159233658147,18.46118836644438,21.049305278343105,19.90038454906117,20.184555620515063,24.66378228713565,20.72493590765323,18.727834817863787,22.161679146234896,20.739257949446728,20.605219906367164,21.525122807548463,21.145917326349384,19.51471593949012,20.731114116737995,23.0620029802016,18.483458787786127,22.829896396203893,18.947165549599564,20.656841717446962,21.945841909324717,21.473277125227032,22.48623441766274,19.85005559431364,21.631193920984007,21.688071575949145,24.26655124375288,20.836490919435406,20.21045211372722,24.68892226936386,16.602321392201283,21.410283284162148,24.320265279995674,22.454501309852894,22.1423624947312,22.049896922789603,21.092511277685855,23.387584738768783,22.35089244738995,20.59892471705046,21.274193779288943,19.867390011239607,19.667859320219964,19.381728029968976,22.939717420598292,23.356533793241052,18.698964392000722,21.484626524935337,20.906482218952714,19.940963189586743,20.519677959482145,20.42540382789911,19.354020801187545,22.073949608123577,20.506669622755997,21.986920953193255,20.6784938351519,20.34834632100127,20.380987330233115,20.846241335114097,19.787180829282935,21.02524232180881,18.403093236485912,21.42268304296393,20.100522003175993,22.736559809733638,18.45058101766218,20.669537696960095,24.372987768440364,19.064028120173013,22.834726064181,22.493769350674075,21.235365023797844,23.7956535476521,19.926264631875338,20.94473888199507,20.30548104603665,23.936845348134028,24.18513577559584,21.98858967995805,22.74564401275316,22.383178741901993,20.366822043727506,21.238035169938808,22.897453498209007,21.268230664794334,22.714850725244258,20.81620140152568,22.437244277171196,21.575414113764015,22.096954868416304,21.831709548031434,20.47951386844516,23.45368086368713,20.499315745499118,23.182310536764636,22.135848344018463,20.99189038619358,21.694954273839826,21.407227339480897,19.729826164425795,22.691352439250036,18.414645703392,18.16332976993274,21.016944985013563,22.092960574062772,21.49917603003103,20.517208435088218,22.14031067557724,20.08783617332777,20.799349674161313,21.80051185671807,17.68478712749349,25.197525393453745,22.384976752855874,24.42847587588308,20.21655130469363,22.321107650162404,23.29302641766306,21.833814787787784,22.641169860204446,21.0928066028687,20.84362968730567,22.121757464469006,18.98921083668086,22.07425640094358,21.58050966338833,23.046842910287296,20.488478781440428,18.211015659994516,20.732252366633894,21.95267377951739,19.47382129441373,20.042809047941027,19.19727767647097,21.865946157189107,19.553714862427135,21.499265054599633,19.275082856769263,22.513129548981432,19.28667546214104,20.18791304816653,25.371743357948194,20.961674078528393,20.50213099264142,23.833870671316557,21.379032712451576,21.000012891806783,20.64836369856085,20.983115165582632,20.33598411449558,20.833710638394997,21.552930339747252,21.759567138676044,21.450517421848968,20.94483017427812,22.618913065560964,19.663297954131696,21.307320624979447,21.8336515621615,22.14402664038466,20.90314277411098,21.53213165451468,21.749955970534053,22.3580776720685,21.498672691472677,23.39327116608296,20.938611202924896,20.052887474678602,20.39233367393427,23.586640744484956,23.592617835924248,19.646460853801692,21.627337137204243,20.173673430328577,22.590427181843523,23.51285753396184,21.422108912911526,22.64548600921612,23.238458779538988,18.92243247033491,20.68946595162078,20.74143612557422,23.232175888503054,20.251093310084446,19.755325381102686,23.520360115176025,19.119065782453713,20.185529600835974,22.807177399240928,21.88073269853504,20.913228883049197,19.09848281823973,21.048402215146808,21.914329642291822,20.02484809622272,18.668565922255077,18.986835767879384,22.355689722257708,18.73849053743613,20.067718534554054,22.298350270888676,21.515254789977373,21.612976536345734,19.382625611057524,23.0005277846751,18.672004159358572,19.753633547691557,21.132092297322913,22.02532757781517,23.958280443156692,20.236686843420436,20.993769536905724,21.127846974543388,20.1881666332641,20.42256211271878,21.810768093821398,19.589265964315253,20.72196398492854,20.33428044558285,22.171871926677028,21.390698350432963,20.10972604865208,19.007358246497677,24.08861593548738,21.440487059879096,19.59020259213543,24.20196305758042,20.36219175372045,21.2611819383596,22.485690289726797,19.716188097067057,22.517414772340132,19.068039929585368,22.518654205680477,22.00090369816,20.66134311146358,20.50729313263937,21.159536077083818,22.63266527682282,20.616645062394127,22.132505193778403,19.877208037115007,19.964143980004607,22.379749941918817,20.732135579165803,20.61760520497712,22.797641069961102,21.25953925455136,22.191328882001613,19.649822533237938,21.114268021127003,21.872657227117625,23.423912093110832,20.149325818459968,20.696048286501412,21.19234008722294,19.7101757514605,20.691663950106328,20.88482988514601,22.26357426294374,23.70944072074414,21.680466531317183,21.994012394867347,22.332518442559042,22.831966482167676,21.0759775275045,20.721218142854635,21.24548694529603,22.336103792321264,21.274026265689034,24.41935797815126,21.12412346419922,24.508185094271937,23.10211000600264,21.23716076789738,20.338359195794926,17.39099088896337,22.020041214654903,20.261011660434765,16.168686111562696,21.35938955119454,20.42659636934246,20.932162274745856,23.4426875122465,19.80859654070839,19.424921776402254,21.48971249556985,20.24999912523516,18.4284834054402,20.659976813678785,20.662401353506848,22.621612992686373,19.005454713788,22.014006895151518,20.144741978943223,20.187403436060244,22.615790861701587,18.37937185670871,21.16444917113867,25.188439747371984,19.195941061439104,21.8371946478403,22.437311665196976,21.580060639402248,20.843205643961408,19.455589029143344,21.5542218148117,21.859327721749544,22.26579758649971,21.43585003415693,19.718347973010903,20.361605197207812,21.48508533234715,25.363412158306065,23.638550972563994,20.244121762204422,22.974934854350142,18.15024797549321,22.484485964631844,23.124125875288215,23.02946380776493,25.035939449748145,19.915972767459166,21.790391471018832,19.656311653264147,24.89957733532546,21.317092251413438,18.2867552704485,20.9821285956752,22.329280361879455,20.676953630327137,18.87770696062663,24.038303058008733,23.36943885611564,19.67243125670039,20.071758820825963,22.68340771268943,23.250870910538037,22.63483220657893,20.34969348472637,21.582748991686763,25.59095812499953,22.157854481695214,22.897083528072184,21.170428232318276,19.365755506158436,21.01828183331216,20.80482504448874,20.458899449439468,21.062414624101198,22.115975253110868,21.74766786878922,21.949297631067996,17.519167284905738,24.265607067327878,20.42016496247706,20.109632754782293,21.869617199525678,23.676840099641037,20.840734494665014,20.073869868531407,21.739498181657254,20.789366296903168,21.155191975422255,22.717884376010943,22.494027084519775,18.275748768970235,21.514469681661097,23.449923813966333,22.08358336778967,20.759601512468027,20.098475008511066,21.880012011301734,21.81059011891241,19.313094671268942,23.12912337616671,17.57573267175669,20.427110918500095,21.62858891233708,19.979848588738577,20.525425314513335,20.765584575660398,25.21082352487242,21.930555132560272,22.253161916751846,19.21259801393195,21.08332327470751,23.649526123350885,20.179319875954548,21.9406334596072,20.937243306108716,20.811149127012953,22.358461595950146,20.735305915589883,22.149874886231572,19.866882396481905,22.589699802317035,22.045930385997067,22.680979366536647,21.145189252250052,23.772251396143485,19.63523554969952,22.780747070219025,21.20639359005983,20.26640663428548,20.836581819173944
3,8.502360158763478,9.574298702129225,8.828988512211279,8.4237536291153,8.94721957887083,9.04388355345977,8.545887525865165,8.66806849816237,8.947516918343386,8.8007779820102,9.018885798136782,8.533054096615535,9.066287555546097,9.06412118515195,8.314584432581254,9.396172178580347,8.549791885416234,8.817965274077059,8.611373451690744,8.409092399131275,8.821663764991236,7.708581536393006,8.838516015285892,8.089465317531857,8.800871936114312,9.552206945144631,9.430996365006878,9.599649448740532,8.918474416776201,8.691406689759882,7.9776323678701715,8.549237049178688,8.63995795211777,8.701739041266595,8.78006153593889,7.672244987801929,8.40116743160466,8.021614755445702,8.382097110371072,8.884295038353425,8.650569337504788,8.304789744003175,8.16610690546757,8.963485598250157,8.000894633877671,8.418488999501614,8.818637455298047,7.817143384318506,8.813824770677165,7.951164191048607,8.074570168068066,9.194077040527336,9.57083521047164,8.012560418546405,8.801510971122857,8.427888284009839,7.4988287274868455,7.825947451043162,8.961223110373524,8.624048615239078,8.58571974092593,8.125779167553429,7.799054411921688,8.094735031482275,8.817343569251014,8.58144859689509,8.056735267256633,7.912082133129515,9.685371556259508,8.09722584246269,8.294468126232994,8.760277591146648,7.889472933052451,8.947602238077263,8.753240746229679,8.769451170055717,9.335851004325345,8.642436277196424,8.464770999771911,8.18251180041876,7.701717138008535,9.415143065530938,9.91334500391699,8.16899750642317,8.130110410741487,9.585034382337511,9.239531258757887,8.4765239558008,8.740995209041351,8.100772690253473,7.99337332630228,8.539719446552416,8.563653532290044,8.583649024830558,9.741989505923575,9.494415664874836,9.110203118748428,8.07866402963892,8.581811506716134,8.576692760618082,8.88645854694848,9.100177127676917,7.825463634322519,8.282808466313245,8.658298313910366,9.083763130672521,8.39649761089592,7.89267232304739,9.476202300521335,9.082151738610158,8.471565568925849,10.056576242442588,8.565723002811598,7.97028296304157,7.687564368129566,9.157684986303327,8.66383180862269,8.093387416270721,8.208509136496424,8.989403043686279,9.362305700036384,9.551957274734352,8.358828825380932,8.61356697390976,8.12096342114407,8.588684846449366,9.262846410853424,8.851541113366576,8.616642187770271,7.931626117667017,8.212499458414369,8.201736022197062,8.634176001400766,9.46302883066807,8.454165768057836,7.691635418992343,8.854194281664732,9.318206870427895,8.867418141116577,9.511716501386031,8.077078698809187,8.814171260506152,7.954643887665073,8.408942178101318,8.302089694343612,8.450785945811512,8.7177556293439,8.347235866065677,9.663623766008358,7.964943916681848,8.079594238853902,8.750987088514833,9.071686834358362,7.835434804021269,8.047921244774571,7.684194709789726,8.937710300570762,8.449837066504838,8.958043552232244,8.502601174161486,8.89069653507303,8.477226328124242,8.27865567008206,9.113988303591233,8.077157314866339,8.437209694762567,8.054379207324986,9.15252874598139,9.225815441751223,9.72571542544683,8.071597216042548,9.26309518282074,8.012201886230342,8.862805941031812,9.549668252574946,8.09711658420503,8.801598344465592,8.963205731117561,8.42885810768712,8.239623409009834,7.99722909082018,7.991058846080414,9.06739448444964,8.202161826742708,8.671221610197305,8.013641072393376,8.277890635218796,9.530796624027996,7.974718489205681,9.08807940720586,8.418159936775107,8.689534307228028,8.01928015062194,9.28095137517517,10.38254805414749,8.491982317131999,8.415116723534378,8.947945409686632,7.914395925455341,8.309225196011473,9.199315408308369,9.929571841843028,10.046799805354185,8.006024560400252,9.305643019153646,8.931062294225162,8.367401514094766,9.054687428964698,8.146003891000355,9.213472824900634,8.859299146673685,8.767522876682083,8.455252237141371,8.497308740652922,9.548188686103225,8.57977075971444,8.803363388940728,8.115646741695144,8.5300106855145,8.955245481778714,7.987240160347765,7.914928821476378,8.522706031966019,10.380780503624187,8.225478923977967,8.32947836156616,8.204254152846191,10.150085762774202,7.447059082359186,8.375730482187228,9.413066856910131,8.09746069785277,8.584448878821737,8.803447280500125,9.001881225788374,7.995257316523758,8.90843361297027,8.094263915227211,10.344347933177438,8.185158205250357,7.705692382819951,8.087638921415369,7.840473085675297,8.893444044716334,8.274384823579787,8.57041161240156,7.847425811642585,8.97956126859978,9.406888532135053,8.183971289609566,8.825376602769795,9.547137835023248,8.457123557929975,8.327942048532568,8.097459105667685,8.171837059907983,8.225715280926165,8.337198335355042,8.446486430724567,7.707800776724483,7.788876891227601,9.005843654200843,8.779696754826467,8.240612309166842,8.511250937329212,8.226071360142939,8.569119843359436,8.470501308553441,8.88534672366792,8.813250468504327,9.369270433566411,7.978378520333534,8.085617468945559,8.15713928892105,7.912754069726968,8.117632102893232,8.254252105820173,8.440270515788232,8.866386293617822,7.9494551178159405,9.463804895537852,9.146904445744239,9.304963476783914,9.416930044670234,8.444853184069533,8.546108510253552,7.7509524878112614,8.01628001882673,8.562218731959595,8.574478960916668,8.30890703744066,8.329453457414584,10.1805256336328,8.559393198953346,8.657005628750834,8.474399014209382,9.389369489003158,9.001811487616312,7.964658398173391,8.125286940696643,8.393161249548234,7.98488195367888,8.661643903095467,8.578582771210515,9.066361919651543,9.305671603287136,8.590825692061667,8.7178742144227,6.990326431975812,7.8019334583661815,7.462425936126483,7.741078496576459,9.47521699785112,10.620900071197097,9.009739649931749,7.444457733637612,7.84823583479582,9.906528656834725,7.247697150177742,9.399819101635682,8.839165141497586,8.792207899152995,9.15270933356037,9.383608939497533,8.479924226274306,9.283691304772454,8.538814756885765,9.159408278731869,8.267666482380234,8.355820631802919,8.111149424024855,7.60503302282965,8.317304845959466,8.281705424769877,8.426005669393065,9.09915434604485,7.244425091868923,8.719043121058675,8.610307902668275,7.634325730104736,8.301187805963433,8.155807208213966,10.593744248599679,9.273894781838823,8.462715841785403,7.307683059709208,7.81812084577726,9.19274265174683,8.501057881701108,8.061013327767633,9.23875038793005,7.831674633578348,7.78836562706783,8.310453753851052,8.773810347718772,9.168553341966174,9.223559224632416,9.095569408137118,10.070403544501168,8.099930657537923,10.414777288744176,8.733938027219406,9.657098776742787,9.160887886619097,9.087326708136986,7.584017184969944,8.573146164669122,9.753454846012556,9.184585034015454,7.786921330679632,8.452189934933214,9.056662800874935,9.250611125438065,8.88369635489945,7.7214036985290875,7.92020040466809,8.017069502663139,7.8989888251829266,7.827548215427867,8.460249071083046,9.492012670047238,9.822907318005305,9.301501109910761,7.834304878036368,9.077610662396607,8.490303153734807,8.386483540623047,7.884398504240356,8.7866822109191,8.72705379498857,8.414539154135657,10.01534182344666,8.637190770817936,7.763897190563319,8.56296914632101,8.637397488053262,8.382870787471944,8.534904417165976,8.135990151533978,8.748890450894761,9.188977610623283,8.319790307683729,9.179525854569551,9.292372854095337,8.33844455366787,9.031497944903476,9.06743712321942,8.280806799441534,8.403033082069605,8.269402943792905,8.705618885220748,9.112783753410948,9.374634977771656,8.452426073729216,8.432938345041606,8.644926104580996,8.252280902223584,9.204533853686815,10.106708649862469,9.077810144950458,8.617819251691017,8.663933041778844,8.114456487784262,8.45470570106801,7.880776133905843,7.7845479939183075,8.169803557171178,8.54232470995588,8.286615567586981,8.861769023294404,9.865707928609645,9.556096862148403,9.301599672981238,10.141362073694596,7.792715946281574,7.811193421284372,8.158703352363688,7.923129751989511,9.452812103740603,8.263952897475596,7.896858448298682,8.3109231673224,8.159771840250423,8.123395299419624,8.748336074278667,7.690688351546732,8.190177818650794,7.993765387289861,8.080689277598406,8.434146623863759,9.72003378879403,7.850189070882478,8.740686344701533,8.392137906537268,8.802060769486298,8.771095420351699,8.313142657108308,9.608484235036716,9.853969805211609,8.809315306167695,8.80281456984776,7.591955799216217,8.658033626243295,8.463852524838751,8.340014468552642,8.886023896067929,9.264498681516503,9.01414391315281,8.161274315954627,9.499307174402515,8.347863876606446,7.6978229490696695,9.004829042906506,8.344486786727613,7.822072677825809,9.386657665446492,7.520334271048615,8.185943642536113,8.47913606304367,10.249840873009605,7.707442739406967,9.385957170500728,8.8792620868056,8.397205002296941,9.415962044238759,7.797798649595689,8.450965593975928,8.442408167543594,7.636723670972309,7.730636740411496,9.112368524884992,8.429948956666824,8.077212301950942,6.941416424310898,7.416522148520737,8.51835380074981,8.14276042778194,9.290799164265833,9.298911839683525,7.882393424507761,8.977616928034697,8.41765561354903,8.250482821815174,9.097977328980857,10.251548838253042,7.379096502136246,8.089756623202666,8.87253552598959,8.771598515167828,8.448901136463785,10.158775634555342,8.10778515668956,9.794692826062331,8.333047156446597,9.127150749452682,8.110183124944463,9.653418717077958,6.481278463762951,8.136847944719523,7.345015746346662,8.299805580757997,9.172897768488783,10.033383205793097,8.43525790294866,9.840652061244425,8.749888343817801,8.312632633724652,9.043817043004477,9.04591406837831,7.854147151229722,9.327833351381832,8.293699198697446,7.803879073957992,7.7355080957826114,8.031918378525415,7.5915486304205615,9.127790207855004,8.466161119558402,8.054037501533461,8.328203675550293,8.212581445154406,8.898686116645806,8.561993638697446,7.901685703493994,8.00531436221561,8.515209635679097,8.212148625027137,9.350527616097445,8.616876531766765,8.528934112514097,8.675012087121738,9.193810095349525,7.258400964548985,9.38371343444434,7.64949986238889,9.935572565628496,9.469875751631244,8.292569394087723,7.8738828993873735,7.294610547322881,9.204219488101552,7.963585531076694,9.314468381737615,8.509898797421378,7.89056995078296,8.131475521609152,7.994089145506773,7.886346637208803,8.266666440676104,7.34687842375544,9.795528740691555,8.526710853784353,7.913384669863137,9.390083565840362,7.850220432002772,7.820050821216298,7.708435601852117,8.927572806806905,7.553623016718054,8.651065929377095,8.85976101222322,9.698668088261625,7.62071369383671,8.175948716312936,8.859971392821738,7.778405903122228,8.368365582082195,7.876778951758555,7.960108399322063,8.607399335991229,7.359470624838405,8.105116161611033,6.837777382000335,8.343823392437615,7.985981378871343,8.177105972178094,8.388769663509574,8.34711570455201,10.359011197921735,7.432857238132507,8.21264113965781,6.683709848745886,7.848774883252761,7.480701689504594,7.044008920414679,8.209803226784626,7.91727480109092,7.796809178225982,8.449575908910383,7.406875371114481,7.8076729161002465,8.286675609868729,8.108719056604123,9.533856019767024,7.888723034541635,7.115416142486331,8.452403159652983,9.175452820484814,8.748387157289477,5.97502269552022,8.197773372397627,7.773743395094794,8.305323961227176,6.756646006328734,7.269746519800068,6.993007392093474,5.605127841738778,6.225858640840206,7.995608226209096,5.735219918448019,8.021207095235214,7.69709561496166,7.22369323345218,5.679068139913379,8.63508179743184,7.048778849353138,6.163254277607609,7.252504683899011,9.510796834512497,7.3957833280987675,6.8933369378807425,8.636646591921142,6.9247699395210525,8.417863870490168,8.544395670595332,5.564237728472637,8.307467957854582,7.422593639889549,6.321295274920394,7.222725822555758,8.119302802734204,6.971446976930034,7.853302252390356,7.082824622915173,7.839969164276653,8.62896792210052,6.557841760268332,6.941478097011896,7.225442988240597,4.930585357130814,4.752047990799304,7.52603821139625,7.945942800949575,8.702286395778746,6.028220875480602,7.449028961388579,7.55887344556273,8.643431655391264,8.268366513656915,7.5830251962351145,8.84770648143101,8.145630350774589,6.373149623671455,7.097586741368539,7.048467299254881,7.877924542704704,6.50885580138431,7.17522990612738,9.458464923939749,7.294000387699531,5.4930677933088585,6.686888860883548,9.091073400481836,6.887939860824171,7.069696191475636,6.79766150029853,7.821288045258719,6.6531369421344975,8.65217432014921,6.922384649630054,7.669430392439356,9.101679482310661,7.913323688540217,4.629719583406348,7.702655636048934,5.675602391643424,7.279154697485507,8.422824011721652,6.3152316055261775,8.406395719938347,6.856166932399222,4.919941283236078,6.823546299802554,8.047640510719148,6.983621587135882,8.909072006237878,6.975980387727789,6.818988112726045,7.690011393808431,6.301072441672358,7.663055089665113,5.463079013524689,8.49121630551245,9.176516573069184,8.035246479241172,8.419085202608974,7.239593912046923,6.401719917279248,7.241675865078527,5.0267835513348675,8.71119189805965,7.926429859337013,7.582292614150329,6.716952429659411,6.006997884279925,7.0243586310927695,8.60776249476652,9.296043917192952,6.131596244059511,6.918655622872995,7.147394916116991,5.947638462318515,8.78585893053904,4.6592153518102375,9.242415496099483,6.462849231131008,8.442379026926647,8.663228360982835,6.86344186905794,7.688141107285635,7.16440110419119,6.584268929672537,6.797749553890327,6.369851198938894,9.2519433326231,8.884285534085524,7.151743894365474,7.291617213101372,6.564588547041923,8.04083148065999,7.217137878369371,6.034517010006606,9.029194675838975,8.071307411083213,7.559735584327004,8.359835226517061,6.934179851889829,7.107240468049402,7.815099485495941,6.373370840255715,8.078413557269975,6.706562019975732,7.634851414480709,7.945989430184171,8.45106880712417,8.263281689693427,8.73591240156909,6.562804207010412,8.009865573625746,7.112185271545303,8.648276208006228,6.421593741598832,8.930219119149028,7.096193841943553,7.564788150981436,5.917347779098286,7.0426239102749575,6.602707074387982,8.355298915485598,6.174151215638412,8.04310801918934,6.537211020417888,8.050368884527371,8.114441312467784,7.3250700104281625,5.563860553350903,6.969302630582789,7.202669024133877,7.377181714692464,5.725769310256803,7.675761822643427,8.484502554965763,7.097177597270503,7.920623663421632,7.797615129747278,8.64867180473181,7.936630894325155,6.754967948466368,7.9707137659072895,8.00041984621798,6.9936324126293865,9.240908813973721,5.850379561888608,8.377585935072497,8.527868888061787,7.109458865546131,5.925850275495155,6.49555131421809,7.119381247715955,7.499981074778676,7.977757420180774,8.720050517592902,8.054138991989953,7.3281064843300685,8.33898742384477,8.519977111599529,5.185545526556364,5.054404910579703,7.131273082224621,8.020657604984178,7.851777303865646,8.533262489088624,7.800308057662658,8.404622697188854,8.522189151966009,7.105651195547242,7.040404142969494,7.2822131410383655,7.608655462817912,6.86561832598886,8.143475504397472,7.225867698820488,7.730235209879992,8.491678700071455,7.062473955138921,5.459860120784214,8.275785451548527,8.365340364148572,8.195878729837379,7.588878169618032,9.335661758545854,9.329332339577842,5.760181808044866,4.599265952168425,6.283301648714225,6.952573149878801,8.662247151196448,8.201448058146577,6.809708909259013,8.221519572318797,6.39175279551113,6.698436311989826,8.805755944709283,7.6146054581949425,9.291159125235938,6.79701795482339,5.561207382655495,8.576688192369781,6.877396831271559,7.688416681531634,7.3496809436396875,7.7644771369124586,6.564893868331961,8.993675492005456,6.990541959536819,4.720277983514056,6.659630810614935,7.6182966556850324,8.971636087319006,6.80748124379119,5.879006399074766,7.03206072572335,7.349099097704194,7.5671743195451295,8.128942451691216,8.81030181107421,4.966855945552061,6.895800764321395,7.167394124560667,7.84978158361564,7.775416728238133,8.449515842675593,7.75351693357668,7.5153984640828995,9.009631441907617,7.728262044672517,8.384064559281386,6.44044516794008,6.328886046762303,6.441185168884493,9.131569637533717,8.424261023832917,7.239567810100234,8.252481586382462,7.101914330025989,7.255542239170419,7.443682597961935,6.976457864448901,8.502382718532564,8.172253261771264,7.239488814090771,8.257175924677766,7.471579440030289,8.201804207615705,7.7245341993358165,8.263721611479884,7.881655195069572,8.22637049291317,7.483988911872038,7.5526757377046065,8.94707509214208,6.208338377060125,6.711970035545134,8.628346734843298,9.109275544885673,7.995517807180618,7.789692146863492,7.653953968098116,8.391407067438422,8.05466855852066,7.5981132747908715,8.385629837208338,8.23839435605355,8.851365912767182,8.250838155172353,6.349573361384829,7.812181062755103,8.49170024553173,7.783411114319708,7.4011394901097844,8.115323427463762,6.225089287107571,7.862117861316441,8.33317341094969,8.902530435331201,8.124454528963568,7.972888769066297,8.913927178477039,7.613813485336394,6.815948079505086,7.074696027470222,8.189669006598965,7.483171538320596,8.718080843424408,8.626451458725558,6.4463091109752275,8.230368272349379,7.251723475236301,8.933904556831852,8.054215037605504,7.776025913189561,6.949437757667144,8.106041984920603,7.725380139763944,7.753331788472208,8.608233144188672,8.290360872501278,8.253900231300104,7.644991728346413,8.174161141897637,8.516659022995729,8.066023777355703,6.971570364526238,7.510645686131634,6.628367597501271,8.23779586275853,7.899659154900227,8.017340831216003,7.893385401757351,7.572941679019,8.364589389781413,6.3705544516416,7.592228203787936,9.197388222127655,6.937499305718447,7.500533808801891,8.25844428851018,7.673820714890764,7.450541870849046,8.375666811764251,7.552112444374905,8.081888768741294,6.695213279059067,7.896841475961533,8.527704747204808,8.88416228431643,7.327287748114233,8.711909474089675,8.549731683781726,7.433007479233776,8.44601757320368,7.987573872608479,7.097991679821799,8.329720850651382,6.287870528126497,8.585874740403195,8.517411719808456,7.82612873927782,7.826761170370873,7.227597763692356,9.062986767297343,7.697161130683408,7.3432400944007705,8.078405225605254,7.0355559158091285,8.504634765753027,8.11379796425623,8.063767028871228,7.295188940451991,7.553505098418196,8.785363697625211,7.801710903476556,7.987819081838952,8.944140734966275,7.873571855268465,6.9281583403092455,6.800324739608031,7.993820877274836,8.031120937859002,7.6200497427150475,7.393179590151589,6.246982172291807,9.051454175389521,8.383910890785161,7.569518580202302,6.418488612045418,8.78123881975564,7.801486833240586,8.672633866831472,8.083950427981314,6.727976879245529,8.140236662593587,8.664821134179805,8.50718620108996,8.75707112498572,7.950150713253209,7.570085444501396,6.590363873748053,6.561578050765841,7.360536645203018,7.681375611883173,8.108997651096544,8.742673195036195,8.05861086777336,6.608012195210254,8.08066233521572,8.058147414080386,8.441978726951524,7.360403826279864,8.460892192830684,7.625209504644788,7.83808229832866,7.865914258409944,8.304103352213835,8.252028791187369,8.413338339089389,7.697136013775458,9.033082812379108,7.5000683792022,8.295573754873521,7.7589727436570834,7.309161112448363,7.973309576667929,7.337175883221173,7.428312189512321,8.614331261033035,7.812680905893871,8.173328267735906,8.388978013234716,7.290065953611685,7.550967710767828,7.798563037412904,7.977314303817169,8.585672730736881,7.905152714232351,7.6145316305647235,7.648227615623954,7.7381440318473835,7.688249070752148,6.134211659303303,8.18311889677468,7.599837269335807,8.247636214494866,8.684220249360926,8.672823450169476,6.9756952779472305,8.463972421874255,7.187282426104659,8.641923680614202,9.057507961179999,7.80079372835122,7.905682410971452,8.529437132646063,8.57243619344756,7.574724978580797,6.954442290575754,6.725847840217597,9.251198822706654,7.820677642208768,8.256743577440929,6.8412675429194,8.031738995540978,7.164969870459497,8.028561901986208,7.54296860065092,7.771585580023472,8.478727580561696,7.136525021791403,7.339628716142458,6.674747355135926,7.860852944576494,8.067394170212213,8.998909437135914,7.45252711530984,7.601231788032869,7.171949872530078,7.252491588643515,9.215560253895765,7.428155325963919,7.635901026381714,7.743054508100971,7.60856934128077,9.139989527745783,8.048047068509163,8.549342337139112,7.5692688808848425,8.380525631148265,7.247345722049989,7.151542444072821,8.019719338424858,7.512033323263045,8.294192551652163,7.638357397104854,8.539039814376107,8.978426430887042,6.628095873402583,8.337442807254877,6.683711797027077,7.40763818208938,8.250186242523322,7.300041394497984,8.769349171904862,7.702817344588814,7.597984625268215,7.663427752325277,8.060317375858714,7.8656125755202835,7.356640947447239,7.095388238822923,7.842415175946664,8.534599357681719,8.35346668851025,9.031844873671549,8.13645253702008,7.426697247427789,7.55041208815907,9.204958989400504,8.430821338111947,8.474072654587923,7.518489182183492,8.008657556740683,7.880510029947053,7.748150297787411,6.750749764070058,7.782941469366499,7.065737471416902,7.667345581981595,8.528859769985496,7.995439775827236,8.46417091213359,7.063678870683051,8.974828116017768,8.191525545116166,7.0724653956973915,8.233243358614148,6.7640259447736915,10.019535600419946,8.774582559340411,8.090443260002713,9.239083834228142,6.9608623546189,7.633790152761916,8.859402973221952,7.789421846230972,7.961006359102721,7.569100291788663,8.216789943812051,7.418541075482178,7.897617598232981,8.110779158100012,6.830155861308622,9.369696517642263,7.750623052807999,8.668809471299767,7.4130231297090114,8.68829452632469,7.191817810848158,7.3169660851741165,6.678760761439139,7.2360741762873255,6.035559910501578,9.083818313480279,7.286065800626909,6.7325462681486785,9.232257296794485,8.102250220156865,7.261455555470909,7.782638957604285,7.9563232107630375,6.913622058104573,9.890901743772549,8.01587903042412,7.9530043814487845,7.211351830560178,7.185710170534755,9.149956452277182,8.178007267485729,8.812483430410396,8.737440065796322,8.849979909733618,7.982392290845016,7.877337710613465,7.974113716006532,6.305341653664089,7.386986447859217,6.539256451959531,7.9555519003530835,7.148194938763459,6.670122079667992,6.086731360455983,8.64205739320507,9.957875586739494,8.189049953796331,7.647791692984809,8.19755241669447,8.596402880461914,7.29940620352645,8.145478735210771,8.57499716204534,8.2238485206855,8.00990953792683,7.772495555782353,6.843371986733153,7.888041149452482,7.762863590368105,8.01108627994561,7.370113566843734,7.286969105316218,9.677093578647622,8.080300431617065,7.8605498759864245,8.223249852420986,7.900868487005369,8.889153392834235,7.923086723091838,8.378076516069145,9.601674533714014,8.243849719594772,9.183432586571787,8.084150757014118,7.1800727077432835,7.895447468158509,7.38570339073519,8.072798686954844,6.934173428681393,8.617077290671233,8.973037306580945,6.570579670288787,7.941863204606399,8.36940220515992,8.407803212691428,8.015042008889308,8.279328288419554,9.083486179928652,7.776941740003155,7.279967432997814,9.639471900285569,6.326175859440652,7.279702340450939,8.765221632424613,7.2774302197217935,9.75791806262571,7.115453012326489,9.071004669892869,8.482344317352858,8.438844397810103,7.769452447543204,7.923868544765211,8.11343733141662,8.325823677311481,8.157668466584697,7.375607769351392,7.672848355179965,8.306105172158906,7.9658114416539885,8.880834512319803,7.710742158457313,8.54487616142216,8.155168423031332,6.554954832739368,8.47797323767334,7.809125345994383,7.511419307453457,7.993821526647297,8.862970603237377,8.369567109686331,7.6878293957921455,7.840680583114178,7.008042678842976,7.621604859004472,9.685290571257344,8.22596638173797,7.865228330433569,7.8070636924827,8.888288062244765,9.370937850625262,8.228576547310487,8.665734409175046,8.382370966059181,8.107270606422286,7.318773214068038,8.16866566953476,8.958927993134482,8.183426510945278,8.02047512665169,7.942588158214762,8.225010522108676,9.062408387225267,7.875796856114123,7.557148550852243,6.73609055345905,8.268924309289158,9.879087055259582,7.994173031021232,7.020358292437866,8.48474641111143,7.781643068033425,7.657701405864519,7.145604219642461,9.807827282606377,8.862537728686934,7.995376496238646,7.305147376045268,10.311910569096979,7.953799388540335,8.21472868740228,6.415748090771455,6.78245893684819,8.514600608235236,6.760796322956817,7.24753849762188,7.8201315942431755,8.635133057959257,8.469403822895297,7.372832775308338,8.372085354743678,7.442569083650912,8.498847424325106,7.899905028932277,7.855151993174134,8.277981437411489,8.329727647769428,7.875898516725489,8.607765147002393,7.941881855911546,8.0751263040413,8.623054550082975,8.27864273810341,8.553638122112247,9.587134491517187,8.324268018125853,7.927892321866912,6.530562338743875,7.412357829291568,6.698070840074653,7.583347572440336,8.093620302967706,9.033800797033575,7.835784223540114,8.478739848323844,8.93223748384622,6.757482137423676,8.246401384000537,7.612676588378976,7.906117419159411,8.030560160072804,7.911278861009963,9.125957982777534,8.614565079868603,8.212901932907421,7.81363125461123,6.834013419800356,7.667013012671471,8.904859015735626,7.511252801183778,9.066323091465788,10.227547679523555,8.171944874489618,8.824408646004283,8.254589556977539,6.981482930420649,8.065345994397255,8.33470563376209,6.946984422193237,6.782986949050688,7.106064728504812,7.408571669778684,7.185577145570001,8.065621191235698,7.627504021747872,8.075084681833998,8.327200944838504,8.952488655087057,8.000482392042754,8.604614989605336,8.167529429791822,8.069578606566923,6.404849337874307,9.367635326907136,7.119003752595419,7.615961326177509,8.293994033927317,8.343677332497045,8.35378688223813,6.6691264809599256,6.729177976491132,7.690282853787267,8.592239028869667,8.610099532579751,9.899908380168386,9.884083702781368,6.937048820277912,8.126510081167057,8.04706846418203,7.707680483221791,9.843577553131018,8.88853805961207,7.72369898365584,7.466291857859188,8.427555893068105,8.491358932297537,8.749498985856006,8.483682392671355,7.202195677064712,8.797395460760594,8.629325415394636,7.590037993440474,7.650157726431386,7.609580962864592,8.773372608754112,9.4646128988645,7.911809500512747,8.458563287914409,8.244573370547336,8.411472290662944,8.058144681767827,6.871142548577289,8.29963808649541,8.236312998325618,9.80625217594556,9.918234003840114,8.117124344551817,7.897233934580231,6.098893245883514,6.840000179486471,7.217073553504732,6.959378362390292,6.783238798783817,7.393239999828168,9.670996263329737,6.449249815878671,8.684329647537599,6.760326551560102,8.69318519466592,6.157484548577081,8.4483213937399,8.642213231819534,8.801620480789428,7.839677795348704,7.620197131879715,8.182037910097828,9.295203226045007,6.831618559441578,8.611513320431236,7.741433100045269,8.325351441633302,7.431524624368671,8.403475071731185,8.39467704312306,7.131729290176005,7.436042527881005,8.005918940793807,8.71036202274014,7.464533551929588,8.051933111117604,8.1452655664731,9.686651463019086,8.489924947521647,7.255096580718875,9.00031681016983,6.862272014080777,6.655054613971182,6.658060122445806,6.404030727797816,7.973859363051389,7.2425258494675795,7.884053101110744,7.590407267310214,8.315111528014702,6.748937862025108,7.502329507712013,6.892255569390797,7.1005869115878015,6.129364718683627,6.700764835510431,7.97627393781143,8.110030062677952,7.499353738779855,6.414567829983,6.624040522461347,6.404213823793506,6.909033336682659,5.85057473571712,5.971282391315877,7.166987130061524,7.572232581185545,6.713882445842451,6.958876357482964,7.4190130041073,7.216116605455068,7.447266493490087,6.778797520638359,5.691514968599719,6.645519230220073,6.709857843460411,5.446331856578417,6.925274217040637,6.521195748380421,6.936569646168917,7.42369905107217,6.958611508735926,7.331345411862048,7.043092664671866,6.360987601019108,6.919800879422833,7.750616581791507,8.031043810306068,8.061745629104118,6.686401109918971,7.017050364816316,6.989375135106719,6.784317035951333,7.8430555764592,7.600104553976948,7.210486720836612,6.57639791581968,7.356379130557186,6.3081298115085405,7.41726367383849,7.081116010071236,6.154321640544379,7.5286367802149545,7.226471619217396,6.135375488196849,8.73114794595105,6.399214849533907,8.674598623298852,6.896578508541228,6.49068190277618,6.905170862082837,7.763741765844003,6.689721327992791,6.695643569176517,6.432938364205379,7.295777355891755,7.029775881629592,6.587347158384982,6.633822543992007,8.177142169591136,6.047840355468537,6.35760172084002,7.251981008724457,8.0422836595674,7.8211936560574005,6.727949362044043,6.565309399464738,7.035269285250808,6.910952154927059,7.1966542940412435,6.67950569320343,7.41348011212474,7.24277770102605,7.450976733044349,6.632556285209995,6.55664382956999,7.483341502992617,6.568755073252165,8.060801206832696,6.711308562398125,6.3547920720961875,5.677492321459429,7.367823704503031,6.67006545570405,6.272606272042632,6.114041288623358,6.554739249647694,7.571042457264112,8.960225212692663,7.140019351313362,7.2295970356190695,6.175629703086564,6.199244856012667,6.610728848099487,6.903429747857075,8.04767031400024,6.864431418094475,6.494649620331486,6.520100914435446,6.656181109853736,6.564417247180718,8.370301308287416,6.743953848005911,6.540324063609963,8.417023884497288,7.2281969032978255,7.514815079986931,6.010572313481272,8.322039639849795,7.226033154718701,7.56138100940404,6.62371784071842,7.262220996489846,7.021430605346266,6.370437103148813,7.5599983840577245,7.493630518450741,7.527362711148724,9.131519112853077,5.825563218918214,6.689530983833661,7.048036363109533,6.373159945783645,7.083684274237676,6.297800956680448,7.733923213265105,7.217274183059043,7.05254493948792,6.710835392395025,8.416574389609798,6.763517886646887,7.2808711624339795,6.972022325074062,7.061638125512449,7.929152495546057,6.4064143642464675,6.890979265573533,7.505429065093269,6.53792516052117,7.569779933655311,6.552038902889737,5.853477029494645,7.927726589504867,7.017340424999597,6.955111671973488,7.278098285429538,6.272265554269876,6.195268841474768,7.0707563134883955,6.700759602602605,6.988179927078732,7.633525212591812,6.8945918857306285,5.458113679492552,6.191634536356349,7.802993802960187,6.833400752190525,7.471730222008817,7.009828271691405,7.850293310030289,6.3776815786443155,7.547770283606465,6.516807980005549,6.318849497032912,7.15683868180616,7.466086221358657,6.932553985481815,6.729609659265842,7.042781003225568,7.478083843750558,6.5890304144994145,7.829148580087647,7.354763477252321,7.33042495061686,7.207143297054063,5.961195529936213,7.255736150013255,6.999862156891028,6.485939907080929,6.349404170341537,7.9303643052484265,7.568207804023775,7.235419114613137,7.1230610094519555,7.4955389682553495,6.165244399455842,7.141891925277341,6.68932475106362,7.254412393414936,7.2630662829006996,7.558336318330117,6.722726939318857,6.971865932893748,6.631510561185797,7.082050572902198,5.324102989933593,6.501906423052939,7.20639394327591,7.2508667727275276,8.59504510638662,7.225664372607186,6.063708398394908,8.924619161795851,7.7081817921823825,7.986631525820647,5.777154787658998,7.248270651109952,7.821615079640019,6.6462105275171215,7.775000160880798,7.659369821330221,8.174615085398532,7.192681423049112,8.029957556769197,7.405985537745266,7.020533924403047,8.01229854589185,7.096073894570112,7.240672132912185,6.865572949215252,7.6094106975994125,8.076019100532175,7.626620176200038,7.626430796688796,7.011963392724429,6.738168524059954,6.47079519180388,6.917582064620948,6.979669570670681,8.526885394626753,6.605822715758582,7.241922469708933,7.452162939849756,6.651392934660315,6.594420482454973,6.763828495776502,7.408677783547873,5.778867040080755,6.924081984021124,6.9977024062983695,7.005830742325626,7.55472309697859,6.889859038759272,5.8372610774557865,6.18025903848145,6.7847597340209385,7.357174058582068,7.239502635179416,6.421689316904909,7.638885589586063,6.683223827383515,7.231149223071068,7.755215447526762,7.410460799590527,7.624424885121511,6.738807523804872,7.02635460337666,7.013056014486759,7.200984395249395,6.770477274881446,6.393429548991884,6.071964881475056,7.292762012552095,7.0296926745431625,6.991815387689673,6.600866105955227,6.461487451279788,6.692456649151255,6.895391585958384,6.929943622335675,6.469900779170671,7.078226764929723,7.243487415233403,7.233013418411095,6.567193689970568,6.331351506474975,6.740463131719959,6.890291319490814,7.155950032067349,6.955454202701025,7.414985012965548,7.685516827982049,4.721691953431763,7.270321470501155,6.726258973974307,7.268677273177087,6.616409256305049,6.473319698534651,6.167501972531399,6.745966490391535,6.897014474236298,7.746333205994281,7.399420314719789,6.447345449231129,7.187800160579402,5.463185239528607,7.374089671019067,7.13160369055532,6.646746789786277,7.506641490960048,6.760738320374043,5.856919264558255,5.993132843510045,6.758963420184087,7.301478616468325,6.836937643571783,6.957021781616452,7.068200718613308,7.064748697568057,7.27923624450121,7.355154709222392,5.927276107508122,6.179332664920609,5.719014228167855,6.888314167033069,6.147210971413981,6.077730270487252,6.02468789521191,6.180815761344086,5.1034083630517735,7.8015713648770975,6.836250345819442,5.911008525901027,7.126291193132837,5.819783636492119,7.039412700493933,6.740935710169886,6.415211479711717,6.939394120068725,7.1212726021414685,6.897262485056152,6.482596400261955,6.725168778746305,6.8431012560396525,7.279102247242753,6.98643490468114,6.629560947802162,6.810370539626642,6.29729737588554,7.339855881948659,5.7935884236528015,6.73048126278556,6.723025757785878,6.8780085918510965,5.34630557587923,6.531794758148331,6.128912348959924,8.509135144655712,8.37212736923485,6.9158939766477285,7.58301726680198,6.013085961437611,6.366624092226169,7.1413794882832535,7.303028659861752,6.961095112146666,6.9268308850532625,7.555275824160446,6.8409727418093045,7.353228550466519,5.243165278192174,7.698497631798082,7.368117266323128,6.775440153504379,6.956533952350097,6.663590702577323,6.710611862666469,7.24269122988313,7.253324621120941,6.90931915255753,7.979833467222547,5.300561166947332,7.03104936032502,5.504375221988044,5.900888591892331,7.001174333562254,6.585066741634647,5.499848453944152,7.145172138506267,7.685423015882298,7.946218821534043,7.215205205667976,6.207523262858421,6.775293033623178,6.225390117974401,7.0974829597242,6.554112993532037,6.368925129229984,6.0023536711972305,7.920746838474966,5.213613177937861,6.308213710774681,6.678394872807389,6.067549547239107,7.014075072074729,6.95377210130697,7.4919337024599555,6.779788231977064,6.947487556817648,6.65249896749937,6.898701835355602,5.349121815234099,6.721964074199702,6.87206976717161,6.8738976415896476,7.15805808962627,6.534987493158808,6.592067683245382,8.28664315405752,6.852321127137586,5.581570829959685,6.044972370391913,6.9622979393279305,7.258196372007356,7.423610200150835,6.117753069255141,5.366254389911457,7.8990567026137395,8.000093539336154,6.54778920021188,6.618798134241954,7.275999525388742,6.007795963342204,6.878595129020308,5.445157763870855,7.033920061612258,7.009027809401623,7.316213599194662,6.0876199353230005,6.830331322304929,6.571752220259375,7.329751962462585,6.499827235903058,6.262905744448697,6.286963591182286,6.85390600335993,6.644391747638394,7.497950631391102,8.339578681708815,7.887496010271562,6.277753830767742,6.318293558720563,6.237403215508858,6.0293272128136355,7.8818737281521605,6.331182390793632,6.436268432171021,6.598553827061452,7.203072096858762,7.097524634832839,5.664877901607569,6.209860670378548,7.764076517539075,6.976069276735765,6.784356492346829,7.746727779931995,6.225119154044992,6.3100535759329155,7.199929005485374,7.864649243055704,6.128074572563073,6.195668884858769,7.752154270353908,7.704023725865285,6.122142833251492,7.632018519035769,6.3747161460423305,6.764218350838027,5.196082229395868,6.18146877796221,7.430015228344587,6.509752399235919,7.720429208335284,6.029054740968882,5.589776773726753,7.180664185581714,6.972675178901285,7.136196922688596,5.18712500846916,6.621991870438558,6.571517122532428,7.073275848200072,7.660533615565975,7.534380325640065,7.164376088615373,5.944638043644497,6.809483787846625,6.459492523687283,7.056412922878693,6.615773320782896,6.76862779031417,8.139949939216288,6.8583771714350785,6.019143166870676,6.771015845544245,6.836032402989315,7.033857723487044,7.028152445611133,6.774192425017217,7.046934683976803,7.040649470440422,6.644605015445331,7.795410128053192,6.592377864579294,7.500918293905216,8.0108014558959,5.443596032114472,6.937422535963797,7.401534570363465,7.820119679742331,7.7131256577998535,7.020887357933614,5.84177990917387,6.1785307308345185,5.919440253290846,7.116680493741961,8.033280739276682,5.917730521590272,5.867277543922096,6.719908848388621,6.749807208703079,7.035545789788097,6.929371396518477,6.82211085993732,6.968646608273999,6.984244375470379,6.220317115906594,7.666939933241161,7.444990869981023,6.930900070066426,6.116814674278376,7.873906405397685,7.003400851154043,5.579619135105638,7.3235432444435,7.711116008447465,6.8267278917118555,6.2483101450325975,6.226901310468675,6.48901949250733,7.884158166734235,6.711634115992015,7.450946728428755,7.0932484367976,6.962780455184966,6.4649377272089925,6.248738671501618,6.972480631895772,5.785468172181989,6.896759809483789,7.029386398667043,6.196915137067138,6.492130106671901,7.697828887635775,7.530767180022535,6.2953157443518375,6.104331474391521,6.495850101181872,6.293970292005052,6.521985277441758,5.005413613901207,7.61016408853591,8.200501567115387,5.818464974283016,6.554171352378777,7.394396335192062,7.065942964800805,8.39135632237278,7.284775336160469,7.105633764455319,6.951294941299985,8.084518594680072,6.722099054114959,7.74807379193024,7.258993502314038,7.03930278150642,8.273093486558436,6.898410700551906,6.430221060759265,6.86124247778116,6.528600516167426
4,7.220950882263852,8.574090763601271,7.297132761527537,7.651768277363898,8.07314604064326,7.54750644201979,6.940989351659826,7.9381124818409585,7.548422821218524,7.548268445204359,7.99857724603873,7.416298852921198,6.932006533015624,6.966714044547558,7.1502415498991025,7.398622364327871,6.938950175315122,7.316556230894443,7.665462635825876,8.524111411449514,8.364670012437854,7.723256264394438,7.359346700027091,7.446157551359095,7.765406291041133,8.82389131839311,7.415774395323567,8.557439198681735,8.815401711699797,7.577323118582296,7.275750409684142,7.4947460997760516,8.465244114758109,7.326165391298419,7.050984620757565,7.748313581213407,7.842269035952793,7.873340640796362,7.855416351690095,8.87781045936364,8.33335715965953,7.161982748332282,8.117816653744589,8.000317035434815,8.626307707560882,7.728932991189945,7.298966694785322,7.7719808193496505,7.449869412763642,8.029258267012139,7.877534927567698,7.787973147577627,8.267660849336016,6.994748763998592,7.816169252727245,7.15052165161969,7.231751217051054,8.005262744131102,7.103295777095635,7.91574037583754,8.217997103643604,7.5340188093991936,7.842424081335543,6.827439553313328,7.570694499406721,7.017108677687278,7.3789760898182575,7.918723167138676,8.42085731038673,8.46535284264709,7.791480155790361,7.612265710511695,8.017421218504241,8.536309900640159,7.114998401786551,7.276823935990327,8.009728936522551,7.355726992766728,9.221921797828479,6.81644951139479,7.274542526583055,7.4479830100886515,8.417985953144626,6.814914241336483,8.483151130500838,8.457059641816072,7.111262451747915,7.938770064150246,7.029331023980832,7.468600186756448,7.588268573819524,8.581824919515883,7.014973552203058,8.412057479417653,8.11295672181112,8.527911254085383,7.186308000008679,7.851508260827968,8.349597285036722,7.716757519778971,8.075381903134979,7.137038681956142,7.813565006322492,9.66931174978553,8.323124740071414,6.87630563149872,7.855550147437535,7.297770457780409,7.55178343867769,7.623546745280489,7.828961985661076,8.408497583774704,7.4779353324096975,8.609365446809303,7.454467945188663,7.642658595158365,7.340579817844217,8.197605045920342,10.363793543540345,7.539678863294915,7.421002653979457,8.695878153800882,8.407615239983805,8.324338001511373,10.517386868602786,8.205651616242916,7.415523184933758,7.375009862231657,7.044843517134654,8.176809795319883,8.081587550249814,7.273615028285987,8.443146090413613,7.394994121833875,7.653055178405163,7.289940962894778,8.839584076623229,7.387984069384451,8.732629295154393,7.534883305339882,7.516852967245776,8.424924826286942,8.134835880859047,7.975590465726609,8.514431281571666,7.921830370503478,7.190517553179354,7.213557095023361,8.62785386733977,8.00006350830342,7.326506675719246,7.499071949609079,7.615791622315645,8.02831472509481,6.845420450094213,7.496101522321404,8.418447834092918,7.719796746125926,8.009922019135493,7.005981763770316,8.60263065812206,8.105349993424284,7.780649180761322,8.133161610143405,8.438146724181678,8.501719786148378,7.458443638863092,7.569663596956045,7.115350276082101,8.079256069775587,7.562819810102615,7.113367537752934,8.19251757475195,8.874123596111161,7.604134737314064,8.21623918991039,7.657350533671554,7.786736162488747,9.015302995935006,7.062806068829622,7.547673857670819,6.853000886601681,7.136300367858858,8.014605277960298,7.949707800783267,6.996058557557225,7.699000329118129,7.599084901012283,7.586336741383709,7.803682071064677,7.985466406758248,7.770189265144424,7.345043300153945,8.05273802899586,8.226469528965492,7.42051876155122,7.636666883651147,6.991496951112735,7.976675005555267,7.840758079890824,7.096192966093877,7.6192819054405865,8.466193549089814,7.279220894487779,7.839655504181157,8.525215153542925,7.165405790503549,7.814452813776898,8.243297937633471,7.6256965291589545,8.009655189513234,7.580802919965888,9.232484739119451,8.09632845034384,7.607610329597283,8.2570142817035,7.54799957187555,7.539155470194787,7.391571332119884,8.865128888021797,8.611382661560851,8.598617827709713,7.0230173677006,8.198048768242879,7.869823811826646,8.52767830100117,10.055298239576683,8.178447301803374,7.1368260002962405,8.533514519924568,8.89184671666542,8.418478355988576,7.2338256878622555,7.494716163657971,8.848400293016923,7.556844513156425,8.090364907015168,8.21115632979017,8.205073768152586,7.643845656916396,7.7139573065648035,7.564706883301055,7.285922297479884,8.620572802642288,9.958636056279888,8.22133266725891,7.835709991212538,8.089587418506705,7.731425718250776,8.638366949349475,7.100071118158569,7.5790626162296855,7.921822448527684,7.986467391986757,7.706160864569374,7.711633487116629,8.430276410552445,7.19298338147248,7.920744751720532,7.3256480624829114,7.88409932460718,7.127703070691604,7.071097519297811,7.256797324468303,7.7106087387307,7.8798862290420635,8.560854508269175,7.830631565712045,7.207952829976894,8.44303874655742,8.022450472044524,7.97586294314198,8.43372404062401,7.0194376827037805,8.609628035982833,7.71173988052626,9.907346233459407,8.024779415088627,8.878148981032977,8.07140449518858,7.3792360144646105,7.2657720682190865,7.847333743277112,7.788156036523082,8.465588893987201,6.970132008474354,7.984946375136127,7.574859364155347,7.208247093852973,8.621406644639048,7.175860205202731,7.896973129146714,8.2068283826978,8.447506138181572,7.74136120347992,8.56075523619272,8.059707030721478,7.813167351555708,8.0530743662777,8.072291858571257,7.930816027884438,6.768693174805366,7.499652953464467,7.987767142715594,8.152147282972305,8.118036995980509,7.864951345460951,8.171230679525173,7.140988191782922,7.425562963550287,8.697156141684179,9.211257622070308,9.53204279519576,9.448427422420776,8.063398737468235,7.178040475308332,7.648236661020199,9.157443126687708,7.824072663595265,7.6996919233222565,7.965424344322662,7.025051174267709,7.648049394942762,6.753257683313004,9.780026457564853,6.787463119632327,7.667876998468583,7.626942208937179,8.249824221925447,8.220648283502276,6.751174699844675,7.875655701707827,8.043397983309221,8.272861868187567,6.9031889766551995,8.181491637478189,7.963715010152915,8.400550869888349,7.86611179472026,8.2557013766363,6.773741719825683,8.047067837492214,9.391535068564874,7.025535546734236,7.007584728583435,7.766533534903738,7.816279551016071,7.7855638650532955,7.465068902754168,6.952078803927114,7.846482090597441,7.0495679293955655,9.463300144483673,7.7236626000475574,8.0368562872878,7.635701775761554,7.512964562871437,9.334136451029257,9.959264059883363,7.864658056191679,6.98228771199318,8.014992116073088,8.956767783740492,6.623631326922095,8.6005530581295,7.678409540786191,8.21938910008514,7.958606838322458,9.64832046811655,7.242771119753235,8.261578691260825,7.866197945312713,9.553384712536824,7.40168745605298,7.647589676172951,8.61805074068531,7.924679681320943,6.701025541612861,7.947858071785713,8.260502200985158,7.6584555611789895,8.833262177317035,7.390220413460036,7.094831929222514,8.560411474824841,7.353125561202005,8.28402655089417,7.955914386272831,6.633160866203092,8.245227373259592,6.907124449265347,8.258686252359986,7.379589104955269,6.69698166583376,8.113924613161263,7.587716440958547,9.543995352256431,9.662637337824574,7.323993598290085,7.3726864816249025,8.140695423436863,7.210866509536581,7.6704231714088085,8.948835521063584,7.469968490278695,7.743790579699995,9.44575377302015,7.44442754344294,8.186940082718216,7.846298457037078,7.636247657227773,9.322530221073563,9.606019016937998,7.293213854987582,7.952309278291755,7.044981970711879,9.281735486388001,6.569652303414173,8.056938243682449,9.245081753323614,6.943523389676392,6.575028370235954,7.669829040869403,7.486245513436359,7.816779606038916,7.05318045613969,6.378658057028784,7.6956743810068176,6.9650218965328,7.418631671463301,9.867560048301947,7.208784009947897,8.812441016912583,9.989242109546723,8.742030999246214,9.445586874533815,7.775896984558253,7.833931359131405,8.715170720736493,8.25551384751021,8.085778403221767,7.2069381424262176,7.828721254496199,9.555195707771322,7.695527337902488,8.633975474583112,7.395711997904036,7.196740903710615,7.84640816073949,6.74183126430531,8.780007501274278,7.331091614163143,8.015938339269445,7.942880591590017,7.685208207333998,7.759506918488025,9.224100371427747,8.644885429245456,9.835446296921425,7.392883938255614,7.698619235307616,8.029167099352234,8.383484272696734,8.321958906384655,8.232103781744625,7.143605265689963,7.2387127433335205,7.715542396160551,7.463767855128623,8.979238875197785,6.556132307786162,7.635416170136495,7.9036989037721455,6.995408186957037,7.401412684333015,6.9760866165865245,7.786993209925663,8.293855987750598,9.632080614285888,6.958082324248827,7.5756833081804755,7.680396950737082,7.601744564014481,6.937306323263614,6.779850760728488,6.711348728504455,7.919890140425282,8.157551536745698,8.270588286821617,8.289065992603714,9.304894624926156,9.769674418825888,7.707138362438371,7.088448088146815,7.153109707146086,9.649799741043944,8.41282462157527,7.9576441938636036,8.89547490789585,7.053792080822844,7.792847818146131,7.2122401021851585,7.481810510477648,6.638968649644381,7.150661933180775,7.712076786988806,7.564355954744958,6.961757962367412,6.648654277592103,8.006713337948948,9.953775932273023,7.848147398882351,6.7218405415215,7.469685639245596,9.249090157868602,7.693848354862614,8.98035648784703,6.510840795948543,8.179279110714356,7.462539647416954,7.927707962909973,9.616765007154028,8.286782540100052,6.795515213816926,6.770931037796371,7.750873480307983,7.904868483069101,8.235490999119978,6.639465877842523,7.544363174383628,6.7767685693193345,9.180706840725819,7.051939553473458,7.55686005513352,8.579239259149409,6.926123678584381,7.529206082055857,7.290101002563806,7.461732083706081,8.04223201477755,6.398690840834429,9.122585413397626,10.04780687161286,9.332157695806883,6.9333615203398224,7.263142594865949,6.744510519368264,6.750892176578695,7.907314409830902,7.59330609326937,8.356644992373576,8.782695146637135,7.539689963367092,7.644561367795493,7.9188660741070915,6.659388164629015,9.452814508033024,6.825987407302833,7.162756690342477,8.183414490770417,8.07662872132775,8.005852562843998,8.699622955067255,7.858407324257567,6.228255896731572,7.5522176667991125,6.939194263114206,7.089227619299949,7.867642594410901,7.194389881234761,8.714916725748353,7.957608807144409,8.573423144649514,7.662504556542723,8.15117978722223,8.517966367780376,8.117187509140509,6.8148268024524885,7.753177534856963,8.77595440388477,6.901194230447463,7.865072003951046,6.315133492386909,7.037739190457006,8.136589321617617,7.277831070400348,7.9187433747288685,8.393846262074149,7.528870358408884,8.272568016120376,7.184507909814836,8.202702280959999,6.418692513523571,7.538805219844472,7.520287325940782,8.130350545570975,7.982703867637358,7.019011943540293,7.194760545311738,7.586211166394921,18.08398532168989,21.764215672413204,15.063433662114452,7.316645552831033,19.857228109690443,18.070341016159563,10.6766744520703,18.045280442907274,18.554732827749763,13.515571862922602,18.054177222222908,9.472119964233865,8.050539007141946,10.353654481680374,21.962420154229722,23.718479859651715,10.112688956296614,7.52724172738331,12.864619331370024,20.604869815997603,20.171079915596152,21.38691595064729,16.902766804104967,17.86822670571132,13.904250653451742,20.692060876970178,20.52230363825463,19.323018877534267,7.739638030331367,18.750371488700296,15.64976677004833,19.436473260656747,19.500433653207594,20.110856764030128,15.596126510537637,21.06442350465143,20.83149545235399,8.217866418449335,8.860246614918953,11.821692208549235,19.77329171120915,12.975775882108788,23.02377549071297,7.163151733326697,19.795851336270264,24.15385600784243,7.310026380729752,13.506228461636194,20.966429577876973,18.192662530222993,9.846061833427937,10.050745944249703,15.507379432025191,17.986107441165725,20.313864614984595,10.749710822145536,16.378036525500022,21.200632947626694,14.887531691624526,21.241093956893252,18.820866455766332,9.666705859220816,7.493312390861545,10.174220078975832,21.405492533729205,25.03719486954055,16.23062994928286,8.085214205009278,7.790686229364257,12.954369652219988,13.393053688758839,8.72845979252446,17.40420637865422,15.839246487007916,18.376478699680995,13.606961604297988,20.883176542266323,18.461611323669622,10.275223699185982,18.462639345591594,19.411055524752722,20.837302594348976,18.65258637864681,20.51765533918401,19.13924438601076,23.063306406838095,11.06691911931688,20.922073258871357,13.918299625670716,19.736689782952674,14.723357632416453,18.77317727116004,9.93794864068611,18.43624713036157,19.427756220280415,22.215311750932475,20.1830345953771,16.878902067063244,18.565939278320766,18.72290926738099,18.826428979865554,18.03420241277947,18.522548535405758,21.54568316397737,11.089314470942004,8.346469611275909,15.871263472681036,18.128631675531693,12.35478016471818,17.91991334705363,13.71081908238295,17.792675030927796,8.487522682714602,10.879030843063793,19.379115170491655,18.581337249958242,24.853815155277157,20.869603389213456,20.954517085663305,21.053521320103766,13.32559097995276,21.974627224232535,14.703582910754115,18.113624310767452,21.268934020177955,20.715048711505375,10.905458932072461,8.705238186146996,17.777852954848402,18.755162225001165,19.882976833960182,21.61427915926626,20.528660913674546,18.459885020048635,18.65956423734368,21.072166179614094,18.64933985409723,10.168937492417804,17.82898544578033,21.023249180545644,16.798551809809997,20.515568706058293,11.837169627693225,18.75015425178628,17.663191697462327,20.9766070367378,16.447435820448863,23.196804482646773,20.63744271885552,12.856621729778183,17.775256459114015,17.709889031185682,19.376917088046664,7.852532566717114,21.319840992827057,15.54568378489412,14.252220697371532,22.727332480807128,7.166772302363288,20.694113249461658,9.76995461583726,18.413348409848126,15.97116722650534,13.688046515272227,20.65533013527059,16.749364467044572,8.080960818992128,21.0397055829771,10.806537430686229,20.459747370260374,20.846615051157436,18.593680448309467,7.384056142708993,15.577814073485976,24.080609470853137,21.029226937777832,19.307958952308205,16.68217222647662,19.064356467986503,18.82415693708941,11.257820065111915,16.553625445827695,17.8670477420417,8.573235114160468,24.809943033058087,24.194047832655336,17.018329657055112,16.54764972376869,20.752251785924493,22.60329432859576,9.49976729526389,9.581245634484647,20.783275283517867,9.289084790180151,20.22770584322559,18.060503028104407,7.136178984324146,12.354631178764489,19.51756175127864,12.228275113746244,17.30312943980091,18.330176595919543,19.397927101149484,18.486001591188543,20.69432018620405,20.669875741775837,21.803784731940485,21.31108773744756,17.241627853422084,20.118236265651355,17.843164082050123,11.587125471539505,21.60639887305864,18.011419843124877,7.03612885307952,11.490314630718865,20.701155608710547,18.190177174176707,20.70420802235948,20.29298773985423,8.887162171301874,19.732141313879083,20.665750861128913,8.225074037816682,7.826870881853715,20.55054591725478,19.455853727902845,20.55543995006086,18.425444556859752,23.275862740040424,19.20915780398444,14.931263227326443,12.13088746398079,10.795653095109492,20.428559659932,19.903079509285195,10.222204208573581,18.854427139962485,7.577221684025779,18.711024382759415,9.292526613445709,9.301556411558808,18.893723813884396,18.453624444198624,19.09862443900952,20.84054913978527,13.142059917351707,7.819769606980594,18.389304781800703,9.381210872487292,22.89081810093769,14.681552385260547,20.591875888629804,21.526943787804218,19.16876127312987,20.644311570941927,17.871498941804408,7.90573202922986,19.685200908466886,11.75312801308117,17.458453314448615,9.50190004901866,15.42361301435888,7.558361285684202,11.007806706359865,21.40461534153239,20.94162474097936,21.40168056873286,13.136518315638908,20.259559381769098,21.681524927625002,19.01078839901624,10.57438289692876,15.512610167491756,9.5023560232932,12.235259427464715,21.18627211566262,19.365921964610028,18.481465018208443,20.216031057171868,20.132316170150233,18.548807069870016,25.21611861461569,14.026114393115634,7.5854567382540035,16.67610301852732,11.16610905017651,19.03928448490561,17.134335646424063,21.11539738940289,10.997649179779904,12.112702037788537,18.93131818553647,7.103869244773711,16.466860148469447,14.752799334867873,12.39268684251618,20.766816938295648,7.167919707534421,9.538562519775008,10.840614274798094,13.247794471914203,9.092233937356738,7.121764409916374,7.44855145791048,9.22800273949209,9.774558796872881,8.066741667163038,8.868868812198412,9.186565821747733,8.787588155935,11.884216520331908,7.804888520874966,9.016374377000094,11.071577959878315,8.051652103352462,8.018299766202732,7.110262793095521,8.223726716037302,7.5862718877667294,8.22884620979335,9.60790047782089,7.16146744318113,8.163082578728636,11.049750307527168,10.989175562722098,12.994400234123432,8.215835977964929,7.538493412129928,7.6186782862477385,10.53020810708184,10.415746134186897,10.771643359306397,10.855674774879002,8.279877851609271,11.160757803884886,9.147458711787085,8.402272426310594,8.037187932730593,13.08029306631302,12.304559849384658,7.978634048077138,9.65086718149154,7.401864633704323,8.054015435759698,10.057757777603124,7.069102829199258,11.5089201021172,7.813825959858268,11.887141467708032,9.253444816579325,11.285700485820298,10.079324553668316,6.755578314278376,10.791178709384806,9.082151847256647,7.923401693512057,7.858694891541897,8.648744904049003,8.42128740645391,7.562401617485592,8.256215962210053,12.301925781825117,9.831089980338259,10.018958010838938,8.274147407390593,8.955937192583175,10.464458799472117,9.387567111183007,11.73610785247778,10.038560755057064,11.137612103725386,8.298824258778728,9.316925419441352,10.170695223660221,11.726714507218386,9.958866675431914,10.905443449767601,10.852868511437782,7.701822130179594,8.792895232776802,9.459744065599759,10.271037772333212,8.569914147330529,11.247774463722568,9.582982520156479,10.833749806044938,8.914821191175163,7.602141731294651,10.445918496840598,10.887108128640234,8.657807448259147,11.590151857690987,9.855952423815896,11.775432774391506,9.064392036936518,7.3114370271565505,8.727439344947927,9.378267278210185,9.895809795235552,12.551728676938687,8.519663020188808,8.329053859963462,9.427310556808518,11.498611249505553,7.556457592836994,7.252708825120689,8.448285874977342,11.56705301700423,8.938332721679728,8.896532777725875,9.061420569150625,9.016734156618151,10.2253590986747,7.543327958321929,11.24247990646473,10.537627726871492,10.314093830498681,8.396747021261955,8.395302177870592,7.371837150085073,12.071959701243742,7.956707691606809,7.440229679887661,12.519985532877257,12.220885596567294,9.612420962484608,8.75827584820767,8.005272962506139,8.156476927905953,7.413272816386231,9.818721598177511,7.235088868483912,7.866577113534417,7.1247731447102405,12.27391550629137,9.29688508522602,10.137118177408182,12.054313666630497,9.560547126114612,7.262535637381039,8.772946757894731,9.065197697586042,7.596891421790557,12.474677170933512,7.607654724171942,8.71365196888948,7.758730045956804,8.986036355962423,7.850407324091686,7.440368032349758,8.571337720840342,11.180211106255285,11.809240850710031,7.677738785848874,9.15703810899898,11.327163195415636,11.785038404539062,8.238952202493895,7.554669031468969,11.382850027488326,8.615253340482916,13.517513275508103,12.148145595174949,9.678417921959879,7.874747588853175,7.442102283718526,9.648990583140295,7.5178971663920535,10.650256342506884,6.9926610212968585,8.414941499791272,6.767087082777149,10.469706546260849,7.821590047906648,8.648399235491286,7.991052890046409,11.830070462962853,9.878230275340734,12.158086866204275,7.693343542101633,8.35353914481715,10.594002288339263,7.084302041493941,7.5525802390591465,9.56338364763146,8.531538028733863,10.336379048620381,9.23069846993393,8.803628990919265,12.953543636330696,12.231817974542288,7.17551034247037,7.976490617330169,8.197817074428205,9.843623106821221,10.667117572489481,7.828610148270391,12.63322227668293,8.299732928416228,10.042524095494088,8.221320778094405,9.37161552567893,8.27627148113483,12.459099226982408,11.123517407838827,9.533382055517663,10.77205629592941,10.415924371012501,10.443474741966423,8.301683794982862,7.361549294623765,12.449417676929835,8.375090619940835,8.891672813508265,9.244792970232279,10.026290591756263,9.029184631018648,8.74073924445585,8.612758975297591,9.356892699546401,10.437511743640082,8.903104263101607,8.263314655568006,8.143675481828062,11.130680895481527,8.021236029131144,10.30930200095917,10.677207014716275,9.416156215437002,10.243293791489133,7.556608651023697,10.984271739537323,7.84385762075267,11.95177053192982,13.824116685326798,11.34289858567285,13.383574009775378,10.148076844111948,6.773964310645206,7.491946072339687,7.599768113051303,7.519192546034219,8.971760067819993,8.895705187028137,10.619208181634514,8.537274035910084,11.149010924957992,9.84161167584815,7.712967794377199,7.959733303489017,7.936703680952335,8.178283624526673,7.716725341687932,8.706034735346835,10.786318808166412,9.044748354404224,10.84069154477698,9.871921667152344,8.281984718238686,9.773993121578089,8.364184885474819,9.887842755499507,11.688707637820764,11.482587172001482,10.601542297868432,10.68214364030864,8.253374294148433,8.450911619900312,8.238438634899447,9.844363299599244,7.304925817169335,7.423747841072509,10.56980648262338,12.223682858698586,11.651085303357476,9.572440159383063,8.914590613869988,7.440638217348894,8.768342556092563,10.96985347984811,8.608072562868557,10.195453646630286,9.01315087258387,7.632647346474121,8.632624664257051,10.745023701550327,9.06837648655597,7.856156171416155,7.359534826355788,11.04073864521979,8.761348142900303,9.498494442062137,9.949520174454413,7.91077978106143,12.79872598787763,11.419162686704517,8.54133270037286,9.911148585719673,8.1848037933506,27.393209542545947,23.777575112020084,28.214751883905386,23.777908682523815,9.576259803071473,14.590818804455209,13.098921227625668,19.02890818149989,18.370014851540617,29.61422632110056,29.041776763694493,24.164584851334357,27.25185669576114,24.23563033037243,21.66610313587756,25.80926976294331,22.276760265945907,9.91738256170704,10.031086524601966,23.539866829735246,8.47876715277678,22.917152504713336,12.440562623052282,28.35213489723289,21.855012889697655,27.111846453771566,25.746461292973535,27.543184211771198,28.339441229361814,26.818973499224814,24.071315026824937,26.574481274045283,24.875727747238734,16.380427708170277,11.907025297480237,15.353090391053097,20.75605780439509,9.487310026635468,12.65160507762552,28.171295923866957,18.042226364435646,20.790210828375756,29.765232469036192,13.292942189184819,20.551195890905852,7.384500187086443,24.216146336399042,10.525556870735093,18.964212250689336,28.039495889812834,10.32921313676656,25.89579031884499,20.513416137981107,8.344966110929592,11.13565884539742,7.943153409444634,18.485888928838683,17.21519259537056,7.847155239742268,21.39679007754319,30.273632525490168,12.612977041264006,13.779663962682136,17.54992944154116,19.022030225364553,22.43349628614256,23.66539585033747,26.134085373262565,26.806777253644338,17.97315776887669,12.207321265765325,18.59361356154487,25.294550568470772,27.723800944099224,9.741124619239427,16.98572254829904,12.70465863947104,28.40452296237864,20.76448739649114,10.786004687040798,23.490673995670484,21.15572530900784,24.672775562927182,23.506154429640194,22.4303855411309,24.872187623332096,27.103850164483106,22.849120520200575,19.784625120294944,13.684645567653753,15.96657226773459,22.21254596127051,28.328391268874203,25.345598356558586,10.092413246537394,18.943931966636956,26.319335196021676,19.156593818624888,16.358901854074183,24.64290600986059,16.888088215523425,10.435104004087119,22.32920810545055,17.572690402473306,23.83370560252401,24.169710521678915,21.03614713254816,20.98544066007388,26.059355215751143,20.756211402283935,27.047804030498646,7.737457388818984,22.636606622238673,28.062780521084033,25.038286773441204,25.21326755332553,20.825767889308633,26.364967906746337,22.56589384722219,8.262544246653993,26.804749411788347,11.36283149255697,7.545001760791977,17.83924281274146,23.46916956637259,12.644852423521616,21.337033649846262,27.980238822447898,22.006040875725063,20.84322566783024,25.351652842769912,17.439946186263178,28.131588918613954,12.016585008735072,11.268591358928122,12.255583103765835,21.149318631286917,26.432798579733888,22.756688533747834,19.394448169365386,10.009203346412184,27.15853893930139,24.361558493210925,24.826985898113307,13.72374562099947,21.655042280454072,28.524765141960188,21.032335552582094,23.25414781269162,26.426574451238842,21.784353703536556,17.032938820910037,12.701879435028262,11.905434265424466,28.24633684541305,13.124396299245946,16.172402518445896,12.897042758834557,10.620879326367598,22.174506155887645,8.185282227644898,24.629699855224054,25.5981669029331,25.6853540955243,8.626006414428781,9.510164711709585,23.398250889478774,7.526338321750387,15.045724609380738,17.148039657785734,13.694328964337023,11.410532758286802,22.50551743016136,18.36169355238566,13.822001746893536,24.193778215224935,16.9995690185034,27.823076503496228,13.97584627657076,23.423878137739894,7.764077081681249,20.577667988679323,24.261852333697753,21.15123465196616,27.95135109796089,18.34589514879494,12.912487746733964,23.836358788915753,24.648987133649378,24.827771233827235,13.288150416653949,23.05023798856831,28.5266668026169,23.786086060019645,17.705909873970754,9.785572989932483,23.50910308926568,14.536710509691579,25.34653121010135,16.093716249308695,23.851104221887027,25.768277516597124,8.79385270191577,24.194062102223583,20.70985969534096,23.391447354786592,27.845184620429848,23.818712251846815,22.608836545517658,17.292662129282544,25.424735197396743,27.68323975009046,9.20620852151749,28.018935296913593,14.120099863147088,24.146363058329232,26.38241919446537,22.333030038230675,21.12047728921911,24.132843482564176,7.012608304482261,27.734034017918653,25.26726215376527,18.049579221678922,24.975305134096324,25.392845505076927,29.743235163844766,18.69200609184828,9.229220848924651,20.188521875308183,29.539562622239387,26.625705070011374,7.776297504462187,26.02959881227612,26.504123723172704,30.942577091572815,7.976917064382303,12.410160412389912,21.960860426088527,7.8335093103428255,22.654307273663434,27.75768273850495,25.640634922933913,26.581457325552837,11.107655278787911,14.952908516196418,24.0912321222687,21.7847720278639,25.161269282685772,25.28876370192198,26.5975870029895,18.48449161068423,12.357664316753635,7.99996503156792,20.84109650508656,16.73222374497516,16.733978933013713,8.57491128394319,27.45038771422306,30.62061018972818,30.02342251333756,9.416255305895946,11.1933518596164,27.645953071443024,23.500104969773098,14.508432706149318,25.77475478020743,24.656804656101,23.69016200281335,18.88161343055549,27.31428091634411,9.702102469353632,20.637656280038723,13.543228117384905,26.400238927938204,25.925946112288667,22.47665113259329,22.995919241854196,20.14610505693504,26.63253237535097,14.735467696268312,25.407809850042273,29.458747702227065,25.87370006516931,26.060165509152554,26.900265591511406,21.04830153241518,21.368015382490753,15.772819124438996,24.620075304372094,27.853910050890896,8.228933755151381,11.417298186705139,11.00175281524144,13.373290534232213,22.110483277525276,24.238516391984884,25.0091261007816,14.864872406866832,24.427952025976882,26.79988170115647,15.647120366138953,17.234628454981884,13.852910611621986,30.350627926741087,14.28208644971895,23.123500768286387,29.026133003033735,29.442876190737262,24.35209406021021,19.759875002753212,13.064097081505626,16.76279686648468,27.557732969019554,14.033206391867044,28.35507486199724,22.80806365228381,22.123399284517053,25.8753220783259,15.482788658240965,29.09613351987386,13.8514834812667,23.72145830963561,29.182207735079544,30.909760296611076,23.088503066456497,15.999603293808235,26.103647673758996,26.633900374990233,24.91118054203986,14.116526537233943,13.339901689623497,22.610379084420885,16.817435930529445,24.107419244138743,22.04296137912845,15.676223155416428,29.99867163503667,14.702861807633747,32.81667623585747,24.986924791172598,18.13832697946681,16.293674304989445,30.08683337083442,21.577201765026324,23.305581694297132,29.647540121899016,25.695514013221892,26.626223250185053,22.40659810174105,15.588109007576888,14.001695852513727,17.345181217950582,19.385355549179252,24.13490735917295,15.384102369814851,22.875316357516333,22.822426279721043,18.36744149954637,12.69505571176497,27.095852928332064,24.41310688187433,14.523523946882975,27.192946455894425,27.65701712469744,29.103962936538906,22.95006878112316,15.844676234400533,28.482805853257453,29.03138660278716,28.87989711707321,27.693819595234782,28.380959390729174,26.341835125152755,13.90840230827421,22.45118645020932,18.87493801511266,17.47881353051324,21.714050392339164,24.141173366352554,29.57438200378582,22.911111271133837,19.586104128270833,23.56449089778929,15.631955155969587,22.666444033254997,19.12614533239907,29.31651374606012,27.272351035275854,30.608708781706707,22.96857766992982,14.209694072795426,25.34222606666103,18.84897152782252,22.53843085376196,14.155269659933655,27.582190732160818,19.3911828463242,23.490806064978678,26.157555120994253,19.743446934683092,25.599361416407863,15.65242569480115,22.018965211814795,26.548869155738625,22.96913708230309,31.43074169967944,25.051197906528138,14.016547509132037,19.824690923442052,27.17280950843105,22.225544642724383,28.34063302062497,12.91206471594797,29.2443625122649,26.940656816180482,16.953916547439558,20.48553801198867,27.52697405617035,28.694846171705134,24.02649168808052,29.916337423104675,26.584488904887195,29.56740610852858,28.495232893507193,25.075386324397996,24.261766210652144,21.66580668439353,13.902602851217114,28.70011906169123,23.91113297034101,25.479667495757283,14.412963294350883,14.020107151641882,24.737153600668602,27.674686918267557,13.661339550879617,26.922367483459613,27.43952453776773,16.372337584520828,22.41535702186112,29.644376212408073,21.491758887297888,28.739045265262217,20.241244036417893,26.72444492039401,28.114134167878884,14.24604522695142,22.836245982346547,14.804832502065302,20.737315939485043,25.99553154154421,25.349155527339096,18.59889115421434,25.59701664432076,27.08880735782624,19.685451860841056,17.499501971668074,20.822162300465823,28.552864152372205,27.48533075041234,28.34931427777184,27.638040223854038,17.407464046488027,24.73297641503467,30.812461541338827,25.242165329502345,14.523339394775292,16.792235411199055,26.116440480465094,31.44045858669344,13.796758178786662,22.04563124719209,25.307365023082777,18.156344053498465,15.145139831811054,25.400317971132445,13.647649023717376,23.5914302425066,28.542933605194794,25.035711346562106,24.291716598857526,25.73987000990812,17.82476943159447,13.78124040825388,28.666627295402648,28.03792509129922,28.665756234776506,26.705445173088506,18.905418222682474,16.774206433650285,24.227002466352328,23.710344777312258,29.25216394702109,25.69131184127343,13.908854043311957,24.534913960412467,14.581169833116334,27.3722460154996,19.110879523211054,25.11078645096079,21.07991479506144,23.270533562963212,13.528777595049243,30.732037604560816,13.956577470656441,17.652416564567663,26.94033295713099,28.086265248866376,28.740231544771817,30.32252990604453,25.56788281827318,14.03247181139461,15.784192069399207,28.512045918519267,29.856230254396262,14.576327033184821,24.512273178249433,27.05910270498015,24.146823793070016,23.498619770364193,19.542171173474255,25.573173777193908,25.82773589575862,24.68544725346969,25.539083107335326,22.37288217211445,26.022255083456255,28.94520320393265,24.644834891714396,29.018963070158673,13.793964784383,29.662311174210956,17.584580327821413,24.856256596833298,30.346228481548014,24.585653774629716,21.56982746187142,27.140913635632483,25.145449849045143,23.384386750837848,31.65622957646584,28.95828542808676,24.264560231225175,27.14403204270999,18.60735685877253,14.928065491800698,26.4805590843217,27.282705920177396,14.094998608417521,22.088866584578348,28.779204339548407,14.19901354632544,23.90819512429519,15.565295686799876,27.108948422027805,30.781712951716884,19.489950737765827,30.474792510780823,24.467659820800964,26.821877985788287,28.740197818025546,25.92425364515801,21.28180358330079,12.67651141851469,17.297989120786113,27.861145575772383,22.82477215814126,31.44231368173662,13.793494362040462,23.77189426788272,25.744402325587036,26.239498494868144,16.058964005856602,28.014423235285218,24.091253301122133,15.400128855389152,21.452886370807487,14.693883434131486,20.58508614239783,23.829671666586517,22.66154374287446,28.68732181697517,26.613919171837285,17.007677023118106,25.965291210514362,22.880819936987823,18.635007505750234,22.042939023383283,17.40307068529996,28.311525280463435,28.70462782086134,30.550519314440404,23.77585490114048,23.789703056302457,28.625392186263788,24.556613870294413,13.719336953250195,14.723534043680944,25.762972212888723,23.466150884200182,26.504865498330663,20.669063237158692,24.457218332490314,13.712331000568652,24.15641740092332,29.336273187717808,26.91048492255511,15.205640866642103,25.815382198404134,14.405942120265236,16.73362380622174,28.608156424857416,13.226132079395848,27.370859437837833,21.40101922777944,28.150676630893862,25.839972608504205,29.412163910878448,22.120037584252305,27.0003904221668,22.961381993002163,21.166337904986495,14.488976860441271,18.082495116468703,22.77269152479446,15.05572589503282,21.445959639352512,17.141156438745007,26.80982059043636,22.46540627551651,22.521478619950432,25.074327877694827,24.39754125561286,18.52084714806592,26.54205865515826,25.667477390862196,24.747293376463414,23.363410184390773,25.82594222423652,15.361925816614624,22.22558416001066,14.246243400062468,25.72306589717868,16.402703119197145,19.490116138573164,15.081445621566644,12.920773490757927,29.64167927035401,24.329862066139135,14.302302669276692,13.480985898385935,26.23655692079666,18.469065887601477,17.65597458824987,28.318379209428084,29.44872243799653,24.894933178442784,15.90398300765743,26.147474735125858,28.525239441701938,25.95837744913044,13.610739007251333,27.453906181439937,22.84186901004868,27.726145749387005,25.838102331675255,21.920154840751753,23.76985406695386,27.10676206965971,21.754473310797128,14.734933578995792,13.877886134311318,24.332786746578392,14.595586287483213,14.587052061270187,17.235552539016425,28.09069152398048,15.720697274241825,26.06227783361136,25.546811030322964,18.792722305628693,23.802151699914145,15.507851578835266,22.024046682568567,25.133839234016676,19.624268693048755,14.72659718934873,25.2504771593282,21.201661203549495,26.388398335997017,20.367770584362656,20.19779155954686,16.1980434656175,23.139727930656726,22.57217540494726,21.188227164331188,13.830208909883543,27.321030946149456,24.601623235181457,15.579052725669337,20.13711706472728,16.225635385631367,19.692875250585768,18.71659080328905,15.069445940674292,17.591087822946037,15.601043047380278,26.426722451252434,24.00286982498042,26.40845078046947,22.74523254117245,19.629515955518453,21.332042925049702,17.476877319205347,22.450192553956413,23.197291906860674,27.779868280675085,21.992505462957325,24.184075181532677,23.998098455381285,18.06237192251788,15.592588348654727,14.742106930783999,26.513046890852845,24.388533274328562,26.653406937208658,24.299066892139123,23.636950681321096,21.460939695105782,22.039381307740566,20.78143271093627,12.481949960797419,15.135320366512795,23.030346764056034,19.995646843852587,25.113792623698856,23.698200763431046,18.130587198868923,14.170836050802981,27.533707467986208,13.442411445557674,13.364055600610225,19.60765693329233,13.560567801620962,16.18106501904349,21.059649508287816,27.175072661117373,18.6534012141532,17.64459268347357,28.60293705046311,25.17793063032448,26.977105693357217,25.384464532448032,30.597169313157107,26.797860056694244,12.991938739702515,22.397970676092488,16.064259181406,28.111453753649652,23.38783176939184,26.204962706568065,26.738533260109843,14.601605460749063,26.310274437319453,16.86916228538096,18.220209833612184,13.714765233639143,18.47938434717281,16.069706182953837,28.98437840462608,22.63259139719985,15.062619581997732,29.78201060757007,26.211183623619306,15.180568135010093,13.241183345699175,25.43370689477874,23.15141904496985,24.58386743278701,27.184213703051395,21.003926999995734,26.560646545214386,28.82641026302082,19.206157941433364,27.795992170150758,21.98726796383622,22.10842014439032,18.04219324868804,28.384349119210295,24.671495992918818,19.294987865670905,26.08183484131891,21.278942499363655,12.846728048058134,16.023786435586143,17.25917149153019,21.88009452295571,14.437378490622185,28.372915026457154,22.569187716224636,13.07994606458602,27.315178502770905,23.03013331180457,21.2949838812423,27.19679552444731,16.67807127037898,21.09145072744972,27.18725907321056,14.656583901610102,14.202737100848065,26.21857109992848,18.894625886299767,24.560445045701435,14.13355095412153,20.55055702978036,23.090060258025538,21.175194013353764,24.390107558144372,18.67068081389591,28.24110807680388,25.437137609248047,21.2286131516369,12.729328665035851,29.31425613977682,19.215340528608365,27.826468514574753,21.589147614162922,25.36394555136066,19.90443256059721,29.954218636015632,27.481915196524884,27.03309280094682,25.551418207274466,13.948085017034098,26.978199457454874,19.815341643733483,22.968014229380138,24.588199767157406,28.345734422821153,14.205459057734362,19.33871512988306,28.005046775770765,17.94883394164339,25.28038662077674,25.549138129014626,19.878231922383787,29.897966805088455,15.740775531797174,26.82679721103549,25.48420571231659,16.14684558931383,30.334708240559035,26.625883711113516,12.40413550256297,30.535302612325438,15.084746920437148,13.90430655950876,24.908524296469906,22.204486673056913,14.716341364250203,29.86785446670014,15.220902937708576,14.35456460180181,26.600665196092212,18.13581437890997,22.831778819102613,17.105115999654583,16.0814821141535,23.710128681955197,23.943136152304977,16.640674029672986,29.016693756922525,24.838087688280186,21.28573237708222,21.341565210878777,25.67455255143434,18.890215536357925,21.116265043608422,23.666346666287446,14.706831754294186,27.603515647781727,25.572906296931592,21.175126648139315,13.938957791686203,14.266103802531498,27.250287917405444,14.748730583219986,14.239773574981951,14.821988593266244,21.84736284833979,15.81433144736266,23.11398653192062,21.764315140450677,28.14160820918503,23.612442439052497,25.3788888821365,23.09485278494506,13.528141591443221,25.23631127654407
5,1.9953511287397578,1.7324515599185146,1.8889510879097369,1.5356166039880947,2.0493754543203018,1.9268693220021706,1.7933498898086442,1.971603732753172,1.712160567080267,1.876452084796505,1.9833919567828469,1.7432229103957175,1.8786657904103017,1.8851045203713757,1.6331258770487642,2.3781404377756097,1.8021480207199263,1.8882871728625026,1.8836686431607954,1.9172278547239734,2.2608748404132606,1.6369442300311736,1.9290924756936465,1.7866151978007012,1.440584096322745,1.519147806806802,2.4591224429958856,1.7541991033967623,2.361028075688209,1.788752279469883,2.1819523707192325,1.744947439036145,2.289012350793022,1.9144125816978836,2.32042776652171,1.6660179717273156,1.9429355810184181,2.0899385257428875,2.1388440731920504,2.3993910223639245,2.160885588867895,1.626395116524067,1.8230501879177752,2.0257569671184683,2.2943275536224106,1.5353088957795682,1.897743546085038,1.6710216145683798,1.8771370998825443,1.8399007642419838,2.0411879487786284,1.759093602629498,1.776430495912816,1.7980626220785054,1.8515611447321654,1.7519161538484767,1.9008523320864632,1.7703387984935377,1.8729163370547688,1.9578247369362953,2.277563629567686,1.7648986561681348,1.6972339913699863,1.693774070542249,1.89509971098329,1.7430484412356015,2.2654484498893033,1.6724370494231715,1.6970953419204755,2.074861433068018,2.0231807833307265,1.8998016377866287,1.7799071747182882,2.2639792746691336,1.848286427634978,1.8983931624215984,1.8138489861043656,1.7370721635524786,1.960748137780709,1.672351368649058,1.9687245474511053,2.3392889818182376,1.7297039888416246,1.6780001015470616,2.08204076963791,1.7044969597538167,1.8458379187940206,1.8460840634538593,1.7345749718945704,2.3512923073857457,1.809089111437742,1.987582106355427,1.748527810971716,1.7799291550552345,2.0176555474330873,1.6954008513888565,1.8220036454723898,1.9134046903143274,2.2671884986073856,1.4661463029987885,2.040399502899836,1.90035655833215,1.690452992809347,2.041184770426896,2.1782838589376734,1.8766255558913152,1.9426750409871614,1.9856563077684546,1.656903691971322,1.892861090444535,1.6488130658800368,1.7376405837825284,1.780069246354889,2.223143282660159,1.666266661618206,1.8693458740398623,1.7541249821285132,1.9521649331407653,2.2080486621134807,1.7051339787931101,2.1507417049938504,1.5823154777451138,1.8685191118397495,2.1239305305152243,2.276272080966631,2.2556363187997435,2.1379266713561083,1.9152665024635458,1.7861337647550228,1.7983216068694725,1.7878503642726635,1.7380557645416639,1.738397819944208,2.398279334773142,1.511994907445486,1.9491901940139187,2.3991989231275315,2.2489797451030604,2.382492627773438,1.6475472385142833,2.449947872613842,1.7420382511184438,1.7408812800260183,1.681781589625469,1.8568707744346158,1.8580774093267332,1.8508597704142964,1.633855563762407,1.7512098939184677,1.8955947860698248,2.2566271194185927,1.8127972001290429,1.8922277829717045,1.779235772934215,1.7120757793833243,1.6610829276630596,2.255482470481234,1.5305943201339145,2.026926735265162,1.7833214683155303,2.359147692998092,1.8647463857445006,2.011591760753652,1.8211665101590708,1.9544865370143043,1.9075125364718408,1.8122274249085226,1.754302869578121,1.8524287265467037,2.0249210576492187,1.7341501164221065,1.8732191100209243,1.8476624719687142,2.3992572957155165,1.6285759330758072,1.9420675574227713,1.7818298022138583,1.8475902387153387,1.9050942978709584,1.791281876775968,1.8768511685161826,1.7254906499814544,1.8338288257491495,1.822220602099021,1.966118128573862,1.8020198123076816,1.588232983404156,1.6443205729613106,1.8101318394198418,1.780381707170606,1.6990206783665627,1.8897425840422646,1.9872502701816785,1.9152155581020436,2.058679079988925,1.7118572113735737,1.5287479575095275,1.9201400384874232,1.8082433877999837,1.6889180670288724,1.8425582388525312,2.5447649190142188,1.7499499591513052,2.2072246839302476,1.9034069344194966,2.3014572600110226,1.6216964590734086,1.8166188114737496,1.9336932285482136,1.8928584840753204,1.9914147025443845,1.8962527898884503,1.9587594663130448,1.860146405115485,1.6229794304902116,2.178348178850549,1.8926529503063798,1.771007356340526,1.735715748098124,2.381108128641063,2.2932970831623227,2.1514619004639117,1.780142683639503,2.082163373953354,2.426151929455501,1.8806291831981354,2.185233253301322,2.0781462689096597,1.882992757664091,1.892858127271455,1.4729866471778648,1.9908096587894915,2.007014654141678,1.8462615055126232,2.388663342656194,1.8641072033925268,2.0468687197452713,1.938297452637376,2.046601914331563,1.790468178893991,1.6401810679618982,1.724537935831254,1.9704796982310997,2.3501458621908506,2.165125464529411,2.227895924410841,1.6970545886888495,2.0304779539509488,1.841867950691122,2.13707541917906,2.2894794842276838,1.6294532928975505,1.8475264183953048,1.699714267466078,1.716072110654793,1.690261334546365,1.9446989625104627,1.5987383734183724,1.847043501787174,1.7451768923179078,1.6928956339514125,1.8478371471043187,1.9302581010246949,1.7168958391370994,1.4988848486669362,2.4294074571331215,1.9589999796527269,1.6380489168887498,1.9046541120015168,1.7369599802382056,1.9110582603596524,1.8919839971507146,1.9398113755555242,1.7947804024580087,2.1647909058612833,1.7211803307319369,2.1611773225107327,1.7182051868915023,2.4121029542971764,1.678847065783763,2.404161551862014,1.6308956264969443,1.9011041130583974,1.906348158169407,1.8740552307789977,1.7900571718017204,1.7503433724546715,1.7834346470287756,1.9784045055633794,1.9445103425877273,1.6575034543608003,1.6769378098300851,2.0624310073821777,1.76246301280217,1.8506684214085618,1.9188061545036312,1.941552563808081,1.9066246948964263,1.8562134197916127,1.8140246331132959,1.8433797752867491,1.2427855487330526,1.094039679645466,2.005913883243734,1.7754939901087639,1.6513517886992204,1.8391793450821343,2.0893200600571067,1.5755048137007617,1.2910421157855165,1.7705177988017835,1.9680427679856323,1.5934283875864277,1.5861679722418107,1.7287447520521326,1.6293165186386762,1.711974773243732,1.7871968572019143,1.3242324558724434,1.6065888120528098,1.7084151761046227,1.4963916214357447,1.3331771807956398,1.415353397308647,1.386016867176589,1.4849147748471385,1.8993374960126799,1.3368169279161959,1.9626670834834377,1.8757939387466995,1.2280615634520935,1.6852630170671652,1.9079319539004898,2.071107306616192,1.44903718278841,1.9227839346010827,1.354930648835518,2.0313039056882563,1.8556409380990184,2.1471447800993073,1.848403345344825,2.198311510613884,1.6030546330952986,1.4608805263420335,1.4478286706924324,1.3940164105043251,2.138324481143478,1.9973680458457543,2.2256998258500333,1.7513756658359398,1.5233382622122331,2.065847684119499,2.0673459596637827,1.735421119193771,1.7358351548118363,1.3494962455550406,1.6230291325407558,1.6597296123514425,1.2757553496415035,1.6935268163274726,1.6092262592361624,2.2438015749911533,2.010628823728748,1.3382647633367668,2.2959354754454266,1.761614086928277,2.106033525347073,1.8254886019636427,1.806092766039259,2.0888284914354247,1.7646385284222315,1.9970300736856972,1.7843931757656029,1.11797408556023,1.3552016591491292,1.2405876127515136,1.798815797039478,1.2522709610462126,1.607191462362228,1.757541610244805,1.844849010616146,1.660424023141879,1.6969970583893372,2.137172734347106,2.3171224686285488,0.9554236343238587,1.7835982188432624,2.0753877858230374,1.474541972079749,1.7364367122597557,1.4627363385275252,1.7435739010361833,1.0746902145851018,1.2286458637501074,1.8359288388841057,1.7640122938504692,2.2106068417319373,2.221122125443921,1.9644930731770454,1.665482628033662,1.7983936603829656,1.1127123088291675,1.3608826067657915,1.3407389723566487,1.6174437660614054,1.4970980568878798,1.7088652991694686,1.9219242423083585,2.16227050594562,1.9028433172613537,1.7811352061587997,1.6535112905907996,1.5215727141349003,1.004229509433878,1.9140411683299372,1.4780003217226807,1.13769942996325,1.3081144690772906,1.7854463086702443,1.8079193465258172,1.6894640423928031,1.8195125985878222,1.9240657359912856,2.2215980933911967,1.6071713776790109,1.0356843472516342,1.7262739308518114,1.8656484301224807,1.3695470424551237,1.7757546507630837,1.271023260654504,1.716428339866471,1.8088808815287682,1.3149929514935796,2.4051423980178344,2.0673363684886663,1.4668925476994443,1.9271222243129726,1.6250829826932014,1.3060142049161163,2.154394308964299,1.5204020686410564,2.1338068922522315,2.1354577482379558,2.06485416854745,1.881633639600488,2.0855819285984247,2.177832196607953,1.9661279073620022,1.441634124941109,1.6039500815269307,1.240401987062586,2.2433223896072954,1.8557335239105468,2.10502482896665,1.901283950415828,2.0882248562519,1.8796239497386564,1.2698278409999435,1.1343461474620442,1.8331519031100796,1.462307303463703,1.462561236816557,1.9734626302434555,2.084165381516823,1.7523597984750048,1.4569105596387457,2.0553102449226635,1.7911520618235042,2.1231735276063253,1.5220006107023578,1.660205795463172,1.6442366115101907,1.3874570229417291,2.052335008569555,1.44001411120959,1.7450076180213463,1.7806954544289237,2.258007411769242,1.658961749359829,1.7249910785036524,1.6164898587827257,2.0099602672492995,1.4623296069784513,1.4309380779645542,1.223112200678817,1.8931166618837405,2.054806770988974,2.1514202715471846,2.1515393088138373,1.668897213606683,1.3419286779922184,1.958757499750373,1.6066772993090135,1.557453953734496,2.232654319672152,1.7886511213079381,1.5185271027472087,1.3338235407343373,2.1013450913943856,1.9402814882267734,1.6903131770761184,1.8671433620821967,1.3412227483610195,1.6745351882714226,1.259253354450046,2.04594777683348,1.3378705350431195,1.476414306541125,1.616862176154526,1.3403630405473768,1.6840178532823256,1.4902606292811005,1.6227170582852377,1.6809075933634994,2.0923912076037046,1.9842999052795207,1.3689660533667016,1.7563479117342586,1.5238880729817523,1.9483893415070292,1.8084766784220412,1.6654741974420657,1.5303576607007259,1.5061476523083903,1.88195399544265,1.893182229252063,1.8810050287142774,1.3400180446130208,1.3092027245904934,1.3638431736479517,2.137401971598593,1.0451897605379694,1.7183356072066247,1.6789580873017391,1.2606544719110888,1.6073974058513212,1.0310693542253107,1.2978152109330785,1.6083704074976677,1.7500856018292124,2.1316115326102576,1.4178577521974942,2.1345434894975908,1.835354159530663,1.7035413192033408,1.2386342088453273,1.3702609547226938,1.8485780891406776,1.9059520606739067,1.829415597521914,1.1794528954522454,1.5607916295166162,1.6304208467483896,1.42920081131163,1.5074359426160395,1.5809701532563716,1.8687220565121976,1.0684320621991188,2.0781030637042166,1.6804774642910585,2.039308167332947,1.066689768756881,1.705332756846233,1.6162506515262662,1.3819411714586434,1.1701373808009938,2.041411373687556,1.9162129875778953,1.6083485731692226,1.731560432421155,1.5735978486287088,1.2192052376093434,1.6120054200550187,1.4596073018351254,1.5874403717375802,1.4996724163182926,1.2692032830968212,1.7276612891169514,1.5887908215581714,1.2551748136452423,1.8420237263289172,1.503438121641461,1.7223916904036454,1.658748039090101,1.6120822349298174,1.8745999196465641,2.4729896378786895,1.277318950788097,1.8324805972128053,1.6211205310046781,1.6343787533596652,1.4163557448857995,2.2014116726519815,1.3273295750590375,1.7280392957311155,1.866939679379956,1.9094799338581308,1.6644367408192944,1.0680281357083643,9.501898741001712,14.577189063415293,10.079970111193209,1.9630057513971026,13.725814358673702,11.54533819480147,5.706879477207525,14.160383432935575,13.250686997331648,8.48010261564781,14.156843808010922,3.7093060735145484,1.4832469132283608,5.8040302907582815,17.60200980975395,14.29614342017694,6.039785456172004,1.4099128461713555,7.12895255268003,14.810226849115136,16.228326547382114,15.134427683211696,11.992385026689766,12.485658023466428,9.436651987044053,15.080210137529885,15.174321266187293,13.844303838813541,2.061128939222424,13.333771899198837,10.520171282982307,12.552919551582928,15.687527957051545,14.443306406581797,9.722245028375731,17.688535961728256,15.994348213960661,2.7612407614129517,3.62134541002236,6.99332774342126,15.689791370681974,8.699601518958152,14.624846790549212,1.562471572126302,13.458342813756849,14.80734056388665,1.530426646795247,9.220701067347356,12.557795493333378,12.948420935133365,4.703677542632124,4.649297084735199,8.796777322557825,15.740058190061854,15.885398355097943,7.550203359443657,10.840527743409224,15.521189342883426,9.87860383417324,12.056876264546192,13.949691647192553,4.266942533045175,1.6441469408936462,4.040272489126425,13.53551506682396,17.076192350120962,9.483707229181944,2.178113657111413,2.3441692944763135,8.79703354782706,8.64575552985215,3.2333702863320584,11.824680267549123,10.983717543843929,11.174815755321324,8.959720618121672,16.1325392051921,15.913006010967372,5.813670618662828,11.64413514159669,11.725676042419583,15.98135299758023,10.877731363201796,15.562309378499322,12.95875865849651,15.44757389162836,5.3628524341643455,15.925294666313393,8.823157905268353,15.660243447489675,9.516035188381423,12.309546038212707,6.200022313363319,13.797042491239898,15.54688407108475,14.615597572509023,14.551557754685195,11.930985838414696,13.393769390855226,12.680190265718352,11.53525197310172,13.242818129708638,15.183584236045197,16.914220455568323,7.3335803563844015,3.4275447827434906,10.162567831792902,15.142976716172367,6.536771284853794,12.274484433065155,9.42153947066121,12.944772628369213,3.269477868830512,6.816031283576796,14.222550400854894,13.187978754347606,16.379112447601702,12.522150374258986,15.9921002680423,11.847726089011115,7.4087925354126964,17.80239809324961,10.655139327403278,13.03218062143011,14.352779171098565,14.966754614817852,5.946233756923313,3.7572883378822994,13.062158500543893,12.606492143478434,15.434849643661599,14.494826933317654,12.56597751391925,13.824887146393399,11.90953461627673,16.214971219956066,13.258539806733253,5.241850405600341,10.65654210171261,14.66301562087026,12.780846730386678,14.313844264478853,8.247287180052249,13.73885171730385,11.349987718422266,16.710281592333754,9.735959200129662,14.467351854925374,15.729528400357234,8.309582209798736,12.03152923905856,13.195301159801435,14.21604963038562,2.2258989160875378,15.97612503071349,7.222938774952612,7.77622983989182,14.21968251471073,1.4548719545041926,15.131370159823286,4.963562065455275,15.359553877019547,9.591414005965875,7.188344436642288,14.896484358437515,12.175052840098218,3.2586882569464026,15.972074302930874,6.931792706358008,15.615745208695444,13.25339322687887,12.439135439329592,1.6293946414279046,10.559691842844732,14.864373146352644,14.598618048090993,13.115702472595906,12.09527348653427,13.696058728749303,13.197116111536001,4.807696090240943,11.025336890692001,11.321020628386094,3.0639037718884916,16.266510184163554,14.832732723917852,15.621871638550846,10.461465318386098,14.799943462322554,14.993776150312414,4.604301372709903,4.97558813534892,13.664253997397322,5.733835290275333,11.206165483934429,14.421847256707675,1.9681746761694743,8.37146644612782,14.594540385471186,7.0721782800759305,10.991770350678326,14.628031483759548,14.137605398032507,12.886973888640885,14.586351431986355,15.897051437486942,14.483728081993592,14.97411997281017,12.912835142928902,15.540698974848913,13.749600967152398,6.117550012182023,17.000265770403786,10.936767910791756,1.631978956395836,6.789016563894163,11.738546819543846,13.105255218863018,12.588095868959902,14.797194984136475,3.358723753092843,13.18602551751412,11.722186632865172,2.6892164728548913,2.594986115245791,14.565690871726977,13.304356636477651,14.698779264161894,10.130846206522197,14.498439723787087,14.012494550749418,9.858373260494675,6.963494698726517,5.060754423502719,13.178218720772284,11.988735723821524,5.678051457145704,12.69345550377597,3.0523397265231464,11.398135491289471,4.754343776699482,4.7785477548391295,13.417763564581104,13.72670143983199,13.550542074219415,15.778342759166897,10.2473293123329,1.846979132928238,14.15117210566254,3.63556331308591,16.01240983668077,9.918586823345633,12.682825583981966,15.633045591126024,12.81125117425045,15.890744637913807,12.918066762797684,1.7698985583934705,13.966564956968307,7.889989223122827,12.83610271210279,4.336482094263529,11.371541888415067,1.5739378283778034,7.08011825499797,12.235297562954946,14.30512632207432,15.587048531700999,8.486747297573947,15.742483988603219,14.757320639672125,11.809548431542154,4.900624947121202,11.603987846836876,4.670298812205721,6.629636476887195,11.974214870329412,11.719600267599086,15.90696873609371,11.290693457035792,16.19380835760109,13.284003707253701,17.473788256079686,9.645121354369564,2.1123885221054426,10.267602013375056,6.603296161853007,15.322697869499693,12.407077948460017,16.044945895725245,6.956324152658346,7.023704977673425,15.921009136602956,1.5748599755702495,9.83635046382931,9.463149381499397,8.013830413439479,15.192202934860177,1.5790621700320435,5.469679015313312,1.5273048349038827,1.7968200195938586,1.2500565350076596,1.3535866509882604,1.8787870450903614,1.1557372794348961,1.5248843719276481,1.642025668630693,1.5645872183943343,1.5859365302339297,1.4677005590552674,1.6056372237415673,2.0131655964998223,1.8185992249463827,1.9573788421610316,1.5294967014880094,1.8872767932858725,1.5947377415377997,1.5241275139099335,1.728323236713298,1.4924099398510928,1.128523294114037,1.4179398298883163,1.8234706693573446,1.4370668337372132,1.3227387902766643,1.3707072459095555,1.5805445731218748,1.1365458966305007,1.6188482740894117,1.6618325462439834,1.9029930833447235,2.3289393566572314,1.48134882935873,1.5047117429392987,1.9891709609723627,2.2865528909677297,1.4822772195173264,1.5494646433682926,1.935678864137559,2.443723357450445,1.6596048433987605,1.7222841996853788,1.7548397501183142,1.6125049942069043,1.7374400845605673,1.4640213595978708,1.6202049814639579,1.7664802831640747,2.0645722433598666,2.028103202344674,1.9109454113093887,1.7849932543135916,1.3392436373808543,1.4844409377651187,1.697972796339265,1.6111855946703586,1.6750366074063165,1.3580139174285866,1.2952493582820905,1.4322481344211908,1.5279135071871583,2.388210228658216,1.5077804244569948,1.721239759476487,1.3083726019546842,1.6163945949502627,1.6959706449306724,1.7251919804219598,2.219642961577651,1.3204007690290076,1.6938382365383922,1.7190709817018237,1.7212493840659884,1.6538840526031189,2.0702571184629472,1.4669325176123846,1.705725086443056,1.5039203504830336,1.4284741144300421,1.5612094409743156,1.4457892913955812,1.7436177538557045,0.8886762984403473,1.5757812155629547,1.6716773562500111,1.502568775545401,1.7927533109287672,1.5393824653153831,1.6404940548810296,1.6773878177928074,1.4204773191650935,1.6751758133644084,1.3461350830710936,2.0292364780698766,1.725301097906598,1.5473041931423646,1.724929090284405,2.5210517266948247,1.58671509391148,2.0497503189475785,1.8178757014518532,1.529520594420836,1.689030725645779,2.085789328562255,1.4404468029459603,1.5489270764092307,1.550636789947543,1.4394275827886667,1.5274929538935935,1.7412697228875742,1.7253510325067642,1.2868563188250253,1.590845546312485,1.4686366956900299,1.7648589214644295,1.5181232539673795,1.752108067456687,1.6015942693272027,1.423100252759991,1.5674935710328242,1.479572983340423,1.5767165545273587,1.4841436836778983,1.487135962361999,2.5053604136986185,1.8261324236260563,1.663807653743113,1.3558520533564737,1.9628597208961895,1.55033420466217,1.6296022191885977,1.493704436073431,1.727084408049445,1.518805569161893,1.8879517604304543,1.775889766068181,1.7604533494415933,2.0072702734019794,1.557649873127264,1.5584352833146813,1.8052021936900455,1.4125953658190482,1.4800153573184407,2.290194310301281,1.5692763572359696,1.5138881314883947,1.517499061658948,1.342275416490244,1.280969834970728,1.6490458973986382,1.5484198838748686,2.1160844751704415,1.404988210176912,1.3847320900813314,1.6341740773266706,1.4816110524642578,2.5946331471804647,1.5762587517870896,1.3772185256346685,1.2748454607015542,1.43807251635427,1.8430109464716582,1.604241422822039,1.4545952506829207,1.6689044949873424,1.4421691542315365,1.8459371953521475,1.518711222372008,1.689232533963387,1.5033622999243526,1.644659360073472,1.4231960968272874,1.5330432471057878,1.4619266379797395,1.7973195560009336,1.4593805878117405,2.4185026513600008,1.5252678982098387,1.5224581521061424,1.5883965628520111,2.137729014009855,1.9537668247396107,1.3866023647237002,1.5510554651779427,1.8370213051567033,1.5238943510386411,1.5490588924403323,1.374321641542805,1.630420783958478,2.2662584408686834,2.1557346911238007,1.4796688510638905,1.5584516983922463,1.6335794673418274,1.7277881930369696,1.3002325104027046,1.8967300462758767,1.485714717119693,1.6555661392384273,2.0308166585081904,1.387710089166756,1.3284398399674924,1.5085729342609224,2.782643227488788,2.472133987671122,1.912550799170957,1.098562277910342,2.3587954298989047,1.5594667769692148,1.705686787337217,1.6875791035038739,1.874728693231152,1.589269428194567,2.130260009901451,1.9335074570723276,2.3759783963412553,2.1831488973844966,1.7317377775097091,1.5884676870724466,1.9535963885670058,1.167667772427383,1.664264300294758,1.5766921421216378,1.378708497183173,1.8713138798567224,1.5161108729961639,1.6269693640482759,1.9764418077710943,2.0709942227592517,1.5350912509369248,1.5311475276369177,1.6646074616826143,1.333663185654106,2.6035575655355836,2.2953239744944183,2.250744210969281,2.0016125897078876,1.6250238882979815,1.5493863075494743,1.5878924326368198,1.7789974498277066,1.5039141967899685,2.1487016499309157,1.9205124864478997,1.5555209146589208,1.3680201672736823,2.3992521024605176,1.4681740901649731,1.4741928244177938,1.4754263296981023,1.461349601400346,1.6646006685869132,1.7254492902051437,1.5515013571390976,1.354338515668181,1.7759212316120196,1.651664117572279,1.6994476184223133,1.3488570601750414,1.8179255823515388,1.5134805964476163,1.7176924740434856,1.3965948806257502,1.8141071136987916,1.4895243802370577,1.380763608569454,1.3241430216618808,1.6705801276305454,1.5857082294414317,0.8120837546489338,1.9158834540996028,1.5646335622366767,1.9727107634238872,2.253226811439349,1.387157125477167,1.8284321401751031,1.4388230518585972,1.5361321360127798,1.1048777514693675,2.2583614583465526,1.7842306281047093,2.1111372557470354,1.6127220755748517,1.556338082414241,1.9471236749009397,2.243917470943196,1.6187427236846292,1.55911051743397,1.5035742851572647,1.808916043650632,1.1027073923566768,1.5617268347585913,1.5138906367842828,1.6160955009593179,1.7228232452073886,2.239766740251786,1.591100789004012,1.4354377633813296,1.7175722522510777,4.697190371857935,3.3484090679496274,4.96836913553803,3.3039649159621955,1.6223025256487082,3.6534158998151445,2.6168699083414375,3.901931211236329,3.6158654531429133,5.198710433857061,4.797575028704556,3.537588511451246,4.203684366621958,4.23139236142306,3.5160360189651914,3.0103230630559503,2.925789066355587,2.6225540780816696,1.6245205217270622,3.3439409925584465,2.0185621091644554,3.8283162590566655,3.0505505815597247,4.352367619478219,3.9805127005772354,4.529174902776269,3.644635402782388,4.6002835727923586,4.121717215092637,4.540276616711697,4.5222546511236255,4.077581104762403,4.079509914183213,3.6773364889111644,2.2444700790464647,2.626478407664447,2.9979662132196925,1.981546854403844,2.017169243463462,4.562370108091421,3.5574770100702717,4.440740318742452,5.192112915844496,2.971559730589467,4.404701703772426,1.6677266072025514,4.948318834034025,1.8817253768226005,2.784883821348358,4.624276629937165,2.184954035145317,3.7795976365725834,3.566994751487096,1.8394616532246812,2.343683600172609,1.3939871309147027,2.7845090947888207,3.0866409938681953,1.7170335782187744,3.3748220688629824,5.431690410023542,2.5984137628613486,2.240356101457736,3.42159793940375,2.7920045803210316,3.270382677354405,3.513113039868326,3.3210602533016815,4.997800104663481,3.821861905012699,2.3132817761409195,3.8747820961312422,4.579000918263464,4.0892798396375065,1.7759780820358226,2.755957813243672,1.9949950675095987,4.386784485157478,2.9475210453025174,1.8310841756687217,4.469658230851407,2.926144144675684,4.0550662728012945,3.6651661405297804,4.260949460211077,3.4573690383229736,5.093369254191192,3.4379263447013586,3.420291570495007,3.134486639288481,3.531656983502494,3.5801374475320817,5.328658839911803,3.645437856418801,2.3600034589507595,3.230989028782445,5.071643396878658,3.5140371535311727,3.0413276086263035,3.3255763523920447,3.1316842794090642,2.2462975319509306,4.7113277521977714,3.0950619618146926,3.738082442153221,4.036517274249279,3.286705528664404,3.617980214902545,4.5548725397235375,3.368251140955117,4.470454842879235,1.5034168027561976,3.781495222121752,4.628089189580796,4.491548173756376,4.7133760115138,3.7497304767721547,4.565070560447758,3.817552364652543,1.771632874854026,3.3750481621487736,2.959282914028288,1.5158533683653244,3.930756862372586,3.499146575924219,3.0540888070718655,3.2407835287089912,4.2600108804407135,3.737422205876277,3.8740710981438236,3.4000478651593364,3.0979131395795485,4.856598438432046,2.2583960759949893,2.552924709522579,2.0064644236064777,3.7209825903000104,4.872029379396573,4.051154393022804,2.8234726564588986,2.0767078693945256,4.388904617524801,3.7465408221908207,5.011824276448576,3.078620422371973,3.625141580244513,4.586763346078623,3.1186977317367957,3.673694479862323,4.407249232477816,3.9798973572575598,3.071709297098349,2.829294535715288,2.2250189990331375,5.555613444262036,3.451133567999561,2.3527271912354264,2.5297617905278242,2.453876312860813,3.759487342051795,1.803984246412467,3.756618396842854,4.382781360601335,3.81448558806321,1.9379727242923195,2.0031122550133156,3.479825655048978,1.5022228731922593,2.8471376014364753,2.687877494215239,3.4239540849538836,2.400303269504857,2.7896711948792277,2.1939245306086512,2.8122356497892054,4.755740843343444,3.4056384690378723,4.13241916973182,2.9327179054215327,3.99447320560878,1.9104069539150406,3.0350041353703627,4.1980008998379645,3.62987104125263,3.6885144922352353,3.3087077665825064,3.0806595644924215,3.3345322795944705,3.121281774706123,2.941584790170913,2.7775086996746685,3.4370837904728173,5.4070328246990815,3.711780296697439,3.6365714523706516,2.2553922699970133,4.826369993320053,3.256148549409763,4.48315339785403,3.6342240895218842,2.5406195057272516,3.7110511504790082,1.508287839447681,4.244853925084884,3.13298543955724,2.6866647111280044,5.455255771541123,2.5325995006402686,3.895359680716372,3.5540271416809137,4.014814416585803,3.703755359844409,2.1189071717177526,4.576460690539931,2.29373002984961,3.951510604920072,4.926954525495635,2.804504081214361,4.5959083588879075,4.183899420544288,1.5261968135166653,3.7255153697206294,4.822801388839914,3.202690479015708,4.277690995773267,4.189435980738753,6.116697752113372,3.449756517945347,1.5675026191117312,2.7046142782903146,4.696898253520963,4.439770680519967,1.6327838429235886,3.450833880443581,4.368140439994346,4.703310376166962,1.5823242593790794,1.9399800572966022,3.6426359642549166,1.6116760263006478,3.9101156876031933,4.67211590808949,3.248154855716173,4.178420638509457,1.8400511273058964,2.3394997213317854,3.874076443321529,4.644910592048554,5.042669779195359,3.798125167820485,4.900485360626735,2.779492651101376,3.015352202465188,1.3959713961752374,3.4698012206616027,3.6154328816660977,2.6482989595797837,1.5893717766905329,4.066349658958827,4.693879582776209,4.647988356482551,1.9351550376822675,2.3719163604777576,4.728123550008068,3.356104278503247,2.7320558301337585,3.548914232272479,4.212180847491004,4.5157294089506665,2.7680600257713994,4.768908497595816,1.5715409481733684,3.0476909458459613,2.156430310996382,4.505741248702477,4.4783765807783436,3.326943148953256,3.7952467369501015,2.781733867747256,5.075099971659852,3.374320070278182,4.951991779824749,5.414205695501956,3.7662986047023073,3.518366245878633,3.647000700130933,3.9278549931859987,3.0556940856955643,3.704112477108401,4.04280958835554,5.468630418795641,1.6991591748515997,2.68604736602572,2.3495827861313145,2.603099373895246,3.271782493476226,2.741705955817824,4.343703994706879,2.2863976817900946,4.941960056115862,14.720894083284742,5.040213562470761,6.340133715327533,2.4714796414003963,13.526015040849657,2.3809164969391343,8.995059124393467,12.903347915641532,12.803801731666834,13.4406682691725,8.106894145167766,2.1404281722119265,6.604815529251021,14.521576848013655,1.9088694522502947,12.353268119159743,9.87709363616017,9.965310190143729,13.695609763562741,4.871252962792045,15.545292537196966,1.7825167639789123,12.584413459730705,12.479411378304313,13.650060777122285,13.360086537521754,4.727526164129677,12.537227751597056,14.788340475694435,11.273897017465078,1.9483568392474402,2.111845662808345,9.518272111087555,8.077429080106272,12.877221990390849,8.928457674501376,6.137862636437397,13.725253385540949,2.353466263615004,13.905995332842753,11.217916989194647,8.161320559554492,5.294009483339586,15.051182052784341,11.336671360674465,13.43145377780321,15.551541500790346,12.5968315795632,12.53797637135702,11.506220063864422,4.665787592633985,1.9216524033819224,4.989287395655408,7.798888071978146,8.587269346937584,4.758980020755155,8.48436551689799,13.616510228373512,7.10519691595465,1.9006871214915433,11.61251480630832,11.313835255616254,4.111868736660621,13.988341975974818,12.405652727729837,15.54029887921641,7.92066546166596,4.350443384242081,14.826783157183952,15.288476706252832,12.604468009692196,14.148606333732062,14.805332926543613,15.032034920211418,3.7294064000602103,11.488197987518944,7.924023931129242,8.727853775140208,10.483037401479356,11.5321144167083,15.744055506603043,11.766289785942199,7.52257676100985,13.45629370681772,3.5778271017018057,13.125435706871286,5.652678044603869,15.353263437793938,12.817955737267262,13.943035696754922,12.850056157318797,2.231029893212021,12.417630407227461,9.47674971067918,9.006476557624671,2.014328597770416,14.31287737518396,7.245106694650888,9.512013856816097,14.655746380241789,9.749799932050257,10.291884149384522,5.075742857598769,11.074106941077071,10.784223719445441,10.60001289574444,13.621237090176926,9.01931793414764,1.9424684794244766,6.3378577937939955,15.369101150435794,10.083274826792339,14.66101343363773,1.9183107379957858,13.559087930999466,14.774416040180244,6.396108279840031,7.794188697671728,14.931022266965426,12.108393979344251,12.231493737555878,14.726251264221894,13.63491530635807,12.727275950891494,13.358159733640889,14.105781652443977,13.638879265476618,11.051681869846641,2.6909750435917603,13.981696506812696,12.515301793034322,10.927612073040995,3.231941958425512,3.2301572079697918,11.67379160314953,12.736100214651415,2.997369579966094,10.867600832238644,14.146407614161193,7.281724718996231,11.074390808065184,15.6600597167958,9.778464677910032,12.113627577495203,6.099209889665503,12.968414758466269,14.411630479090757,2.66209529327465,11.639267760005694,2.8522252189382167,7.399803748143507,12.470188601002487,11.955776277455602,6.099442669753255,12.388233261492164,10.426827971279394,7.981201083720286,7.694818481569645,8.7827405279802,14.836597838688538,14.147157946051815,14.009997231059355,14.158118505740163,5.7713411340150005,11.454918653508345,15.542821158408476,13.102702490856226,4.218939709637694,4.322244603274299,12.512850614105455,13.634383551074928,1.815678888742284,8.966806283456119,13.119401093250891,5.48338759150897,3.9916412174915323,12.435972557543439,3.1698750507803495,13.414648539548146,14.901153797982742,14.288393343094222,10.963953166750345,13.638418248616368,7.100197122490211,2.1231353302240383,12.759228408665706,14.934125154893534,12.991558215585531,12.761918777618675,7.964500077911574,4.71134958700374,10.684765181203197,10.5403865264605,12.368214834130793,14.768951741571167,2.0379375553482917,10.527385779464883,3.881259132838071,14.373261189161948,6.872301021955164,14.13258839165126,9.28954854157581,10.143420845558976,2.831164730217251,15.597023004033863,3.53000883719364,8.953596482168843,14.727643911993919,15.313541367144012,12.812548507521088,15.672675166603998,9.73294218350571,1.9236362603280326,4.9401905265058375,13.861376941534344,15.324633991607357,2.7410252939130895,12.106338681615995,14.045020328488773,8.652278113022945,12.067403694991194,8.330059061137154,12.079133303902871,12.600219323794589,13.397041840267205,10.812246547144603,10.932193607795915,14.578097578358662,12.68761191958015,11.34410332245736,13.154679040432057,1.7853277869288422,15.593557759695898,5.789784817771048,11.052491104571784,13.375081017186883,9.262542446325211,10.445320200452432,14.528183550062352,14.231077261410459,10.637476021965373,13.741437471163358,11.854235679317817,9.05660539144605,14.996488728758415,9.356390130035008,4.605629486245952,15.054427523441534,14.114301361233254,1.9052539932482768,8.064681084914225,13.495624665050922,2.0777765439648115,12.338185972689386,4.166616923338139,12.194917900023494,15.667893714369031,7.629849632249851,14.175724759286378,13.716677350622387,13.24503559153917,15.04613807117966,15.1473225394256,8.359233464245316,1.8262755778535256,5.540816235949714,15.036917464804931,10.372385000255077,13.673948696913353,1.9236584598404454,8.590075178631945,12.497745047083498,11.761934976882358,3.658575885627785,14.897868848976364,10.084610352454382,4.041909458739193,10.116429705696836,4.868587537752074,8.768784599310088,11.236949437832248,11.251210941438433,14.69724720433064,13.246142121047667,6.025736348054199,13.701947202526524,10.130520068459559,7.354205278187664,8.639497664272776,7.380461169913869,12.512696220699016,14.138372947788802,13.567621602017043,12.275918131386536,13.916363908347652,12.54094617016376,13.813583167110453,3.3410434818421257,2.554896379600115,12.501437621447312,2.008727028459739,3.4338578153830372,2.8265489669616604,2.02725087967447,1.7021113832878567,2.255286493142621,2.886618953577342,2.9098982561760773,1.9278167684786998,2.8385495854212976,1.8784497865115861,2.0746612717222517,3.3970526651172435,1.9226484840430242,3.2357140471110855,2.55534033596028,2.9888893394490474,2.9924318855996375,2.883085295277573,2.035387270873344,2.141706346341238,2.8592432030087385,2.356391086676735,1.8226468898646793,2.5190399150403513,2.7708224590436488,2.1321463299713157,2.0850160731442977,2.315049803761594,3.0398653849898203,2.767134539968945,2.4544806298522768,2.422961415897639,2.552793014936028,2.1266245940516764,3.714810913969982,2.2818219242269824,3.027349463921383,1.9380248362689403,1.9511972502360415,2.065362021144123,2.5625949223179068,2.0821065684490954,2.6659960195042363,2.5231443938398264,2.7718073295385244,1.821282845048592,2.0885274844335204,3.506092444149617,2.9400438524945565,2.113740156860047,2.0585739064016195,2.290633182575934,2.319213554982831,2.4958349467044334,2.705287415156108,3.1778538162039944,2.518209297079144,2.026138894678199,3.110777654572907,2.9885585689428806,2.5921112759866043,1.812927340789618,3.160760559896586,2.5378151170679644,2.352949666630401,2.6065947912483023,1.9140344438329018,2.9907980466773236,1.9707745896723696,2.8412125402759116,2.3491584114266595,2.01302542749147,2.7951951184751644,1.8299162061816772,2.071724485153053,2.3729426737813246,3.1160022514427275,2.4431029192269613,2.844267420974846,2.9215019166696528,2.1802384806915827,2.8741680307088475,1.8738508218135832,1.6529581538219211,2.608117328788857,2.414492074357801,2.0682096966569996,2.14809259385548,2.8019774523191225,3.0626171639580995,2.4800465117407158,1.883791855030946,1.7076085238265017,2.770469035347076,2.6456765397615314,1.9394845457869023,1.6820614149210629,2.4499664705360913,2.5804285699712923,1.8817094370287484,2.175137246176371,1.726929511835135,2.299085596783841,2.2300819461417944,1.7411090900086394,2.103529257162517,1.7380809782443303,2.6202184869115746,2.134651239470087,3.0128310389791126,2.4703345077991696,2.7527422944204085,2.5240991594168474,2.4050458100888568,2.706964177692633,2.6313014688172474,2.3545559884928084,2.661313637033121,2.3811194049874556,2.022091253063057,1.9410715399475629,1.8490800919844157,2.2670411744274763,2.9113636158718106,2.7741250537268827,2.4028061077930745,2.3675553495266466,3.5539004448388702,2.8876729421442864,3.059748685331303,2.8824026158046934,2.1705059126507553,1.8025844596595697,2.4915923331198853,2.8562694009312892,3.037734733927743,2.7661215849503398,2.018550908497072,2.0680437247275223,3.4758480540562364,2.0626566947665266,2.12910251181955,2.843295773747687,1.9654020386326905,2.287909120703956,2.248184976277393,2.6799746134357467,2.4177957803324,2.2519757674872767,3.900452403781747,2.1293859785281746,3.4480040772743608,2.7208959750792925,4.152366731206576,2.711464811999078,1.7894724742295165,2.227754109173401,2.0717700477991636,3.8012197790412556,2.795950491968912,3.2881122398048444,2.4234260898312088,1.8868158173061353,2.8452525854183475,1.9688292064730282,2.350563782822169,2.0073409985766397,2.363250576288565,2.310294458098032,2.4311747969423556,2.644451300786974,2.2395738510961563,3.3458551775160084,1.793966658538749,2.296764971207921,2.014066580199993,3.1735088662792847,2.6821360523106272,2.5372519221756775,3.1832688903136566,2.6136050571191727,2.7588168267034514,2.417644053853143,2.028098358911314,3.08626042118976,2.7629539991486105,2.300370627551891,2.468092116371333,3.5839454495971914,2.9610195108431534,2.4814096631470717,3.0998153791532843,3.1355747625019084,2.119592392346968,1.840724206370548,2.0791880992256075,1.9875078472088912,1.6192872730686465,3.0112744740564357,2.5869955588232796,1.7089179124037706,3.2842549054748513,2.8312160985077637,2.5985220591015716,2.9391893525685955,2.2443803446138006,1.7914975760053402,2.5184201678030336,1.8184956394833935,2.1205784380973904,3.294762941150669,2.3381516155905473,2.815126046206172,1.9056711442598966,3.199833599619312,3.3327941610035756,2.6196994945266914,3.138196637519398,2.354946271598431,2.71120062981545,2.9825074948335466,2.4041453631091247,2.068156301789386,3.5832321416186157,2.396118439305156,2.5628805324501136,2.57928611194259,2.6082142336872676,2.5469585880019987,3.618377575121017,2.293243377424039,2.8627710213959174,3.1599758595150944,2.121001251666526,3.816383477722987,2.1616840786117715,2.730082199277825,2.294096791571586,2.902236338134558,2.0401226686322116,3.0333541512243514,2.79124839661981,2.0424550375629953,3.2178220494001306,3.1988539131830276,2.003355315054513,2.8377711186905916,2.572036325486249,2.478928434620737,2.6012739296354415,2.2803720818277853,2.6525031858465136,3.1461952235071866,1.973122118815999,3.225468266319138,1.9880317721897367,2.432319551057691,2.67166269402908,2.2993102060253503,2.0630732428294674,2.6981777208035753,1.9874402797010733,1.8037896835416225,3.032111962486921,2.2867556135482845,2.726324097498304,2.065638388659342,1.8264065700662484,2.8185661248484792,3.1718964018474924,2.498177006586055,3.0657204223804086,2.2978280815613394,2.7810184369007533,2.8702547106704044,2.3894890875785526,2.4420583971787964,1.8648538232648642,2.1060436175962427,1.7802033409315492,3.644542246806141,2.935704478508141,2.3561501442044053,2.07062162613175,1.7988439265369671,3.2744600310597525,1.7965996787825922,1.774440128635476,1.9323933102569146,2.4809198402394275,1.7306944879706145,3.789218062829523,2.7983077596431833,2.3302321790596285,2.1799417907636425,2.6324258448885436,2.6839747408713257,1.8188834244150804,3.7457430085940016
6,7.549125965558159,7.037009451985395,7.6447211327962385,6.631093097541496,7.445218750690803,7.8844107687615645,7.940716389352762,7.581048934820017,7.4498681111605745,8.098818888543379,7.424909551462969,7.367461924592396,7.655136558470897,7.615301015684525,7.669238639295446,7.5892200000581145,7.937463061531198,7.652414293031353,6.565741581727481,7.083976253419031,7.303350288287386,7.225600567965505,7.854995296652928,7.7122223555933935,6.618529656127342,7.764079381997985,7.664761803445242,7.014231568991564,6.750571777288256,7.225239340021668,7.467917218783536,7.377089481759169,7.416530317548515,7.520281058967514,7.981821251838386,7.28541506062328,7.632733402898065,7.81820199552679,7.8929268369302665,7.032576162163704,7.217525936761032,7.684840600171336,7.281928592537497,7.508475593893569,6.4584851291011125,6.7141133710399385,7.713648512828218,7.250845392632593,7.876398411484802,7.394047953850881,7.868079939729872,7.322704927059085,7.320916477870051,7.8397581868416175,6.958625224528697,7.31621095395053,6.864274648341678,7.2569443580419515,7.553609869534391,7.5420317408742505,7.399910967067068,7.129365407268439,7.262829581093748,7.882361267233007,8.105482344247374,7.474571383625253,7.5531517858404476,7.119734265608504,7.202802499811441,6.5928525783898575,7.659691120090158,8.127321815538542,7.396109147198138,7.232642862184865,7.709690759757277,7.566004533899908,7.001742696665599,7.087027948232977,7.126225443910702,7.70263796125759,6.860935991658372,7.570512483666534,7.553283210864246,7.7203626770201215,6.588971706250148,7.014479324730885,7.3513511640915326,6.954189399710519,7.546296306807485,7.684973712792477,7.742042060359818,7.259942659570267,7.466233036169011,6.965666159312598,7.302471560811245,6.993927602429692,7.5364515393504155,7.252895560550812,7.3355597169706455,6.644314319158647,7.424338582518389,7.6006935839553975,7.141435198680806,7.245383177984828,7.214237728636506,7.6899926477088005,7.635254444633586,6.9610403121528455,7.222335317034365,7.859461320006663,7.38779842651701,7.9064796705979,6.772398852244401,6.472360722806967,7.1670018793883585,7.644178630096483,7.158969108041943,7.486678767211953,7.529671804570493,7.482733488770929,7.500465693308648,7.614110736725577,7.019949162419798,7.19432956183409,7.574145168738786,7.356970860002521,7.466533378644553,7.874047066716694,7.4405155355413966,7.2834926846742825,7.184419988255382,7.473023274488816,6.911723271482959,7.639234481479173,6.693909418152603,6.878882370031913,7.0027707250665125,7.52204348591723,7.074868304111818,7.218243447889637,7.791436423104404,6.872958396713657,7.279066218370536,7.365192259649901,7.1230746521115655,6.947615478190233,7.579405348825862,7.697689004796435,6.944051194592835,7.3281415119563675,7.5299072460931535,7.910276294595997,7.886964838657306,7.334080059617085,7.8627628547822725,7.188587437024933,7.24761522446384,6.7092257876561705,7.4980498175342145,7.987939677858973,7.1422569411321835,6.980634961583306,7.671057185782938,7.030266352531754,7.4509433505101015,7.130706683872636,7.737081918329909,7.645854467311851,7.358130796939298,7.316889747839507,7.077320848804289,7.357441006628561,7.2882432496351806,7.0449537724419775,7.139644545848358,7.447492757783208,7.456255965526021,6.940939289989681,7.135274443314428,7.888491404777094,7.245533833556208,7.836920831960982,7.53698231709755,7.341526431700283,7.581389223416856,7.837134409690494,6.795958454622485,7.192082515118483,7.7362527436108275,7.441271897350929,7.354226878364754,6.63897545595816,7.56203197191151,7.135172592732527,7.1551271052106165,7.481048870349829,6.651929987602363,7.538111822205707,6.557276019251274,7.211347862385874,7.339619101325267,7.9624529281126915,7.842850489741075,7.473034690178247,7.765617723888472,7.244882704854052,7.628935597783744,7.4205011162608026,7.36512265261355,7.67109654378988,7.6026852096287865,8.077452180693989,7.112189469795075,6.928601038900075,7.143860323437474,7.29311931626038,8.095701392252872,7.1443402817151,7.353780222522772,6.853886849516324,6.437284660705216,6.577411946872774,7.463411621443517,7.176704092824721,7.895405685878927,7.108334159382504,7.415993512696242,7.26013990544312,6.82676926285997,7.086199967364716,7.850281115266529,7.5922630369239,7.414519159726487,8.07666263284242,6.816844216862415,7.222028936751261,7.424871409756316,7.445697405854245,7.141562213814024,6.952047109560868,7.238431971230068,7.098053713588655,6.912708753103212,7.129195245600466,7.325501207369583,7.259903998108653,7.1240805425351725,7.418138279402236,7.718233982060294,6.834591643822317,8.019012297301396,7.168246231513604,6.914476276718728,7.3450196626450195,6.964120573816654,7.006583989908048,7.71857526366765,7.794494420104914,6.932597449414416,7.204990345967484,7.239920978445162,7.53247607217942,7.514843384282353,7.454504493543527,6.651212007897896,7.898473748036561,7.246714416530659,7.380410526965757,7.606269335833376,6.917239974179072,7.244308153381699,7.330562931229039,7.415022317966101,7.917649075212015,6.557241013711718,6.933790404305909,7.293133248371311,7.417411169277015,6.870711654066992,7.140159807379884,7.663271956529363,7.365720431990268,7.749612547006169,7.742731345244607,7.045694185393106,7.940377379767703,7.282552503128464,7.750886327780794,7.505271653079932,7.2460415978042025,7.7029849149327445,7.292428867732268,7.254361312169651,6.964681926990305,6.394311735831633,7.184906596191637,7.31392513332629,7.472297315958337,7.412877848632353,7.201528618476604,7.0926230356562865,5.462032231372591,6.968470595792196,7.6394738648507925,7.589434365788002,7.088659615641194,7.921223467432243,6.9689325274258325,9.646668831487306,8.124827413013909,6.1132400047162845,6.63381521487684,8.397790301952114,7.567385231447814,6.57337044167011,6.797315921511667,7.0590172529384,7.909389277760994,7.943414802083101,6.9606164089465965,7.603313243811506,6.577609177192244,7.13849844841699,6.9666979856620115,8.415815466451381,7.419230302340673,7.355676947621652,7.160667455122426,7.633947598649502,7.3715920232403835,5.49369968635548,6.997928323187773,7.315395920022694,8.048752861644338,6.48335547719262,7.261763433262481,7.974090830464166,7.789522601233509,7.890200038631431,8.593444873917308,8.279459943808217,8.320282103960489,7.591144354721983,7.115713650872785,6.404948490452874,8.007488485165387,8.934139988912017,6.701593710948472,7.134319250104261,6.877739307588831,6.890140925728401,6.795207200170991,6.780430861332783,6.546291149559269,7.735482911919424,7.130115081639964,7.1528905855997404,8.583411057411709,7.327699526116435,6.540169101395517,7.700468847307018,7.302161556804493,7.93058984577305,7.559730167043528,7.91527886380022,7.033112426682673,7.548770238562731,7.005219112405943,9.239072844716631,6.921330117670923,7.685120230153494,6.715307876820598,9.110903147804489,6.946309790185438,7.922307473566856,8.123989038727503,7.985133472109027,5.446639020532772,7.386024828280453,7.715762713105554,6.975651212105688,7.11042628796028,7.027547018438116,6.929746592822833,7.910520995684627,6.820988886834751,7.592374792819323,9.272300200390633,7.290765629546161,7.833433440187748,6.4531651529870055,6.825665550000038,7.004301864610767,7.123978007612,7.795704146971381,7.211510403573264,6.998971671717512,7.207600943592929,7.180541033535694,7.039175625873138,7.5535993134799995,8.067163751023726,7.164720972626489,6.907961228151157,7.247327866566474,7.139661821221396,8.83279345527202,7.453135652297434,7.0082738508923255,7.4679300793994345,7.147870065862303,8.494671335370787,8.10767538071735,6.834064524933026,7.269995770159479,6.35068402235787,8.162811696381926,7.546268163088549,7.030259602786164,8.090705886652444,9.184704531563181,7.199614853877532,7.631019962632563,7.133839861876447,7.217004728583018,7.634418267452839,6.894444037858927,7.319190888203743,5.950247662731945,7.093470150568564,7.631228692583611,7.045604882185753,8.066705145408193,7.21786019911411,8.550658246697743,6.793032361702788,8.102465791938629,7.844167147933307,6.811560006572817,8.914275509561119,9.040305374219155,8.38873420055038,8.181380584919536,6.788318540658354,7.348022414156178,6.724866756776642,7.141990074972907,9.045461347117815,7.940209103574838,6.663000291457602,7.103194041240174,8.34667783802834,7.293998772190366,7.518452552657375,6.768024895215697,7.152212949708435,6.862537054369522,8.378278522840473,7.653820228297433,7.013451878554649,7.135176027785515,7.7315318682647,7.723877221300978,7.3729467342213635,7.937813871591008,8.47233188287475,6.749823615455144,7.0851298262134526,7.612231865230945,7.950964035512726,6.852603860334096,6.595509612592327,7.1478258205624225,6.08537679234021,7.094856107754676,6.717017611894349,7.257396723814011,7.963684306802893,7.192785250103993,7.205340343032205,7.126693805967545,6.960183009358288,7.414471415662995,6.440486220529466,6.920800975935753,5.428094097783951,7.3543790117663725,7.823724959628246,8.614042611592001,8.57532901746629,8.302762114254877,8.517114373712168,7.777035938437683,9.624453921411886,6.599737743474155,7.211744813756639,7.21148805929756,6.931445580633111,6.811132183659936,6.9073484108102265,7.290969385355797,8.247814231874454,7.444436918481755,7.543934779014415,7.600710797710813,7.95464899193004,8.158801228832147,6.922897871356051,7.297466839379659,7.330364458555254,7.205349434835804,6.549220076746663,7.223200222855369,7.244722559052903,8.27268681774788,8.230053046689507,7.996605929959622,7.723635075879259,7.933687268367884,8.160759550059685,7.627002806242587,9.266916753362004,6.716996287632885,7.035501917765076,7.256378666287654,7.133394697622765,7.471733873413692,7.3107903645185575,7.55825932812814,8.009091492189155,7.083270984764313,6.839036024366396,7.647985499221575,7.135970528612253,7.3253421180284715,5.863753047802158,7.179047617665723,6.83997118054367,8.348678329173026,7.464921979736751,6.908554214241642,7.878030668673427,8.435167265208198,6.832116643368241,9.273541530924653,8.296707713503446,5.5333142711234755,7.091897764526115,7.8686475012233466,7.20446436832008,7.99077742992297,6.7416489105841375,7.413566460597252,6.929211638550287,7.723588523533538,7.150810903795849,8.35510110520851,8.152321485607258,7.641890075200581,8.650791912859944,7.094505126881834,9.123048556115497,6.548077689263484,7.853248858329998,6.911046525065881,8.32997280866632,7.511698628620598,6.832306176591984,7.460184633592099,7.8303489824095704,7.540645263730234,7.558048501588436,8.030714688859653,6.910740854543914,7.561242499319876,7.544539313748029,7.55192615651618,7.001079729080244,7.162843057944714,8.365088716158636,6.970255960887856,7.098642581575626,7.265142448965563,9.351958668715309,7.738357360149459,7.915519688443844,7.738892451377758,8.372580494111176,8.433336063260393,7.378553930735561,6.7866542083005355,6.76535042486438,7.337745743827348,6.990993958874649,8.295423116241116,7.408304400625317,7.672634478534473,8.149978210712757,7.7755686529738135,7.552532578160195,9.882582276199853,12.96850937133487,10.31978193652135,7.961709101795673,10.5456491470638,11.310956018284521,9.264720003391089,12.181199092798778,10.216925833257042,9.646118915318244,12.1811844831181,8.448752029948038,8.135103166604921,9.601302392663229,12.317506845388374,11.345263525138748,9.594772171886136,8.527056569838189,9.681634828329608,11.90831327010205,13.185162505728082,10.465537124429005,9.368641267538896,9.67173110774643,10.182387389452007,11.985539388196985,10.340064361448945,11.861382528715065,7.20894389749821,12.672652157159531,10.544421484020678,10.606726300044226,10.186838920742979,12.866178285649301,11.19357057422877,10.124849996566933,13.537896982721174,7.968050409675089,8.629046973864968,10.209220333308684,10.957225268568056,9.674240954169736,11.129570239785808,7.3256132026464496,11.125224370472136,14.093794052959026,8.606504598449547,9.989958727648736,13.07138863071407,11.548214857880865,9.166471891956663,8.036321595008525,10.956336098368077,11.91227115571413,13.600875072352078,9.647402025242469,12.427387587957128,12.374605560149845,10.574873235200856,10.299737053266961,12.203681670174104,8.613113290580857,7.078499685249376,8.684175603653875,11.441582077302986,12.922742849019674,9.565445288142586,8.24121679119639,7.945721836059967,9.23691312490942,12.32139870008129,9.003111354556387,12.210431565272422,11.084010071426043,12.219324635086025,11.050858245867554,12.47183492851707,10.444369754381468,8.915684281317493,11.440816310214181,10.249410475576068,12.142309832317132,10.200693674711024,13.670114886498267,9.385338324140323,11.578044605442738,8.90577966502244,12.195222103978034,12.537084564666216,10.980045678561773,9.842000772124209,12.277917465881037,8.059276140413715,12.39974953639821,11.533079432382053,11.968591245494672,12.123175106074692,9.12030993984292,11.063379789244014,10.618371037156328,12.159879886684957,12.812016730029466,10.069040828151195,12.094594015712827,11.437829043871407,7.733872500068707,10.69941154305689,11.397566551318045,9.50491651600871,12.061666861841598,10.193706050121804,12.605452530138015,8.528330613255727,9.193698762213721,10.948988897367583,10.237342719035057,12.264569644622949,13.143480906007829,11.441642441274524,10.246065446291517,9.6599160716225,12.418240874954718,9.916282901031604,10.898183925950981,11.200385511977062,11.842097452296409,7.88959826601637,8.742381554422737,12.040830020104595,9.514418528003926,10.25564892241234,11.073809241626172,9.464294146964948,12.384485871856004,12.211295437517064,11.162610107936066,10.204984241212948,7.805698786521081,9.220245927862788,11.398830475678752,9.899352644340341,12.450233004836376,11.86772534346045,10.920656894991966,12.715899041369786,11.74267219451461,9.947142167437981,9.882925715702221,13.628095271353256,10.620475570941254,11.517681165011792,12.168705241646528,10.260150632380908,8.13873432151434,11.132087704653005,10.462570648137966,9.225966614256505,10.156749456034158,7.64276779480099,13.117786452132515,9.859921882729124,11.343852017458767,9.260766044821604,9.220410302999769,10.12658087320435,9.459838860110715,7.608434507655777,12.228061225175194,8.711746955140699,11.066923950034562,13.142762703882841,11.011745294016457,8.282690663990525,11.081755859962543,9.575354679083722,12.744966666280675,9.266776124037351,11.522821243210695,10.331854564957961,11.265289422221217,9.04098190425848,12.377344248585041,11.837190336378098,8.858596249467935,12.395490894902776,14.185516517052859,11.995338044871103,11.130792381446724,12.108540099029256,13.53297998520717,8.19859378073281,9.759915235037452,12.89735306045741,8.087279027390847,10.262949410813443,10.197058615188414,7.865631767994334,8.722103620828243,11.177134031955305,8.221506500870808,10.370461260856727,10.935496240093197,11.3323453925313,10.55051243381637,11.450496737389072,11.587030195974538,12.195732488601905,10.648909179373167,9.874493567258291,13.641393742990404,12.21010719342063,9.390684449532083,12.091282030025729,10.08060495479247,7.353207290242717,7.782582679024786,10.26180839339321,12.715697667675302,10.417735375406144,11.348269448695724,8.641585878252451,10.39607227866459,10.750228090956393,8.960021354189966,8.396251642359125,11.331400597126303,9.222503308404143,11.236125806371588,11.986850666290065,11.17635642388191,10.581447041791897,10.586169880484084,9.420228292853112,9.540195132240536,12.644688219952501,10.697415186756082,9.92150987699662,10.623839627562823,7.899035125522979,10.707556371370798,9.22857246822459,9.242741074616493,12.609979264279108,12.415060879922653,11.818121293661084,11.306874907023145,10.038603638394545,7.944499840339322,9.786102912015746,8.416330924172177,11.564710943941073,12.414438254024878,9.43864903895942,10.652030473072294,12.212595425162203,11.105461153309863,12.450416268586572,8.16391485044231,9.164679089190328,9.761777958876387,9.555093289585393,7.934618150991203,10.484239080885876,7.68241991580979,11.21513507573634,10.25191778107712,11.027840836663778,10.579664483284416,12.071871200312062,11.582265006873014,11.038846611571318,12.38098247610238,8.476036102325374,10.28587009567386,9.717848266168378,9.66129537100353,10.282615706262778,12.058044984946203,10.453312863909034,10.365619783487631,11.577778330167101,10.241679969167775,13.33231008655538,10.336679580961368,7.608140539639178,11.954838170852797,10.104397139390402,10.93042224547019,11.664452008838857,11.117175772650539,9.284524202707528,7.986292127009047,10.251288876668026,8.517412414603418,10.029476381105232,10.05825435286935,10.352813588626253,12.074072828115133,7.359642238910702,8.212736683931281,13.202714049836876,15.522216364377739,9.796032538996846,8.189009450997489,8.349333351229115,10.390539203527522,15.09218264386465,10.01055046919204,10.157253422696312,8.7519172147967,10.777551530839826,14.541710007670885,12.217843471708003,9.57523092102352,10.631692781336751,7.954897505244005,9.304682218766485,9.147290635710924,9.614432692067325,8.27164592182642,11.21328070296814,11.277048485493106,8.123197066446988,8.211679853724387,12.14843928634573,10.793704538140945,13.45072944714906,10.016395169187543,9.077115771122044,8.735400075433452,11.643376604654257,11.593423318364165,13.652987532808101,12.93056450968467,9.137536568334653,14.681490065012534,14.679888644107873,7.867466529385822,8.967719763572466,13.545550974019829,15.017174276585855,9.94846061575978,13.143404182152635,8.685205046560647,7.638466914285161,11.91578646533795,9.648781861453521,11.269430206016896,10.243768880169991,13.364010317108452,10.394654565981517,12.907535282688547,11.767293535272966,9.776886891203558,14.17121480695467,10.010855364772954,8.028653972580788,9.99823546023374,14.491223970079302,9.876873122079662,8.18615250621723,11.31256658801968,13.452480177687256,13.731570829241747,14.004601907966814,9.322781983333709,12.337282754824367,14.038596698760884,11.224161698709574,13.803149273505428,13.258523694165072,13.176436761747507,9.479941913829965,9.271461974377463,10.873087678676887,11.99487358724769,11.99812415326899,14.653803874053036,14.125041562553882,10.719056800126952,10.838628288398036,12.454141309855201,12.971560478860859,12.459661922860821,12.6781083177639,12.61965172717629,11.202488399856229,10.617928981513545,8.284702942198145,10.871678218751944,14.595028136765686,9.270928500964967,12.109283483404777,11.435755346122475,14.260595957333166,9.324551224715943,7.236166031483617,8.957802052395857,10.806484678976034,12.230886013566598,17.31746082388911,9.40375874637157,10.324363695867882,10.247172504597941,11.829968481302274,8.466476147806942,8.207560689876473,11.753696650952255,11.818632814821779,15.08568131720298,11.023025624999374,9.183160539847485,9.447324451496021,13.200356733753246,8.118877112959243,13.734507327442001,13.945567659683899,13.900132805317858,10.261676555046295,11.241434445603415,7.844286701210474,15.547655099935472,8.595762150681834,8.298180650594356,14.194816691954337,15.51889372382785,10.749610407705399,11.660262425913569,8.569184531018836,8.624666157945244,13.432552063734398,12.490428318879294,8.771672918762857,8.438682516833133,8.397801708344794,12.5410217446073,11.973465574136235,12.74944427437661,13.524585467950866,12.054840832431875,9.061579395503104,8.640439653117937,9.804533410431398,8.536598533090904,13.599195724424183,8.835127377882577,9.924606086209153,7.942170630737625,11.2518440367608,12.143161409911919,7.308302318296015,9.308915051161108,16.05186572421276,15.029588459878948,8.609259138458436,10.482972840343008,11.692837644887286,14.39413418395212,7.9069596014302626,8.22787326458292,11.747576421900606,11.85148002873583,16.101449355634625,14.383457319069475,12.935245651199718,7.986529977891572,9.312934813697755,10.349514537446689,8.356724119817509,11.849682970971413,8.067479912911432,9.61134130238294,9.018345392029902,12.022350402920882,8.232140195229363,9.192590471700681,8.693830647750808,14.620376319924823,11.307311540580208,15.864312994883567,8.43512596797324,10.236808648702592,12.015181577816032,9.24229543794182,7.798111585671742,12.284448290072426,9.071623262403776,10.404682279540332,10.619403449985542,11.238829977604558,11.820077922564844,13.688483086516015,8.160963945217114,8.479153292861596,9.99082305075247,10.349882258370505,10.075536400373982,8.081908090301347,12.839470208386034,9.601210310951219,13.474843361789588,9.491606867163068,13.093452751124211,8.221382058351264,12.69073663299588,11.587459903599791,11.25071904286086,11.676954086853748,13.907133049645113,13.694537053231988,8.101523681882346,7.691331181581099,13.164833841355367,9.977395484982658,11.954864173758269,10.608467562348913,12.646768376321925,14.61828728787487,10.035791719578329,10.926987267986759,11.778539005017675,13.455288324888947,9.263381152843117,8.490252083535664,8.232822171012556,12.233405736920934,8.614347388076155,12.06664400919254,15.427190435602872,11.290782332807574,14.075190126810613,8.192659795285957,13.54379481514912,8.282777390367198,14.574558258954731,13.437789958776438,15.004341466576442,13.308687322631563,12.37564035572958,7.990600276069712,8.447012749334286,10.347638194125178,8.707989911531454,11.975357563758205,10.20157682066115,12.434940684394585,10.167917685441179,11.782821033587117,11.399088124395364,7.964202640045905,8.398179415075493,8.190288388319761,11.073198014403685,7.858542021998281,11.71177232601226,11.855387645697894,13.194575204222923,14.50848272689499,12.678746487642295,12.21613858721424,12.857964730888675,10.25830598520399,11.88112693728191,14.359819078389124,13.669894158186452,12.016199617226038,13.172303427403982,8.589195897907544,11.087107531428497,10.137066602506039,14.292071803099315,8.927926114156463,7.791083913465251,12.4733690758301,15.673957983097424,14.355846558852427,12.363385505667042,10.717898588755096,7.417900714300877,10.626249813106178,13.97910504227425,9.134262728739037,11.134770339173789,9.00436481074174,8.33715955833241,9.764289525067772,12.945774820694622,11.428261060406308,8.941041924462061,8.643768216276927,13.183983126128638,11.010441149106711,10.661256076280068,13.843094498072924,10.622038969052968,13.775968713057496,12.488728792915854,8.850845539520705,13.531300887980837,10.916627226501985,13.619918534938954,11.27589468793778,13.84084821403209,11.643456120331619,8.608714627806867,9.941954817308002,9.897897221938193,13.20443672788587,10.845981118238754,13.818424090721896,13.586067624853975,15.492979795497218,13.760535783014937,13.703009158738869,12.106812516676198,12.84209689260255,12.988123515262103,8.079136257212722,8.522039830406426,11.261340825205727,8.777404415434464,12.6925195440763,9.489552841988237,12.935472976629761,13.32162343273004,13.439793855443465,12.217434449856121,13.789486172850749,11.13475696656159,13.29160719099645,10.857706127680732,12.465695968890198,12.808471477709167,10.938459119259317,9.405532917702738,9.078260054849963,10.727874176992396,8.490698529268588,8.764441180691769,11.060470287851627,10.672855751126109,11.60772647631296,13.813692224006282,10.9060797894332,11.664863789976234,8.390926793264851,13.763331684729293,9.198613798264152,11.264696225515465,14.148538428331934,9.098888974460943,12.005064464084047,12.464332502139275,7.723715693401824,10.369466502466512,8.001815480170807,10.959867977736412,10.905991539735119,7.922387210313986,11.42891344915422,14.52190181531823,9.748293718296035,11.101049462448286,10.71324170731171,12.58871085409482,13.528042077220725,11.334907571888444,12.712916636940523,10.96964408635708,12.581541348518286,9.89037774026781,13.066561192608878,14.654023961486084,15.057198384494827,8.859695822799981,10.345998627623942,9.42789526482208,12.886233255958063,10.638159751022018,8.515163877689421,12.70186576534809,13.011764529737682,14.416713057381404,12.265097737334276,11.930407206761652,13.34857064035191,14.03609198951717,14.538139794809632,11.047150721118653,8.770138446066348,9.700397331459506,12.64808360564834,13.104122526336873,12.912731818596628,8.445318016071408,10.68734058127809,13.964095859973112,11.454091482626785,11.03586628828582,11.703515950964036,12.436721933752688,9.251297284075788,11.861600229455973,11.127422641806302,11.539871961818061,12.364591246732045,12.357624986819056,12.509452982995377,13.117149695374893,12.226143980756643,14.251698504241721,8.519170597495068,12.615203450415624,13.982848779358145,14.129473330213772,12.937922009851658,11.04494177371887,14.014535727943715,12.66616956557972,8.153159060051571,13.31176617625515,9.601865534254618,8.68770923506879,10.254850496315587,14.755943151816679,9.510116288327296,13.255764427639622,15.686897199310065,12.554956221085027,12.811853128963977,12.247846645353238,10.885599473092373,13.671081740006084,9.859737057469728,9.368784091517838,8.358994567069482,12.501008532346285,12.297069748469521,13.366326374483231,11.661261298524757,9.431099933296954,14.183570166902987,13.164216438627141,13.902278222887954,11.001423830803724,11.837993024410421,13.212886400151483,12.844207188672609,12.635823818065866,12.691432764186294,13.067035365803326,10.456862764686806,10.44997565791007,9.166258651135452,12.427103122218867,9.254651893282693,9.771277378669481,8.816853767792344,9.57849963688506,12.51696278178434,8.052808831195877,12.951678307412722,12.815034849618712,12.44311084614874,8.332102958318806,9.314171005675137,12.694128224837275,8.658983258193592,10.008204027238271,10.615563664998572,10.181998189094132,10.371098495104064,9.972816766776653,9.809496476457266,9.716595482097695,13.476310379227039,10.773540513131659,15.409041798016307,10.471871514234898,13.046766282983333,7.7196936659302295,12.724322390751666,12.613834636565413,11.600631769639891,12.320690449716341,11.625740144900904,9.485846631782495,11.18582853452749,11.992212700070334,10.702317168281832,10.098363561374187,11.752275053049779,13.340082933969331,12.547940890776397,10.687116606789733,7.926853939041947,13.542624272555129,9.063711745790295,12.347689285986418,11.638294533315328,10.238284678241282,12.030264803460517,8.077970654412187,13.537341456711914,12.72075229268517,10.116542689579775,12.398105821101858,10.29438884182541,12.092874588795954,10.670676354846593,12.914632180756405,12.146775141749645,7.933237150978252,14.085345832276495,9.117234496107717,13.812360403824893,10.882421413400579,9.925544774280953,12.939343813278914,13.31185619067559,8.54885545760014,12.16676414371624,10.980000147576355,9.611938081401728,12.940541251498653,13.481020855023845,12.201409729943077,11.952159716029916,8.441874560183841,12.264344683955244,13.72163811708203,12.58445094561588,7.906703924058092,12.069553252444393,12.851466349236354,14.148947832839802,8.52941369155647,9.307105237156685,12.078352643115752,7.278804141288105,13.000724931983276,11.625468557364142,13.742609306314169,13.16189680852683,8.619058864782781,9.253557226421558,13.041369296299768,11.552975614627039,14.082638389965513,11.846193148506833,13.638746266991246,12.567503771318181,9.752236106574026,8.06076789032689,11.530049603571623,11.448249850536808,12.224567770454684,7.528344228742141,17.15420342672493,14.198413710660832,13.979563871663226,9.374466988702906,9.203129164366283,13.640794976327603,11.729521312968027,10.808820535351103,13.287838967241997,13.12836484389339,12.858057604978931,11.127693074135586,13.36870142166099,10.06968311641611,12.716351969228556,9.710360212243382,13.09483116726215,13.744361050662302,13.374194171637392,12.085751235704919,12.02685924085734,12.27042602502835,9.31777444394326,13.267329946960729,13.738182000920807,12.631230229649992,12.193059604727237,12.6979815550057,13.123263732709386,11.372875308713343,11.284098918752106,14.451696988644635,12.443998471280295,8.404871926875966,8.255498695139174,9.841337337659471,9.958295997179665,11.644968540238821,12.447444465779855,13.110157028146567,9.829060056921003,12.55781069408713,23.599188335813686,19.30791454611575,17.586360929041113,18.864418580221773,22.81877389581366,17.65258825428111,20.13940178314282,22.31317811719885,18.729881935750495,20.450115036051244,23.591546706926085,18.300265984228584,18.60815586896103,21.686433512412247,18.121688932209388,20.590348244094375,21.472126220951914,19.791066316424846,23.08442775574649,19.4279793033956,23.16769830321846,16.964758563416122,20.95548343208941,21.220879830369945,24.70345876193132,21.97395743243616,18.893220140522015,24.41833567726167,23.499331155030635,22.757391419884197,17.04659103818076,17.04386450384581,20.36360217307088,21.293808328143935,22.41051194256885,20.048698930574783,20.32053241389488,21.931821331803594,18.78346797580311,24.001864008256867,22.283925213588617,19.45837235597483,18.169313031909102,24.76558601961378,22.498170596397582,21.788989069254892,21.233315243071463,21.901363573684975,23.675605671963716,22.749240839504022,17.892120764846048,19.56967189419198,17.15859588438691,17.871853554402716,19.829933541421507,19.479313673689813,20.306246867184726,23.571756768751786,18.811986902124488,18.796821405946616,22.998319690100473,19.852389494818063,17.94449044492737,23.13454325369366,19.998696282487153,23.182551845133606,17.80923700398616,18.773658534911355,22.634606335816514,23.687495724955983,23.84626560761363,26.059635552729652,23.75891538099449,21.635719812475507,17.919209581100784,22.74381646498178,20.994215492768575,21.959607030166175,22.18463524430541,21.963003644743775,22.6012857271743,22.96096722798563,19.833336208523633,21.824847815146022,18.002904090560833,23.538429017313206,19.50302965827756,23.454532692712064,23.251204036500564,22.40019119128803,22.291934340131657,17.798304295797465,22.844788410386435,21.03648517651008,20.504818553125297,16.754487684906017,26.269539760321287,19.513354594167904,21.481606568615742,21.908561851664622,18.659105225116168,19.593691227719372,19.292289779812478,20.313829945523132,22.853291099524018,21.953857516957584,24.478406527113098,17.571130432676636,17.38273606791793,19.912212135585236,20.58768904503739,22.15365542103924,22.406631264793656,18.17387451934877,22.326130334450674,23.886346562597716,19.683920652503016,18.85553388194022,26.517130121523422,22.328671657669904,22.048705428493022,24.21960611125984,23.502466396120674,18.947698119412816,22.420323095349467,20.046157624042202,21.924029500473974,21.298458796392573,17.187702242995766,21.53934460494823,22.40788578017,20.31902381168933,17.38451405535796,18.964440785396672,20.71918541651421,23.309063628850264,17.678548966103385,18.960372024688628,21.794893279920952,20.730369445328133,19.688818440541333,22.39976871214858,19.861467066408103,22.45205164567261,17.77406533827648,23.271746957266334,21.168311146198125,17.180727357940945,21.918543937442706,17.962863482243307,19.257050050946255,24.378614956658506,22.17530307823609,18.498045045802883,19.718681187089963,21.22847560990727,23.585089557809894,20.36111476546429,23.908225587076856,22.56831830359396,21.807752953157635,21.63399780000766,21.060916888550366,19.246427880385852,21.869010753845252,21.81153555794827,23.507559538195885,16.922984029097332,18.817473940037384,24.351922452537835,24.505832286300404,17.12209912683095,20.06983986452387,23.33314006848038,17.677719744437375,17.7553832110465,22.94892488825726,16.792943512940745,21.898689825691207,23.52984722813938,20.16362673955754,20.178673877937943,22.996901843597932,19.969557542381143,16.928530734762422,24.33796295034353,23.12955979471999,24.613360140825154,21.977662930706185,21.00857235809174,18.56391356671501,19.931766983993647,19.731407353323288,23.199051047106494,22.358975193232,17.193729254084296,21.989168503532543,19.103616393668567,23.350033452657808,19.298489801765427,20.0301377473311,20.023550447409526,20.17404222321574,17.68528976126526,21.67309421055133,18.349880263752276,21.98817401823464,23.65072976327537,21.860703092689715,22.29692027837293,20.51907981646016,20.80428971647548,17.17478936152719,18.19991119067357,23.501036524261686,20.261643416618934,19.044261439447084,20.998667879462108,22.01485528318533,19.95682473362936,20.94823409344675,20.168445853277227,22.243215139438693,21.974032210682335,21.64412421126306,20.10049379058807,22.797630288749474,23.516659723948962,24.05310520767509,20.228845340055276,24.676837411531842,19.137470467786397,21.214254508253276,18.25844797582328,22.120044756827735,22.72451146433243,20.077845714395874,21.311541377968297,24.38460658283642,20.077067883306295,22.24188864666124,24.681937235998436,20.18014764513215,19.667677486217393,24.153027326761926,22.309882080667048,17.028742531135467,24.515356450132582,21.920491982882943,17.17216567121345,19.365285676716955,20.486596180242998,17.233834867265813,22.31468703401381,17.024999707488053,22.282361662656,21.697809525939363,21.11399283186291,25.03613281548209,20.70711757457297,22.192135661509024,23.725827649541507,22.580852284054828,20.92709182227763,17.011506806481574,18.270498475525205,23.901305109305945,22.092727283282596,24.639691894377133,16.755939392335414,19.876121302050247,22.70764075119143,20.836447113877746,17.35869610204897,23.026501188776663,21.729465162978574,18.489616262157412,21.197594018000643,19.75375209798177,18.372815059458823,21.703695354233723,19.770377072810284,22.1876904677076,24.490256636855694,17.44801314264433,23.134937477733367,19.43617310025064,19.194403368201595,19.666673922377974,20.354194623267823,24.141094759456344,21.97123457433561,23.657753249848877,22.279237207481504,23.499318123826928,22.84895670315168,20.797393748280662,18.383454350096887,18.814056128506746,23.264133980059945,18.258214208225365,20.19130698796415,22.202254392121016,21.947849598043387,17.212546239658295,21.390141557572928,21.37705999081854,21.129641754600115,18.19864431586876,22.064335553020783,17.0247247416136,17.042968187854644,19.432878638699428,17.831023360787025,20.550329600785446,21.64138759736775,22.884003483291924,21.045048296762594,19.12920448428722,19.65118345685831,17.45843648048846,18.215095500282757,21.868176567478088,17.24234754633141,18.862463210831322,20.580671362868113,17.819667196114818,17.833191626097854,18.89865211618126,21.945054106587396,17.964390283090484,17.27345325343242,19.299482436963523,20.983480720884263,19.213471798643543,22.487420682380726,22.130583305460934,20.833217003984537,18.3806209439229,22.09916172611024,19.723131195017846,19.518923344446158,17.301008760653147,23.0726855417206,17.986605360750545,18.711804159954116,18.82872050856627,18.212330987587997,22.45975388270841,20.260416244409864,18.553073289966765,15.957229161258326,22.64669444310459,19.65044409034164,18.95048988288962,21.612371937228442,21.38576936220075,24.369204127271562,16.985450154427326,20.018086672248437,21.601450634967062,22.39350865429398,16.92269900888043,20.53264454201871,20.755281591503955,21.194342060282438,20.528372272233383,21.176407530924493,19.798549502622976,22.07278540201006,19.63906431567011,18.458901657735844,18.483213080255908,19.25661350497562,19.79455615430192,17.390497329507962,19.465613416106294,18.65006084519421,17.33274181598839,19.193536110089166,18.311204511576918,18.62405393399866,18.958258886869345,18.20003920890226,18.355179340477235,17.38726626259866,19.61151509951578,18.22886425448223,20.591295064907147,20.00069375666323,21.1700442021137,18.840254949495478,18.170758046075566,17.875100013130737,18.99702218463346,20.89756799751262,20.227553208752987,18.519235816161586,20.483652091033797,19.80673970296955,17.938914255415902,19.948127253990325,17.614137793737516,19.386796153101162,18.36393757471845,17.752192510226962,19.09162588817209,17.745807733516326,21.092786259000093,17.3586277029401,20.367182211011304,22.560905875808047,18.311306824591206,19.15337971073412,18.51371097694536,20.695763248188154,18.961720754550083,19.56938107836448,18.07700163857685,21.110794563645854,18.44331115745908,19.538736678639054,19.01405932830508,18.34172650282921,21.165105126969348,18.658942714911245,20.88610096374301,20.632436526534367,21.508197418680755,18.889023775306296,20.67513350763738,21.297975704209446,18.53052326513991,19.79822533820268,18.76736297190099,19.923407975154074,18.582302992941973,19.485792634146275,19.003004850292154,18.362895499530822,22.323347769486933,17.087775916672996,18.01237321982908,16.1964862937179,17.757266472508352,19.821327679320138,19.182497755951513,19.555184566310558,18.216993908786957,18.59623763266812,20.937423215012696,21.676941821776722,19.40030164085977,20.830328860426047,23.46256524893833,20.949255703021993,17.972333316856577,20.08485420739663,18.741108538295922,20.962505694713627,21.918977114616986,21.485790395500832,22.375966738149266,16.96952129735094,22.833203057580985,19.758350643132044,19.15024295431854,18.48546782630627,20.56404162572566,16.53541622190399,19.294006337226882,21.525670955976096,19.596222933087383,20.760431836720823,19.810642816384508,19.7408538483013,17.234058567257364,20.875885287801168,19.564723640754778,23.574498528875054,21.198348234576972,19.103806158246865,21.29427221249507,22.480181779075007,19.700753532886452,20.208170393976815,20.758221377003196,21.472174500823165,19.46577775922692,21.745449844466908,19.68554262457653,18.81215138161214,22.604785946365322,20.358439385114153,17.265398562800325,18.09172214204436,18.528941267386998,20.177585783874886,18.107504215330835,22.324981023038156,22.52458693461374,18.486616103527584,21.34209538062529,17.717367627434538,20.093527216234296,21.944210904912516,16.957418399726233,19.10756720139145,21.90364339428295,18.212125879491957,19.663573673436257,21.38909345958496,18.27825286574742,20.284374326355206,17.30934098367237,19.95007758002559,19.88590060825406,22.12273879208572,22.003696059693425,18.69613712741684,21.64465544450831,20.04905212591491,19.941827527595144,17.84109602105232,20.830977437793933,22.531560384405214,21.695858214111478,20.866421987500452,24.77468159405099,19.139359436879737,20.443496278263172,17.314259971359892,22.22855636104359,20.10545053825454,18.279991438069125,21.868296363742015,17.63214556427375,19.182765439148667,21.487587998315966,20.5398166263911,17.057800581375613,17.674358091484155,20.167265747386363,18.210635205750478,20.095248262623446,20.339575157801246,17.994505074556326,21.01140892352956,18.48389046434368,22.77573364321889,21.38667169154033,19.76847177544585,19.692467677247734,21.732465443762106,17.415081379830486,21.766986287413413,18.868523457195447,17.822806185651697,20.964166881379747,19.13142344045572,18.872898285297573,19.335695849410435,17.604405338299845,17.835617816013137,23.421426676313764,18.011923986469185,19.322126745853012,17.713714701737274,18.874512519600735,18.704273423656165,19.457815930594926,20.171830068708733,22.471211636046156,20.14251002452321,20.093154589407835,20.71071943551305,20.33006262770598,18.269628936471836,17.9954937966593,20.260892222192155,18.580494255086865,21.331112665453304,21.372722900948705,18.24269628173814,17.14366162030811,19.533809877506123,22.377469319852036,17.279786240224414,17.079785467361702,17.58866178421503,21.286816713895938,17.773982276056138,22.087434558660632,22.20559281823884,20.37953747593533,22.489094861956595,19.72848070916589,22.532038781930588,18.04829221051304,22.16988160277833
7,13.196963946577286,13.425552979284962,13.296761247313626,12.399699081417292,12.866257493879708,14.565915496776991,13.435506465762218,13.435049139290514,12.987958476682003,13.26666820733176,12.812136603134185,12.686268064392348,13.102912988085203,13.124272427921447,12.473292091220454,13.860883498009626,13.405220295999717,13.27016546650831,13.130869018234117,13.449915915221439,14.194589820119427,11.891612331215027,13.386543177895659,13.884270156927728,12.035983984520875,14.318903456715065,13.778081526562696,13.465205154205687,14.101153998738477,13.020304170388004,13.457106914702694,12.750693097506936,13.389141040966821,13.128932584015491,14.854229734759615,11.73844617530619,13.200098607524367,13.201547891052881,13.921079416753837,14.196954411664075,14.018077621561371,12.45162881322956,13.987170282480061,13.16865840168157,14.183005064243655,12.573226365018614,13.410060238234657,11.74723895289175,13.217340438811485,11.910564454308611,13.276927250439138,13.130107903855485,13.122617902592868,13.848632170529868,13.26511629484559,13.949832700956529,13.880510208859398,11.972751599288678,12.896249302254565,13.421334700684922,13.608950593600849,13.028695566341215,11.824421161695067,14.168119319417736,13.322175055737109,14.374195526585792,13.299898215191876,13.035214058164744,14.086844198606533,12.800493983041731,13.122363506298862,13.42665343250315,11.978655237355087,14.321796217721566,14.340146683815304,13.327578110575262,13.123542774211428,13.80849272289758,12.08416867530669,14.299328606756362,13.910359551340317,13.951320946540191,13.00645061887382,14.305369561230517,12.91866860566164,13.467227176004005,13.155146183741852,12.09975082933307,14.483655793533329,13.344437621123937,13.37752692022435,13.429413724228684,14.382544878730002,13.636951016977967,14.828366460913168,13.401385141735023,12.915374809416944,14.126982872482385,13.53216976027059,12.087447214508877,13.014383560982413,12.817781603112795,12.935801375755462,12.1814808501235,14.054883128093858,13.054243529609117,13.200989510550468,13.864953597525576,13.660093526995423,14.53299739106965,14.0632383631861,12.892810810797435,13.754300909663288,14.06879323235305,12.0983963449645,14.533146221791132,13.822560437691225,13.88048194198135,12.083456311143976,13.036170298722357,13.740679971253348,14.522766799038566,13.511192447057416,13.926880475376734,12.058266607085962,13.556345514985239,13.572993132923077,13.337147269482683,14.494953458077612,13.03031025729526,14.005001790747073,13.866060312557185,13.762644374611751,13.830384901349845,12.234558627389314,13.927243717532448,14.175033674744753,13.90984730284777,14.0782647537428,13.674021031423718,13.472078736536341,13.740121932280758,13.09321613992205,14.154972298724736,13.407801715423181,12.105950028983214,14.491496134920226,12.431469066878039,13.576175981327708,11.81542053298524,13.421251789198083,13.55077101046318,14.503664801717708,11.927694591162107,14.12023087120048,12.133390117978212,14.264433580903384,12.578175590697414,13.181850579065344,13.588465000635368,14.088747592481804,12.06529429576008,13.102408512457014,13.73922411376776,13.039190473859492,13.457200436490593,13.805463585889267,13.370075649827,13.174520376610989,14.76566014934238,12.929449327356904,13.198750103528058,13.06998930707126,14.140789643037827,13.4793920289624,13.905342276706845,13.06038446317043,13.16801329591861,12.008463405626328,13.693246493525304,13.45339341477136,14.045016383264064,12.86638516907104,14.09362714283586,13.426703037235306,13.866015777372736,12.672800367085303,13.638967322890297,13.354896504486339,13.052395170849797,14.151765684333744,13.180271624498493,13.347187751002474,14.16789623996434,14.82458644389327,12.555600333978227,12.35159263126336,12.808192142465824,13.434105474350142,13.960980259114168,13.149270979997757,13.717655972652482,12.903727450561954,13.471104657721575,14.069827444127137,14.27949972792463,12.544655039794506,13.051994758698351,13.845820636975422,14.424142764501656,13.483398971296296,13.380950144412857,12.111199959413513,12.0732903222102,13.533421150373869,13.58263953076732,13.328118622220792,13.021206369107395,12.700091242802072,14.125869458850794,14.242983334739636,13.882844315809582,14.460981929444669,14.792834321697372,13.385287833253013,13.453323210101589,12.156498331047269,14.87132964404768,13.793224350422902,13.429476467585717,14.025123904506904,13.171603683305696,13.234549318775167,13.288892984373144,14.186393986142507,13.513918561946104,13.082048594170343,13.917991014560835,14.696114339738697,13.048793541971266,11.895789308214766,12.98721554190531,13.822475223751702,14.128699613972312,12.15953395224082,13.545630483103904,13.00371466971576,12.870940431827265,13.618856070371812,13.2280826392244,14.819389998721817,13.61885369279637,12.076632731986392,14.158533334003206,13.020965049654087,12.930860063355466,13.30795060875906,12.368533579985149,12.113962739046212,12.3887037734629,11.873248086883349,12.827157798649685,13.022329468551067,13.859161384794167,12.189341240972892,13.388970882684058,13.413962366765178,14.041682980341891,13.294165285751053,13.76094096876461,14.37201323681755,11.822678013880667,13.03200949293353,13.775857088100459,13.911280859191328,13.037423019389164,12.222040089615412,14.224592165871632,14.1348563027729,13.04146639602045,13.764634748156404,13.767097771049471,14.025529489439776,13.942539737114647,11.956780337460106,13.314954450308502,11.949755040977164,13.603313252718815,13.156658172548099,13.420533819661562,12.389525327930249,14.118279439929037,14.846395279260738,13.639369627709966,13.063547195794422,13.397087131672437,14.445469561400367,12.976228649690741,11.892517941450048,14.060766469829478,14.49996803101645,12.572500709501428,10.876326381394525,12.12211497931486,12.809594755520454,12.940634940283056,13.89985365034661,12.676176207233855,13.082152550499552,13.842206277369883,12.40816093383006,13.082338433308921,13.33631977151332,13.986695270429319,12.570264975142006,13.145625379424184,12.252696007430156,13.672784387650536,13.257633868569561,14.098433599893488,12.850288252244379,11.983198221198775,12.264999501840872,12.501749914594928,14.711641304555052,13.591075918432718,12.03792337638465,12.23659431667768,11.705590944777308,14.170165581765364,12.634698674022037,14.729774978546796,14.041378405019216,12.581257034404667,12.697353936973482,12.79151938859088,13.14494258360269,14.155783133538021,13.873526485101483,13.93748507241919,13.399424890678203,12.570958337097823,13.987776491881268,13.781132810418312,12.550205770493033,13.022074444865744,13.53226517528222,12.436912992407814,13.137394441456829,12.323081763042351,12.573923166556712,13.553224525463964,13.439297672713753,13.176190338055887,12.919354788771999,12.306707658410456,12.950880395697116,14.591115922847333,14.789759275088885,12.989204905821044,12.192682976940796,13.586301293353037,13.983382296703835,13.198769958870649,13.981667803419938,12.197397714462028,12.871687763514341,14.409185120637703,13.928571424991313,13.673397326781961,13.228376918689827,12.353906695646417,14.284873132331342,11.87235378331164,13.802372217051376,14.568738312295372,13.064419492736542,12.58049982163847,12.762636303544916,13.242020073542166,14.468155489478018,14.045864062982217,12.084234952017109,13.804278122244382,13.969987948157863,10.570699868560538,13.155020430803875,14.435617996282962,12.577711897898713,14.036179288607254,12.685355011231831,14.197883200579888,10.815629261378703,13.965151958209526,13.297150257297485,12.736329387524133,15.75520493808413,16.90409019776485,12.074052827846483,13.427193043751977,12.753948096955984,15.700436791339076,12.327556381341484,13.497750903088495,12.90871874890991,12.416275380504837,14.49331578112498,13.150214710631063,13.058762393469928,13.053492546983772,12.768287496156915,14.594142572187433,13.381909182805506,10.514229480750956,14.216359173280285,12.004509909129181,14.493446492651527,13.163762713915267,14.239395768317985,15.328844989638192,12.942707098572468,12.391943544859636,13.003625418247829,13.126188467222068,14.466873582767285,15.13533766134626,11.809291945931989,13.124154808756337,12.585043062774888,14.299919076845024,14.874416251330151,11.893091339348205,15.801151005604027,14.735700002074122,14.062834467713751,13.445862047514947,14.89921619646893,13.602260491484435,13.090220097479802,16.107273847355973,14.31927774619661,15.911994156958908,12.787496164419881,15.6418871895296,12.527637051773977,12.845612047143678,12.235953514413314,14.283695112200208,13.433836045465824,12.907163650760408,13.77064811926767,14.419322734674857,13.557134509337263,13.45694480372742,12.455828690304347,13.597063958119975,14.141282780695981,14.948132015638508,14.85684102438006,11.887573618884414,13.073500849811198,13.141169637216274,15.333513501032083,14.430058712567169,12.580018886380376,12.217976559901778,12.444066262423604,12.501473913086523,13.08993127214886,14.000612046981832,12.875140877481488,12.908555013959681,13.147605264672995,12.574942052941541,13.679916246176958,12.351451780805554,12.20812454278753,12.639429378916432,16.76228471093261,11.95457140933577,14.61683009953443,14.168754995538318,12.43695531165074,12.671448766186222,12.461004647021866,12.528034334630998,14.257325484428671,12.416558387280263,13.968832046111528,13.980263081198066,14.684461438388624,14.533459083859796,13.074942614887402,13.118988563126962,13.588632926921182,16.920411727889846,13.466328631062035,12.593963715703671,13.607184445091791,13.623610896369701,12.139365675150339,12.019186125836157,13.178569413363157,13.237571351440154,13.476928947302282,13.495549666781132,13.04911690230898,11.922159112255528,12.57104947157768,12.593847642302984,14.690460282895248,12.910875201251399,13.477206017449621,12.897686871582714,14.80174677709109,12.866292306959036,13.918674836879456,12.695631116928347,12.728912078611023,12.86532856566342,12.217562688528849,13.906268861810082,13.877042813132098,13.315438349009563,13.550275116842714,13.631263018915467,13.198987545198479,12.873072692252784,13.286078404395077,13.752218314054849,12.564484817850627,14.286947469272024,15.105504917621381,14.595613293085876,13.730141475733422,11.837290787950044,12.949940765131768,10.507659373077132,14.959240094194257,12.811165507045217,11.849542467066682,16.081936090189878,14.278252884610664,13.634912200204496,12.984641520141862,12.00643978123791,12.682903581604931,12.579029850435058,13.87334705638369,13.022504465701061,13.511099665669121,13.686519898617806,13.854505949559458,14.013072395228468,13.438078548982798,13.439408185613221,13.199249196558156,13.21108366307901,15.40012134440908,13.770388353946515,12.91457323570844,14.512236494989223,13.873700888714694,13.342304690998938,11.490486136866123,15.636203647611808,13.70331346684622,13.493691594064455,12.974920692782415,16.555397407458784,14.505722154777875,14.757755189423714,14.712270751595732,14.045145908074078,14.153346790643546,13.632604156647746,13.998841642475117,11.643016024906464,12.204182124942642,13.483876040442743,11.681980554992485,14.596337017239998,11.348879890845792,13.067160289153762,14.05515648114703,12.39226923205198,14.27011584019893,13.601147436537882,14.729602110643569,13.824603592037462,13.390192992601893,12.478169031518561,12.281791543080434,12.309986891446542,15.250275432251456,13.25988600950751,14.255473670280688,13.162807228552547,12.952691027043572,13.740083925877297,18.357284075270236,19.871307476306423,20.219149034974258,14.114699176778684,20.42849595965708,19.95061508552321,16.50330107319857,22.394980950227477,22.366658744237917,19.146881979676674,22.393414833624153,14.256590626862948,13.971854612550125,15.347034358434517,21.27164442566688,20.734995989616333,15.96218376528423,13.622379241528316,15.669076704994996,20.534007221091784,20.255225360027257,24.74555576844274,18.248491204490335,21.33300054344636,19.168518847037706,21.71559348168556,21.790009667804494,20.624732694917416,14.075680012472237,20.20719881346414,20.528530371029184,20.06004415411974,21.29499020269704,21.764070818972105,18.76701736053459,22.337902990783423,22.230345407719373,14.066729316167642,14.862744827996703,16.843156191890706,23.71700751951765,16.229384835419683,21.451214272979758,13.720989640718278,23.701804440726036,25.32381936116803,13.798728110855466,18.932736086443793,22.54564056138833,20.559619849784433,15.935452511498529,14.971462466792413,17.7675149116027,20.25800115278584,19.994076304574257,16.457043535348674,20.11231905525303,22.52735814359273,20.153387288862024,19.65309743915177,22.235536270319926,13.442728829850957,13.802737110671465,14.292427521063788,23.116515120223614,25.42683703801115,19.157978991008044,13.853329067835915,14.90995339299882,16.233653248793463,18.936079164978956,16.141375070713686,20.862277988097965,20.10080289970126,19.712412800445755,20.266808486960173,20.468369055044594,21.619415482250393,15.176230158731979,18.963526445086675,20.031130769742813,20.94719617606213,18.765203999482015,20.524713272498182,22.80598585062213,21.80392451816417,16.907729783023854,20.868448387525262,19.257366892795034,23.67107524238308,19.177446915657335,23.926457264775873,14.946638236793655,22.193462199348964,19.572628835215703,20.776505854404668,22.412056920832196,18.004712113790436,20.805545443064194,21.70525434298115,20.02731183601605,21.77612525466826,21.070813890339284,21.246545084799898,16.660241617929046,14.955022628468182,20.074651603754024,20.804738860390376,17.232039173944,20.985041643317402,19.657043566162876,21.990872665960772,14.898953068306065,15.296601862242923,22.86816330737872,22.119398840131268,24.53620956642526,22.16330527962445,23.711512423096703,19.68600899614342,15.920416288596398,21.04029485776936,17.72353368202281,22.211897681698048,22.946233314592337,21.28432909352542,15.817857347468184,14.32231442453858,20.737763748406778,22.454860769652527,21.104744709403995,23.202972240845707,23.204178457507957,22.204346069420357,24.06029161711285,22.097187712513996,22.1096739030601,15.540874467958876,22.014032331246526,23.582844080845938,19.439905517815365,22.730711501793433,17.147446937748214,21.677112566834822,23.70348205079656,21.985031135624418,18.98240684334223,23.990819565713156,21.51673150510847,19.400230027520887,20.440894433904376,20.797509059665963,24.446643480041665,14.726788743398398,23.75039074984343,19.777459919592058,17.002920907100947,23.40382772009218,13.188196691931116,22.058126691649967,17.77174273774029,20.662570790783654,17.85064172498704,16.91012887613408,24.38482433434774,18.42342713443009,14.329144869853131,20.90828621228733,17.821857022211557,21.33662927409814,25.398032374486963,20.735630254856797,14.406519775195818,19.97859095024575,24.34747944673945,23.27353266820322,22.89120428760523,19.735663662484246,22.750883233568803,21.434621095605785,17.122227997691887,20.243275407822015,19.97721446243153,15.856733266488181,24.626133501810006,25.309003653299534,20.20934396886062,19.571478963207376,22.406200915495766,24.827493544931805,16.75566963966368,16.55721701256228,19.063313748500015,14.553891893585318,19.70331410727387,20.62711499674756,13.429512578066548,15.476694115670377,22.99141868256465,17.463948264492196,21.854233826226853,21.62635550785437,24.19441155065875,21.684115865076546,21.695018163442757,23.476591606619028,21.304614306643817,24.495325649622757,19.51355167009551,19.996280745260766,22.17728908699497,15.366174708931739,21.252289810813494,20.55783334110966,13.476048365557928,16.249007998744567,20.05631769359777,21.980900852890535,22.14749398153138,23.186721372880683,14.686130311986945,23.242654611607428,20.12829719452446,14.670236532612764,14.315173904238648,20.918648006752957,22.869660120382573,19.892730731676817,21.402059040578326,20.916696641038932,22.790925899102586,20.158822894812964,17.05834440030364,17.1952116029689,18.843618298829885,20.72303864950818,16.828760023074626,21.657954376579127,14.23954884328683,20.58554034535123,14.610386623116193,14.623901189753392,20.27280935010552,22.266143071588477,20.553080976214456,20.841900838429687,18.391827555159697,14.018017129391685,19.887094162425644,14.263513501952236,22.585563492456963,19.154117548582384,23.201971559944,24.398823219906234,23.62425950346104,21.29104465712303,21.507208373653743,13.99050287594398,22.725957079060198,17.39184920621625,19.27244080112395,15.251341934103138,19.33828136512403,13.049381976027828,16.458462212722043,19.918742972539885,22.718274346902554,24.378258857905543,18.387384124550586,22.606534087068443,23.58639547558322,22.458917874716597,13.499384566695998,18.367404786913983,17.478054661892852,15.512866826495534,19.690416521353367,20.040061753670688,21.63024419473559,19.758068594118004,19.763869241462316,22.307994492917295,25.18942694781274,19.91027804001776,14.681408869556769,19.104385868179392,18.687350201610542,20.96505199412124,19.814721629369973,21.85290986049442,15.315261271398832,16.63934868785164,21.51455200743075,13.78052877064797,19.114283786919387,20.332170330755517,17.17196676129736,21.814764037380783,13.747247152051932,16.74553107418268,23.408030120946282,24.763643498528086,16.460397189089466,15.584746974549686,17.28943904181846,18.594837397469245,21.550429529332778,16.03327215120075,15.698636849991177,16.843559068096887,17.485736780202284,25.010715553879717,21.276828917464083,17.52718317408128,19.266126215146222,14.247617567485118,16.037519259672084,14.776305013804244,17.477208483604226,15.717511062901869,18.112313321512364,20.989448743697523,16.550566866457913,15.696006325502246,21.899249839237395,17.972091599897706,22.677690740812572,17.925195916601265,16.369905434713342,14.637294881702335,20.039275111946743,21.0276399306034,19.696490033969265,23.32009482843539,16.135332975340702,23.97540611672978,22.597916848222173,15.00894886690643,14.701094058997155,23.87015192042118,24.746985446850893,17.634335358642723,18.731631561603116,15.308243828563336,13.381790819433647,20.12045545837317,15.24059230480925,21.0433895910699,15.597593983292862,24.59540852880014,17.352976052326557,21.661957349424654,18.678854590418524,16.33660054925933,25.167824555022076,16.310016610588498,14.403957443330256,16.45326052744951,21.06134213330224,19.556803075462106,15.652802440029264,19.957175186057444,21.736940562030515,21.764566776569584,22.835134937289094,14.816937076986779,21.965128926471298,22.617357585794473,21.3063806777008,21.504199483769007,23.052555093317558,23.873800919366538,14.902305549786506,15.02053739135888,21.326922360847632,23.581367211801897,16.49671105097752,22.630290854042936,24.513753665862822,16.724493579454045,18.90122595784416,20.931245429363692,21.344827681002887,19.505245666561816,21.88755684455985,17.461107217947326,19.498186494059368,17.853036701413664,14.91214957223353,19.302375455350987,27.478233960116082,14.674593897731665,24.306015874433843,19.686778928371574,22.520763173002635,16.931558297001725,13.67222848407181,16.413280526198108,20.19642680577862,20.0903906918709,26.182920584882304,15.524932782382232,16.85302817754403,19.23611344603029,20.75892836747252,13.847694648933068,13.573481393132605,20.547363822215335,22.928805591500062,21.563158202166104,17.43335775528167,16.72411256716941,15.04199222633474,23.43464522656566,15.542784274027344,26.74628013614013,21.731666293776176,23.51260968113436,15.62704378009001,21.023133872437096,13.443822953822133,21.542890751924315,15.666274475394722,13.886911201099013,21.47978355837122,29.237446549913077,19.486509148126007,21.084847693184557,13.68073368891405,16.82543791983524,21.101503182518737,17.189327901910733,14.767301289484209,15.977755852738628,15.001114485051,26.363586882518188,19.27193351810353,20.82761807533323,22.329190420111736,19.60724687148179,14.515427113430347,13.74740894511399,18.761269497155585,14.049941016305064,23.078587153662877,15.352814376163517,18.222215814061915,14.837007919593159,18.739102930160673,16.797522042960914,12.862177359485962,15.802654282069488,22.48831421578723,24.09055764665995,13.589631699328494,18.78303154966754,21.491102968978964,25.175939875029954,15.780589195045657,13.252870539669408,19.686744921613112,16.5780225012304,25.675514937875118,22.82277130076956,21.437184117700465,14.475633138661996,14.945912160438883,17.4890477624953,14.681083138273905,19.987341474412172,13.992586420494003,15.864057816181298,15.631426081152782,20.43009778041788,14.699765166650492,16.590957017983545,14.553215772852564,24.73608513203201,19.705433747000484,21.712974157596943,15.079729679519438,18.15541883140579,22.803673386252783,14.60883990704057,13.50632662711876,21.568586346929433,16.031339784518565,17.020290921005824,14.363493168895477,17.04160228423328,26.176843077721088,22.306986620496673,14.006752077951534,16.146774961988775,19.22193371426204,18.353450902671156,17.645008494618782,15.95983947401317,21.970102313008308,14.320459828271263,23.123538152282535,16.91756789827062,20.485265201339697,15.423267553113034,25.30494318938934,22.795879269979036,20.530804663774152,18.984885942908473,23.134937063305617,21.57674151102712,15.090674781120395,15.692212680315937,23.137761939064205,18.536063072071805,16.948248116293218,17.033007912033693,17.485173996341807,21.40617573187379,17.22001926487846,21.262168383280326,18.418740495746828,20.3658597030615,18.0454711643055,15.301584281020967,15.346305073403524,20.274004171194704,14.899823203887092,19.108581955805494,24.867892888706734,19.92665270206265,21.14513858624917,14.008998144732242,20.76658767065058,15.23020958758373,25.231416743564676,23.702970287440017,23.651648119238285,23.8521761455357,21.30634553112479,14.172454926899382,13.458312068506572,16.8685700294116,13.679152330517988,16.976704069076114,17.145070910978735,17.45095570899108,16.98356289354305,20.695973387366962,20.49136469361145,14.816511916779264,14.720633363574038,16.239904711382643,18.78916378951057,13.471388607598717,21.55002253642444,19.128651000448468,21.88655371776085,27.411559498679104,22.465968568015604,21.813522633168315,19.375763211656178,15.51991320803719,18.561087694016486,22.77533427026338,20.460980392554685,19.81231497509825,22.522286528306655,15.521082525601782,18.949647636627123,18.29955684373927,22.10529618602889,15.179052801267824,13.630213126289734,19.680715879591396,24.89987303314731,22.679165149130966,21.203016545441045,16.569809588141943,14.604208469955532,19.13862475224367,24.534067067411524,16.4677170601238,17.88069640459169,15.873297587471173,14.953169573896757,16.675293440828934,21.232774825083236,19.23005297108821,17.32415101911239,14.35733808138011,21.57169473897388,19.452565462040923,18.4837203609927,21.569537211900855,16.653719819711725,21.46554866972397,21.834094215257664,17.70586737262228,21.113244329946088,19.052815715345744,31.899366622667845,29.10374015576608,29.567542020459904,27.677770481001193,16.08523822058567,19.88975676161321,17.03133906258879,21.893849263088622,23.297541793734926,27.3650712320283,32.04565819474148,30.47834781492947,30.67972121140623,31.976314463309773,27.452580379079507,26.07689951957141,22.98679025601476,16.536684284859867,14.498221475930618,29.634247870658434,15.05231316785737,27.54122544425078,19.62243933009375,26.573357386177086,27.7398953423944,27.99429524750266,28.433195064525894,32.73656555320674,26.646738183432213,31.59330019869604,29.0157410243127,30.039189735963674,26.200518890761618,21.69766115253782,16.99691992936792,19.591175876240627,26.829793866538516,16.24073235248989,18.594708220848574,30.582781468384635,22.82261787094186,28.00734984011088,27.22951277271427,19.119625847026054,27.919425081814246,14.742836729067,30.715500102242455,18.115686407415758,25.362505900314343,31.036406638973492,16.70469887804956,28.347073185256278,25.04340649622405,14.168880348045484,16.69214765956992,13.459790259301075,24.39991782278769,25.353452381406598,14.701867651443607,25.343816223371242,30.42514874776097,20.07473173973488,19.118340836523863,22.378758001992953,23.90738473833178,29.22344893900018,30.255580108814595,29.100122201093072,30.05209129208321,20.707496023770243,18.11830067168158,21.34411836903139,30.274600259648835,31.87466700524763,15.726975359107549,22.471934728315162,17.58426556171316,26.58283360513429,26.851121573819203,16.815592234600484,29.636270598004614,27.845632159108277,32.99371216567575,25.795579025843058,25.179299182356498,25.915543899566583,31.598203815822377,28.822834079162735,24.257897827695494,19.448859196764285,22.206420717203702,25.657101889383245,29.296947626194303,27.9478387446973,15.762209015692285,24.558267510197478,31.979450457806045,26.41970427951549,22.504449682325028,29.109320399730617,23.84578377347374,16.900254627590613,29.7837443434237,22.35237401581676,30.177945631834895,26.319947338658157,26.773469586509446,25.197900873159995,27.275209725457454,26.798158701414046,28.37327386100898,14.158913210845805,27.469843086746305,30.348811426718996,30.17062247092232,31.91924200451418,23.797208360914883,27.424907611101194,27.846539039634706,15.263392604767796,29.426369853404157,18.804288763142022,15.147015282451884,23.405564116180045,29.558935643269244,19.803016486001344,27.057490079204342,32.37211906047808,27.08661046686926,25.368527831383222,30.681642440083408,25.46683951404155,31.307225899205086,19.95080823931023,16.927183382607435,18.151677301023895,25.230493469261486,28.251166768724048,26.968637153353583,26.065444567759698,16.014836474141024,31.29568362061452,27.92156618622658,28.125563425619784,19.64808416054596,26.307334844559254,28.310674224646743,24.754032941222903,25.535711925129394,26.958924215108183,26.284736992769172,20.737526959481787,20.22412994359497,19.37449180358072,29.362139837202307,18.72174526580899,22.962721490832923,20.39302033586262,16.05136196487926,27.21769260012631,14.305048331629601,27.971306687541226,27.94781767137989,29.59243746598991,16.09145692801993,16.799579514045448,29.754829186093158,13.92947226359255,22.985114866592095,22.00702416091991,17.940275726003716,16.904988799767253,24.62090750359971,24.772323282818906,18.70191559248881,29.410182866457273,21.972032136983074,32.1706673829911,21.703649982620274,25.321187404955843,15.170662770157776,24.65712280979958,30.910264354057862,24.103874803688914,29.459497637078325,23.70926342702822,20.08531954672735,29.107911231152908,29.76638389123841,29.77391322118471,21.057016709550428,27.91207088608886,29.122697880523344,26.49627009367329,23.940861033681717,15.587847873757394,27.194107073115994,20.67179556681523,31.38546766059496,21.99114377204698,26.331801633031013,28.150239751660926,14.12791597990786,28.273086873625953,24.709084444438258,25.7225077241201,29.1111349517302,26.671346769322042,24.49424456900426,23.767582070844416,26.2647889115106,30.36375530322456,14.952109658003248,30.84713953552928,19.71142676095144,29.983545804280876,30.23574452826083,24.474507984787845,25.67310837765607,31.276064014628275,14.030560997737387,30.33305035850132,29.72808833043025,21.98746925091271,30.697700970480753,26.629306635572753,29.182293543269083,22.522422799210695,13.996855755224738,26.596881318851896,32.645827081558146,29.178035480004375,12.834170944157012,28.648713961684464,29.107907836065028,33.6980905746359,15.480634494426416,18.036498384914164,24.94526414462773,13.759677861182755,24.92498964954451,31.062332926590468,29.36864214630416,27.19525727559287,17.09294816772283,20.09053387218344,27.885654097043837,29.56525314156132,30.462598785877397,28.842825226564585,29.409949621852,20.8168293604144,17.36659137659094,13.34089575978538,25.935219058536553,24.267116791520294,21.96180296880102,15.724414520816657,30.027392984678013,33.75938173215459,32.856301725444226,16.407212059704367,18.614756725547366,32.306403999479606,27.78339502209753,17.711804567863922,27.66309217140295,30.044380763762497,29.445004210532957,24.940383223897637,32.634839015913,15.623582926933029,24.665149054285454,20.483633041324325,31.518890362518814,27.037030372358608,29.487092609700326,24.73804327665637,24.821567645791383,28.431803601932312,21.205520287433323,32.43701699779463,27.98972608756806,29.454348262277726,28.45302469077364,29.90615471324533,25.447109135872857,27.129928107894973,19.46491436320842,33.169535608028696,29.161294185207062,15.015567536151925,17.510435353898774,17.908733974812456,18.829730700641075,25.823925433586243,26.024600135463945,26.389856900909685,21.797053317658897,27.2585458202099,40.21203295832529,30.39590027691135,33.948427569393324,29.252902476056132,39.58600084290835,29.73982003421895,33.70670288904189,42.62348245364771,37.675469036996695,37.40209359370774,35.00195084805789,28.79561602287071,30.891856507485112,40.253718177069956,29.011031896665756,37.67810669858862,36.89404159507765,34.05534627903341,39.954147897800325,30.04791942955557,41.01811111841225,27.863424558795934,37.15117775002887,39.47254534851518,43.573550156745725,36.9451524570969,31.2339258531356,38.58169840382483,38.68552730362403,40.405867461230095,27.309437501807448,28.33563856385342,33.90027567752627,33.07183762764561,36.797670140592885,33.648672181697975,31.733386071691054,39.96744539366284,31.91709972985922,39.62421351395931,38.71535084983261,32.21709558250715,30.80342145910944,39.651646473710464,35.24048056030129,36.6876714474612,41.688324913953565,37.56827039325565,43.277440688769296,37.94002598232631,29.8057535315384,29.918514883680956,28.794740502093777,31.621190645128944,39.76235358211354,29.793986090745594,35.08540199018139,37.58539975665338,30.499358033094182,27.118201181514127,38.11331510267973,36.20031891974618,29.470663611889197,36.62877245526447,39.93485210231452,40.99502994933828,33.54342724712783,30.334910810240853,41.43830520254194,39.549616040337234,39.210938249194115,41.61169473074515,38.56076914308534,37.486691623921786,29.165571452779936,37.95908132329907,31.89787690014553,33.77039103533527,35.988039854512856,35.03476348352327,41.05171586515562,38.04434885661524,32.499700908644385,36.80567674742653,30.18955869695232,36.57086928848787,33.85698831202332,39.61851104977644,42.69287984479268,39.93083740236695,37.006561002409704,29.353999582158522,38.98199444571223,34.73970646210557,36.679559061490885,25.88926669516519,41.6590045592264,32.07040524090961,37.66556349103292,37.645808883338006,35.80097333786616,41.81942121266126,30.411130927751696,35.85834065547463,37.461127271822065,34.766860067387775,42.696266939399386,35.348627727247006,29.323260747110695,34.53462379560259,41.67115405377327,35.3587106383721,40.904005509813665,28.521093204044043,38.38699276994789,40.484481336351664,30.44205622196406,35.27772026580409,41.75724974376199,39.4462478914981,35.85024254944289,40.32695038279387,39.1501145912612,37.70943303765701,38.658370478026846,37.60502336895697,38.21013430640403,32.960809300986405,26.75577236702826,39.89684847995646,36.096911634114456,42.5575487363078,27.197410926737586,29.544333521275867,36.85070055577745,39.065302955819234,28.83538266683468,38.231447233435105,39.489528536171626,32.31761337488123,37.92622420742596,40.97239200361497,36.97591465163506,38.39495929026192,29.886410992823194,38.90888116516243,39.86803632820789,30.531159377051374,34.10157827373864,29.98719053000205,35.75413234762663,38.47089308629206,38.8347778030106,29.853963991193655,37.24338473077729,37.36604038993258,34.87691116476496,33.522636127569946,35.7534653833704,41.27356693956677,39.446144602204534,40.04890782674097,42.22314493127945,31.617691779566478,40.55168295263679,40.95019777407748,40.67230671577794,31.784009157163002,32.881710371903225,38.61417075906619,41.382316974009825,27.948603632409736,33.637365693575155,40.695625392000466,29.426177426517732,29.915196913575766,39.02031345063323,31.49662637619456,36.79142326110866,41.71694129289419,37.50774949097203,36.41947465972992,40.454220127253684,34.52633915897142,28.081218118669774,39.986648596653964,41.68574407052396,40.07161173107971,38.58144791120208,31.907447497219692,31.15530340237989,36.15917600564626,35.62048693347358,39.326142812777434,42.85064530080042,26.43219598245474,38.282411925075834,29.625472965357194,37.713957927405175,31.28595158336961,37.66105215709809,32.99024341957551,34.09831086601493,28.50395791900934,40.812493399847796,27.90981565433377,33.92842402714445,37.31853530670986,41.709846650153004,42.71616126919571,43.04113794789129,37.82840682207638,29.517392332518842,30.47043533092322,39.18199593536758,42.893865998665106,30.44075796539965,36.56105757843143,39.37557170394403,39.89461034382315,36.63697663054622,33.14239791810745,40.09553181910169,37.77339362307574,38.58034702584364,42.489656791622814,36.066649061194205,37.92457477772385,39.17985324005238,36.545031289264614,39.46577347884683,30.309843054559718,41.722277304662086,32.583222112286016,38.56774922505473,39.48325161168702,37.39001486120364,34.09684082521173,39.25494377796068,37.6739420986944,36.89120227288042,41.82253153272088,37.58277404633432,37.26572777780795,40.69614711984994,34.68645050198804,31.839630285251555,41.15781276406691,39.7830627478187,29.557112506061642,36.261596204796774,40.92462109934126,29.584845547270238,35.874030555635784,31.642993100845267,41.491085664892836,40.438660372998946,34.88820857760806,43.011021756201295,39.95062171926722,42.05049023952245,39.53786686018421,41.34717944079008,34.22863642820399,31.153698076816543,32.37198340060298,41.56259284794433,34.93226015814456,42.61366292508307,27.415242067422977,39.568970380130374,39.703282013890984,37.96621515433174,27.989176800154315,41.676274546744004,38.02768123753252,30.387389493903864,34.091350260803125,30.85674942830837,34.81495070046273,34.886447416645275,34.923530347007805,41.42696872148323,38.7554505427808,33.66934918215495,39.86502621477206,36.19775624166155,34.36458595189715,38.02373356954283,33.38681242790462,39.52137903533182,41.559054134855714,42.74915213653786,35.78777151172745,38.14770292709809,39.281059434727375,40.07117276246754,27.617629986791517,32.00523875471746,40.021368758491114,34.03326734500227,38.81954665819131,37.125413224767655,38.43999953381705,30.01575028227191,39.68528158373703,39.295961962183235,37.48035702554064,30.742983559862296,38.81689291046119,30.082974990917293,34.04657114071323,44.78513779320922,27.778762858119244,41.342177066327395,39.45089079033676,40.77384728627136,39.47033664985075,44.115220138247956,38.108533293563355,36.00452516715986,35.64973353678853,37.57006835154345,28.169710030559905,32.807287326306884,36.80703266932926,27.114583058368726,36.76828805978638,33.54552138573794,41.79747017246354,38.14553710616754,35.681403288577904,39.23762163050265,38.88345929182783,30.41922185838157,38.291757621946886,37.650696773559204,40.9144758203761,36.24815880932885,40.33180759294873,29.464531047441547,33.63469439268314,28.425391414600043,43.21149751496325,31.99757306161786,34.8734440060419,34.73766960805253,29.456452105670216,41.770118346318654,40.50610930962431,28.494288665840937,29.409560058952753,36.34628535302171,38.193173387745375,30.630075979683685,36.56906968375112,42.07326682247514,38.37580263889715,31.429461654216407,37.34401375647481,43.87206414376068,41.36810220469987,30.252090454656535,38.84830248242462,39.84625680292266,41.17330156209508,36.84975305422315,36.464538716551345,40.00667670531935,41.480321677246366,34.37257858993531,32.425095109187225,27.365375519753176,38.104740330303045,27.886547753332966,29.395459341285193,36.932708893697075,37.8843036286213,31.25072632675016,39.63189186421935,39.47651500492374,33.16597873249645,40.145626894046245,31.961639777517355,33.794645203212625,36.90264725991947,31.859904443596246,28.970272433295488,35.71236270302127,33.090758105913956,39.12758430231563,34.92019489085959,35.575957970662735,30.815082054798072,35.11947675984329,36.63093406743409,36.022447549219685,30.939959909414835,39.08580723635468,38.790153319749976,31.004724545583,36.5392241318549,30.35241528149838,35.04557312962467,34.54328920590289,28.81313669214912,32.3256018230295,30.316455423916164,37.71834318195217,38.755689454589465,40.17502821948912,40.84324230529398,33.70404281371666,36.944424977498066,31.8373785042035,34.00990162506736,37.934861577587185,38.994636331147575,34.22413152598887,39.29603082031217,36.85192362268222,31.531146559672763,29.87130785262823,27.895647306034444,40.23401885412498,34.787485629296846,40.08158176969846,38.53914787980071,35.58637479066394,35.08131991021458,36.07967420517651,39.206311825486246,30.449883227556672,28.610690388080616,37.62076774453614,37.850545142137186,39.64988229936618,35.240502060600186,31.623577940358356,29.44909157092889,43.113439165213954,30.330105120994542,25.846243007001284,35.61030644968175,30.096977063203134,33.99400738205725,39.60554706731349,40.771778541118294,30.510387606844677,33.92652059313151,41.06772922599594,39.03166846689672,38.178592219469834,41.57756770493816,44.678660601300265,43.70798808624359,32.24286025184496,39.40990417492899,29.70898856711448,42.95744463218326,37.80618548581769,39.41139963075173,39.442991646286835,28.268609757048615,39.85359565020576,33.578512402167874,33.1616829726917,26.96426588074924,37.08773558231539,31.902542922583386,39.979327387875465,33.66292459130262,33.344932019631045,39.81330638087803,37.34675357717204,31.551960860311354,28.99028136883167,41.2747977500854,36.15900737536204,39.19483479775126,41.930519964986715,32.22726253471383,37.450155286449935,39.41983898052328,33.75607622173627,39.61690248481115,33.51131017163068,33.18275995637049,33.923736332321226,42.37205046781642,38.505220214908036,32.94931138109553,41.55839243206568,34.20746875518581,29.559514779375217,29.463799356482273,30.820059233719444,36.50687691481399,29.109905514921937,40.29033874175048,38.809954667935905,28.415708427705624,45.8983944694669,36.04157069935865,33.34993731553934,42.01937886029959,29.58113850211899,36.05204563995033,42.942133327250524,30.304214758370545,31.109033612984888,39.26085265286579,33.028841273318335,40.174852826489506,30.331397901833594,37.01826736501275,37.024014117745416,37.693309351649475,37.179197061992156,32.73806670940927,36.371679153107124,36.609783344895654,35.9539529279207,29.477386995645503,43.05490604477374,37.37101681223531,43.38006021658182,34.49515858316047,39.34092342693641,32.06411331279301,39.101551554135895,36.353093817540866,36.779443445769,39.259008559918556,29.256580186938447,40.774994812325694,34.29040180986068,36.458466049956236,39.04129382433575,40.59407719549639,28.468767147236605,36.7932767553993,38.58068959990051,33.83245600346269,38.53005567878666,40.3784882530025,33.62708362152469,41.82794922221855,34.91215288165531,39.513970116912745,37.4895479697139,33.9535743798599,39.66217746769376,38.93377382720973,28.15926184451912,43.54560820221129,28.546280436056282,30.349848424235486,39.58843862244659,36.5998176300634,31.702439055987153,43.478738165148535,30.01149295719945,27.769478848854124,39.523148303197985,30.227920618009367,37.59123942900285,32.067838235237396,31.19404043117827,36.73040944481078,34.60058358802483,30.787308471046895,44.37471105214603,36.473139664901026,37.64394831870526,35.81244684131257,36.5378460114352,32.6797262063648,32.91141053303827,35.17934138093094,29.375396833444874,42.18431094024772,39.16430909936471,36.612852612961326,28.80783351391865,27.38507434861357,41.94652319245101,28.221365665605454,27.965285401766128,30.05549346068333,40.29766104544233,30.331082519045694,37.66170298477613,35.47003343600693,39.10583401492521,38.79864487747886,41.05272557555183,40.16277514457775,30.377504231656225,41.28643970032055
8,19.712387971917096,18.351185063190556,19.484541485238434,18.177226402546296,18.42668879639662,19.635727223756174,19.159895211145333,18.607946266729783,18.810457676836148,18.51356185989236,18.366773287268483,19.86779652025991,19.338678319597786,19.277544335956016,19.493885555235764,18.34947045084852,19.184671060375198,19.431207657204638,19.200331081270768,18.73237100784932,19.3742752603645,19.52120599931525,19.062238659624583,17.051208914021064,18.45161075391691,19.079982424925774,18.349720338762317,18.29331139492243,20.48249998262788,20.057960683571586,18.007822173938013,19.967264124383775,18.09145845152877,19.349281944999404,21.376730953183507,19.41365827696696,20.19426816729693,19.950189355110428,20.164778243322274,20.223217851590235,19.224053499223523,19.479304786486033,19.258584739702655,18.470372042614635,21.007290458061636,18.092396070342886,19.217273811587095,19.458754117831127,19.038838452707672,18.96542509097902,19.989766713934383,18.946449055352893,19.49018870738978,19.937501029977437,19.113133341913088,16.880850584215857,18.86164377892883,19.273117558842127,19.206248199216663,18.620357336114726,18.205648781107197,18.36204436428088,19.4442975949066,20.148112749911427,18.439342184637827,18.6697762305834,18.109280047979134,19.91269890883221,18.499797973945608,19.561680424827635,20.196457240460795,18.0397085130153,19.206185387333644,19.40933832880556,18.77547715165145,19.450449742911747,19.109628838074972,16.9767267116152,20.4850121892671,19.958361646940713,19.000195667926235,18.324690747281956,19.92118265012252,19.95160562398266,19.671702478504326,18.465556771586254,18.357061812712324,20.563154230223773,20.332515298678313,18.19447165262345,16.958499333792076,18.42790268435287,18.661219883248478,19.549987017065764,20.48417117010751,18.427435667255008,19.34328128149212,19.404776225041978,18.171330378481258,18.33413389738567,18.471000507757147,19.296381846355228,19.726593702308126,20.79921744215547,19.247627721952842,19.313094488088375,20.19970399329275,19.11034689123981,19.17725155927696,19.551648322264956,18.337018641494836,20.014736625724304,17.02758305038349,20.825280577309293,19.424862002778195,19.601672025946133,16.917451960563348,18.91428031927091,21.059504434185655,18.816641652844297,18.028376303522098,18.89947001160102,18.620107063464022,19.231598687186636,20.866211219641116,18.268472388717775,17.989235933123044,19.012091820920457,18.79141337062286,20.275806432534715,19.18687625637819,16.96297752935893,19.45442364265297,18.28800036683401,18.23721338711083,18.962305481600165,20.25671440177455,18.078047279491066,20.062575784457405,19.179372873123864,18.382292678738768,19.545471669069794,20.258508670142273,19.237233463347163,18.645068040711823,20.574720546748964,18.903789052050733,19.45110775851861,18.37264634393241,18.88630242443832,17.99190507906899,18.072703981639894,19.5929446111638,19.264044338830598,20.167521343987254,19.520267513250396,19.401340748969076,18.132887806839943,18.472931222604355,19.328922079050376,19.851415461419847,20.51336169975085,20.21962541362837,19.719118362386194,20.201438580913212,18.684918871256997,17.054758675313387,18.908654664998497,18.357447739289448,20.450032907127248,18.36456583793506,18.37764532065117,20.18069671368985,20.17027474649208,19.00568911613707,18.82464622866901,19.951245933922703,19.090293441991204,20.4362976079816,19.51513523320934,17.8308960801418,20.136706867821275,19.19718740781634,19.328969986927888,18.606991379365745,19.942590034509575,18.16743014940591,19.14777368924446,16.98891821588666,18.778184038844202,19.223587198639247,19.18143427151538,17.762187666209712,19.861273843068634,20.97111254249487,19.820002177429956,18.20827695363427,19.378551405636856,17.54116072984498,19.14272780822421,18.367281355008267,18.752528101249627,20.066750682313405,18.014343132452556,19.726726189923152,19.466499138413045,19.618710324861556,18.644344074366284,19.006260806566054,19.656628220437877,18.5390160192835,18.058747001421725,20.631809703243707,20.45770832346461,19.12065349365399,18.258712273765603,18.45942953053464,18.377548096856632,19.845523593202977,20.510553862920524,20.907125278145468,20.843640474426298,18.76126085839899,21.011143924177716,18.635008831113602,18.692256887442802,21.064822312076085,20.77362992606076,18.786100831551344,18.702311567674872,19.34212282586969,20.336523647098243,19.332895487736387,18.663223826587814,20.487505205298728,17.911339040050205,18.476910867092492,18.850796200349865,21.199220187874687,18.171235256304822,19.570809769154053,18.384797079929026,19.07814357203804,19.80470106906986,20.95749253278379,18.21576819025139,19.7905340099515,18.424631323664762,19.26010843698608,20.450171647024682,21.31022662789412,19.1011230557961,20.587033391633156,19.229937628089825,18.545249900667066,18.401563109610798,20.36288305948206,19.135858795627897,20.568209930468132,19.180631802278658,19.41004114816064,19.277092148746846,19.440631540690298,16.90149584246563,18.296836601777496,18.621226107277206,18.447619540488315,18.31254906575567,19.39267635110602,19.56515641427401,19.897673360278155,18.917198769881548,20.153109108626822,19.784498365857168,20.801857285105978,18.550934540430724,20.85362281452701,19.06883806158123,20.425985391598044,20.212543338474077,18.332303129994333,18.815560660048966,19.70996489396575,19.631565951073387,20.402678015301174,19.14494055579295,19.439589939311897,17.025618454244633,19.655387032581412,18.67510215815238,19.439963921357965,19.228362707608536,20.849223987697687,19.4824730221041,19.257514728150078,18.68194184405094,20.004408948484723,18.488255485991246,18.988121338260353,19.3474152722165,17.718793617947252,18.776174681169643,18.255856091662494,17.93079602160214,18.964222898220243,18.280434419749966,17.766829224913764,17.5454210579583,20.258636326761355,20.67342624328672,19.649295795351424,19.439234371737005,21.579214353295995,17.97500300183168,18.791883102581856,20.5849695748529,19.67449214719109,18.44526448932475,18.996845879747163,20.941421845086012,18.744666089359676,18.36921393438113,18.081978253900324,18.32378671410529,21.02211229480713,18.73048241692858,17.788740777104845,18.10663310788129,17.995579533167387,18.563644120150734,18.760140730717364,19.599839880048375,18.476629770868367,18.56684041631306,17.507693122743156,19.251967315153838,19.050541436182957,18.050723838354696,17.711967865683892,21.30749722495396,18.10471510234481,18.367702181495265,17.962533686906163,19.33657116649682,17.428265835574827,19.232383467306793,20.286159543494648,17.22093799258404,19.565672129509956,19.0387328298785,17.73019126500114,19.055439232434377,19.390616280927656,17.820976158580223,19.16718462597778,18.084351149624943,18.184308773529526,22.22101748472152,19.44610053275937,17.76354085401846,18.563293868558688,19.64144091880295,18.71910494879234,18.286209385941913,19.27769664808483,19.54990216567809,19.477196115373907,17.41275850984469,22.07764830006847,18.615756009461737,18.32743728801102,17.25468660775363,22.085092096698965,18.04686650577096,20.45014696013921,20.17659409427019,18.99373974037636,18.81316012813949,19.089249135900268,18.285892825465407,17.44234196218652,18.100219031103535,18.104952973001332,18.623378714739932,19.349576757758168,18.651184278238418,18.317049734351265,20.518108721768822,17.99898427455392,17.521377705216494,17.513096515165127,17.387890932698998,18.553847182264445,19.018683549875036,19.73193087988738,17.095796605953694,22.46527789544531,22.834458921354024,19.342181610529973,19.168945757945057,18.99593374389654,19.18916717069176,18.119719525182088,21.51085778925838,18.79192936502152,18.345287059566584,22.224973080340334,19.20459411992921,17.90431053520063,19.12525310643176,16.993925951349066,22.183794905525076,21.99590421750415,18.615395743964417,18.49929433344304,17.878417951770363,19.995071344061994,18.340761825322257,17.45090009781209,22.579732486530112,20.33199746888179,16.91200209198147,19.152974178508394,19.607027942604343,18.650992356041094,19.10118459831886,16.48407088352197,18.834006807673656,18.25915581292264,17.38332995651627,19.615583384840367,18.2628802207365,22.673458155926845,19.27771653570891,22.545904634473594,19.38305238141634,18.663759924096066,18.67087311472001,17.873139425331246,20.39628240529672,21.758974916955747,20.663742711304256,18.291010892253425,22.1563842495709,17.85353789575315,18.88537741629267,19.64792258491133,21.19435703290789,18.801039940708097,17.391553327799812,17.97038310075885,21.06980132969897,19.617416427809307,19.56142541356862,17.78311181753611,19.35930648065789,20.97738139169711,18.592745091917745,19.634712807539806,18.059546932533383,17.174943503545098,20.11152240014497,19.662854003993345,18.471564230291868,18.514020608398752,19.701584027480425,17.807798626726544,18.096727919136598,19.335280490326742,18.862567901498064,17.40888929460509,18.067417572742205,18.726019894510483,18.253552333119625,18.778662085714334,18.016413424464083,19.61261945179757,18.5273372888305,22.834110114196346,18.41093887045626,19.778708878522284,20.613171615134593,17.943828287804152,17.44889920356617,18.269425182876898,18.75412207892605,18.513326863223444,18.37613527761989,21.288153849549936,21.420736267469962,22.129787585518446,21.01536860929788,19.47088762044717,20.310704658681495,20.181075380124998,22.841961040881035,17.97602489107078,17.854235349062485,21.364495011084486,18.86285560894765,17.905492227018936,19.26761291916256,19.396486700848108,18.304760039966364,19.990100319684014,19.023544525831724,19.716164326450563,19.081228390211113,18.002084839041405,18.11272832265329,19.2763441476123,17.83605106431187,19.892109020764533,18.7911284835907,22.31521522973675,18.189098121615555,18.703337086656205,17.375519739431294,18.743418087369214,19.1283729488233,17.64369358296169,22.05967825393013,17.702756368765108,17.397588475225692,19.8221032424337,19.37672436733485,19.216272735329763,19.335971206978734,18.33039441590867,20.540857690909625,18.33022990052757,21.073450365530373,19.0794771650524,19.77934850163297,18.074127888750176,18.805086304414917,18.259530698807403,18.70358622454969,21.723113170486076,18.143088583567792,16.578788318743612,20.67380600622129,21.02608360363173,19.45261875202973,20.28246452766802,19.464515931512704,18.6133541320984,18.364133620471534,17.706097160039935,18.778164455020878,18.186748735599274,21.497570953728612,20.196796029450432,21.119653080310595,20.19182003100787,19.936087448423553,21.58169341742596,18.2866092512336,19.15676254833567,21.20507179239484,18.372915262642227,20.62377654446177,21.48009456194075,18.684091042341343,15.714693007957655,21.285720505229875,18.10644244023199,19.029088177246226,19.214960870718727,19.79772882767792,18.237703361920794,19.780692382446848,20.112270709993787,21.103799794536467,20.558654799973056,18.3394154707755,20.373882018063387,19.217634016654177,19.549457655954974,19.3368351833824,19.151712966119057,17.405250362754952,15.5168171267898,20.212790125722538,17.95122583434319,18.83608971404824,18.19232965033142,22.24527460183505,21.538290761045374,17.05963641205899,20.69557377891444,20.078359246669123,16.884883593591564,19.020384011303257,21.766796529583264,18.219471575867217,18.277709588125933,18.394496368220533,19.562295667212354,18.80156745259979,21.927244447865476,26.699232181859493,24.17433678675725,18.443061281256288,25.291982409558873,23.958493485788075,22.848053236716563,23.29668056454268,24.084635090891517,20.016372678004924,23.368041585287184,18.2443778340827,20.367011822526997,20.8780933387398,26.164206085970537,22.653434102555114,20.324986057080874,21.275648394152466,20.46368730109768,26.45126004648649,28.58689086733643,25.861632381479804,23.382471097899796,25.661691099199363,21.850934860860125,24.819985492334343,23.41503754189357,25.112427074409474,20.147034081883998,22.45450294004951,24.65699459738789,25.070414058284996,24.284374672625294,23.983101065325695,23.070633895061977,26.314934853303278,27.416833561648257,19.07774902682059,21.12560569838545,18.74707037563019,25.085699259152417,22.698105159327344,23.13894318689032,19.20188389472256,27.885278534214407,26.041381261699872,19.183540057452042,21.685578657388614,26.59709697978468,25.559162553098062,22.313225704666685,19.364795258508074,20.486831520450643,25.661697641682174,28.41675295711737,20.335697730298417,22.169602084058532,26.102136840934318,22.25980587731267,21.494951138493924,23.03758788407696,19.399767464189345,20.11179612349655,21.102754967794464,24.98681225365672,25.546673479910805,21.294220048343018,20.345300231456807,20.682607034368424,21.77431067019588,24.153518149657607,21.04855250668953,23.810005403990694,25.849061170360898,24.349807103383835,23.96992111359008,23.93163947733879,23.94130044578233,21.387267502531802,23.88408688675226,21.190992537954777,23.818781698544264,25.49858201487343,28.08520489500302,24.86356278936019,24.429201428463323,20.827924427375837,23.754682234238388,24.431187307893854,25.073294445707976,23.522186050952715,26.64856065614201,20.344581996656242,23.265970152917788,22.57061208124159,26.533357490583306,25.289848634586072,23.42892788116462,23.352080503726135,24.15299494915018,24.35678227643598,22.65469761862577,23.894874436688816,26.45669438267456,19.669880119387102,20.345116252944052,22.80951767963701,26.447064500597484,23.75200357165121,24.09856769643055,22.222919860734674,22.699323798380487,20.30354941058955,21.579913413401165,24.547943993224607,23.92348077082993,24.020557567297903,26.530765078240822,24.199730991254757,21.69111579238563,20.70389847593713,26.6999005800861,21.844618791208354,25.446736278271292,26.541912825026547,24.48661876205536,22.07923952505369,20.231443637923938,23.368817439274242,25.266003708920344,24.31791720042163,26.67150092354614,26.320473532939435,23.20523056039465,26.134515207404355,23.946435180909376,23.92869264686042,21.614378655820644,22.54355303657921,24.536914658131916,22.39749749498404,26.309454852831966,19.85728192587981,23.262003890637292,25.820620132702466,24.567481897952458,24.11202288716548,25.22861777260107,27.687722147010756,23.94592266594711,24.852214219172854,23.280143314934087,28.553049009093385,19.649078844301954,25.002770586386273,24.796248918827324,21.047828952940087,24.76358428835332,18.5050674456565,25.805087140007746,21.111069004510046,26.079385639095726,22.486537614562405,22.4637823529757,26.65463989424757,23.32183331641233,19.731536269603442,23.603825610514352,22.89068974452306,24.978457655217024,30.961267392037453,22.26716758103818,21.129741652968534,25.455353841735313,25.46615790733281,24.781841043021036,25.040957364033126,20.633055503556182,24.698019077291733,22.83855873181,22.55183630734384,22.463844556095435,23.869511945799168,21.070675250523383,24.296761389862606,26.04300015459162,26.145973270288113,21.912505343678074,25.932423430343235,25.685084413223198,21.303378743441552,21.12078426816671,23.842673531381195,20.056925429407073,22.042200901654336,23.920288744855025,18.28541408305141,18.811626241617855,24.47256249388653,24.43136641453442,20.067770861689088,25.231178885201118,24.66274566831228,24.0272857630353,26.992659205133265,23.993466484886962,22.689098791142445,25.357259659379018,22.6842187775607,28.12984531184861,22.724747122899185,20.11108952504811,26.47794576907573,22.7090230462394,19.170274860406973,22.321990086158788,21.783859562896346,22.321559560868074,22.366183440424585,24.58111241148496,21.640850435411263,24.761090266438508,22.39521956455395,19.522595191845873,19.800334955847955,24.20196564987443,25.057206876172856,22.102253745732103,25.78543067053654,22.82619052660764,24.56635649358301,22.23355112514053,21.182768336152918,22.33858646547101,23.905463166738343,21.931315150479683,21.891937322364964,24.229509447693015,18.459995192450698,23.181497541258487,20.37199227804232,20.416713295951215,22.614825479887124,23.20494189831517,24.813857539235798,22.854792309789044,21.07201197237329,18.170037914795646,23.33225165332292,18.336332560105078,23.796049358541005,21.335063120762012,26.22701173469034,25.320339199814494,26.999914011867745,22.90392834399907,22.815927521890952,20.296179897622583,24.680644052696145,20.792677627324473,22.938582263847678,19.04564340619539,19.833069563615293,19.84959270012561,19.56974923687983,21.241794277075314,23.92267599826749,25.593406409589033,23.961990761955803,24.07792505168252,26.88274069530593,25.45924547128203,19.503534777674925,21.95058022893612,21.04231167886951,20.326856810459674,21.546022661830197,24.9069279459144,23.952978511115703,22.07500035634447,22.905372201399796,23.972635645589364,26.055113248900252,22.134217970672687,19.33414843459003,23.239031300621136,21.27487795646906,25.725270444978204,20.84491899221269,23.697950238014204,21.54504898029956,22.520615402579125,24.054340220552294,19.291727291243728,24.12181841711246,20.367082539677973,18.698272082790027,25.11775072408615,19.361610782128952,21.966748147732694,26.545503315714036,29.862412655846196,21.54631086577495,22.168534032707832,24.402295636747688,24.250403539853256,28.06781043893788,20.55349684129285,21.844362062452653,22.390759509050508,26.025364960155628,29.728081174146507,27.010900562346965,21.76632033883122,27.132992690632136,18.30534984949266,18.913772326165677,20.70812836141825,24.5158081215863,20.28547044870081,22.977733967385124,26.934427106984675,20.962956404335202,22.362859609330012,28.750148115549383,25.06375151768543,28.407025712535123,21.40243087213308,21.470731803077342,18.027443439782417,25.967650565585743,28.07942307413759,27.877846470359213,29.324410582576245,19.566282198330118,28.77162514672013,26.61972901111823,20.75817757448047,21.319730605864752,27.744701461230758,27.533239199548017,22.117617998194106,24.831263339890732,19.049468940928495,21.596966749703252,25.98654846785225,20.221129742867618,30.314504661625435,22.89844537751112,28.733620313171706,22.662352592221758,29.793062342139514,26.02765449490937,22.13382114292682,28.829408829288727,21.494648403027707,21.52931309555776,22.680594238494077,25.685292587412373,20.881867016857715,21.878581412140345,22.633988495921727,28.229145960409976,27.20903024374223,25.98832744685267,21.476486152840362,25.30007742422733,28.874378380613628,25.508885451979825,26.94662504097863,25.781919762121348,27.893320952329177,20.307371032125964,21.17031680396509,26.271625097559557,28.867683130277047,25.291822868946024,29.10214739047662,27.589331110655486,22.864923730967018,25.378270434722584,25.93008872080678,26.469908126039787,25.80069402617724,26.162304416333416,23.89905217453011,26.74999551267957,23.747313425462337,20.35086550606847,27.792877555914924,30.66318466259525,19.508945209053675,27.95159073663665,27.09302279160631,27.21131272283754,24.215365230730978,18.760069570162074,21.606215973063268,26.658508858524826,26.88150434424704,28.86611830555712,21.53740694912635,23.616216458456854,23.453286251500217,24.833075364480393,17.578333975681677,21.36536350063728,23.38320980486554,25.030757374081688,26.565982765401476,25.253533726766296,22.460556493376213,21.30584180404209,27.41667324207327,19.973911849690094,28.551125790608694,29.76738742210021,29.21738862808439,22.557817041440146,22.69921879741496,20.68563376637046,27.994758462821554,20.392395734094993,20.86525140772354,30.8948140511585,29.60305039927698,24.34606876993809,26.788447127912917,20.50518319373222,21.814122117994934,26.460054654893415,24.52854825851103,19.342997965612273,20.00672060434981,20.281060123825522,27.2439725926387,24.853848882565675,26.33112320683807,28.85115308123765,26.35380194331741,17.912964636041085,22.950953930445028,22.020797587852385,19.981148801757996,28.69624652659256,21.077164254035253,25.268939496138675,19.42540204118191,23.80076797696077,22.78663314746148,18.816985038122812,22.866857234112622,28.52116979537773,29.332960054512295,21.30045263438218,23.732109332613707,31.101974743161154,27.787188636165194,20.736487791357966,20.200929976030032,24.667369900595425,24.946946454262203,31.53603603740572,29.356434418357235,25.10774507238244,19.33889993997267,19.45608795471734,23.342629650627497,21.033876717600325,25.804321720887067,19.78793143929056,20.49469672905382,21.360126500326366,26.03238697620628,18.90873498378051,23.004103772609835,20.260566744921455,29.676598643567125,27.365328720449238,28.504765009578293,20.617721260951594,22.314017924056234,27.205967077006775,20.826355657952316,19.814055386234383,26.873651278278356,21.749222861950212,23.235071790338374,23.271194758052328,24.354769788439143,30.296381365798176,28.79079579548663,18.69700435536901,21.597576918318417,23.50655315841001,23.962317188140556,24.07042087825801,21.314134152128336,29.734652822115304,20.655686102667538,27.877925662895528,22.29126769067953,25.8985974775983,19.372040850676562,26.10336789770688,28.623964146176103,25.38232214104141,23.936082472178963,28.997639018580074,29.505789681475445,20.162241433905862,20.373085106780024,31.382529739433856,22.681633459824372,24.133647155406155,19.6997626515106,26.11495627712995,28.250295033935704,24.188166140209532,22.799202400146676,24.83267587186697,28.187997815911565,22.82917021894672,21.467366479820893,20.48363011690313,27.038325190313728,19.976207964114646,24.030953488761938,27.248625423324018,24.373702177884102,27.907250705178804,19.72246566725749,25.076058592644237,21.33386329623909,27.985357805208185,31.6696158086968,29.367991722681136,29.349322501530956,26.964791151205453,21.804143827162317,20.088400761085566,20.402558852493698,20.91223084592459,24.260788272286934,24.046084963878155,26.453416113152684,21.518685920025337,26.064867874509897,22.85201056371426,19.81114900195436,21.176339948210998,19.55135175939382,21.731699969406264,22.137720373645124,23.693177404382848,22.955598109999904,28.321580214839795,30.65555421957316,26.978151143029447,25.26201651267892,26.89557054449412,20.781817955751194,22.829528126078596,29.60052017231239,27.394148849419317,23.681492045108804,25.462646629726763,21.32010589203248,23.36717262142558,21.359131992500032,26.11049112063822,22.205887445337744,20.453002392317696,26.324652558877442,28.789818695984305,29.584447919876837,25.8146949654917,21.506062326277085,18.677231281617996,24.745301938374457,26.638257218961883,22.87374540055194,23.38689527397162,21.7225084633519,21.467453934477245,21.541883334270803,27.5565575421873,24.416651038258124,22.42042767377844,19.79679307617535,27.838420554953277,25.195031653275503,25.731626956114436,27.16752819418653,22.033635413807566,29.61628180688101,26.166882958676613,22.634513037854457,26.80429628323926,24.744368273227003,40.458228530701824,39.57769820043172,39.90797500267974,35.49997272488842,19.836806467714943,28.6520672868082,26.754498071634973,30.966184073551446,31.107642229736932,40.87796578450721,39.4007142312879,39.75175716798902,40.011085795827675,35.250803666765826,32.97571929322616,37.235928977940624,36.27302787802179,24.3215730701183,21.95930124403476,39.49060142310795,21.797463258362146,36.75190805043205,25.594289565208893,37.664536482571975,37.981670951276534,39.76080203833063,37.82090244414165,40.78015682881473,37.18769338345032,40.16695591563165,39.56754439673069,36.61918556618245,38.64306852954539,30.6568352411441,24.820540178487697,27.998074211881708,32.332448299762454,21.608048657564993,25.19528505466884,36.228262315262874,30.875892518171945,34.13785351290716,40.60113338819479,25.831489111943203,34.060023660836755,20.39033039309038,43.97717795672962,22.24644162305034,32.75768362134896,40.84701019026283,23.518483999176613,38.90194800830824,36.15153583557859,17.87611879223134,23.161626840142677,19.77975125075138,32.25902382376357,31.05665418107044,20.862760406102844,32.41277226779875,39.23006451368609,26.27656131379778,25.462317317286626,30.366312421798,32.92594416988457,39.74394877504981,39.52824557978497,38.43000744559268,39.85791521915898,28.715120073361593,26.700421862097947,29.834019429836122,40.00698582098129,38.51559600293297,22.186487023508707,27.740371073551803,25.448813547266543,37.662345379469045,32.370321296129056,23.36177616335755,35.53112080740241,36.62911364109552,37.22912456364918,39.02770846396945,32.582998300551274,36.530683545647896,43.641503060049814,37.819925102041736,31.47399614981904,23.09790426306305,25.601046928232314,34.16509654854507,40.60608375673164,38.0611451914327,21.60487290807868,30.597641625910445,43.50214029622246,33.299521002959715,27.977674149170127,35.293878205968646,32.33193767217902,23.71719745547091,34.729179166152775,30.991265763902355,39.52935288662009,36.40553907971198,37.38738965583906,36.336062398781415,36.03144808290102,36.6935251091195,38.93572280713102,21.138378241743027,36.73365299800018,41.054582318367295,39.61846109020682,37.97180831124614,32.58953387336806,36.72367521455334,34.8378360914499,21.346318992137327,38.65084783920057,24.27443192312521,19.772080465053072,28.14226837088606,38.54521768430955,25.897466857189425,39.39505957362592,38.38028404947715,37.01206762216991,32.1329981602397,39.076248181651835,31.54192326210692,38.64117584158247,25.18708017117238,25.422301449640187,24.81481570858384,36.4448386620823,38.201412886976016,33.8347203452944,34.358580534546945,24.285108695278538,40.507659451990946,37.72161989566377,36.84777318292953,26.33058053315644,33.23313688695324,40.97456266438802,34.34662902306532,36.338435353093374,36.19853492380669,37.20117886287639,28.24012310603392,26.202701867104288,25.78509241972056,40.181349625154965,27.07633635273688,28.318001716519348,23.875733382269622,24.938456352509494,36.94760800304869,19.795055641178255,35.799288218829666,37.472794797722706,40.644887350711706,22.01334167691109,23.154234873568235,39.968446394462084,20.964891075282786,26.336261265866696,30.993408381333204,25.545345878149554,23.28956652324387,32.455197615636685,30.995203201167012,27.04075971107161,36.60802294145519,29.793166486235982,38.340992442851324,28.527178587456486,36.98809114035002,21.597139315013038,33.86781845520618,37.12239273842099,30.628128272994694,37.16043356405842,30.09196726889308,26.125408616009675,39.46012208416414,37.27008333982375,34.87969811982393,27.522918952135544,34.76695018728054,40.49750179437293,39.87520387573338,29.874376677249682,19.100336024468703,35.58706548076394,23.939383621808894,37.76107533212662,29.153990596589715,34.028887182246685,38.20236432362942,20.894126213444174,34.798931201243505,33.98298510124886,33.54056419385457,40.22954350442315,34.10882682370036,33.4998893033878,29.80247434309119,39.22964952898115,37.093947713918205,18.445660809792418,41.11165256908956,26.431273516317194,38.3286285642115,39.854636099056684,32.266789095942485,33.18046277185343,34.61403507391157,17.85490227024692,37.02199042245094,39.92595579168656,31.153837061077706,38.25667222207092,37.625495053115806,41.05180409351125,32.687678930776265,21.32012426744432,35.86322106314914,40.01194022063855,37.870635914543286,20.370675696658715,39.558576482898175,37.75564738555508,41.239890616585264,20.83061919356115,25.56933128180018,31.94369457579605,20.180240171770695,36.47300829901304,36.26530730871638,36.914394565444105,37.101425657382876,23.73222678079563,26.90061183528365,37.69270484893335,34.563720585491644,40.860826147897924,39.32585967941316,38.95475325983946,31.673444931189866,24.43177387177024,19.85019342791402,32.54874418184535,31.27766894681558,29.430051207013666,19.761960069273933,40.10537418100983,40.92977255424245,40.47081760583141,22.94318525984813,24.778323140575115,40.745201821485175,35.43053275613572,28.054321503169525,38.96004725475855,38.328924322095254,35.440976646178314,32.57890655573581,42.098387061592845,21.71327566498877,33.867170862221585,24.504333355851433,39.89695674123003,36.666060394098956,39.915864948899674,34.9952535713605,34.465324831192916,38.82382245171817,24.45105952133002,38.83716410094344,41.31957021087842,40.830455637851635,38.72453260583405,41.09491643445904,33.04715363061248,35.73139996934841,27.00811911009555,37.25514588064702,40.17616466357647,21.047505826520545,20.78683078179516,24.82524235197668,26.886486811873176,32.8899509048619,37.68837863789109,36.64286291343721,26.691171051397557,36.798740355966345,45.45136078820763,36.83309088608599,40.3531197977863,34.62779782174907,44.178831521112194,35.0771489995223,39.753824074705264,44.721251727943475,44.16803741135447,44.5466504481425,40.00018685431336,33.762929533542035,36.57268399715665,47.68666018152762,31.117935492772013,41.63157645922486,40.8149252527632,41.38187200790564,46.32617458921371,36.5253469922378,46.114936348732805,34.415654279853335,42.43735775176517,46.537007065548885,47.42594145363782,43.37817605567575,36.535860704911435,42.44471457098463,45.43196997391001,44.73562492921213,34.76406836964405,36.551808662863145,40.75162559387822,38.41321766340991,42.08524217468392,40.20403154985324,37.13944869665625,46.56206215228532,34.872193116109855,48.08040342726283,45.832531802851,36.87604032388157,35.39875981279687,46.255963811242644,37.91122322316629,43.63268051302093,42.87839450622142,40.05758236813704,45.89752827996687,42.43380619356866,35.478224579936324,34.33296204133417,35.08743570778718,41.31495030119861,42.15694594697485,36.443732632529766,41.81043208722653,40.184624220369045,36.39926257240235,38.639269069935516,42.35530128678904,41.838558590208606,33.303875111925386,45.44042047048255,47.06287859749431,46.088043092761254,42.30001212390618,37.39530862389939,47.00396026785193,43.683713616019176,45.13284595393491,41.71377427727559,45.76186482146246,45.06907185108331,33.15016888457434,42.474207222399194,38.830812656485186,38.99222881540624,39.83080822549042,42.172881074755544,46.13544564356349,42.934790414641725,38.041429602863104,43.72734224657121,34.883909375337076,39.53179532319091,36.99614550684734,43.732188205547416,46.4718674772342,46.624450386282014,42.61402610845957,34.851813709378916,42.61766390652606,39.85642826551258,40.61383162557504,33.40611957008312,41.71287628505156,38.1200625773775,42.335996185078486,45.81245176620244,38.41168142050752,42.857301813439015,36.850790235311884,41.19322486616139,41.52551124049133,41.063331650431664,43.577700353572006,44.276930968941414,34.45381022250568,37.584051231699775,49.29498076464206,40.248571693082624,46.83802988831958,33.753049865897594,44.11392224590622,46.237817062694106,38.02436472854157,40.22239834088626,42.0402217418204,46.910805535914314,39.35286789947257,46.222653698167576,45.7996836251326,44.022987393723554,41.968868770803105,40.7770934973669,46.234688250937964,39.23579284219774,33.072529095178766,44.60986275964599,41.8567092849661,42.70925053957997,33.26151479905266,35.01833573579613,43.404220103973536,44.68357979709408,34.83015356142494,45.19425222778812,45.90372157769541,38.135840531390436,38.9241223992994,46.121816486104144,40.30173888324436,47.386933659718345,39.06682462727391,43.286377606076485,45.168585846191895,36.36445548488833,38.988246820414425,34.751268770566206,39.595596070766696,42.26424376775813,46.17419494567264,37.315525115022645,40.985071889673414,45.56218299795097,40.02724130823998,38.92177009612599,40.347791526033404,46.84445988174872,46.02999267209084,45.20072281843663,41.092190361293355,37.13245450485782,44.64944907515479,45.762936484507605,46.176018603465906,35.431783303636,35.862654617328026,42.59085405460176,43.81481125337514,34.57108505217452,40.193939106918236,46.18196313134421,36.10066015545467,33.25738889451909,42.631797978638716,35.33370008788337,43.76691416174352,47.22788568833322,40.508460682400255,42.07105042778758,45.89036004523895,41.89802057324756,32.249766054121274,46.31155675738736,46.02160988803219,46.255749086681575,46.460662354547054,38.84638923649411,35.48585196493957,41.8908427675852,41.80603316995164,45.787864475435164,44.72094451569344,33.24446274070735,44.97961907695456,35.59400271228022,45.268303470617525,37.74746238342862,40.70413815472191,37.389935659506264,39.615369049049335,34.59377243050749,45.85901286160185,39.27518499655076,39.126768728466125,39.672975684965344,42.107017257180544,44.47898379416136,46.451479248518446,43.97148587137066,34.25899313078238,34.66067745438867,44.25171367956226,45.96678432730406,35.44732650885715,43.42737063741087,44.01902304384845,42.13653342553518,41.84888184763058,38.450782280191525,43.30272096946536,40.561189497066565,43.01790634063674,42.87800645557632,40.52600405273168,40.359224317366206,45.12345216219107,42.73339969560404,45.23768453857717,35.939358197598075,42.79635191858281,33.79570331633054,45.61287319169394,44.11939311606056,42.60109530597899,37.256398383185235,43.31866761368493,40.66299428424551,42.32064325249476,43.88821937103979,42.968386630822785,40.766391719808745,46.30028469387496,39.680162311855725,35.59793617079959,46.54364638048562,44.08438994307475,34.21518758876596,40.190625837811346,45.8420682182566,34.46553415199014,41.60453526169679,37.779155771194034,43.24595985617092,45.63741815494125,37.027217457549,47.00453788183669,42.781395209647705,47.69718346531466,43.62955546285662,44.639517366688175,37.19707816207557,35.20753649759625,33.91755097080959,46.78934448370323,40.77853203518065,43.68924706026396,35.474865480390584,41.928682878461466,43.29392233593303,43.02278810746045,36.545884300964374,46.06748369169382,43.71815986947502,35.83103136556122,37.622923364566496,35.781102280513835,41.38604246933094,42.01103325334376,42.815748503786175,45.4274163069937,43.38101258408793,40.008786227095584,46.13504898173216,42.87208345083334,37.795089688552274,40.929829017891635,38.86544333986218,46.046882454297894,45.138884031901654,47.17068281730509,41.56159463267688,40.060992178928466,46.41268835697212,42.751128150224254,39.126925623703386,34.934709791581284,42.184430319071765,47.005039284845054,47.82114308588238,42.82159429652572,51.618133416592485,34.617460169905044,46.754386493960304,52.49132428859039,44.838240598980825,36.72342028206415,48.20141011903256,35.06509477522612,38.16305855383844,48.11106583549777,36.9177491677599,48.67810956366953,43.799985431331834,51.94554220211028,43.71298075947428,48.82772091828826,44.77057094596777,44.29409154601526,43.90668818297199,44.8185687656038,37.20492989235772,42.03704116384505,42.59834789471521,31.64654405496965,42.7053205200634,37.70432363361399,48.434218917069,49.36054422782511,42.09556165026776,43.328032655501104,51.2637310169547,40.817454619922636,46.349539354387254,49.65342027048101,44.823674493876936,41.330040939194625,50.18680904136622,34.56933485601669,43.35299110450395,32.85956534220443,51.65062552368848,39.29551155274011,45.40408788922094,35.26858078785836,32.96725235148885,54.56412028039046,47.76853517464372,38.61614665774549,37.19672857056567,46.15201054644653,42.93845461603961,39.98417756753094,47.739674030782,48.21221109196225,51.02041135330875,39.289672333135854,49.05097071452097,49.80356737220989,49.56722720850529,32.60950577877919,45.17328762167459,49.41542163188441,48.14733260160448,48.85076204689265,43.02957207720212,47.58705238632126,50.55753301648859,41.00850118349319,38.849181725901126,36.942392123820674,47.008608594713344,36.13570543865198,35.463390015540845,43.47773701790841,49.924844363646706,36.073428046058176,48.06324878824622,47.296991673732144,40.744665287842956,47.47102343927708,35.950932155213835,44.60446762845763,46.885639309063,42.48713153686309,35.741243870782355,46.095227889374414,46.75141469479743,49.06624528007685,42.41958331327055,43.120343234502634,35.5325274408178,45.906874265715814,46.408877187488066,44.20957266933582,34.709694780413194,45.921188303056745,47.75599553553894,36.19728280358902,38.68210749921764,39.376666848780765,40.97090043480819,44.07307193289887,33.95840036848547,38.29516830337229,35.33761688511238,47.64810742001395,46.14255231340173,46.289693131130825,50.788979200648846,38.41941111090499,45.88860645373031,38.91531841221077,46.56354194184272,43.03753502223973,50.05909584406568,44.52872186913996,51.2737384898673,42.801269898387545,38.89206065422072,34.506818191760615,33.6838068451736,49.69095945401204,42.8439349855421,50.172632500119214,48.44321491865869,43.54056842502743,40.281535803362296,48.00738051204166,47.89587531904005,35.54046183268899,36.93905923293165,49.64833385754587,40.89077841574992,48.009260321092235,47.023548295355674,39.235620222005764,34.59667483808937,50.65564348036356,32.40791592857247,36.41820927540549,39.712534283753754,35.97017395669565,37.15201844509534,46.21713902485054,48.40588689783099,40.375426121618716,38.56036351732241,53.080871347469035,52.39174404391185,48.44216477265622,51.34011010060198,52.29956324636489,51.58652631895361,33.39813594846257,45.86124960005902,36.37188825819633,49.188693474348376,51.014669161408335,49.7982755283742,47.79275056914731,36.69715102757348,45.36637213440736,36.04827600055016,40.087468507216585,36.27777556810054,39.61276218783182,37.436195030599904,50.63681715654378,43.50933447748744,38.343864177745786,50.339255250430874,48.19094986001535,38.30981401172985,35.46739154093852,43.05983585888395,45.65893170108817,53.625581202095475,49.92833491823488,42.06355582661566,46.486380155560006,51.101708497277244,40.26599942772525,53.042460511269496,42.70525943083622,46.37742534851273,39.43490834212063,51.687532702734224,46.358731883495665,41.83767928274686,49.39527278706674,42.91533698442537,36.01491446736951,37.73405746298156,40.57232259339977,45.00726373631636,33.37562120009525,48.750217053216204,46.751359381429886,31.392962546964927,50.683818946383184,46.726446940720635,42.928881445491065,47.61449144213269,36.2658884618985,45.50117663739773,49.96746815108601,34.192633765131376,34.520725609797324,44.209686455885354,38.527493946530626,50.33101384569164,35.3212613163725,43.71901816665168,40.170398854767896,43.642425250484344,45.685957981885856,41.022322964907076,47.631864347877865,45.65627684671696,44.99766917578839,39.73796533512804,52.11422705530322,45.67958925602204,50.67963440844009,43.06200212600609,54.05569511749198,41.050376511444846,47.1214759005044,44.03900034714267,45.77307179384898,48.94739312747499,36.95254524120996,52.237761515530934,40.924203124500174,45.38057846856976,43.63247869690093,49.837231157657726,34.26417903058804,43.36989147310726,50.116761045348426,39.31355441824908,48.681109044549714,45.246784017864,43.81431797261169,50.2237699039768,38.50621198051206,48.60812077878842,47.35841602326737,37.105662945078834,46.44688160247171,51.815144546727986,33.5693764752662,47.5348741301893,36.155764138894455,32.98083162917314,44.69546421189582,47.514580931184,34.55868398312601,48.91889663923857,36.34172875527491,34.87961374491755,50.224626155262015,43.704540544235066,43.868112519044665,35.287255338424224,38.818682778401055,46.28345468688411,46.97571670942557,40.09740822018034,51.11801581537612,47.19052602854013,46.163735934944604,47.22094916536182,49.559256403595576,40.69764894615003,40.78173852939992,44.00233619720461,33.74718905760241,52.801517968841736,46.43146813847648,42.65572476716279,33.46648735378099,36.00428702951918,53.84627204861974,37.60506377244819,32.99369400546961,36.72273654314342,48.55721483775621,39.110600526396276,46.41459127476147,41.499782404293136,49.917890279368905,49.661746335770395,49.7529382771007,45.555532051799766,38.208208972711276,47.389505256546805
9,2.2241209413944425,1.9669990279936855,2.0280325948694813,1.8430648158470428,2.025080472556995,1.8229932668093305,1.8415305425770503,1.927013789425528,1.577987142942403,1.9587451443637454,1.9521908549452465,1.7182335124989507,1.8751816601510423,1.8394787956701688,1.6700725932172031,1.8991853580255287,1.8319553823462822,2.035089658522056,1.9088186905430242,1.9046652342250376,1.7241790795598406,1.737937984920514,1.9749673064889994,1.8758676990205285,1.8283104677794244,2.127940443964163,1.8932221896877957,1.9552359650300377,1.866376175290309,1.8741387996714598,2.040420225912803,1.7474460937031635,1.6878707622190607,2.093666640583357,1.5804614754031616,1.855679216901019,1.8404500053117532,1.9012380891888183,1.7032980538073434,1.803198981315441,1.7531049953632156,1.6725294980935097,2.0404500369272274,2.03567453177309,1.8680269106254717,1.7930836093590738,2.0084943778457367,1.8449747695458865,1.9669511273928009,1.9593671024508286,1.8766395432574108,1.8702805670294695,1.9661892596059884,1.8749701995607295,1.9413991593092184,1.7885331613549906,1.9646372739897293,1.9329037061582455,1.8569671249946413,1.935649318622259,1.7303530014393849,1.9377731514496832,1.8581917418078793,1.9041405321715779,1.9566174612319893,1.6724830423048445,2.112387295890371,1.7459226643105354,2.1230372152315904,1.9219455303205584,1.9172725618166968,1.8920167502907235,1.956687307329866,1.7083539390441917,1.9725425136938286,2.0528181137670742,1.96196058038308,1.8681172045469683,2.24255500360071,1.964661837987691,1.9844827576022372,1.8837010250070276,2.0492517169689366,1.957300384412818,1.9113632706395747,2.0393814000432,2.076702753862422,1.9516199338131153,1.9917972791159833,2.147087250558175,1.8738823870481554,1.8956226309415698,1.6608675353241646,1.9625311042999571,2.0079616889064966,1.9808499907692958,1.9391676339451205,2.1099103451311856,1.6988296808860261,1.860994060485731,2.016319166985107,2.05730757281825,1.7248635321754744,2.3951004398636773,1.749918172259862,1.8805973935447027,1.8235100190772693,1.991487111604762,1.5361409060638032,1.8199737781631733,1.818544137429926,1.9441956165000096,1.9272078865741968,1.885201062913156,1.7426050750673547,1.700336635101729,1.837738625138542,1.9152342525431127,2.335810047958546,1.583720371539513,1.9937690956115857,2.11906938774729,1.8675618093117379,1.7684729887404167,2.308952372047079,1.7426723649033626,2.0048399781566504,1.952077063772217,1.6885002493549988,1.8136768731111028,1.975130138945091,1.7681579217842218,1.9642464439107539,1.916871605563956,1.8517936895847362,1.9640407022353923,1.8131726509078936,1.9536597952429409,1.7850291270020648,1.5348781975508985,2.1444569092605863,1.8761625170110194,1.8436090965003777,1.6511111573141646,1.9103176506997013,1.9609498917803978,1.8320700541798234,1.6709969157466629,1.9258134063971095,1.9170969067787265,2.058163139025957,1.9924518442264723,1.806961228368251,1.9462200107683034,1.8848343175088322,1.7406987043010484,1.7228052581113298,1.792383538784499,2.026617475825315,1.8728755610990155,1.7304669902410201,1.9784480184753515,1.9127198671316281,1.9297511582739284,1.7749170102836989,1.9072638173670837,1.9025434623721305,1.5952836034818454,2.0747038218245484,2.007720808245368,1.9101214441336234,2.084125273813841,1.8111322132098449,1.805327044486508,1.583228885637744,1.9695845629679989,1.8544881680939707,1.91233763739724,2.1844582562496817,1.9219751382829475,1.8980515361973376,1.8818520165780934,1.8772488237376317,2.082570908162146,1.91948445158368,1.8676348196040375,1.8290159751452166,1.5305144924370102,1.862707193291117,1.8896583234140587,1.6519777182298394,1.9035242918019015,2.0018300890260217,1.9565006749031497,1.937631372284102,1.6745355302673233,1.8361688213488037,2.1106677257125397,1.4610819344393062,1.5554597322768715,2.0743878668776943,2.0893892610021094,1.977417788607214,2.04127001257504,1.6220365312699467,1.6941958797887873,1.6750962978169581,1.8867946852773436,1.8757034832432506,1.6710605244421142,1.9668442562275354,1.8962212114171875,2.2666855653751607,1.9602070718790359,1.5582275683439426,1.7802275782423576,1.96204570119043,1.9355705497419644,1.708611362655858,1.8300473257024314,1.8633651606084116,1.8901944513823121,1.6493493409735493,1.9223621744791977,2.1041601104619057,1.9173709149602134,2.32678743177518,1.9405841076975157,1.9571044978085441,1.9149450318120973,2.071437347773234,1.7818368231469706,2.057126402494241,1.9925809395623437,1.8536422783132047,1.8605392932659228,2.022089021639545,1.971201058433801,1.9290608878010373,1.766606996666077,1.7220644964329037,1.9022128510558656,2.0030284948645,1.710590559983525,2.351438560802681,1.7893638820373878,1.7200124184307355,2.0479232933692826,1.5456261306610626,1.9065441807197847,1.5784821183309141,1.5490774995799304,1.9831011430293546,1.646109567572419,1.84160332905499,1.7861886671169651,1.7529709697921796,1.651934559731272,1.9704346857057966,1.6332384330224203,1.868878019563643,1.8876578727281634,2.2051975144265543,1.767283035245815,1.830718972775658,2.1150420645053885,1.9096045016385998,1.8196949709071877,1.9993694488229588,1.8823980735207317,2.0237032620324706,1.9209887572753448,1.7741323961681803,1.849440640249367,1.8945506125899252,1.8391240026941114,2.401225587482083,1.6986842884317,1.8291500090682524,1.7673866253414947,1.8993815358082646,1.5520063745816752,1.616360261701523,1.6176254524942013,2.0495385327512095,1.8081864470051492,1.911939628214858,1.9050046255407689,2.2116632106863348,1.8974143320510597,1.685237495139088,1.6209910491241186,1.949516738912229,1.9560528083288333,1.9550556822648453,1.8975556984081399,2.050127078078397,1.909085184079654,1.9500910823372237,1.9462548527176398,1.7695429414820814,1.2907773610579252,1.66481562166562,1.767158186641332,2.079857036892516,1.6280775920047335,1.6585476327053945,1.901871521719105,1.705781121555892,1.28740057469442,1.9886488172599206,2.2457275523502767,2.1995388075923534,2.226478281159413,2.010967450085774,1.752141553215004,1.6440729566392198,2.0382834280104256,2.151277380079992,1.6690382473211387,1.73213196073011,1.621851375497345,1.7238513062392986,1.4502524520794629,2.3746319702264835,1.7113109297544922,1.6057991684545323,1.7201688483591897,1.6874468654401367,1.9153487302764478,1.3290688689308288,1.8883442374392108,2.109813005129206,1.7087110681569078,1.6259573080538727,1.955126154375192,2.18120801818188,2.0902168500273333,1.5933867539185012,1.8203700633494644,1.4568854058535687,1.6946579685252687,2.2021465125161237,1.6906539539176388,1.6232764460766855,2.1923181102551528,1.3721134128724553,1.7019411935844047,1.888074416922969,1.929645605375232,1.5087693240365019,2.1028437630543615,2.5125148804978172,2.0374227834759404,1.7289967955360783,1.7179547116058038,1.738888486276635,2.164403703652912,2.6554099716100046,2.026079314519415,1.6762621415238457,1.8560589153372784,2.0747801991805117,1.5595782527013766,1.8432628245654519,1.591418893434128,2.021446186277406,2.16634747189236,2.0075019300065295,1.9738054204589475,2.066785860529727,1.7503123895977204,2.0014781107469117,1.5622852640382587,1.3971405554500311,1.7270922150667132,1.5330783129504066,1.2761324614084042,1.8089265625711688,2.083166416288645,2.060525219648585,2.0134056905163886,1.6929567998246478,2.158908972654358,1.8363247083098841,1.6411135536416053,2.1094804977383195,1.3979395412401812,1.5119451589489905,1.7033193263836377,1.6330450839409307,2.262684165035899,1.7131961465211587,1.8041914452036736,1.8522841694463599,1.6893082789837353,1.7368884034480976,1.738495885130187,1.9831248287249466,2.0479911381596505,2.0315589433546584,1.9358777953915856,1.7154223151535029,2.131015319029007,1.8613944675687029,1.7844898431537173,2.1468177426626567,1.916498647493247,1.939097495809156,1.9151738857365044,1.7084022914696804,2.1585811999258433,2.209618100423424,1.6567077739591645,2.0543188829421983,1.6210187160683234,1.9145363087627592,1.5605996027669364,2.28120005050462,2.267639618106284,1.651403313769384,1.7054954377253801,2.049929343133713,1.8959568094427044,1.7905662761781171,1.7654628832410373,1.5306814417056231,2.096010218743898,1.446388673819533,1.932180267927419,2.6716023732801824,1.6950174313423945,2.3070664703311805,2.6895255215155385,1.9302859885321944,2.5190965968609667,1.8964732901396353,1.5642464998404875,1.9522908113983233,1.7420690500943143,1.8813908018771515,1.0951327437973548,1.616737059510466,1.7542081237522984,1.9574741822814188,2.1130921939413834,1.9641573229717557,1.8970895638106793,1.5576634747304337,1.7926401849842248,2.0241086532663024,1.1255973547749494,1.8539263019917624,1.8960593272937887,2.171581189993401,1.7759527586642896,2.279778833680274,2.228063612938208,2.6626576091030256,1.5707712000943046,1.8141431675384994,1.5594936041072067,2.059019061858993,1.938792867363568,1.7012310671351196,2.0565581971230853,1.3930526582883758,1.7967084044390962,1.8486464864693375,1.9632484377618862,1.8391280092464681,2.183080285023274,1.851249240246607,1.4232302425254457,1.784673747817384,1.4101668730843167,1.636330085713644,1.6446479606519815,1.7432075435760832,1.6844340949116678,1.9065175936178929,1.6514576903968738,1.9345918608180177,1.6303219082179476,1.4563603040445048,1.2452031108609296,2.0176549055240245,1.7014552605569002,1.8003174985699388,1.8233978590654663,2.215875709563634,2.203410486944203,1.9763991754818542,1.7055038213359939,1.6977957787190494,1.7516034902085311,2.0555237899140946,1.4995961788670915,2.123071608213115,2.117269965134203,1.7981998895429712,2.096413690156891,1.9004118204903349,1.5786942045418133,1.9384271085981843,2.2108716131338086,1.3914162046112322,1.6701481505052032,1.5147898581604966,2.0319657771982786,2.7384373815412686,2.0533458999472325,1.7996813253133823,1.8638082396506255,2.239187882650649,1.6007638440013252,2.064122388628938,1.5417929893336428,1.6373559588214488,2.203340099173148,1.6240286842752316,1.9999354464433081,2.1772795780942715,1.8662669091050863,1.7705326677952815,1.7708076897156677,1.9018855306230391,1.9619619986205818,1.6137640719905584,1.3549654687822217,1.5326882211944042,2.223565260103686,1.7723375718919303,1.9138292935572903,2.018580502480143,1.4802720847024642,1.737318900982953,1.6666328033224382,1.0297773174000984,2.0656316396070733,1.5573717785543977,2.111155277686646,2.6203430677399746,2.5168072435763884,1.6138612236357417,2.09740141977861,1.37512582230019,1.5282216782297895,1.5983735314379255,2.1076550152516864,1.6819007818627127,2.2032840691954605,1.8585174849901844,1.6665592631088202,1.4741469857264269,1.8460502608821232,2.195896184195841,1.437838098107497,1.8178359923186158,1.769508877442931,1.6502065113180155,1.42963935785508,2.467206913695071,1.784027075192744,1.3393070597467818,1.0125317487732044,1.79152809510762,2.13354114147848,1.913512290575936,1.910645227473994,2.198086875712542,1.9937616264359694,1.7155215143537943,1.6761117570000437,2.070608622812868,1.8636608098212002,2.1032859470421594,1.7800222896061797,1.6177767584241363,2.507532259162394,1.787127286788518,2.136630210977739,1.2971453295736541,1.6212866415360265,1.7540890780527416,1.9600705629320132,1.9324100291979842,2.0021454495939413,1.0874736796564322,1.5183467112272098,1.7081668359637416,1.937863173013382,1.4431573913263829,2.3155670202883156,0.9863715833598962,2.05898497957336,1.9508072054001657,1.4796663167597863,1.8798235845795435,2.047916112300781,1.900861913866452,2.295213708190974,2.1601733887571983,1.7419973881553272,1.3425852365958708,2.5455599445667647,1.7253405061112743,2.5563041898222614,1.3739548706601719,1.6261688400837184,2.558070228703605,1.815696321788533,1.8209623321890749,1.6379705608711779,1.8109005765281576,2.4192263040402975,2.130834152050022,1.7296136799835506,1.7741525906889717,2.084272861396342,2.825660363048042,1.93392877546566,1.7134447016829928,2.2304344408232892,2.0842290140562567,2.085312880147003,1.8872212766452547,2.25274268939415,1.6980224214523227,1.9197439930473352,2.086888379189198,1.4593174524849848,1.5515931047502771,2.125273382091903,2.680935217729147,2.45733237906237,2.6496972719375727,1.8755007361439004,1.7679779612413362,1.805100938493472,2.4757327577371813,1.7916744717177777,2.4549445289866942,1.653892016723938,2.461595382174802,3.2334604239038374,1.687509742708306,2.0734519500310156,1.805115449806829,2.0198931376263847,1.7921761938195302,2.034758627109551,2.0094022880495848,2.4695360353167968,2.7573394175456767,2.2705834170006485,2.4766441692092904,2.259641578000072,1.8287897813486294,2.1638803273616802,1.9071966098885371,1.4951536136366126,1.6847177022734146,2.141888569850939,2.484425324471812,3.149371933656924,1.7415962039812023,1.8341146500206955,1.7268753802643366,1.4149854319841078,2.1280761565641346,1.7210620540234673,2.261661863666577,2.3846634844980468,1.9652229968332393,1.9918883489827466,2.3740991659366375,1.5799229040482727,1.7177511419197147,1.8447701638242588,2.1080055953538728,2.4013057385726815,1.7780854590426753,2.6252154157932948,1.7983955810743748,2.6976664065720546,1.598652327093723,2.376020528878335,2.1885899051409026,2.4941039875281583,2.0893717453470204,2.160900621763347,1.4700714698985669,2.018629837954116,2.128780782953364,1.958316741791953,2.8479116193303913,1.6693064967922624,2.3968779348355573,1.4902141706444552,1.9332091298155143,2.2819417633701717,1.9526728447009392,1.7311463057217737,2.210773286022564,1.9015708275309604,1.9748061606668643,1.9530717995226974,1.7467230093742316,2.257792333705271,1.7533269392061068,2.19098679282819,1.8394907862994232,1.6935742205013367,1.7540330045786603,1.3278464378665835,2.9428880880222983,1.774582684627608,1.7461108794324551,2.2251765326670196,1.746563679411129,1.789002368873879,1.7008323860256809,2.5252888616995914,2.2924637356179893,2.0128312823063093,1.9163153523243237,1.7360974033737002,2.36786974135048,1.9189752222238265,1.5861608557049034,2.283942676586467,2.2318944305663324,2.009085136524274,2.2005631351829646,2.205259608392233,1.351382240206291,1.8968422791006228,1.9850911190429275,1.6965935788494844,1.7636819727607411,2.498216500273809,2.378461549328663,2.5027913661553143,2.3558313161720967,2.115169408956577,1.950636380998334,2.987609659413009,2.5189117074337295,1.9665662160725041,2.107390980354447,2.399828582186317,2.4496791854218563,1.7057002329915834,1.8323856140510066,1.9304602917339602,1.5926735417928877,2.943426260767176,1.6843432556396387,2.4087928425417413,1.6560686389660544,1.8921106933781942,2.379445830291972,2.358153036322817,2.1303014051141282,1.7160026646003659,1.5558289964544731,2.375126077325186,2.0278693905171106,1.5621994460419566,2.4881909700339118,2.211713445182632,1.6747422362805997,2.285309206732861,2.9073341311557668,2.4953570171635544,1.793111817129713,1.4079610574474846,1.5302136758418894,2.310652947078641,2.1132227336706713,2.4283457998882088,2.560201493756611,1.7302464021066188,2.9726334384950985,3.276397397505681,2.2846985144804486,2.2223236568574003,2.880930022442379,3.0921364919497627,1.6720524185876529,1.7986213184527264,1.8499342933737106,1.5190284364255087,2.0280932977948987,1.948426610065369,1.7261272573317783,1.6366714809467728,1.772070991229819,1.8162632027804635,1.8582716010590659,2.3709425079902227,2.3385895057727555,1.4337810305143968,1.7936207818430412,1.7220665402993531,2.5403797519189824,1.8013951892179678,1.8516608849850513,2.705213891699515,2.483717907639009,1.7858199977410139,1.7481000654770544,2.1747851443275805,1.7618089304157019,1.9779538693172085,2.211065325753581,2.2732850308349204,1.6994614341029344,1.8302940630997893,1.9939270284979072,1.4358101958470308,2.1261262596288257,1.818474120689049,1.657824315290436,1.8756217195838165,1.7765635412257885,2.0873239695944084,2.4350613670742525,2.4437547817622964,1.6452434277658567,1.8328925930275208,1.9064031716352658,2.239321303332213,1.9178946464805913,2.23644098893298,1.9246995539106504,1.528669500670031,1.7785081975758859,2.3130776916387386,1.6083391429255143,1.6036629724253086,1.946366310007859,2.0963288674635616,2.3314668934794978,2.101372835490698,2.308889058777504,1.7423966748752224,1.9223941033378926,1.8389444141942457,2.806373289399369,2.651601438893701,2.18488916105534,1.9007084758932247,2.0155850273465963,2.177271469318951,2.274475540894115,1.716039100101984,1.8670094081573971,1.9666304149415303,2.3119200363513412,1.5327388070788226,1.3377571490654556,1.7473558537482414,2.106811680609143,2.1605423757467204,2.562714825292442,1.9254063490116193,2.062134489364293,1.6970532575887385,2.2602368439905876,2.3319349628888593,1.5316941358922014,1.7698183172983726,1.6250764813777545,1.768564421729583,2.1746934738029444,1.8878685464835512,1.577652906020083,2.0182349714293255,2.234922452360515,1.3806032600213307,3.0462860878577174,1.792088595409441,1.8421269089585717,2.1435699989601145,1.7071205419113404,2.002662864894338,1.44840996258821,2.2399960862028157,1.7020410789143885,2.148632132042721,1.570932848936572,1.6292747679721054,1.9529827986883146,1.6037010762403283,1.8426242344130572,2.1321175358894395,1.6501684337038909,1.7860474009385743,2.2473283210012394,3.1650710464537655,2.5546861339027767,1.7101939689514019,2.245969003966762,2.6141311430273575,2.38658835395459,1.6173883527848636,2.202003134052285,2.433607138111033,2.2716506838755715,3.335629612445709,1.5048246354701864,2.0457197312471305,2.5968807418452458,1.5443823210769727,1.9488330242021559,2.090869537789823,1.9402870402695556,1.7584029408035602,1.7098466952574642,1.977786897973759,1.9061671375306948,2.1348729713785137,2.5880773729645705,2.098232438650233,3.2715971228958156,1.7366079718849112,1.9306583358227258,1.6843267015699892,3.0314463138754713,2.128970160834891,2.436521151819421,1.9844138437849763,1.9843780486523674,2.7830275919006784,2.1401234822417234,1.8702164325950403,2.20052131589159,2.836626160170195,3.0462578731695924,1.6979271678415702,1.7512753737552011,1.9674106398599045,1.6659357160313737,2.1398834274726735,1.9615993036839048,2.4327595620524645,1.8192434772656207,3.040989488616263,1.8885911390200782,3.2329428475690123,1.8200698659613517,1.7170735835277553,2.501843494300258,1.5571416295213183,1.6378549279752836,1.8381056179704478,2.063272056145952,1.6272199007190289,1.7901571013625124,2.6684603163323932,3.3088505244256625,1.8565700603833717,2.093118150193354,2.0145036254971793,2.8830356566817605,2.6152191112303416,2.624686983086878,2.5198366908788157,2.767520686708655,3.407311523744514,1.413115717218059,2.0387840944443316,3.1231247062774488,2.743289759998091,2.5556700067818636,2.3238563236406162,2.36478054482963,1.5643350668646765,2.3263079496872807,2.4374633223550757,2.4052852398786237,2.159399070540692,2.6818208946414837,1.7749240664277686,2.7715319555247673,2.117398962157038,1.6786449290355425,2.3141109437568126,2.897136609413083,1.8994018915713116,2.3447950933322126,2.3975525654239216,2.4748689941247415,2.2141984434312474,1.6912367476351284,2.3533380150237857,2.050136306787299,2.667167419631875,2.2231017126954593,1.7539148809744523,2.3199861277285807,2.4696734188415292,3.01921670538382,1.8061457478672727,1.7774465744015402,2.754218385159065,2.2099586854574196,2.0544932707096306,2.070578093609997,2.52102078505825,1.8770173176568121,2.8433080358895158,1.6779052679028292,2.188808795179051,2.5480605838108286,2.7533211461607907,2.2693372669775034,1.613892609042974,1.8357363922664198,2.110300491234929,1.8126472925055155,1.8034064866099722,3.2386662990307866,2.5278275373631343,2.364895065969145,2.229290458303656,1.971662466571176,1.8362710337046022,1.7697023988022729,1.8818785561517515,1.676167044777954,1.574742395492742,1.7668870911667784,2.4322886635819096,2.2496798062751937,2.301443227463267,2.9136125624616627,2.6834593070356374,1.8027038955755275,1.8972601113039613,1.8841086248408287,1.7767978164090446,2.7842376384609246,1.496000102321192,2.049149255227925,1.6006461986719862,1.9065124999904348,1.8453087415191112,1.75113056624663,1.978606094008822,1.9456864062731158,2.5681219068941026,2.0130476113093785,1.5930403654891363,2.4266424258081254,3.264636525292303,2.03851485668936,1.7544919136283788,2.615369681490261,1.91318073491675,3.1605269464422285,2.1941210522886663,2.2256562146358867,1.7605287963049991,2.1401229744959855,1.817113454792897,1.9707089838960177,1.9217167693393729,1.781352913694904,1.7541885137830755,1.7491377359667415,2.636251176589331,1.8048388770703754,2.3419369365156895,1.746296886568069,2.606269830368847,2.425688553198777,2.0368332651639918,1.9573352750538786,2.2722987112894755,2.603898100080772,2.013556052017379,1.6548573192847258,2.275275053407647,1.4962210472886932,1.9369409216195397,2.430295592109888,2.0491217840706843,3.424380980746411,2.315969804165372,1.7243351397313982,2.071308220228192,2.008811292580695,2.0245672020253918,2.0003908438274967,1.8388946346644157,2.3573116969344867,1.8313814331239806,2.236192770063022,1.6389966753399914,2.4095885548889524,2.0760942533519615,2.7135516473662915,2.585042993703862,2.1379316679860056,2.829536603634441,2.794721548404623,2.4999565465884825,1.6537734048821016,1.635691856855722,2.893428034661732,2.0232989445328102,1.9183990458528712,2.0447091781829214,1.8469417796017606,1.714932839221929,2.4560034785078093,1.99749805611278,2.1304429022610782,2.531978685945668,1.934444108092516,1.7506131907116054,1.9178692950472722,2.1390680181422996,2.1779830220435663,2.0334212776440386,2.2162538321461183,2.1399444828628478,2.4180955133972324,1.5824882707778287,2.039168271555013,1.4856254586928634,3.2334880135721886,3.48869859871662,2.9860683415687106,3.0346777768395654,2.2125479548247786,1.5044419967079845,1.9365258758640003,2.121921851537438,1.6089637882217933,1.923200222859668,2.5826655060844166,2.5383278812171963,2.1407028332399727,2.1294472748480375,2.1731936292856084,1.5469822374791278,1.6278443858979201,1.784754375130775,2.2311388112126207,1.609993544129568,2.372988391450267,2.3829065376715732,2.275237892607321,2.911439002077153,2.8269356124874454,2.6920271947396284,2.2296594688812106,1.9814995524326917,2.197977575098825,2.270340460639001,2.3725714685251242,2.410849563203439,2.117841367926319,1.9477216025471666,1.8793267039857733,1.7300551654725116,2.1476532673248365,1.7221784236856221,1.690166329550374,2.8938061177329906,2.830193403907321,2.271110110322003,2.225777356127731,2.2713431234165515,1.6692404358578457,2.01581225284724,2.311507645778321,2.3458369272553057,1.9116765821389163,1.9247083368082014,1.8083142496172528,1.7244859113266844,2.7947956528816937,2.0078247013117667,1.6988938085254885,1.6034648851932818,2.1313078191958232,2.0034492758000177,1.9454574654384464,2.184081498591293,1.4956009734375701,2.809826412521992,2.614347989285808,2.094624570516569,2.279791821762708,2.2413647917629076,14.344628118642396,13.99473622458992,16.591495158634828,14.498635010001301,4.406845877114492,8.318197267119828,8.484251417540287,10.710449892755666,9.601653873187551,18.49756991448816,15.730761895513616,15.996782304078398,16.682236814839264,16.892591950622535,13.98973062933707,14.168276574371065,12.915735769539381,4.920883560565182,3.999561036005584,14.192871254374333,4.873121783060558,13.479120520872025,7.545616880203352,16.229467296179973,16.8730734207524,18.04861076643245,14.454340300101006,15.423133697164705,15.668276676237106,14.40957783515921,14.894141824982913,14.779339048713155,13.619067692459959,10.3200752307094,6.037173976477175,7.913657715128574,13.599192386881274,3.72146063619958,5.965249905142129,16.122026709955513,9.25587614192426,14.0241636296637,18.442929806806273,6.125186683373356,13.993311082805688,2.366830447363955,17.78014513550054,5.444914908940592,14.639270891654617,15.100969648072564,5.035934802080098,13.993668344986194,12.41417723782026,1.9216626005843709,4.704826016679747,1.907976937361858,14.256794512930771,10.806489504103117,3.0365153591136225,10.94631359186411,16.875667838772067,7.461331153526795,9.488822955122922,8.870257453920367,13.493294609192672,15.317077175611459,14.551255852557844,16.841191809199504,15.875100209950192,10.120423079162562,8.67348852429877,10.502524925220564,15.674615724033062,16.004678543799873,4.6400447530683175,10.44698499222404,8.321704355719076,16.256090274713,13.528529179927434,4.908419956655511,15.608993648355222,16.613768660416415,16.716626531704218,14.925148228922348,12.755952680135643,13.569686781685935,17.86294179054195,15.25880990813442,10.416889292973547,6.872688209623282,9.040146848179928,13.641509024592539,17.483965826024864,17.41906775739009,4.242638252021089,12.342864848344817,17.78096461435269,11.438419074297546,7.838452760563419,15.538984609213028,10.1985725856871,5.23185978832034,14.983528665149448,9.455467808854603,15.446585710073766,12.270054834768224,12.883505576707575,12.372327764745375,12.411155084633847,12.53861738478431,17.29347815928952,2.6149631458773284,13.373039433978022,15.270554306297749,15.7889104370296,17.3387509564613,11.517490121200941,16.032628311047425,15.11259791717213,3.0456198088141258,16.077460708523667,6.74422430923214,2.056110703784347,10.528062765077534,15.581749089704044,7.6925874852118294,14.45172894390089,16.048946144815694,13.103045045436865,10.535520076095562,17.627293553134585,10.879566371770263,15.273139495735881,6.540240201732767,5.895515941305356,6.329783963546635,12.396044793141598,16.76836067874692,14.84834060756887,14.772894292630486,6.193451529579541,14.89969183439734,15.241410581227495,12.847962800782017,6.435960063917002,14.339801205208593,18.062876070404663,14.922858965583819,13.968783734259663,12.919542997958946,15.928437519741088,9.903041406409402,8.19568789086629,6.999519425848905,17.305991038138078,7.058622936106146,10.445325264523165,7.549208243503504,6.27899715541198,13.112043003802722,2.3180221185588694,14.353135929577371,14.517923862818028,15.639174336126983,3.6640957886365064,4.438229738482279,15.418002900307945,2.0263148084654974,9.005309744591885,13.449960603366346,8.779758605692788,4.811045860060747,14.926647543734475,11.638764180741086,7.62383868050076,16.17615692688597,8.252114214001505,16.059020066592264,8.877635959041207,13.537044020919057,3.3860552380862585,14.59317002461648,17.525995432018515,13.22738894502191,16.624267662166393,9.401399380503088,7.8749212791329555,14.012720897642936,17.6346300900928,17.46781329816984,8.309506401485567,14.397362908598405,17.75943732153902,15.340274200659852,12.255134851278434,3.626942798724814,11.019590994038655,7.597711859904598,16.949634769450633,7.887628180034979,16.388817203094973,14.23082675804806,3.442036661183408,14.87093151698171,14.758955669673055,15.736652009014207,17.212036042421396,16.518312088789134,12.255279470309235,12.12938397289267,13.762324723392302,16.872924841768537,3.115736692781018,14.975339031180637,6.816205111309298,13.713587464507038,15.89337774722184,14.537908499897538,9.602013429682055,16.939603333793624,1.8594966556642356,16.868073569737177,15.540738854752004,10.015127775724833,14.490706730960664,17.524167212949138,18.53815862493231,11.621486018923145,3.584774247814136,15.371368117857967,15.756712042688141,15.432013688408166,1.772896785154131,15.229124785622265,15.613690602984894,15.296172627728723,2.926852026460681,7.342054199498761,14.11561568774612,1.66553216348067,13.559105382256188,15.02421136209502,16.822574677774327,13.767095351230786,5.074034496758369,9.13851081415984,14.636265013316185,14.732939618378401,17.095845062289797,16.221500217444067,17.838693445228223,12.116147803678228,7.964521709284829,1.7540561244141764,13.66889197330204,11.831096064134652,11.58138815395211,3.432962422650487,15.944745683367465,15.386145667184781,15.851905456173862,4.273394632850236,6.155396347442718,14.363440918530745,14.453726488617672,9.262206893325576,15.986310449844543,14.564365533045464,15.741877970523005,14.575072108918533,14.65199799293555,5.4641306638060305,14.638574989726395,6.898626844973043,14.385640772709793,15.787531900935388,15.370371498130464,14.459654246978706,13.074867548742315,16.75122994791123,8.023467832861384,17.39733639182567,18.52822775070321,15.677265444518945,14.799263428999025,16.178114157361712,13.92389582920656,12.281716398020746,9.628252062117548,16.799193436771517,17.20596634317843,3.0965052101995654,4.973442965683757,6.2121239194242985,7.113041818591673,11.433671464722336,14.368120454539692,15.023592949967314,9.325285042890643,12.810564368798618,4.3252636374314255,2.912621974454447,3.63149894051402,2.8538254714681535,4.116475844529765,2.9655865610236867,3.4876442106045524,4.872625907637754,3.324031066433157,3.6946913805173414,3.375587260040627,2.8497028040009384,2.6945198485226105,4.70056296168199,2.784260288704936,2.9016018159750048,3.54831532832588,3.6553621784552575,3.1970393579494876,2.8583091675190393,3.78641483819772,2.824069286243776,3.220716628929356,4.172101639986355,4.305601207068823,2.7524019436907947,3.131550420108606,3.131116173431972,3.029384856317827,3.3401348107310262,3.006828267499191,2.995184405784143,3.5595493620452134,3.5750244135498876,4.274625040740675,3.672624461495227,3.4212373921568298,3.904830044308635,3.150908367953906,4.640252827644559,3.833177662537745,2.6056496601995223,3.1389898366173816,4.452991632298613,3.1808958293920133,2.770663888215775,3.8960446486469724,3.311339824049169,4.175604635482305,3.3137505657033812,2.6915479605771613,2.7890822099801977,2.554690627860556,3.8539480840318374,4.086707928504593,2.8268810599095535,4.185269520351983,3.231738895367202,2.99890436860481,2.8700217370408225,4.873991379751537,3.81951181094159,2.822088414340684,3.895382470790635,4.3248149527323845,3.782599498035431,3.8908690405853674,3.3999209934238075,4.124316291061662,3.639368636675752,5.109747560864168,2.800066998649868,4.2621987303902955,3.8789983351069237,2.7471301458865733,3.3182784371324927,3.2226984187004737,3.574330808720328,3.19759359195192,3.6761094111480728,4.040837093461261,3.2711815633142693,3.078825537342533,2.761283735576977,2.917605970934359,3.1868407602320232,3.3110709826033853,3.676661916747867,4.029879430286042,3.9666319272339274,2.862903689331281,2.9404704988659103,3.1696549275763877,3.0850843817540126,3.64654224098545,2.644298534233997,2.91837508764393,3.0691624232589336,3.7840447468595895,3.8608759894444162,3.3125121965631372,4.062509535205342,2.9277742343560487,3.4433645436070512,5.09387035425153,3.403246111943699,4.098009610164153,4.098638686906259,3.1184228193947554,3.365674120933164,4.425743058177619,3.544817481989293,4.354666704700744,2.8501259589865886,3.817455546089225,4.4166963009480185,3.2353432353005687,4.050341645723506,3.0282706158784705,5.019096028421404,3.111566638614247,4.367481760608063,3.228499117225922,3.3750545932288114,3.501155052058399,3.439241815470312,3.7159031209016438,2.7831116618918985,2.818052066922021,3.7232506330727677,4.112485225856577,4.064094952878733,3.031065615825298,2.728837676260204,3.6686723829981482,3.4816820023316835,2.941976250927451,4.350220106840727,4.355114766893283,3.494379065921431,2.783779219162654,4.0716987876016635,2.983680484749119,5.033769431452173,3.7982909007649117,3.111862261964795,3.716939073441645,3.3552429058279554,2.7098451708329994,2.9036717462153456,3.532677870625153,3.1570082947629383,3.866542936517415,2.894094179235831,3.507881780030793,4.423396678863957,3.3931280228162257,2.892947436021277,3.3152589876071503,4.187782400118303,4.382257943973077,3.8046430274170664,3.731553079819262,3.328974162574085,3.240154420385893,4.3375495448325525,3.2459325784692004,3.1062363514798,3.4054285463204326,3.1253846904814706,4.417065812142562,2.85316491307277,3.6713816146170433,3.260716775346799,2.7385118236079435,2.765353970763542,3.1807267711304674,3.0098438793826965,2.7701579285242706,3.94402886563019,3.4027884728408373,3.9648747611152197,3.262107350994222,3.896316881707892,2.8604642667476607,3.418652889053526,3.7687985554133667,3.4627693080882924,3.741868942928051,3.219512200149211,3.170703721231947,4.300027048524161,4.210125625724111,5.2978299903111825,2.8105013423713383,2.7849346956344205,3.8052421792822733,2.7363537836853844,3.884559749162961,3.0341756513336446,3.417093437204574,3.5422829504221287,3.990735438166818,2.8990674510201293,4.342613087438353,3.204168982280163,3.589440258131525,2.9881080138524387,3.3855928866171072,4.883556968124915,4.346343638898253,4.3069438892653045,3.045776166332017,2.9971898575524647,4.593338697204771,4.182833892956415,2.6197410047075285,3.651155102549535,3.3426561594448123,4.092173752149829,3.278904047323308,3.0306825578541456,3.7973527566551435,3.365489249301527,3.211747260484989,4.087011868704508,3.1954463598959353,3.32465543751838,5.071137558478602,3.75953237831411,5.078479647930391,3.061172284065777,3.890919527018771,2.4261871396541723,3.804438735777,4.107272147897938,4.2457515658131575,3.1872188721630064,3.4702299501782448,3.460768548487931,4.085735398244333,4.317972718108876,3.0082363595101604,3.45731830323179,4.360924732371322,3.6713104711809446,3.199309974338947,4.322169603540592,3.4340636184768085,3.0335913276430486,3.3548006854810555,4.056769215736751,3.0028469989187268,4.104477384418533,3.533674997624977,5.095948571306506,4.205205501651024,3.6725028667769135,4.3075301091249925,2.6529273164107274,4.173228896261795,3.623757714359239,2.829724691412729,4.601003423937826,3.0166621741184647,2.461692996039474,3.8254366201112187,3.3835598079921345,4.204118009326391,2.672598452364361,4.1016313656484735,3.825952059002685,4.30872522050748,3.540549143426643,3.7561000623566985,3.8379849172304645,2.8840327094019385,3.1622239535546495,3.2149687557348905,3.9683513361139604,3.6937641884197467,3.7540452263060238,3.8827623681433963,3.2195539361353744,3.6133133394839385,3.220444699686101,3.922932710773887,2.8215710955555946,4.08377897656348,2.774205925295751,3.3238398615626994,3.941368926058353,4.388625256093542,4.056073075789351,3.4366340087198046,5.314612606507965,2.6700966073021988,3.207563997834364,3.2001421331395288,2.9841332142392782,11.249323730721658,13.21362793199797,9.81659116001781,15.51821920204195,5.276858647047811,13.86921296006139,14.940143921035746,14.98879341686875,4.265813441960702,13.665685877194731,4.015269153692253,9.336351374307695,15.761086251039515,2.992855761652477,13.98397665174042,11.025552817079857,14.624954652193662,12.339893737810536,15.262770849453343,13.528209418206442,13.579863368153076,10.805716558402379,12.00720185040468,5.694575379297582,8.387871010703712,10.489093650981578,3.823751533187227,10.722780194938045,6.750625477702479,13.52745036324622,13.084699052985334,10.856900719645425,13.883508452028961,12.670992008836006,7.524505467835046,12.276682693496955,14.467433860285379,14.177950812967708,14.374461656874246,15.189741470489281,3.0132410018251097,9.618174905605377,2.8559811185399235,14.805866388752094,6.757941601406324,9.180192304550625,4.594136463324146,3.0005496441011625,16.861107380977252,12.707069816192693,4.202425192660622,3.543104394884376,12.615792286156946,8.946897375103246,7.1447100601691425,15.359297172576072,13.589944108561166,15.562465726438798,5.025412244314692,15.334289088133088,15.816059398816282,16.213041082043453,2.7041939295933406,13.584295639946001,11.296772697130592,13.03623777512362,12.98787075058828,8.540890105076608,12.376233619776078,14.667084614083038,10.801935992905118,6.248274317514915,4.667369525874313,13.788338208682546,3.2202574714450476,5.242906157073147,9.825789343588879,14.11257787465628,5.460637922295513,14.895892124016399,11.132355791868957,8.558837967207824,12.186419417640725,4.679800167974189,12.542666090867144,12.945620489683652,8.335979966715803,3.8669904517999063,11.092575137630035,11.657920619416988,12.938553677851312,10.936667679055498,11.183496498678698,7.633598338130059,13.262216882993277,10.542213706769532,13.152968795488583,4.590724265847025,14.586770268965058,13.661892238819616,6.023233180215917,7.93075655638154,7.075070501391585,10.744692963310845,10.321228254786948,4.377939323372466,6.988334574486751,7.039920819746265,14.11673942742577,14.14272283795894,12.89132273454084,14.249848072469215,9.211021169234773,12.780116925387293,6.396627880945129,12.67003276267306,9.80063024290492,13.052833007412106,10.228159593523891,12.581797449381291,15.167844268234715,7.580922203508835,3.992782188748697,4.027172046342307,13.11900924565513,12.728034791160582,15.152128895531375,13.772258602191773,9.53903116078863,11.578371813144138,13.016878378363208,11.042640985277915,4.805027522901142,5.357234562504659,15.279127205759487,9.792362481462895,12.460393988244148,12.228999009164017,5.6429576173018585,2.919133042623366,13.914980127869358,3.1042642260821873,3.7892384157736076,9.897716861865797,2.743891605039523,8.494870342084997,9.725557806684456,13.546540702273012,8.877779018842991,7.614834369604923,15.607530114804009,13.96590191326029,12.687863541008165,12.324011902719645,17.46052187309115,14.115851310164402,3.206698642936352,12.402237181257686,6.5003910760851955,14.21354789757582,13.343200804738736,15.64679698354431,13.875337388923231,4.347438378056586,16.189655273044856,6.116668450205756,7.2285943009622775,4.201957965173855,11.10861089895827,6.244201307749034,13.589549503934606,10.955886395080393,5.6562662236027785,16.726262704322487,13.042991652129043,6.434599084406799,3.5950171565618936,12.80958546975408,12.255815528536791,14.460191309983893,14.774677205503158,9.21204265188441,12.747101665168975,15.442434987772687,8.469270173781887,12.804730899952379,8.966006173456526,12.481579358386927,8.156024104578043,14.367187128447615,13.42267145710931,7.401324573499032,14.571242589023889,10.171849472392653,3.0566811038446016,4.599393186306779,7.533512914515439,13.963843735575423,3.310752057056686,13.785795089311472,12.388027452519209,3.238552236117818,14.878655397674812,12.307687178126068,9.9617092738968,14.538399677430649,4.532271702472873,12.487524024461024,14.86467540804,3.2951659664732675,4.472839148735043,11.986050408682251,8.184501326769018,11.439088030173213,2.8349151356696853,9.79801190903189,10.587812507888811,10.204200657507243,12.969666962577142,9.102189532376604,15.438438121389241,12.25150918728454,9.584404899729918,2.918722862263632,13.63383398974332,12.46693997407843,14.661248829201645,11.30857688674537,14.613061255832852,8.557631545718165,13.703369054878777,13.75005535695492,13.48159701126584,13.41322157181877,4.3184929035369946,15.509859348889732,11.440368674003784,10.797798544258255,13.819837633696045,14.269230654463035,3.171732472925582,9.626203507159707,15.795253693751683,7.745265603283976,14.288498556572234,12.253758489293277,10.114698879035226,13.2654172826358,7.296390160761802,14.980948147727423,13.592223070410265,8.46097010512114,17.257277274519602,15.203589899836674,3.1000858749977245,15.347709881733648,3.6010523479366743,3.9322570909509733,12.711564558545247,12.952189483545984,4.355953252853757,14.87362368959451,3.070381444581112,3.6441448729664185,15.215905981262683,8.796790157682072,10.610802243491928,6.679078142389148,7.413407035723851,10.84134514938806,12.42500654327051,6.321981156754785,14.641810926587583,12.28773096252933,12.080445227553229,12.457919341649099,14.711888863668545,8.25801674250557,9.48706727019221,12.907246247006757,4.653962688076446,14.833601797299318,11.934190746698814,8.619857201562073,3.46604984827677,2.9920730957331196,13.653588254228543,5.792046564545583,3.588870224582204,3.1423228330297537,11.417586075397628,6.721234567152464,10.727278820440839,9.89027318282983,13.325806424825016,14.41415636071799,17.22930805388326,12.037661752994127,4.765484847642012,12.429459278493471
10,7.9553438670519245,8.132398267556479,8.319228982352767,7.675191286729846,7.439492500919498,8.138618090353031,7.796682336762563,7.219056640557583,7.973640654097942,8.23584548239134,7.783373969384768,8.296964397020172,8.607133798565043,8.597292433069908,8.444437593607613,8.863306086736396,7.819182183538473,8.321839622822955,8.08686447722843,8.243540074057629,7.773904504888596,7.959285382854478,8.300206933738616,8.021583481803914,7.581244966811334,7.826312015170151,8.835153386679055,8.169029917384195,8.431860098828164,8.444836145001299,7.906715594726884,8.287888487366818,8.125665801219744,8.306317747315418,7.3786811776931005,7.820097641484933,7.817964036543044,7.736872152740366,7.301634008441053,8.22501393325926,7.65113901282832,8.46214045566004,8.662166700545757,7.25620195915018,8.532250877187142,7.718614298083667,8.319082764378111,7.767818506855266,8.226693629181849,7.5892048563102,7.725067050029552,7.797548108141866,7.748778312202544,7.8187905562187225,7.819630197275792,8.322321001415627,8.965001501539238,7.714784753056153,8.414206533525467,7.195209342828983,8.139847856060067,7.7612763279373524,7.840430673605014,7.525438691672828,8.249864390037786,8.034877591497194,7.716456247916617,8.539774744039281,7.705501558019774,8.364300297778577,7.852314427869741,8.336078427951437,7.663355149595944,7.843639626753536,7.66990281627536,8.289583871570754,7.710971622555845,8.436607473084603,8.464747947216013,7.573338684808538,8.917699343144433,8.839494902084558,7.7964358571924235,7.566792092817153,8.258053392057366,7.920420394657516,8.613992920617077,8.40242197369795,7.8554722613192975,7.592021785184375,8.075446389369102,8.156827367079245,8.012903543070577,8.168073848092432,7.137663897060506,8.050316753512078,8.279016198247612,8.62514291141284,8.130755013828686,7.509785949907465,7.29335123210592,8.144433563512957,8.473565042807893,8.341441720269946,7.63844390420181,8.616308105524148,7.806088032517664,8.912014608274859,8.106880030759028,7.9896598626380255,8.051115230142537,7.811408435244804,8.504502032887105,8.485752637542701,7.9497515235909955,7.76498068155733,8.372403179633693,7.875848832372895,8.081052033349803,7.9598134138995,8.684390369570263,7.86306499292875,8.182422951639781,7.684475834070105,8.038100306778773,8.135261184234192,8.662683046422726,8.25244796962457,7.9702344535015985,8.894875606210569,8.627155272524519,8.245107491619393,8.1324912993552,8.867503734617747,7.608362094523367,8.92337092462572,8.214403571240773,8.653664636194822,8.1602032210422,8.092575868867689,7.548270719166678,8.055112608797373,8.91931865877543,7.94693120538371,8.284582224657653,8.441044080464783,7.860513941353226,8.526383135621762,8.29786628815268,7.572205907812872,7.807737230406131,8.47819158180916,7.997558092255918,7.697354936776674,7.55346396296469,7.993851461681131,7.84864543280859,7.691791505485831,7.274983946748139,7.768770476190333,7.998390439302375,8.48871695739382,7.836568923900896,7.8472495564753535,9.063435046164757,8.18667684651142,8.006559192883554,7.806129882272233,8.632815755914661,7.146769559373898,7.780700798044712,8.62335433668232,8.960950494904145,8.215253454836198,8.081024215216077,7.89648873860314,8.32476203962415,7.729072972886462,8.465219030465008,7.841621899084635,7.836803015575095,7.6292373553815205,8.352978963280458,8.536121298861106,7.223786078206298,7.811713760443211,7.698972098135304,8.078707574606563,8.06092966237386,7.855504035673905,7.937142498440027,7.926649548372278,7.960784229889154,7.7142076895556615,7.082054871721725,8.26069232358464,7.670676433556129,8.113844307946414,8.854488802859727,8.288172526445512,8.62373237183693,9.018577964160711,7.813235314096811,7.871040046234287,7.832741650982465,7.864527143175281,8.361363336841968,7.920029310846774,7.874079625190994,7.743503110769446,7.224672822554038,8.293173940389687,8.49952404603186,8.458432655459104,8.108426418953611,8.042203112248336,8.272517097556308,7.732702991701074,8.286366557153368,8.414813324630044,8.516281498820682,8.335981781035056,8.007073922894165,7.066483647483883,7.450309096650268,8.22463024048347,8.126517672494034,7.009976969478534,8.906211332583212,8.213324016605746,7.75590173744881,9.049130042707208,8.224507493275864,8.221608413478629,8.446026156237682,7.885109622759412,7.307022551657418,7.89858441137517,6.9750295079562195,7.8556728454676135,7.993212145058192,7.766397527392542,8.959042996910444,8.008811414932723,8.214521350342226,8.067943087027672,8.473845162525835,7.542507420680358,7.79347835760787,8.332382735627329,7.434762779841848,8.086131293526721,8.425389684803188,8.100126210683216,7.913428310238588,7.987115940329512,8.969031704645543,8.669755975126062,8.437935281022767,7.895185801718278,7.815247741785786,8.406211650156314,8.054449988420027,8.242192489354206,7.560184425864405,7.445472806464942,8.186779662520742,8.05588942507235,8.363944785103028,8.063292709792018,7.605977258137652,7.564332816601758,9.039507352483614,7.797187497884681,8.342142664078093,7.921603671295349,8.198383991970015,7.928724857439996,8.303669936502079,8.671184928714618,8.836763557768986,7.984993590494314,7.848719525348405,7.8157804271866285,8.469582102149422,7.833069400953674,7.68537312174767,8.06715882662914,7.9535029981960905,8.204107164891077,8.52920417444018,8.118640713541257,6.995782382778801,8.18575531837693,8.069928127854212,8.200064154572244,7.513360426555576,7.901302882829078,7.573156877304793,8.586009763062656,7.936122448319169,7.5723499465964,8.296671118632965,7.811543254560582,8.743731408279626,8.02007663924624,8.690964982937096,8.507195090477747,8.748245676246494,7.61314616541894,8.126186297776398,8.36591402664676,9.544422201486837,8.785779192404183,8.301012388047484,8.573032778045627,7.959877196367995,8.465934542875836,6.610746558421294,7.937908285715949,8.834887965681972,7.890251246341347,8.654285892391835,8.239603513052895,8.612142220028339,7.931107566754599,8.120685431631921,8.655938919407571,8.081031623210926,8.089915715411717,7.5134916484315495,8.815204193861046,8.229752451787864,7.611519250854091,7.998338524069267,7.8160413655706265,6.987303071907645,8.264956962628123,8.742961219680794,8.279048187651354,8.084081069468722,7.938827363195712,8.79891382122306,7.858531821121293,8.08290714072022,7.211855555335244,7.600087392928284,8.188636825346277,8.381567552711765,8.268526952730861,8.13635076860929,8.004921367253555,8.352308846068917,7.787664345045168,8.843007116903568,8.682405819912782,8.14831576503103,6.701800295535524,8.639847150294779,7.7973792515991,7.727816455072703,8.636932803243107,8.289999229648904,7.943206509047948,8.401363394050536,7.905745313293299,8.051815759827667,7.353817222241459,7.106831030645498,7.803195103142334,8.397921025203297,8.367747667235957,6.973078805137512,8.517109824978691,7.64389659719514,8.302719423152077,7.853293692545111,7.503045498358232,8.62508976333412,8.410855037321955,7.575288009056561,7.868367488471197,7.75707535201228,7.857477063805563,8.452058201174696,7.436965599925894,8.40040602075098,8.817555406431032,7.457738576925279,8.814603374085761,8.022316701049673,7.293140400483357,7.782368262609367,6.029010777814262,8.993284338428598,8.09854596142807,6.982358316366309,7.6403426313091245,8.023730732635274,8.744233399498151,8.584639316047642,7.743150837590104,8.667277981083965,8.912346549059203,8.073047211599677,8.622075463483094,6.822688741298118,7.712575640591827,8.443169613082214,8.827961658384867,8.167234446898982,6.694339593481557,9.445752455728005,7.54850677224198,8.241172068792789,7.973112807193393,8.316103269972308,7.966651536649425,7.26259839499409,6.906668428630035,9.366977662739648,7.51045130657088,7.9727161413654555,8.362006713577383,8.03929677449086,8.140408550592698,7.413146008379978,8.06013725370023,7.865048831359532,7.559608553463783,8.766423637609694,7.821768738051217,7.080833108666281,8.6549917031401,8.27349881092234,8.357350192531834,8.304268020804091,7.561724716706802,7.955116968867281,7.118030275988574,8.11734416117636,7.0526924630802235,8.113952268499208,7.070291187979757,8.419631114450558,8.490108507160533,8.07929057135967,7.994605385028944,7.683453115204611,7.99767331807864,7.954266591401561,8.000052834404327,8.629276312733769,8.901514855400615,7.844357622831336,8.451700487446894,7.610815325441045,7.812370519658559,8.771930100961155,8.521310493180922,8.062167680330102,7.79530164747878,8.159685428116529,7.8078095684469515,7.590097135253066,8.75466071800799,8.276629515752708,8.094239413882198,7.681178081595199,8.32303412958625,7.993252289609688,7.771937488217209,8.085721810660656,7.966422448912134,7.777964338256632,8.291264801450689,8.030847776863293,8.021017437290887,7.533930528475915,7.777061664293712,9.140223785260876,7.899397142857051,8.348284634372712,8.045252084626814,8.321455364667637,7.554205417408824,8.271905776353389,7.6033998046220965,8.273728782554635,8.260610188147275,6.733564482934789,8.491441487487352,7.63393272804408,8.679894508130118,8.176824526551377,7.672365173765591,8.332895501849764,8.117965368046534,9.023619576832123,8.022553561430506,8.146821414957408,8.542360646514629,7.680777546470608,7.906737478557054,7.705717601773469,6.414883439489022,7.266228341804537,7.44140542751957,7.4347401885650894,7.907073337327729,8.660447905425286,7.848548461608033,7.61025871114233,8.081585786390235,6.7520245489481345,8.15078249364201,8.3037078245847,7.524030222189108,7.916431715166767,7.638022092152244,8.036689075877362,7.121109189346484,7.23675801856283,7.629828821109017,7.568687994684361,8.416393605128686,8.781560751739573,7.805012031622847,7.882245847522825,7.622317613210008,8.070282877403953,7.517319159256361,8.159154167438585,9.1474417066612,8.447317277452292,7.63353244646644,8.168314955669526,7.605302466753099,7.939928616836949,7.986611358272375,7.459890050455306,7.529361448167825,8.492620830250644,8.327223701781934,9.570546548623884,8.635225282985278,7.518383247635006,8.062574343617468,8.76686492246542,8.190331624740423,7.5160820168965286,9.052962285750779,8.118003971355359,7.977708579443862,7.669497531282183,7.6265997059856625,9.54264310516408,8.043952953850544,7.957207506776404,8.381032509013892,7.97450419255007,9.154580489479264,8.951802792593988,7.518481500371329,6.853490921936847,7.718694421467233,8.486293652454398,8.00644030179867,8.824352772752821,6.450998331065132,7.8217614648091764,8.17266102945937,8.309864284541138,7.96679462277085,8.065625223443767,8.35491345591519,8.149882708444453,7.408818604227646,7.953012123624642,8.927589593196744,7.365702726865646,7.465776508272756,6.800491574647754,9.5887847591359,8.686927345192158,8.033092935288302,8.461669176039107,8.135484212694056,8.021715932050588,9.050654558612397,8.567185281020517,8.171044589542358,7.364822997625645,7.978604525551679,7.900211415179184,8.022437403300877,8.351000683587634,8.070839825924816,7.672571676261752,6.173041851432499,8.248826009307447,7.327656441316636,8.951297734424841,8.631522866846,10.189327651083268,7.969873311136884,7.753107965991636,7.408221723123616,8.798625345556047,9.109052307891801,7.407162284696789,10.02783572392287,8.133342753621696,8.223838173438855,8.59737283816786,7.51540374714029,8.186934454867835,8.16649666991282,7.695558503691714,7.081108862760657,9.105232256035116,8.711109381669168,5.981752627674458,6.771040518260912,7.568747864195426,11.194249578262195,7.726168109962159,7.477123511778883,8.391209136258997,8.787145556889666,9.214292947064322,9.781663413689238,7.119711880948722,8.70884348576464,8.066964570903176,6.607791445675787,8.826009602890146,8.242514756579158,7.5947064817980925,7.148859396140579,7.797924084212462,8.617580015714484,7.075627870926727,8.242437544630915,8.52304213594603,8.0584192458233,7.719450013289371,7.5116140945600955,7.650964293495712,8.281563766626315,7.865030287312735,8.055438487466374,9.580229111784934,8.408263381699818,8.848107858739214,8.046803905091775,6.785916902259964,10.988548510915312,7.667052889984892,8.108885728341981,8.786485599255661,7.833920749186731,8.541966986768816,7.3981737418817195,7.732300778443228,6.935606229501316,7.733766427912743,8.074874504284931,8.715463624650159,6.845239351760507,8.216582497418896,8.336517254482779,6.9613269493856045,8.42979839588834,7.261200151622894,7.3378566532932785,8.703788278939765,7.136164262016338,7.957042351928841,7.64979523092024,8.461314488660536,8.230388903259863,8.51728093581361,8.724284582903035,6.900521226498509,6.857657541663666,8.196417776640311,8.287433409898615,8.311979573288378,7.779022713925362,8.644936243531143,7.608736635272445,7.024686097406634,8.73817784335525,7.139110590162581,7.178661451027931,7.556364981731304,6.014139246019486,6.394105119034567,8.767730893929125,7.136306480679392,8.80121519667993,7.1493482637717385,8.750324412222804,8.032604453518934,7.877592610507467,7.811811687937268,8.66497261905559,7.56043755727317,7.080128859855642,7.795530616541166,8.847784195229721,8.016936734518502,8.34337210762981,9.213437298303566,8.989767309034823,7.0569456483964315,7.685344752914355,8.748944801735707,8.183666096102442,7.705788524929027,8.576228711531138,8.46181333932254,7.6395200948409,8.023945251656315,11.230257778613899,7.378516851162757,8.286672386472569,9.08844000326854,6.790433876505431,7.179978432622456,8.170128075570803,8.637801197019732,8.73589706022864,7.495359745054539,7.981687794528775,8.96480929194794,7.403365016748837,8.573244925470505,9.179808426077754,7.754037381278998,8.361383630168788,8.003674571492969,6.578389142676937,7.684325472353258,8.085636603084454,7.4331271425815135,7.209399940612869,8.825374887901074,7.152115406899929,8.04557488648349,9.09089106636536,8.472742982763203,8.057515547645012,8.543982065417133,8.278824031975748,8.073125438810306,7.384259334940667,8.209735447361403,8.51395784869548,8.007467279502752,8.521726934926168,7.037733538667426,7.513803407071702,8.341908230268285,5.934489120842459,7.90049874343601,8.39063779667089,8.630516279576053,6.9041175482601815,7.818632904500179,6.946771605678277,7.812636536137951,8.465057534929148,6.878162600368159,8.41745099869928,7.011832656113419,9.253459320121534,8.919146754049283,6.5691226181146725,8.364337606064137,6.7154238704986655,8.376757511838013,8.401273319258319,7.057517335526007,8.023013091100017,8.400804174371128,9.500863617831584,7.493419144842873,8.464113166509133,7.092045328810258,6.669256751349067,7.887122753898125,7.053746309233017,8.207676812466596,6.402742488383981,8.409723326387251,8.186771365039894,9.419304506105817,6.9072715183193125,9.014288608471132,6.871538050418993,8.191965058993832,8.885123115244955,8.261909647607158,8.89887079639158,6.07733383849312,7.733018543124875,7.5932419778303215,8.716290302183497,7.3767601290681615,7.706022523224836,8.757522314533297,7.61234254551717,7.80443446430289,7.380099620978317,8.296742116198077,8.73843169998705,7.9890915852962125,9.399711481276425,8.246142061698357,7.926077161759168,8.255327310633154,7.221929599962725,8.120919086031078,11.169439469749461,7.004811442218265,6.9429017057959435,8.39752741947833,7.157750899915531,8.929414949949576,7.6760617564756926,8.382457889014855,7.784322609315326,8.026845054311716,8.319095294739876,6.908460064232431,8.763863743615246,8.4643872076464,7.710704131414174,8.24306281341687,8.241427845725404,8.790007110808569,8.766827011492653,7.373136187726752,7.254303877784575,7.87648097234618,9.303937125041454,7.083066130701512,9.949437813779411,6.626350569174778,7.357529534128552,8.599237502982648,8.475610612940153,7.712893919627191,7.2454993711375035,9.090162714405405,8.052195914700999,7.223904921003482,7.442581761755618,7.127789725445622,9.3016510860933,9.578818030141857,8.090533022608712,8.103654806528752,7.895800236253497,7.439373054269182,8.485999515454097,8.282108526532681,9.08510202738238,8.131621415230638,8.603366465426182,7.789409297575732,8.129439857524801,8.083244388400614,7.7920742120134445,8.19743778762508,7.214366797920451,7.122627188532628,8.216624862471495,7.565499904235971,8.850486510143824,6.822194862120996,7.743226796528303,7.9347682356225055,7.533989021476497,7.933699095992295,8.470651391227817,9.17305848646242,7.6715700419653805,8.394291321154666,7.414569895442181,7.115288457186062,7.7491226213151885,7.473633383627048,8.845163285525375,7.207888201800054,11.233676891351111,8.282824724453196,8.739534235462026,7.719466772774486,6.64882365556671,6.907778782443802,8.658408156156282,8.046430895010253,8.322958527764753,8.200261228572755,8.585561478182631,8.827196569139792,7.178000092638752,8.613115157673365,5.504354364908064,7.713504164367142,9.097541245033643,6.531732978553778,8.536448873316413,8.906209499925405,7.639353389040147,7.840713299347941,7.960719039183741,8.19656154576392,8.831847581461068,7.928114597758766,7.394235814388918,7.869579029500047,7.65539228624298,7.068236044852875,8.12978285782742,7.648948057717623,7.8134731096695225,8.037984016858033,8.632132231960078,7.6356341682184965,7.555827273388861,7.32290588780745,7.1902175900508585,6.812741676575585,7.755411253486965,8.244777878739452,6.960217102375299,6.634143661859388,6.746292893497208,9.539678681521336,8.449707138408327,7.974850546839974,8.388403670739798,8.57382209165091,8.063391750555006,9.213083778240842,7.184944838977263,8.438156005708876,8.107233738042247,9.404586151571545,8.107581250154364,8.265780535508659,8.549808600967644,8.195646261740022,7.641718137136396,9.052603197753193,7.4848276781988705,8.282343403534936,8.087628268745151,6.999800584773443,7.514852133398421,9.118613708921483,7.184842225211075,7.722800193819128,7.479327768308761,8.399905947600685,7.786292050762546,8.470693152174766,5.888830642316825,8.836031559422771,8.166694439063866,6.8208575050507205,8.342715538953628,8.412291364529237,7.594735548120981,8.93166878034849,7.966852792155357,10.323162191806595,8.051303348032222,8.067435033455984,7.715720962106625,7.803952226340599,7.56223995632643,7.057252611429958,7.702832265128872,8.273762089981284,8.707553617593023,8.203751614618959,8.300790399739784,8.081858695573487,7.952219279994029,7.3245133591738805,7.549596119509226,8.936089990049268,7.299758482510714,8.7145844999251,6.800625795142504,8.47013821666415,8.343580797858364,7.164561359646805,7.572164457542139,7.100087952895622,7.384093988887521,8.385197471541703,7.968644377654308,8.401989149356481,8.890052060071707,9.018122147897389,7.155472849295617,9.0300096998391,8.492498104379711,8.204416598173271,6.383432067405541,8.074868722352425,6.5287196077839775,8.031002259840603,8.22588947731542,8.900747920622347,8.845734495374318,8.865599330573453,8.067221630254485,8.054574889420858,6.91632493818842,8.727871200811705,8.325741857624628,8.220454570657987,7.884074925748975,8.122872409684295,8.512298548978483,8.15591171988748,8.59996660746158,8.330829029380165,8.776699110639598,6.862101061452079,8.22707523622736,6.750110069789694,6.774840931271162,8.204661733816014,7.686562247117194,9.408924684343067,9.533687753376359,7.315690900380829,8.598897635982711,8.758726151661364,7.887415279443771,7.398792350911135,6.910616098405605,8.249081739382182,7.886081484952986,9.001004110010225,7.949780166359347,7.872799473118566,6.9600496525244555,7.976781596894578,7.3375947927093295,8.444980306848247,8.877866433865577,7.330466042205341,7.855127783848386,6.576633097090266,7.811978378223028,9.172264312914724,8.157067694750044,8.170460244365277,8.593813457149945,9.588249550458137,8.245440596023872,8.217512526731547,9.627838446863384,8.11895687738849,6.863639712287309,8.093241129777589,9.054228351025513,8.688268529931362,8.672688175051347,8.530848067573046,8.701500394578858,8.153628841636086,7.960873465425162,7.280357436907584,8.639792142985822,7.55484597876756,8.336659730636313,8.480441893445741,8.910653404133502,8.508275246309362,7.743353200549888,6.334207850625093,8.155146497552018,8.190519141010652,8.234389884077805,8.398130820505052,8.293355133107266,7.481678367367006,8.490786131224782,8.849327706974622,7.444296849644982,8.088097773743334,8.794537571945883,7.656882035369305,8.375176795530287,9.428593291146953,8.512832887171747,8.032091420781791,6.180748499043764,8.775478514225268,8.179411708488477,7.687885977065549,8.04934817474624,6.0969734645642175,7.85520780695003,8.06720995732021,8.495736744011827,9.438898616839152,7.764031765731492,9.04604496704121,9.154919866625717,7.634100045637323,5.868026196405033,7.809200795163443,8.753044230492725,8.506007268639502,8.854186182515972,7.312349291226859,8.347654439622406,9.263069824074186,8.407484043945173,7.645783093597822,7.886926177949965,8.218286982597519,7.959238470258042,7.339162057628521,8.121929859294633,6.629167106227931,7.061367362706595,7.386378498733334,8.344214760524139,8.024930718662374,8.68427032911847,8.500711523052235,8.08166451593218,6.746704807910914,8.400453892066619,7.537738034810091,7.929346455284903,7.483116921590789,8.423291405066534,8.131796071468088,7.467392465679385,8.762741531774886,8.091485986748115,8.727272521835737,9.038007820456944,7.889883615614259,8.233456287274075,7.080928436710195,7.799734520750626,7.822565158094499,7.859559935920538,8.375326107694939,8.311352046168492,8.821926163749707,6.8442840472329145,9.23056835813325,8.254877995251205,7.827266091714901,8.043709222374828,7.12429782498765,7.961750719517504,8.197578174565415,8.375501667935307,7.24999288147019,8.285343825335545,9.447974947424724,8.384840145512673,8.837863929791204,10.00400318100677,8.65519539190422,9.075145937812998,7.590665566476843,8.837668430841932,8.605451673339912,8.09820524591154,6.693396103935485,8.675294274814929,8.816878995339856,8.006701930858673,7.626544754361117,10.052251671438565,7.877177906878903,6.745122650042509,8.734287552946473,7.984224099852881,7.147006940431387,7.168501947078363,8.811828678347727,8.42240934099122,2.35658131166901,2.5626260424102143,1.7627483254575265,1.9211003579164316,7.224167748251385,6.043622422111274,5.802581664873378,4.551670930003495,6.374224558838048,1.7627170881073777,2.4928076512738953,2.33729482488024,2.0097431910960144,1.4400598576310433,2.4751439733433487,3.200344641862956,3.3012882931279894,7.35675212754008,7.3518651762240985,2.39334634081362,7.209782623977012,2.8345445980688693,5.606008178467674,1.5303341679097544,2.768142210141497,2.6964870089012063,1.7012758506193515,2.1915118982668025,1.315487319952611,2.405048790696311,3.339103052814711,1.8835959825876172,2.498273189284695,5.441651477065231,7.546788172495465,6.654671055347266,2.645313650243177,7.3208384990056175,6.692246676712147,1.735289597894078,6.556462433986545,3.6698860699590012,1.7913005277711693,6.531469508826306,3.704976162767955,8.323150129604683,1.7554399504212808,6.778235691867786,3.1519061089754294,2.2547489938024246,7.139605871729523,1.7653379114261498,3.4414024385004836,8.53043895965084,7.108909578977356,8.47586053412494,3.2838149868272355,4.765997201332355,8.080647750392282,5.245535318886685,1.4224081715736774,6.440046406567132,5.292749400176104,6.789904373621286,4.249330336351303,2.160414408686754,2.2355537940353627,1.6516612593489843,2.427887379399269,5.084777450178943,5.562137104213758,4.803458842563691,1.995979048091638,2.0068532940849844,7.400790956306312,4.739681120410339,5.482669669236109,1.5383181496621008,2.6613884983779146,7.431797200583024,2.871601715794452,2.0839144913589713,1.2713679050020514,2.1284451208659347,3.9499106898309124,3.86231158892396,1.6273551489132088,2.8422243946132304,5.838626791991098,6.9802359459217636,5.895004040325781,2.998506263269057,1.7049761095909937,1.3723745797372573,7.6111860901707695,3.9470192332613494,1.7320543863673108,4.380080300410211,5.158065084227517,1.8165467296056963,4.243119822939747,7.100684131257455,3.286999074509517,5.089176905331657,1.941656335798621,4.03291785881052,3.1437080923411145,3.4493034630374755,2.363344804568065,3.2862145310808546,1.347416487909575,7.675977878061839,2.8557191248412876,2.0355284436709327,2.1555667305318016,1.4397778806603962,4.4976097015767165,2.001739531477264,2.7282369580732038,8.09105611135995,2.0157558791127097,6.017579106156567,8.005619462338496,5.2048973265270515,2.645502877010431,5.538111888407843,2.498290339417519,2.117159381101562,3.135089207979974,3.3829395968112803,1.6449101844075005,4.731972032441471,2.5339721828647406,6.150895378968482,6.618529060464615,6.6029869043005,3.4186794768714055,2.2968044325397896,3.597982802068952,2.9032816819474276,6.912864667136387,2.683706591432169,2.432209463926619,3.1292314779363184,6.406422338470362,3.0849199837261057,2.422124175765773,3.8585403785178194,2.673048712760942,2.2370998471794397,2.969196607296824,5.799326543504141,6.116527292105743,6.4230436524495955,1.7645957839035864,6.494524381487979,5.033658935670717,6.684013179259836,6.6507507467278995,3.0214701518870353,8.186380955671375,2.5572428684930126,3.307017769094542,2.1123530804774657,7.952851162764544,6.985321847569755,2.0495354733874063,7.669575557916631,5.957796121805437,3.8393012027954434,6.165160356309177,7.043425745544477,2.9933384399155027,4.065799474630337,5.9683113646870005,2.206318779332301,7.048903027868262,2.0471348975179,5.765268437775287,2.7733609622002326,8.04536531034644,3.990825747426111,1.5456808900857026,3.7139602570458563,1.5564104204089737,4.331504476485501,5.466980555265974,2.6009066763369746,1.3384406072083859,1.5341821370086066,6.013430863623523,2.1395342051036144,1.652336428869868,2.0986257894303315,3.845494700990093,8.311383608228125,3.705908227846639,6.708990352432418,1.4233732050215078,5.552362942817037,1.984682566109211,1.6844018488429369,7.993852102709148,3.2633515706631644,3.9253063109163024,2.5543010302920592,1.880436944762299,1.896253592141177,3.9478905727604556,3.9630925592925395,2.3635197615463253,1.5249782595574042,8.445669491875998,2.1844066857214783,6.011292122310392,2.8406372631493055,2.4733333827549315,3.1180919876090747,4.358481045063852,1.5853551098740344,8.293841401120897,1.522015105589558,2.8258835348310916,5.494834147337871,2.513063270898532,2.970755247751299,1.351277668700167,4.234710333839295,7.630894884967781,2.659567210831022,2.3657526802779287,2.0058126448351112,8.063464076836674,1.4784244701900355,2.7808307370051817,2.081198424869053,7.954147722750041,6.489621875324857,3.3918416066577532,7.50908925388,3.000286787039227,1.5555762074191695,1.7191144819743838,2.8840731450311576,7.362425966814003,5.270191992071493,2.5616228575200206,3.4269239128140434,2.017099135639661,1.6145480179763265,1.4104421751284533,4.082904810158002,6.622634425292547,8.525006175044942,3.460568236815386,4.373727254215659,4.498593493075109,7.835516473277298,1.5320022251484438,2.205092630894828,2.296096475593745,7.121826309338934,6.825983885107627,2.3731257172177207,1.9572331215510432,5.37646633981128,2.092687221037184,2.5837481598467336,2.7992257541232677,3.2042858213237055,2.2412685593530166,7.053101359468785,3.9719986076558174,5.694461364056883,2.4209608899018513,2.1344936057723434,2.130182709969572,2.366707177417456,3.975022045376083,2.2011745354024512,6.494971319901285,1.4205514327416127,1.5612937895844297,2.119518148062749,1.6357948957581208,1.8502740895483747,4.0137858447450245,4.002500852072387,5.651856838655186,1.2648738723399213,1.8668041707108434,7.598133219453548,7.901747445022605,6.77211802579183,6.93515837808034,4.9983825663825865,2.7766430730529956,2.4735304838394048,5.391785487069926,2.83927335335134,6.396937534599806,6.974312019867946,7.416434260511698,6.979392991799127,6.579263382433335,8.03194765961047,6.419352480656299,5.848309472679258,7.623107371144645,6.182281523752805,6.066935239115034,7.189189182936142,7.872943889179904,6.908020365293753,7.132361465622904,8.198207978628012,7.2160605480619155,5.985635467958104,6.836696542071659,6.96494338956107,5.804688996747511,7.799985659353226,8.167335872424573,6.160449436113252,5.459615069266009,6.4224873499872235,7.520239733366373,6.977040949541059,6.436140857291841,7.411965907374151,7.606749323063971,7.228890503557583,6.451734215058754,7.180737383544131,6.620859085259233,6.438932933554535,7.08693644547179,6.703358906037914,6.955774601991088,6.482356335558004,6.167019334720561,7.9895319154792315,8.401693662595875,7.051880300211759,7.74442918956733,6.417981625763437,6.237808077342795,7.519565506910709,6.506001967416193,7.806628388509013,7.740828727543028,7.188787646770848,6.604589781264634,7.507727630701925,7.191367869488189,6.936882511509429,7.029472372728053,7.593877382874149,6.405929480995362,7.173288997135628,5.527267776814092,6.095562231778215,8.30524898833556,5.905668199358179,6.3286953078884745,5.793052346142691,7.176183658320336,7.391653961016531,8.032649969541936,6.986725731520885,6.016009257883505,7.015755158821191,6.042517329556714,6.6958713909749985,8.333913883322273,7.80619335771709,7.3026410047339025,7.273088502441625,7.013238990789204,6.238559904288194,5.807021825219582,7.895338632695076,7.727477771068335,6.415290061872204,7.008005096713286,7.903216364078298,5.964677851692006,7.069003889079079,6.558728026019133,6.747222041822814,6.5776885628137425,6.8567418526291455,7.734989273238969,7.914835987489521,5.964811407635373,7.304314809928182,6.971934933345833,7.6221917508011,6.136462165939521,6.3491219704232105,6.2767927790172635,6.735760298711047,6.9744007313792435,8.254134708475217,5.471178433627657,7.6296994851531625,6.255249723788564,6.935906332664908,7.190917867677768,5.907076844634211,6.602410061801346,7.769604642769855,8.200619312705848,7.288447674088206,6.745708191913518,6.451609601511733,7.196305935689313,7.918855751002367,7.127096541613321,6.490720048726095,8.12910298534757,6.9318392790869146,6.771453734804795,7.444893137544733,7.2696461387904305,9.219232918608192,5.849913330486379,8.39390308846871,7.534472750830917,8.321170064861345,6.716898458279019,6.751068177043178,7.638300721281226,7.141069111149683,6.030692827604173,7.602892345451256,6.821591747903423,6.1214684750626205,7.153449497569281,7.189974894750482,7.446026338972998,5.860586563923354,7.696337759076852,6.443566015568058,7.244386943983854,5.8166294503274285,8.444611115592963,7.405451986100309,8.289411788027087,6.962995174051059,7.574635102631024,6.909461457937217,6.094642863848709,7.140778629621649,6.858339699376139,6.31419634044286,6.073210299304215,8.43647683317034,5.885457816239385,8.061203290908908,7.164141567024541,7.9821426761058785,6.891138295564336,7.402169325320807,7.479972201138786,5.905868583819287,6.821534362589638,6.88533202349292,6.430322388781605,7.019110960707483,6.3419126164066215,7.866135379735078,6.4601521492812495,6.891892206837386,6.835529991379111,7.420723695317137,7.719031701526281,6.957833376148262,6.439454468714023,8.020630034624883,9.260320483469473,6.084937993543806,6.906964217258861,6.581842466324297,7.753328588306219,6.336068172621926,7.397003927567509,6.3745290562579955,5.939232676383856,7.311960568610805,6.752446978396294,7.221670691954308,7.379042689293987,5.824561175230828,6.875877420794022,7.599863494408549,6.203465343378879,7.005814647236042,6.013552506304198,7.530023078110635,9.217227680206127,7.735195815857479,6.270378390979434,6.728351885838646,6.00333741913939,7.396315644722402,7.321377322581534,6.953341743795099,7.337107675445144,5.768841132938964,5.466179492573799,6.682153699319484,6.953397977278352,8.371450830467422,6.284734027033523,5.2383992462653275,7.310472834298725,6.059037247826546,8.122541278209727,7.174543933239035,8.21163183186826,6.337337850330142,7.015756514473239,7.377355450635968,7.920166479118565,6.732078221924656,7.01874941309719,6.907518034070118,6.092289268331702,5.9931494057821935,6.268459291686374,7.808501349856269,6.238825176245893,7.773800492958309,6.156126111404257,6.602822802029788,6.952896755412267,7.9761774674786565,7.170330934275316,9.299296974662537,6.721775231956193,6.487705391842512,8.399355835423608,7.5603123582135705,6.468517981706166,7.4165011100765925,6.8672954630477125,6.449985696536845,8.028213259382222,6.927548392917962,7.38303924417975,7.043625971632013,6.954251417016191,6.839719873051961,7.235314258517892,6.019251321951698,6.154331973451888,7.372778950874808,5.286413935876024,7.529740372071353,6.724298228054937,7.104857237789296,6.850144833307873,6.490816843321752,6.760595242952452,7.796390557616231,7.225174765964455,7.744302585444704,6.371747720837078,7.858032464705252,7.178643305518787,7.188072191871411,6.960641835031746,7.4410561927096985,7.416578095870216,6.287423172105463,8.193040536874292,7.870667830119165,7.026300050924106,6.652107340488722,6.322312662005967,5.821274795550862,7.4071413191112505,7.163732109361472,7.435082428729433,6.827312479971722,6.664974904084875,7.553757121160714,7.532251800762856,8.47358056777076,6.336785610065516,7.578199648363027,5.2503034699427245,6.880028870624142,7.305639457185263,6.134665269158378,7.556025607822165,7.346344267895471,6.884269175487448,7.817967220847438,4.817839963932598,2.9981517675263105,4.0782036050008115,1.8236878312933815,6.561225056303246,2.4667549057044202,2.0896488083407028,1.8521055253007443,7.1003948280909395,3.406786501767626,7.327386924935916,5.442676745463563,2.5080861434022883,7.054545947342616,1.7421715139885785,4.220958666323878,2.2547878688390406,2.9951466150295323,1.8684280884875994,2.91691517731253,3.7184482997880575,3.5893077194959027,3.7480177954747664,6.073214295617303,5.023204213754397,4.1612832673856355,6.68193143985304,3.863762313658524,6.1496231263961505,3.577878068840552,2.153888597615035,4.744244944933115,2.183751812296081,2.707053290906959,6.2556052911332465,2.89209692031462,2.034185311128931,1.7732082174790544,3.916299457649677,2.4181515403553653,7.472285946327071,4.524822965176884,7.326001150237085,2.3548482165838545,6.876677050184382,4.49950881051275,7.331017066247912,7.9998094100478605,2.319357704708487,3.067407797786233,7.101539564220785,7.6637857583661555,2.7848377818075787,4.193547162037177,6.112708602440165,2.3834721061845374,3.191258136367853,2.034195722969532,6.437961276032923,1.9250461085727975,1.8699381460664657,2.0764694064724187,8.017378012336955,3.1211021616330394,3.4365857944947065,2.274777602917584,2.9386963646535325,4.4066700439475355,3.289008846237077,2.3250100733783605,4.313351649241608,6.789446977729246,6.1492146000523435,2.818766829093483,7.395328369975099,6.563695145420648,5.247921833255049,2.133449794908913,6.96826256982428,2.752167673862878,3.8685451559662787,4.9157729078237695,4.064732068146822,6.896360916768798,3.838437077733157,2.969823646801677,5.996901330030979,6.946304874676315,4.166581359149756,4.3933581885018675,2.3551568153177596,3.864201895851874,2.9916588300522418,6.408496543703287,3.8450437206061014,3.6710771494573446,3.891272334268901,6.993173088992507,2.575381030770909,2.562989981652676,6.4423613397047506,4.7403038893618685,5.698911631080857,4.317298145844441,4.5119052231490056,7.4612597331372985,6.348709358570444,6.529683011505686,3.0585796108850203,1.985180509143698,3.905136148274705,2.2510599915005294,5.135089070914518,3.0987700908932414,6.3417275015296015,3.7706252173661574,4.061230124240907,3.3458183035839895,4.669001540249218,2.504217903165445,3.6306310755347853,6.129772173974416,6.756771177614523,6.98760144980682,2.1043809877875814,3.6030735781997203,2.335446866045236,2.4078387519064886,4.746081497031449,4.131454815654011,2.441976578786575,4.734794068974579,7.4669046422752565,7.266260802985358,1.9528233070840186,4.600648253297195,3.3644639118992994,4.281736430081057,6.48618384041135,7.644986016947773,2.6664611609079887,7.40088459510167,7.985126782801441,4.665079470982188,7.198499247012476,5.503919201179383,4.559208839634704,1.8706110967186935,6.0573517799270915,6.403793343989762,1.9866359518133718,1.7804968897556452,3.269061147345031,3.182541339544148,1.644502825713287,2.230092615453018,6.906946080548768,3.379274827976318,6.735492121054794,2.6404527057200355,3.0353907409521845,2.5016057817391877,2.835857626673875,6.764452812780725,1.97149649292474,5.472795546697676,5.9125642960940095,6.386951592265421,4.495789438087372,5.890201812069225,1.872045794106044,3.688228809267995,6.424803125935048,2.1644372175945414,3.4052310243696873,6.224341023728584,7.411097986176485,3.365377223694425,3.5783169852163392,1.5264607483055168,1.688459186084375,5.658222991378816,2.4360458449693287,2.3426855086594958,5.306426449294274,2.378219638386487,4.120452323494459,4.320827579427131,5.857946182864437,2.2575087938532383,3.5350885165254193,4.979281297250015,2.2447833908791823,4.198579203733741,7.5999565500754285,6.680214542554398,5.559750318632125,3.1496887514844767,7.681566852211601,2.769961380836104,4.698054269308894,7.509541191339344,1.9953843434604421,3.3756529766392656,4.300968868376091,2.0267802428590773,6.905270451463543,2.807998172583761,2.5727995113153783,7.4871488092925444,7.3730048323179656,3.6976732975074915,5.578741975248114,3.650417569864968,7.881236453986175,4.43798225438557,3.8443977688122315,4.777286734954193,4.091011399604935,4.088033752473667,2.4246907195554948,3.2256187561960896,4.547655916046938,7.505704781878211,2.8225500771986116,3.658113917490513,2.6085545570998097,3.8213608283914744,2.8670974824545508,5.9468737897117325,3.088805634662854,3.5729366085201133,2.6715291937640178,2.5096765037114603,6.839430827500351,2.0124686886125285,3.6971364799782345,3.4794344099386287,2.672070846228369,2.5808748929222656,7.492031123636774,4.321821028011603,2.0962928896808295,4.937955269579294,3.4112670671556358,2.9427119341232264,5.245756036148307,2.2898707964460816,5.374441888042462,2.860444664481339,3.2994149106511603,5.532109402057132,1.9010270623564756,2.6879867863108347,7.946091426702428,1.9052632364172373,7.378105521951625,7.276301473379678,3.716681723757872,3.722640473235662,6.606068567748368,1.9171709156305348,7.398536206627325,7.213703429552407,2.5239434041596747,5.288378462576179,4.203125114961782,6.12060183080474,5.3504631538239,3.407017080898633,3.4224181841634804,5.513498743261191,3.059375826372782,2.6168508962934527,3.967380486523007,2.6539649626163717,2.132011000823418,5.115912359285139,5.425909156443316,2.741109006155876,6.703044439049298,1.8122118350552952,2.914454673671425,5.090485869496229,7.449330566043187,7.451049223738941,2.6907516612041755,6.029687728763399,7.726400590643048,6.8969336389185765,2.956499685859093,5.799227094327673,4.445836002806609,4.228987125906231,2.8054785358096677,2.2233458719035024,2.707984499000648,3.2859272021412536,6.988132675850596,3.5426657080451824
11,27.0710862585996,29.095131369370453,29.953850219452086,30.911636390686525,29.299322383048118,28.14536407418018,31.01128874278804,29.190474137871146,29.641263334041305,29.463430297077153,29.172037372508363,28.015760260335096,27.423160985528106,27.420886617282967,27.678953311276985,26.76575229056654,31.00733080945332,29.946344404355578,28.61113289040242,29.013605503534343,31.10487423891028,28.42011661666041,29.567877237824113,28.225571741934637,30.941054187460637,28.822024371302806,26.750323972096695,29.070057060196728,32.401557330654775,28.251487593650978,27.421801662212044,28.166341478998877,29.580248746941418,30.1084579369913,29.350111753976535,28.363394401691927,29.44616380203047,29.946986046411133,29.624757035770326,32.25650450244235,31.151943704181015,27.667787773036167,29.63778161868444,29.30279006790992,29.202006548801076,31.016523125006163,29.62440475734425,28.270798808817908,29.590580038827767,27.808538442459593,30.008243168817387,29.737619643307642,28.14813829010103,29.720823649489507,28.362088426575248,28.35461874305374,28.322085129170166,28.21937720028956,27.351743453386515,29.225841493146316,29.612356120803582,31.199585362904802,28.3282460217852,29.46217291511759,29.46469706890901,27.410385330605855,27.203398031393206,31.610753759984963,28.832343402411713,29.357104051364125,29.46817278624734,29.6098472528972,28.111463899431516,31.689400863566604,27.299440238382694,30.00406951030517,28.105589520738103,28.59598142958364,29.427977894825535,29.046944895898186,28.41728533630574,26.963866231831943,28.759979297758914,29.020343594166665,29.293022065337258,29.137824282924075,27.263883279005952,29.798958523514937,28.898479638833212,27.084658139695566,28.490417307740163,29.209329852811166,27.429552933588553,28.433071469293385,28.39325771860855,29.116571960071102,27.0556609514725,29.450316002108387,29.628638964758498,30.890625311637915,29.2480694888211,26.988328285979353,31.57916312034409,29.36518312768887,31.195910815095544,27.471228745153777,29.44295353825144,28.424872362214778,27.918550358657694,28.53730269350975,29.221173304096936,28.900983165437697,28.757384042202094,29.171743690432024,28.534047287682952,28.846970333663716,28.50801408373498,30.61246317658359,29.43379244319465,29.670175741992104,26.997397251482056,28.801161790901123,29.286921627361256,31.12225341614337,29.34344870590956,29.724089307576516,27.013813015395087,29.61322380235979,27.38927930478817,31.353067266620222,29.575767412874264,28.075254761752404,28.486124065354126,26.783577520609775,30.744493022650303,28.378757282981383,32.30729882521167,26.840398782869926,32.15891767297376,27.901061918410555,27.195434102368754,28.30420003985856,31.404676517803974,28.457108126491285,29.177086998419547,29.78401548029343,27.362188694736563,27.593661096108402,29.034227514735765,27.725266398279963,27.350541489707915,30.00283565259513,28.404840136021754,28.154014506282177,29.462504796531416,28.574508643930436,31.435728500315047,30.97116155338433,29.2926631766256,30.922740327459582,32.10641097849261,29.622562936696752,29.498370641309194,28.45097042202815,31.299238307429167,29.158480529502008,28.287717203887638,29.35915921739348,27.275041758389197,28.416178200141136,31.27460792026646,27.326913061975787,31.3358322239652,32.198055512348745,28.394470458939196,30.572171382289245,28.24380671909007,28.33938198866811,29.330324733514637,30.62911703911,27.331455704632244,29.466866865778087,27.05377823152767,29.570154805419936,29.170501607945624,29.736000959329132,30.732549083943905,27.94954406613047,28.561651185730135,29.19230424202988,28.455115550234233,28.506552515154908,27.333161615824693,28.408705316985646,28.08236729743524,27.89699773135873,30.8469363904904,27.00136180650502,29.139505048874696,28.127863941733523,27.23304390284915,26.594686198492916,28.926744034055975,27.432524406493066,29.116232398892034,31.89295439402692,27.813630911501704,29.10502039840867,30.607207280106685,28.96641073081966,29.088791348405575,29.603226057517183,29.49210377197957,29.686669561504548,28.207112723947557,29.731267984113686,29.478877154292565,31.190014037215303,28.033224602308405,32.37702882018788,29.225111580191708,29.370965778584203,27.44401977019259,27.977692758118483,27.490729613926998,29.03169565470134,29.42105988991897,28.26009967564461,28.31034046588306,29.036188204421922,28.752651882767275,31.390789336774887,29.806317030832695,29.426648685621718,32.41872323577543,27.401482346754626,29.22998014233224,30.566678597031977,27.96353776154639,30.693412846515876,28.47600380963056,31.269141940597695,28.395102773321547,32.037467804598144,29.37778760336939,29.685202701251974,31.633015645397347,29.026772927603723,29.438070090876902,29.146922531574745,29.439540815548472,28.125769644738092,29.811312086818972,28.48178840143399,30.9012415465192,30.748125323122732,31.719827388894064,27.691271729217174,29.800198934209952,29.023009669844466,28.312292802301663,27.327493358252152,27.043370035243324,28.080984733870146,30.78278416018315,27.478311675108337,29.265443578824296,29.25057026861307,29.83909169408933,28.395302340561116,28.477658220006052,27.731853876787476,31.17741812755971,30.282657353551283,29.407524397305565,30.933805743842317,29.503384968240685,28.53976084316252,32.355357692586615,31.42846689013339,26.794021174956,27.833751576261264,29.115492903989928,29.24647899736511,29.536652517420258,31.161179955794292,28.264461262867798,28.465562633086567,27.056756675345575,29.345971165136415,27.557811083670625,28.3251431885411,28.20466589381406,28.44487457418531,28.68399974052308,29.23110313631778,28.451936309490495,29.190191153622656,27.82927855494147,29.298778411237613,27.89560730520436,29.38560753050178,28.818257519194404,29.950001034809272,29.281219559959343,29.358094257310466,31.027122411122416,28.23525631531077,29.714919269402284,31.211011608770278,29.034820818068432,28.592111791884516,30.936123400786403,26.604532857482965,28.496244314985155,28.20370738288996,28.52392432025205,26.20074471585207,31.47709590498725,29.515430416257736,28.8545598318525,29.405658047581404,27.875252947834515,29.19994198181937,28.176948562521293,30.269098353641986,28.748354376190644,27.90150923333043,29.068227423941714,31.055026431636247,29.7208681851694,29.14796934209657,31.336487865141464,29.804317315993103,30.156677260369342,29.543480699075268,31.091630713296112,30.366843019549385,30.930395797180438,26.894858349762593,30.373602027537558,29.86683165886014,26.546851207172374,30.34549164803523,30.025901984475905,30.83422326543393,31.08371097597899,27.641755013402424,27.459553871910362,28.840738147035662,29.192280634070777,28.477940703173417,28.314302706998014,30.32172015193159,28.681271810762524,27.882915070084387,29.102819898630155,28.062140333586736,27.06179227331431,30.448727713501533,28.165397891117216,27.537343006161617,25.897341752490227,29.86607510251316,26.801642705920045,28.54476058841577,30.668632022511847,27.36398093299965,27.732241783655233,28.18673027599005,30.584459790962104,27.923461301486288,27.839164847987,28.74751733199787,30.89470984083727,28.27333552436127,29.335547250173807,29.292534680496107,29.90255404199612,30.570585164861626,27.26685732928976,29.962186991733613,29.09292866852821,28.114128885940247,26.777084703128967,28.864059050026437,30.192378015950485,30.726068678561038,26.040474706083906,29.384836028117725,30.21342797689389,27.69184940674952,28.605289270784144,31.940189218264795,28.09087641296885,26.808348811847218,28.435491173133215,29.236945459389737,27.906235632536077,29.022149457874324,29.162489730408723,29.121713260536325,27.920674425248496,28.904960419427436,29.302215065625447,28.368933128315025,27.942087267776436,26.695362958289564,28.492604606427854,27.42548334184203,26.714550549617805,28.059796485233075,30.825336161644177,29.05651549483339,31.740335216196062,29.682505030637,27.62363068061355,29.636736424825013,27.545437612421296,27.657333699797263,30.320997535993886,26.152992328285123,29.764889871813534,27.4796839635406,28.437205670882012,29.05576560602957,26.44150298645864,28.231099117819813,29.810295077646774,27.298410396611224,27.089037108822346,29.036689684494256,26.85942873716202,27.0130187866384,27.3978583946268,28.325579235187284,28.098779232539957,29.26253007042467,29.83167572887211,27.49135452594575,26.90053156827317,30.93208064755998,29.96118279569216,28.23362830288875,27.077373219463407,28.843010983564888,27.72006912842026,27.226365527565754,29.42880572808034,30.484556853536798,29.8284885485678,30.92138459985979,27.51683704225826,27.78248930516939,26.68550165094709,30.30714420130246,27.49115573847526,29.99315848092377,27.09392546956704,28.685269722178383,26.421285157453475,30.441315069192086,28.823640904845238,27.45018845002112,29.870217841973385,29.006424896063454,29.423226236626228,29.038039954585447,26.685024556016646,25.794694387276415,30.489651448914188,30.382866003051113,29.25037576100265,29.98292542613738,28.26341273923703,29.448435957897175,28.717377792534926,29.216858780101777,29.038442883609473,28.756474606788984,29.368073573881027,29.56214478510733,27.431826218777157,30.107640498183436,29.29449615644729,29.10404362536116,31.846615570351986,29.833773035546677,26.937352757388144,26.93150776774181,27.942334642384495,27.86585758881624,29.601252996813166,29.640364069690552,28.176851030345887,29.213280086137868,30.480273807205897,29.164695112096307,28.660775163172236,28.471193536664877,28.943649265180653,29.252874889725636,26.57319955278422,29.83171238328341,28.1547082348436,31.22030209254247,30.441899615522296,28.349304165803098,26.024962890102845,29.25098036566748,27.070065673248916,30.398289729210575,28.365173087669007,29.287927378468442,27.818984580139574,29.858772523348254,25.90298887508651,26.97597859023436,29.32497706078683,29.62237509361817,29.98633541268256,27.757617345212747,27.596066889915864,30.054589585218935,28.29647414007611,30.300985734149197,27.56965464817243,29.451318356013974,29.908766612047444,31.144961481982044,29.28467976889169,27.42386853490145,29.06816319732534,29.393514505202845,30.525156478745995,28.2079946784246,29.031350862141228,29.195235070831735,29.93364309242619,29.08868451656093,26.46259055672375,27.97126115118129,28.75335492538134,28.14501507776625,30.35557681690696,29.20149964725892,29.762713076870174,29.28601948945765,30.868239607788446,28.318572059902504,28.909802547233255,27.720333821373508,28.324425344053722,29.471406260671586,30.479647156721146,28.26953593402078,30.97286761377839,30.212251073581726,28.992087628127905,27.026242467452168,29.39724920489081,30.819268578548265,26.91818238666559,28.24812826274063,26.259085305444287,30.19195756904435,29.327138629145384,28.499151777338643,27.437034801037758,30.615952997696326,29.84224230835584,29.578505403171942,28.344138408025287,29.42342694619889,27.701807311740442,30.323966806466764,27.631201827309557,27.86067652374587,28.841157931162368,29.492685321805276,27.955969477428642,27.225778430844837,26.491305312950168,30.399876597112197,29.287644292422083,29.723952961833135,31.415260988790177,27.02798912003857,30.34107803944524,30.79552366504115,28.311677251408817,28.273466563697973,26.958638461961744,26.780340472969048,29.99466221388781,29.549850746245312,31.598123307838577,30.2105769188109,28.122605445276257,31.312749128818286,36.98103601345171,35.546008501928696,35.47072343354197,28.420060974364848,41.01479795364611,33.00033836611724,31.422536983395585,37.555856196553954,41.44038972058733,31.795365772662983,37.59692635011918,28.22721036954026,29.17472495871465,29.634108998924578,38.89642955926755,38.13964444751803,30.061491108733495,27.423508246405707,32.67688430946806,36.68924432636937,36.8238180732172,35.598405876547595,38.56375899863498,32.4759522940629,33.98167756364417,39.48146432364804,37.29815751882842,35.317776888220564,31.271403492757305,34.98604687253803,35.94325196283613,40.25613741319254,40.247110696995286,35.987399758039665,30.270863885602772,39.974042083963944,36.1649775676012,30.462262869383146,30.429803028431696,31.61375842326065,34.9130523964206,34.4516116625666,36.5593444937582,31.9733496222462,34.01029346949289,33.62881690349463,27.667033759295023,33.83707220968452,33.44339255786084,35.26632753192712,30.80886813663138,31.30203752710954,33.79726398823254,35.042144741162986,36.23607043485543,30.29972762484984,32.96999224001211,39.632443119311965,37.654339996277734,35.1091499529122,34.0084239157122,30.00202313647603,31.538742512487783,29.344794156556354,37.546375288021004,35.93021190859631,33.044540301399735,28.756535257762025,30.78023922120056,35.71139803244274,32.794621549665536,31.504298268473335,33.46928448308017,32.74136257802674,32.21401726550787,34.25104915104954,38.29023400789735,39.208434665350126,31.536276740665684,35.47361183854717,35.19665555418693,38.27417315121432,38.33362254170715,35.77832883767692,33.59737287445497,36.16525704518256,29.957990341276343,38.21838419314298,32.84276969841042,34.890080991070796,35.36211053143598,35.38877950428441,33.55832574692512,33.91042888827567,35.3533816536148,38.44413890410917,36.97040440538887,38.54929869260209,38.41077545232716,39.726654436827594,32.709373063824195,37.20573124117641,37.59761744724786,38.3516109863806,32.30512524548042,29.825073787806634,34.39645416635357,36.42522814247958,32.3687653007535,33.79362594279597,36.88281608922636,38.37038109978638,27.59961563867444,32.3600905336021,41.231014945063336,41.09087084534681,35.7017566130312,33.22378876420337,36.367343787869075,35.19276751759456,33.22507236714021,39.24134919521473,31.032563257721964,35.35235825096349,38.37806326024344,39.698055744480044,30.584833375408483,27.954154710465456,37.73284631447426,33.49093823144509,40.44034864510526,38.610581240393635,34.761016869747785,33.92492108967974,34.48424766035926,35.80065691442208,41.11788712087727,30.67325136892365,34.21288777702272,40.76053679616818,34.885766875186796,35.65547530894389,32.56631511656301,35.27468646469621,34.224876309227795,36.2502662108504,35.36162693096103,34.43761386786836,36.033105621103026,33.53046196536212,35.06525660169405,37.8582734045307,33.39960048623137,28.570899106912478,35.60386943011954,35.45758611533076,31.84232523578271,34.58531748868853,29.191020033540532,36.71773131714538,32.020357281904126,36.366111346228855,31.224211335234124,29.947682227077227,34.4103494184003,38.70955505505945,32.15698977552174,38.126290338592,34.260014503307225,40.39932329071439,33.823933627389934,33.601514602903556,30.16082827070411,32.607026695417574,34.49283798172235,36.05374744970718,33.6836293456955,34.71792859653519,41.95954110975068,33.785582379980504,32.577298406561155,32.987029166459386,32.21073739973767,31.346530250881337,35.59997405175018,33.63566196979398,34.28079061416621,34.364028643860095,36.37339633017665,34.63324968452219,30.60319231721559,31.104623569026074,36.79047056055382,33.02678554430868,39.56782952344719,38.1026619338773,27.238919185016496,31.584122800084508,40.91319374506685,31.32024608355917,34.48867533972598,38.20377018300002,41.24869227815202,40.20553997383091,37.58490976637776,36.312922027331474,35.861993878869825,34.951778268207555,35.509111928442756,36.09190313380019,36.35912281988178,31.558648214540113,38.35109605875647,33.68479322907186,28.19465671483224,30.367469563112262,34.973729306008956,37.59075792465075,35.71995264317209,40.695947918622,28.459385569279632,38.02999120810977,39.88132167272639,29.178945075907034,27.265735423080788,40.36749501880338,33.79750625961565,38.513505587698994,36.4867996607406,36.98871013545693,41.76565709735249,37.614429571600986,28.915187724993405,29.532925420263904,36.23642394077947,35.07225204048379,31.64995876938705,39.62448761923929,27.425044048069672,34.523082193226244,28.541282810613154,28.57908153105886,34.958335413607415,34.01560633941534,34.92901690037894,36.96372824995283,31.055126528315487,29.3935520690227,37.388710404193496,28.21223651669355,35.34696160010193,32.504946660047786,34.91310879947334,36.464938523944625,36.54334426699953,36.09774144903472,38.20126140337865,28.586060259388987,34.53863583516477,32.27579796735025,35.24479395003552,28.690751079904295,34.12893784127196,29.66389228605692,32.13727463318295,35.298036952132044,34.2877576612988,36.35216029050704,32.759081929936315,36.42372639347115,38.955119141232366,36.38853877761682,29.997463073800407,33.02949272997874,32.04266359251962,32.03475296439587,35.13048778366171,32.89173815060368,39.21452076559012,39.656456689669184,34.86886330498337,41.26703121059386,36.33759607090693,37.15724266110896,29.290580317350514,32.0127872194707,33.42993333585376,36.42659815965861,34.75703059027482,35.827874917082816,32.58366879078437,30.284732527613723,39.63002879798752,27.606361177365844,35.41284757366416,32.565741695301476,32.31325518515365,39.48949420664702,31.95718440491106,32.950288585482724,27.058112435804198,24.81196351487891,29.700223352107745,30.149410876319912,28.34673608046709,27.321533190318508,30.340385830905067,28.495485860338402,26.072853238082963,28.830327173707392,28.644155297484918,24.062520735555005,30.857058452238814,27.333116006706348,27.9714330850152,31.411201660045556,28.793243388146436,28.77281426503673,28.65382297770276,28.442130429807616,28.142779203886306,25.85144110175597,29.551463495692914,28.294670275667094,26.021526847664997,26.390064815188797,26.236906179093857,30.25067268891357,28.238048936915344,31.90353215544055,26.129341837881835,29.19716422779753,28.34543629615312,30.273908393227252,28.20701464776287,29.016063948937315,28.24860634813268,28.953938658469646,29.846844786411744,23.010285234721277,29.35638067469242,26.39320130206943,27.24017591249507,28.14091676772641,29.43544229605645,31.871705362598874,27.206408676633583,28.106169454239556,28.091361367174198,25.628134821767603,27.233921639792097,25.31891278263426,26.076872367126377,28.62952989303787,27.2528788043083,28.459740517351406,28.123502068294552,29.826523455534378,28.986806127776536,30.732012427220603,30.50982332650307,27.3207409219407,26.502455096213126,28.090264127382813,27.871623981774416,29.2357573457767,26.938073655210726,27.374350887562997,28.23617624944807,28.333568891449826,29.626412191278465,24.763646192581138,27.52785589512344,28.57438666930697,26.67672179466628,28.135792916876706,28.97821966361139,27.57783670620637,29.09820109770828,25.79300075939787,28.559085671453875,26.628972200491244,32.02124387757949,28.942979998042574,26.77890988123354,30.052673784483854,28.43474491119809,28.27554757809557,29.635121382304728,29.07122485854605,28.619873806399312,28.93918085287473,30.43363684941209,27.431672080296302,29.201682536330484,28.10006130728588,29.386191691762228,28.20250844478544,27.52116144992457,28.25170515284507,30.139140944983367,28.08127320235073,28.1856322278414,26.55662607772964,27.184427967642183,29.925945926151783,27.955763913708047,27.300624489012655,26.223976473291444,29.063266398457795,27.71515894439416,27.93239549981158,29.026457478373175,28.269900508749213,26.42819856918334,28.00309714988157,30.018082353781832,29.390589699695376,29.796149083066425,31.04546586217422,27.723621001398012,30.1868218152534,27.512347661996156,29.65603613657031,26.23887198450747,31.407117330159057,27.13940784634176,28.394777680337913,28.87951954221877,30.271594311365774,29.654522641228475,28.852119471733516,31.151217139872145,31.492761212159245,29.886509466539202,29.18405409474156,28.355911418385162,32.3054343686258,26.832596665042956,28.330500374953854,29.630643769678013,29.120314187609935,29.122116892240488,28.261089293518683,27.037905422534717,27.548528509574094,27.981299831134415,29.57958095599248,29.281588135849947,29.09626189433886,27.645201184907744,26.666977522871296,28.672003207246338,31.054575032512655,28.163499813943915,28.477818237369732,28.041134523984812,28.47383311756139,29.921888500153653,28.60211817619699,25.97404382530598,27.8062891103067,25.489415535871522,26.07801989923422,28.369654405436222,30.149863413014266,27.71239109256903,29.32733273016607,31.70312553869318,26.912904437773225,30.13379802647354,28.57780441967221,29.106061946573178,29.22563142065055,31.306258362923113,29.18483675280094,28.798518068490782,26.739215777573015,27.394532894747144,30.329209311681915,32.23125948561878,28.973188747958318,26.30880572475562,27.997802330078077,28.88005210424914,29.4285706057093,29.17435006534288,27.356332205814407,28.808841503356888,29.271842597609375,25.827784344391393,29.885898211647564,28.16172318095655,30.390129221179183,30.19378487200587,27.17002754564885,27.04580367351674,28.01526242592658,26.461221737253684,31.03476207406662,28.010540671023893,30.565921664259548,28.20401051613752,29.654154077300635,29.43943186806169,28.382297095549472,30.59435453265294,28.426812334189904,27.598190787776232,30.139281231590942,29.114450948189056,29.76494862157681,25.506361097996603,27.764954212935685,31.595836267934736,28.63162986187708,32.12631989651267,28.33098846111587,29.296548470019356,26.314572058021852,29.139927695425502,27.757032789650072,29.361941573000635,31.950861442315865,26.443495388646834,29.76583738336046,30.363900983179985,30.071287566787756,28.523433498105668,28.404962657356315,27.74885544183833,27.619990187112204,28.755648995519838,28.86820500885044,28.374651773479474,27.284988980020334,28.633399980495067,27.506301841984452,27.634058645585807,27.547406060610836,30.46447471897741,31.13686296225293,28.69457761684997,31.62284343619899,27.383615743003528,28.75059030973572,26.78550349131071,27.781517435632257,30.1102724349217,28.297922129718845,28.98670038252617,29.942871341777927,30.8083915389689,29.353848609530306,25.64258075903218,29.96742327193011,29.139509015044688,28.64411036954558,29.054977923491183,29.12252605083236,30.537733338783173,28.819447371400074,29.601755657257733,28.90920976207687,25.289391133458395,31.06734784433618,29.478819335289355,27.602398899145175,27.726342390462804,30.286510698517333,28.377853582098314,28.99349824626132,29.706608263430574,26.245249935908628,27.100823394952943,28.986992168743516,30.950766671570637,30.51789733894445,28.63437755598731,27.94367235763442,29.006115332468397,29.172169727222293,27.42362225380547,29.53690694580022,29.379644557523683,28.177029359301375,27.696984493637025,28.435282910797955,29.684748713427222,30.479034253532877,30.68053949865173,27.917150914801407,26.064701536028487,28.74866930080161,29.447143560576283,24.74688887467336,29.240996891482368,29.751865607543323,28.701561642097552,27.56739863855493,17.762419555222746,16.204958138749383,15.303207968736523,14.753839748743063,26.526823940422414,23.348364197285203,25.319197434034855,20.563197857273632,22.012049577277047,15.586222264842435,16.729705246148868,13.404710929190351,14.918593456984148,14.159458857768334,16.217347466737166,16.699321648881178,17.72292780604585,25.975544633676623,25.245663463908656,16.23516172105394,26.030674230256746,15.632444296523747,25.206867762011395,14.830335472220028,14.878686744096425,16.065648137320782,14.559828232406451,15.79405975620698,15.634038107792346,17.854588075930312,16.80714152193894,14.889260568479733,16.97025717150982,22.490175671815052,24.864466255785533,22.6526477089629,14.92795307986006,25.814643382991605,22.605742120179844,14.619524499183841,22.306768601317536,19.293376156154892,15.470478500687081,25.346932763867297,19.435144902707123,28.30775852722485,13.249854797092476,25.42270030635752,16.195400905646384,17.252407490544382,25.194193581808538,16.150327321030517,16.27444475875887,28.91747618888586,26.66248195585429,28.018970429779447,16.342271820304614,19.449588676864387,28.530407020999075,19.25338368721549,14.67896611728378,25.894964329311136,23.050284185409794,22.761811929629673,19.908957808315474,14.713301370467729,16.036420960011455,14.492203552056301,15.246432365313916,21.545838408976515,24.46514913904589,20.95555988749637,14.396528736900372,14.538083811417971,24.476237695858188,20.622780503206965,20.643699938636566,14.850726216912516,14.967826007601401,23.72667737193067,18.321999707040778,15.443817115547356,13.216763686286443,14.61684417248436,19.70350887458691,16.861579848137215,17.50193874642445,14.316685526280851,20.87439700359692,25.55697544783256,22.891043536714452,16.45997765374449,14.753777703745993,16.10407380394063,27.02452571211449,18.073603072688737,17.582570517052872,21.08598768960171,23.283427738276572,13.925937487277896,18.230092373022025,25.006153186565328,18.828098242945085,21.446171602894825,15.982282112626569,19.674366297962262,17.49238177482827,16.022378694029733,20.478815207826937,18.1191650455219,15.95403784182227,26.336136704242904,15.613874686086112,16.43326185472158,14.359214157527436,14.005396471003838,19.815224781291374,15.829958871940628,16.35022446790741,29.452759933572015,16.680278237780076,26.017841816553556,28.047847592573046,21.710294862911955,14.087754953004822,25.096717567926117,15.81364573095987,14.499053814194355,15.814750627460217,20.92128332900419,14.21215956715814,19.321594854887525,17.35729934626975,24.755533147952036,22.59159134117283,23.041187879407094,15.974200743828225,16.5648333307994,19.341399510693115,16.31408526614239,26.4010043600808,17.277298027172236,15.602093359765735,19.760916864140594,25.03924808423642,17.247271398606156,15.496595275514553,18.798078340648562,15.659375972204808,19.966544244537218,15.29594635083792,22.400269467355013,23.1158942852348,23.07143079737891,16.314476459208596,24.224456905663228,20.886658830214728,24.868771706887724,24.96259962313858,15.736862296211562,28.129365742794246,14.651396099284767,18.773710173494926,12.868564780988718,28.76058664530535,27.069757556639892,14.027068177906548,26.81577705967561,22.899692903549905,16.83666958948294,23.20956016870815,26.56387052419585,14.633404662945686,18.281834373034904,21.091130852296068,17.43119714996236,23.19209093356819,14.511756211728503,24.589507407912077,16.897848448478932,27.725167195674246,19.202146345383586,14.894845605180837,17.358410276659402,13.319791307859782,21.601154004332166,24.85453341334458,16.195499026821672,12.808678437679124,12.747419880490796,25.188870665653013,15.105673203155433,14.40457173699132,14.346731532426098,20.236652928087054,27.9935385509196,20.49953449565623,24.533780863807976,14.331453723395219,23.50454868317003,13.023725500336448,15.392439767105213,27.75647037644685,19.06315563273579,18.885661199043586,14.183749842171661,16.3972911665444,12.75457998381092,19.064330432823898,20.56840749969253,17.018983797785996,12.8279484220416,28.350833318091006,17.050615610340074,21.989742781739174,19.2093694488408,15.350500537161663,14.912001390765614,20.943797914496148,14.39909365741506,28.27737907282273,12.861620691070605,16.077720331808866,20.90530020415094,17.85249156269994,16.577780605078406,16.60120652512582,20.78198306192661,25.865342927571067,15.812854691843494,16.320281892281365,15.518412384334507,29.212170488160318,13.686856048774807,17.941555769754736,16.01378091839798,27.345694953149376,23.01071284325856,16.63976947038362,26.749525147021693,17.30125874696725,14.989457110738917,12.143534207381029,18.104162192778595,23.628633484837586,20.869825854051058,15.754077129540235,18.907397641209407,17.620742050264337,16.359385662160403,14.57900526960861,21.988609648572496,24.131539468237758,27.875398534920006,17.641075197247808,21.225382414821286,21.515279508224676,28.20779966510811,14.480580416195933,15.985843199201147,16.134719937439822,27.261429205285282,26.85606190035791,17.60777853846134,14.90229158431705,24.956995521538804,15.321771342499021,17.755544499356613,18.032534942887406,16.09089730198752,16.704147962496823,26.16300854987587,19.141656788808422,22.905055570624608,17.736269099843888,15.914041885463218,14.409571822562471,15.78821053671907,15.955053343025602,16.389200337509294,24.05120543192734,13.909465409575853,15.066626899865076,12.631306215652454,14.263266937945845,13.258712559618852,20.11817493175009,18.328512208936022,22.204687108385585,13.11852162594623,16.463985485179656,25.460373611428224,27.152850350138138,24.27763891370688,23.803267424497232,18.370278606980687,15.083213470460942,15.973484647337747,21.941887261272427,18.18480537132668,32.914831965139584,29.87631607567812,30.821060917148042,29.163555658539526,34.42234259863045,28.894350062724207,32.434350100219625,32.19779126761455,33.702894026832006,33.210890904572445,30.735591378249794,30.298862057421243,28.43932192090083,31.687462151802464,25.896911530370634,35.33726763921197,32.08474676662223,32.28963353569552,34.586928766242,29.76787178277159,36.640623268598006,27.10034797186802,33.54979707468461,31.789749319947067,31.93414520894084,31.72589188707717,30.101196344556513,34.494152325898966,33.93829246615105,34.92804662774645,28.45745021911711,26.95121593284587,29.63711144027244,29.98695709994174,33.258653000610494,28.91543144649583,30.134381784293904,33.968155637855126,28.598603785999682,30.57816745376907,31.04833996061071,30.172677164361943,31.763370631401457,32.67214007020374,33.874075544216,32.140250661467185,35.300573156247054,32.51036439697822,33.32274023605353,33.832915531381175,27.55441751411723,27.63101848958201,33.727189066120516,30.65511243455348,31.422013465454572,29.673248541962714,26.68273880188366,35.46205464035142,29.390737214904416,30.2460189570487,31.779359330431706,30.77697109605268,31.058661547471086,33.688668994161105,29.69890696666688,36.68271255746711,28.130756622775795,26.0900981963307,34.47468640435341,35.649057794690606,30.029929961313126,37.12984374503198,34.46296402704875,34.531324363049904,30.908134070321875,33.81438451296087,28.676496348227637,30.237287059714046,33.94799474832279,31.026857608158295,36.47036161473845,33.86502426860997,32.45709245782619,32.239977933645996,28.387159375540207,34.55514481359737,30.643631414682876,35.873562112148434,33.45001600831795,34.078129131741484,31.604438680452997,29.397309773807216,33.825253875026135,33.91108367350958,29.5700442693759,31.39147312758952,37.002138445164526,32.74218565772428,29.847518605165927,33.831643060691526,32.22657472978305,31.64932923559425,29.89634874465089,31.676982620292637,31.733028924335095,32.46769504110562,34.16073160972488,29.19839870424877,27.6614335973798,31.045334081690154,32.747482049592534,31.138822864095587,33.94806360398676,30.132722646538095,34.45798341427314,33.115040494690746,28.139880045547894,30.7760275018728,37.08119530865421,30.91046320834796,32.340905453818515,32.952473565237305,34.53033567183898,33.465470830913844,33.563158978852485,31.603822197106958,33.00412687238948,31.748043744436274,30.348851870936006,33.386726291091485,33.340662689389944,31.39741419573076,30.538651264515135,29.33009882072323,31.908355870225606,32.79816470264428,28.23050251652949,29.786732239083683,32.70583370898851,30.032196118157753,34.41628308190242,36.395551729613686,30.97845834599589,30.863262107444342,28.250671535635593,35.886274357670004,33.905668961363766,28.528134964455386,32.082214877804006,28.160561574877867,27.327350439645343,34.40055678011435,31.056542088835066,33.39659094562063,30.528726549024366,29.82908252627029,30.803989190150602,32.71812117164476,30.935983689159936,34.499805238577295,32.62668016553875,33.33389226225322,32.64995639734096,31.396663271782256,34.49057070234236,36.171937204474375,34.195861009225354,30.07540896741365,29.47295600843308,34.6181676280061,34.37162496913886,27.00668942766051,28.9065669433681,33.934514101876275,33.63558213277804,25.93139009502234,33.8115290219307,29.378927110652814,32.287968019932066,34.97765055431647,31.72391222806955,31.140206138035076,34.51133995954411,28.481234637834646,27.40509871632228,35.26652175312554,34.760363329001365,35.41715289308436,31.70022992144989,28.724604240874378,29.732659668256414,31.05116511037922,31.103031581847247,30.246290093391348,36.257015319241496,30.04329102336684,30.83595028667564,29.51828709429664,34.75975174284333,33.100870533135975,31.617631248290508,31.93838397670866,30.233459808849297,28.029984162201192,36.039835435532034,29.46735455688433,30.26424416875558,36.89365560815018,35.28631014881098,32.18277809211108,33.79544131084992,27.900977028342787,27.515545914096407,31.780734443233833,33.451591973657465,34.501479212293326,27.242255914975594,32.29591180628682,35.551895966429804,31.28026297948898,32.81063578017307,32.107296765815704,32.33443391033161,32.58187996214068,34.69920589623254,31.58180295556168,33.70708022894096,36.11413451995284,29.622469846880207,31.19548874593059,29.064646711031344,27.385991953638495,35.28677295899369,29.693755926839966,31.027279761781504,34.31705856864664,26.57229868308919,32.76004418459896,35.262099085451375,31.58150701755637,31.344713982686386,34.48655604793551,33.72622994093766,30.214087480609702,33.31913851612232,30.417472281055556,30.62174496090129,32.86645878098961,35.93228045668538,27.4132231997766,27.835182898733095,32.76151741114856,27.537670949109724,33.41241578512333,29.818872857095144,32.283582326388775,35.926078455783426,30.361915805101333,31.917224362049808,35.273120797513016,34.759576021540184,35.48350949825946,37.15139210492129,31.326699175975595,29.163692144740963,29.425568749297494,34.560007380582654,32.36558665287982,34.33271730792316,25.896707201023528,31.504792245880985,32.30309222144257,31.276212621553196,28.457930384428455,34.85115966164093,30.173548053046506,30.00486956719317,32.41996772153877,29.877635857071322,31.55010154039088,30.650773848741842,32.957918134308656,35.31606578635273,34.7734001156286,30.587944553235545,34.62060785238094,31.216081607561918,28.33701305790339,31.09489215294112,32.39528142790356,35.041071719647725,34.789786928298305,32.402581626644746,33.47152786040534,35.91867737724546,30.627655379146372,35.26383923456987,29.559916820764567,28.631865060636223,33.63239222065572,17.541432898139977,15.764351570880699,18.856406657533842,14.17191100681115,27.557172409398067,14.623979351862792,13.593464897865445,12.643729543929405,26.3322499826471,16.320605467951772,26.95177565110736,22.25522151039576,15.571989701481822,27.9712018885362,15.407458744641875,16.836652577283317,15.340337391582002,16.561741497385164,14.755716747058731,16.74477299073145,17.827329309040106,18.41104872387477,18.432196723848076,23.756629095126407,22.073514874132307,20.19666573036059,25.304766483745414,18.058546067172635,24.69684129545336,16.853726814577552,16.242581747723015,19.923988816786938,14.326614286242467,13.423467814607692,22.34510421259801,18.245299157474403,14.342517434050825,14.94136192954615,16.55138677651835,11.788135069863845,28.209154695619745,23.143762338672126,28.91134686221407,15.759902054753429,24.02162605577069,20.317634292860095,25.30019897789666,27.977024084418513,15.575841009776234,16.6839990655721,28.19580273109729,25.999427902596665,14.294015010814629,19.300436689656195,22.004170780546016,13.6974330095024,16.650027873600443,13.420192147281144,25.07783377329761,14.910434443573303,14.613992347310958,12.865276629013218,25.90386949526832,16.361890541778717,16.10173855917205,12.815963097412181,15.078205089307476,20.09084711568584,17.528342309444273,12.241272370616409,22.737113283150062,24.776197073764713,27.479634650185172,17.951385165343027,28.876781810540386,26.071236651209517,21.171593249785065,13.99925085856669,24.757773475096485,12.75731262868098,20.735196381251313,21.35530858133771,18.288468477845385,27.132810653085983,17.835731909637442,15.017987799092458,23.586112549432414,25.933007057416344,20.21370376236422,19.23107561484563,16.013909127488127,18.562250200117642,17.25007140160513,25.458683648770766,16.07886886630974,18.26012290979847,18.490806272159936,26.022154685779306,15.341363297654595,15.214928863621724,22.6420178310706,24.1803004017932,23.348411773569502,22.12125512546307,19.15599850955418,28.90641198962099,24.703683020716976,26.10210167385246,13.800999995460074,14.181135954921194,18.95749743426095,13.901013899692092,23.185615052192695,17.308902044344514,27.33568445495755,20.595862955650585,18.054924416846433,15.052747108014104,18.697477631881416,13.013159510034725,16.23480887342667,24.56950778029672,26.29416492074246,27.54493585194625,14.920196843846204,17.415758051388817,12.917281731322287,13.145451309049964,20.63667642873135,20.38839867565516,16.801141641067268,21.072145966823836,27.479749856564144,25.755212463833775,14.091263783584541,20.567693910863735,17.709818740929997,17.859020343611082,26.356993612072785,27.09436838216433,18.317431593729832,30.613249074896316,25.74476499255091,21.970010176074624,27.60331082744539,23.73898672286721,20.104971439879147,14.636105253780572,22.07401205185383,23.09173183514026,13.322482557143234,15.028437401347867,19.534712403852,18.487288852335848,15.811755961026051,15.147067771047348,26.809420241107336,15.42160448268471,25.42118240923974,16.03729664606479,15.196340827636446,14.942339540587817,13.436184040605523,26.930948024076155,14.576816106530908,26.758986373730004,22.25683089441678,27.943615022115782,20.441961555574167,24.941297022780734,13.215927230020432,18.738231548466082,27.464433362984973,15.499952312260833,14.638895203719839,25.311582952120627,25.58569417061383,19.57841298364007,18.30267198387305,14.992091724023965,14.748112889132308,20.07971227805084,16.57629634382824,12.813349966781947,22.929819852767192,15.681034845861834,20.66270588556858,16.438888574344272,22.79667612143166,17.117884856631996,18.73489462327239,23.768065016868867,13.433431218600319,19.88439295577177,27.318626586085898,28.01100172779381,22.528163535968474,16.56472269465563,29.408257190429527,15.085082271331498,17.57962414410778,30.503183043947754,16.098596735252364,16.146794649458354,19.45437996176211,15.854187185487051,24.058123872100456,15.101138003026477,14.105739171857483,26.84844024024269,28.92200994062107,18.50723348966449,21.34650584026872,19.857750455899517,27.129594799870763,20.213691101508118,19.11206343583924,19.081372691241487,17.716648967885295,22.609146463496813,13.717554602287873,18.005600808103996,20.404430146999125,26.6168807618979,15.476237888120204,19.583675264731195,13.415199482698156,21.511319980421124,13.580830946680951,21.06823854088646,16.84669704792203,17.687139765148476,16.534841023546864,16.947626735533944,27.006202434757384,16.034184044420147,18.681292882241568,15.668657806420189,16.547686395965297,14.933263169658176,26.991026952223407,21.296576679840637,15.959297640217702,21.390469942265835,16.031382342434945,17.65101757069419,20.60425036358377,14.894891831554988,23.579727052159853,13.429147477841724,14.156214227317923,23.748849943212537,13.089451677501275,15.052382294378603,27.608460203545523,14.351347076826439,27.02389774564954,25.07592499206431,19.13046529676326,20.122911310530892,24.024010850610946,14.668649823836315,29.66987211345162,26.628861103409267,13.211244216818717,22.710720123440925,18.425855029923632,22.86116120100183,23.25254425854705,17.671146935885396,18.655016747514274,24.692466234949773,14.661165035370043,15.447188050444575,18.56190829637318,17.197546285055868,14.809707686843533,23.08563307899448,21.255158299789827,16.090529540569953,25.20242847218996,15.7707136986204,16.311875425637236,21.491073015399312,28.29040306413663,28.859733138926313,13.419376510228826,23.565599936521657,28.49416077047415,28.21568648741785,16.19175902644419,23.667052005452103,23.321681179583315,20.828015155605218,14.000896679400155,13.379209426068817,13.113045131408786,17.009736260620937,27.03794915945337,19.099630949600527
12,5.7864294772358535,5.908817195354035,5.191742659957811,5.934146347550905,6.086737983568064,5.946475153267703,6.235268083681488,6.412551201780061,6.20307194877989,5.637584199408798,6.032687389678347,5.709788015916,5.960728248317034,5.978639833154086,5.829742177592367,5.903531567149275,6.227222221638469,5.179890309770952,6.161334293119945,5.814631584785632,6.005471938679449,6.512355683857689,5.319666535923253,5.226926490312064,5.969896612499232,5.8939679017628475,5.868211544337809,5.874779314804769,5.990231440164965,5.593848657085023,5.781400419767309,5.796190702453363,6.499643516621827,5.049042752483511,6.196466540943912,6.378645302930699,6.236680733274956,6.189474255495671,6.221742726675614,6.0430479545771085,5.98393117763056,5.825521763651977,6.178324273941373,6.232111071095524,5.616903712225225,5.905668829997801,5.31845932729234,6.223397795606351,5.39782972007282,6.278750177308021,6.104819832699595,5.713943517796428,5.990279034449129,5.989726953641164,6.1346645797171435,5.3521546103074735,5.9942864615132745,6.241463929746407,5.839340520536535,6.38802632023011,6.544547269551455,6.0308907479620055,6.194340715865035,6.101670160909083,5.674511807177514,5.621377090456992,5.741390833917398,6.043634728807654,6.08034093573921,5.737519627946073,6.183547575199288,5.804703242666387,6.348703230146264,6.101266435876871,5.760457330807523,5.13642939862217,5.978289003050199,5.579466067346211,5.4308140328865,6.0548785591464185,5.931517289227828,5.856360359664158,5.908325420117248,6.041067864868487,5.787917248764838,6.0603591126450365,5.869118250106684,5.887581604115919,5.983533378536763,5.508979533080364,4.990494504750454,6.002356755799026,5.625248095320275,5.802005776454261,5.171332434347779,5.968642693708713,5.837599757464548,6.246040107150751,6.538346629435268,5.986253629627789,6.128774367918102,5.9674176661276945,6.087736220561545,5.3080925784684085,5.997016417804413,5.970094348875551,6.215328567445401,5.939280375236842,5.916373092693709,5.919104698829101,5.811179027812268,5.652143866141352,5.642830226494571,5.6440060850327365,6.610686959796793,5.880700589160508,5.530072003766445,5.745909476977497,5.362253548581485,6.211161205610109,5.855412293017569,6.050438997634367,5.776391945431501,5.926381572904888,5.3641639773526375,6.535511081371877,5.813763947043459,5.3634614458048615,5.656256941144341,6.38863967314968,6.244410969353659,5.32897193167402,5.727757457666629,5.8986342100956275,5.944650487556227,5.925874763324328,6.023362913928213,5.846843426597715,6.082300643755196,5.939092228742571,5.482717895588925,5.6530536180543836,6.28095123088435,5.793916112912158,5.795222546014366,5.896729261513272,5.705395209893419,5.8666088059777595,5.790063130188308,6.293095036321128,5.721763211008827,5.801643957440431,5.8765229601724815,6.301549474556984,6.124764041882785,6.621365845378281,6.106821620674824,5.915237602698794,6.235954137855956,6.254507610077858,6.102355344170792,5.786592441372586,6.1949277451670515,5.576052230026848,6.316100441358848,5.817581910959525,5.190157897202101,6.166813142202347,5.879799480545458,5.169022277976398,6.037238879294999,5.875027108023515,6.44068791417423,6.040151591270784,5.9019569877909825,5.7489712963950454,5.721777894669657,6.054939286165609,5.52357795914499,6.112192378018375,5.928150666239263,6.075092831966631,5.877906626241988,6.320015637555899,6.394892960690191,6.002054548693101,5.978434408040743,5.915924989882337,4.981018639398109,5.8765074085575915,5.790314901330302,6.183311730512194,5.883312345087835,5.441984148590549,5.168520554684106,5.717795247822097,5.918838379738942,5.847754995835625,6.177195769863246,5.676330579876592,5.864629277810555,5.680827999864122,5.671090092014462,5.765970869762199,5.999562089354539,6.068087016439287,5.8128644663823845,5.8770761338747635,5.750988228893205,5.912679537762348,6.320484542284301,5.821100484856013,5.426449066089746,5.794511572382847,5.917580946936061,6.423842344551477,5.638044455479405,5.992092576671962,5.739498520112403,5.992960233446961,5.64006475304648,5.545094071472632,5.62857491368102,5.136216222266833,5.775088199730192,5.783256322903976,5.321956600145875,5.156712826431632,6.0431659621083265,5.801163901327469,5.892788415761056,6.3443687816887575,4.934499792837338,5.5940035841211895,5.9973373046856056,5.917292706508848,6.1395037611655745,5.738659727660149,5.209921125712613,5.955040308172378,6.509378147553367,6.016172256584055,5.929363681405341,6.090231900456491,5.281976299947606,6.506666085804662,6.048088875921118,6.057749552300903,6.202329974859247,5.609755891360287,6.146696031080637,5.9095021986206255,5.919975772140412,5.762565681855769,5.803622437433666,5.820885714257182,6.403371814539405,5.985161393007302,5.901156890759676,6.728283985099905,6.213801752589238,5.794298172245707,5.810767299517358,5.327928946951408,6.002312983699119,5.746348308222768,5.967515429352056,5.80430783358099,5.256280938508777,5.699584478788426,5.365648697447959,6.282833223257179,6.351873155981171,6.066485534307053,5.51897726212272,5.762435311184062,5.2775247043008875,5.78780984371963,6.0004333012314675,6.131262235993733,5.870565953079056,5.886361184257245,6.004554534043734,6.118847275388358,5.567115417408107,6.172466369521135,6.2257729805395465,5.073815988193487,5.808673922097234,5.895256970098566,5.89115299739955,5.725641568880851,5.168934886160125,5.8336684169969235,6.163906409989149,5.8769183817010635,5.316794583705077,5.858381166281535,6.294805508613069,6.245739126856256,5.538064190984143,6.390398694774487,5.037418101654666,6.015681935199698,5.590639485570276,5.794538046840616,5.99893012320387,5.40851726963421,5.849998759164576,5.85877921069781,5.559362028931502,5.304812515994831,5.927834845819768,6.039991219816311,5.979219321834378,6.164159172797064,5.84077492251308,5.947725874064827,5.939306953868189,5.821890763264482,6.116133068161469,5.878319135964268,5.320163225469722,6.129357858200106,4.973009390456426,6.460907647455706,6.408527315284286,5.315983312202658,6.027895251280414,6.053973231011463,6.495913264746887,5.022979532197151,6.069451801245651,5.950245825953695,5.416788864532005,5.687756382493618,5.930211782811863,6.320519521149712,5.972144782719887,6.206479427286714,5.4519158872876226,5.620621595604895,6.013989900574554,6.235019986014399,5.509056075374161,5.882299824340428,6.454514706626438,5.630306741836551,5.622388070599575,6.128008969160707,5.909085476470217,5.8917310331977175,5.259077473395268,5.956837478592328,6.2874179900649,5.303937713400393,5.514378274709828,4.9838789060136355,5.404471784000343,5.905425845551158,6.881940394302,5.585000282771773,5.871467182124932,6.268119464756178,5.703275756094971,5.921915754613685,5.739346551501816,5.533748498165469,5.261786311075709,5.652467746394165,5.694034445322752,5.61597335459236,5.260524235010931,4.920867618917475,6.1879515350633545,5.5686414553501375,5.5213509895458275,6.373776966139409,5.996954864076321,5.715923077474116,5.535055876006427,6.283436040237267,6.674251395238701,5.7757027399629814,5.6999894497442325,4.899557103953706,5.702341835848259,6.708588692358119,5.9993179338279035,5.333769876224586,5.485364144265978,5.619570966432451,5.164508304426748,5.590207599100336,6.25442546951125,6.399714126426468,6.1332688374788376,6.133773794839552,5.772103462865401,5.96558617458291,5.566926138117841,5.66405769289864,5.345051642285851,5.44552692891543,5.3711558761981975,5.704571934475842,5.01242389016362,5.362039699101666,5.528748029455402,6.120280748424053,6.396307253705882,4.963689084709765,5.922532075871124,4.949695067226771,5.909816046621486,5.754599499132001,5.493025636255057,6.2393086520728565,5.6332685706394265,4.8886403643232414,5.326266411794956,6.582281090725032,6.102113155761052,5.6380640838033385,5.009442871649704,5.824631806934957,6.559479045831029,5.652285354812505,6.648168220401392,5.806941103618606,5.339898948931293,6.622760139736623,4.7030311049183835,5.451942810454172,6.101058328639836,5.264889706932239,5.1456346862538735,5.485668087219685,5.63306496531279,5.040740036217507,6.149201587620885,6.249558514764484,5.541644580089741,6.196903147121815,6.122518081586437,5.554550767042347,5.7142762172566925,5.815561769669147,5.571488680326927,5.250108945349211,6.049857520348945,5.456729002942773,5.608005265054274,6.009522417032028,6.041450734849294,5.906071189837715,5.204818407997784,6.695435897687458,5.324766034590348,4.868621798176088,6.194225673516682,6.677877446618081,5.505330255617666,5.359616353018037,5.98863362151296,5.489719445207702,6.084870867608861,6.559721160754243,5.4397002743967615,5.879010107990003,5.330397734566979,5.749553745835797,5.64559320610076,6.603510660489831,5.602553759592232,6.119791378338723,6.148924172520503,5.841796843061471,6.041695021032996,6.80734639769574,5.139133985711014,5.936497431968082,6.199224612499552,5.507254512007455,6.111761106555059,6.413142132341703,5.862801123197228,6.091454930884342,6.225020048815466,6.218790677274415,4.93200286561268,5.257022083117616,6.338887725641721,5.874924669981338,6.1661742451768795,6.1343268614098,5.503239692550791,5.852815315703693,5.413332635182084,5.811757018309698,6.462102350583845,5.502698316862367,5.449236114882066,6.271598667189484,7.185851740773491,5.94064741328961,6.7326184808343426,5.887895862024983,5.988905687185304,6.179085109175248,5.521466970511855,5.896615566288924,7.185665693821386,5.366458563757416,4.995619708836993,5.559204196041015,5.903261033453415,6.000568279626829,5.766640032786589,5.855057335445277,6.096518089079661,5.2433282937894035,5.731804170789113,5.7482686712872155,7.276314960578857,5.897854968179536,6.074629025304136,5.8430509085459,6.313002302683428,6.014862274958156,6.010363004720001,5.287019786938415,5.810142622528882,5.167419945519752,5.537340416981879,6.255484818633825,5.496775849295941,5.006289170552829,5.758691858198864,6.152640807093869,6.514504902910816,5.389306207380324,4.8561799032941755,5.317882223425447,5.445594795152218,5.507369626177768,6.589268917104515,6.016361906358112,5.983060049790923,5.670719997655165,5.057458937812135,5.323480712355,6.3190358623754666,5.763653620007022,6.443581636746895,7.101811514330071,5.914745684862905,5.468082326266039,5.872123129627388,6.359121949684813,5.835659272571856,6.541744304886724,5.272364633144174,5.640845048367239,6.5414902651723015,6.148040709973629,5.753449633332877,5.940185056935062,6.11209548903887,5.5614268862739555,6.433538985842026,5.49667020478046,5.616593595359974,5.765684436666838,6.114057865158734,5.730003566323612,6.154996535988744,5.696906268535195,6.015246824537881,5.516469465207349,5.737271996257997,5.4609162582195205,6.638361069330664,5.363302868335042,5.483865522055386,5.611135583131026,5.81034112343146,6.153606423086,5.573282037967921,5.987275743855614,6.051555785545406,5.946775260095342,6.054384354263562,5.958605886491355,5.951926976149641,5.900535734543063,5.803954142248246,5.432274480712311,7.076015406724131,5.9589480917267,6.123692149787814,5.7898359845136484,5.972529738646852,5.649027711157833,6.063393552115571,4.513965166270964,6.424668755635978,4.634898658847519,6.5492667646797305,6.401646878108661,4.6337997172924865,5.581527547957395,6.383885760633229,5.6752953021787444,6.503336442787087,6.190423458240813,5.77195397747252,5.412741370725932,6.7438155084209415,4.6989898236379,5.37259852985713,5.952016442680856,5.7688291934243825,5.611606632271378,5.433143845704597,6.872040355537996,4.721778350399957,4.588388885503843,5.833612793594024,6.668046324306631,5.905544669025275,5.728978904449992,6.27564846554182,6.290500603221826,5.259801399567104,4.743123859493852,5.443980464185232,6.088150491813646,6.336960698292935,6.347343985612501,5.58590219163144,6.696467821593958,5.561232692013902,6.05629188162109,6.6407996087040635,6.842174694866689,6.189233491076814,5.447821969059033,6.03849475139188,5.260048680904982,6.333926686724307,6.226343642618548,5.696320686764218,5.809704713291865,5.583163539593422,5.443109212086623,5.31057556923282,6.6656516706610205,6.465716071647088,6.110931584688463,5.418656712576499,5.931721741113892,5.834097518812,5.500154548667504,5.147123546554766,4.45510663630396,5.013686357379659,5.664726277574425,5.798904944968251,6.081187465401553,5.299984596927976,5.633871587980255,5.158295145790266,6.513878681223247,4.92513498953807,5.755776767024473,4.624417536538892,5.93973318516317,6.239212297928396,6.850129077861522,5.488017757345463,4.691859425362602,5.620338116387406,5.311762150993935,5.673381343613601,5.357076626450356,6.5931847477816445,4.669839429653264,5.329585012912043,5.581754173673027,5.749958317928943,6.530581004034635,6.617757041450435,5.436226988551347,4.93037443400542,5.352412181634539,4.4743432677071695,5.759176600710949,4.97313728274666,5.9117960313732265,5.008227931114319,5.593554799186674,4.962739546135577,6.554369015646879,6.134943048640192,5.913045602092202,5.296615572019874,4.756600965973087,6.6367892618883,4.9617480578377915,6.163359794612806,5.414679663823165,5.18804406247194,6.119667785291337,7.157924164790148,6.3773333537009504,4.20122215645889,5.670108940118674,4.996164746614586,6.071499951243412,6.70545912152152,6.432632377608181,6.056079459817818,5.57353433757947,5.411653194793652,6.954132337380873,6.020667623208449,5.4082270100970025,5.342523789972019,5.754010869476584,6.330927546097388,5.504319954458003,6.471664372513956,5.410092722057595,6.331874932322861,5.312288945486963,6.4370650379457945,6.000341626118453,6.40460984591754,7.4253120522973655,5.463886384205852,4.629194103769463,5.96846620107719,5.227707395149878,5.729879596035385,5.281271671602242,7.081147129820835,4.409837020823766,5.259832886587189,5.774985597702741,5.341968191713485,5.381878981842719,6.188886434803477,6.062625301315589,5.309360506441913,5.533923038127542,4.946168368242406,4.498157422730876,6.01593313638095,4.718321070611192,5.800589113746763,4.5974152903438394,5.5343704147879675,5.293638699518791,5.900807831139319,5.745652211911465,6.078451254170493,4.590703060563277,5.797192915849573,6.0537523287081125,5.71577782827777,5.556784376803553,6.438512655102699,6.630939411759684,4.466510070893342,6.733651597567772,5.753737850422659,6.168671486686799,7.11880434556466,5.430930089647375,5.729642721646013,5.2997581733246655,4.7126689298857025,5.62973317500437,4.2209020780922435,6.843724463364917,5.706949173200557,5.44014365488741,4.545844335953162,7.071065190658581,5.614029827463455,5.599496096553368,6.322656004411207,6.638637541424879,5.842924307792945,5.407807920027326,6.125108877579416,5.288235999849457,7.028231681362151,5.491490616011492,6.244437495508976,5.505749627117267,5.827926969953879,6.066143755983571,6.569882080486113,5.029274031962326,4.431191910331782,5.33360656426429,5.445933062458502,5.592964239343307,4.69838803799811,6.923054353026898,6.5219651874669555,4.922243964388692,6.182058278493437,5.949691378854603,6.006028451138176,5.576820284026296,6.4678244964838685,7.2280545267833425,6.078897950448815,6.854339495455811,5.7440528189086315,5.82971987122633,5.396092349071594,6.773340589485557,5.703723307370659,5.2793124169242045,4.930038858654364,5.752753069705945,7.161595883142187,6.472217297060813,6.345238467396086,4.740343054724066,6.21781302808064,5.676348872483903,5.700668270996847,5.9128253752732,6.0740774854000374,4.979089407283308,5.45602063422744,5.453415348549586,6.62481871797693,5.467387388023809,4.6957868595572885,5.346300860807827,4.906946133671536,5.763387718121238,5.072543875944017,5.590395457755797,4.067479707365519,5.568499282199158,6.474268844459606,5.67059675573236,6.504708834418328,5.1310697697492405,5.366267121712644,5.630514187918457,5.41777344296349,5.719517785631605,5.169337871847382,5.423804942241146,5.811034926041073,6.41108992227664,6.202054715091062,5.9543451318067415,4.7060622347064465,5.778199069747954,5.32241771548737,5.224416171459579,5.542737793602923,4.706485844089813,5.8552626029699315,5.89498250929773,5.8087736002983865,6.907527017427521,6.088681815088234,5.1335377479472335,5.930240996769496,5.799949597801019,5.110554067215297,6.4805543891144595,4.616848747690071,6.24697037622679,6.024126546082015,5.005264359076227,5.811033200179613,4.164075052747958,6.319455106242628,5.296692540408299,6.099362644730872,5.949027602913314,6.053269424412257,6.177766494069359,7.084247661005968,6.531760886544998,6.485429803631641,6.918866193274658,6.041044273877703,6.0586060130087285,6.0481329485284165,4.607712380387217,5.470719579893068,5.986425368900573,5.611642722171905,5.636416249922457,5.655237909489387,5.055183788152099,6.656244405144981,5.823254806011715,5.584208680443875,4.694026791057531,5.596088533513883,5.4736746199709465,5.1025714300423255,5.969221672976961,5.572807086603405,6.118393171689496,5.794548603271466,5.411571907425595,5.7166890799828876,6.5608831461187185,5.5437126337583935,6.127909161772981,6.136894909769037,5.251290480590944,5.811222720591622,5.236782576359248,6.402125635894542,6.224942956029291,5.11716282763317,6.802707324042469,5.083335672222196,6.088494147594156,5.960751173449797,4.745054157560844,6.491191791870429,5.805441006361738,5.3520801901236466,4.837780328710107,5.083353235991266,5.826168827594706,5.178017880150438,5.720416844128532,5.8820629378023375,6.497218235657893,5.701156297531318,5.745860581103885,6.692738198274467,5.7089070561857485,5.023628624550535,5.657906715726561,6.346870864495889,5.668022988832158,5.222702360595646,5.37821513074393,6.117612019006744,6.550498717445664,6.4439372129007095,5.19266544507004,6.226953088709732,5.601526243500118,4.540895330161425,6.402609852224831,5.605801186281435,6.347295676576427,5.224804313626049,4.179414052312536,5.576134041515487,6.12083505847817,5.197947166718592,5.009160357273704,6.413735389202334,5.248107295612179,5.203522526391434,5.782373629072899,5.653393497434985,6.170831085673431,6.339481168364016,5.535778762825095,5.583893655798517,4.525691396766834,6.243753836330226,6.08162479435933,5.633986456910646,6.679128416636355,5.614590804819737,5.813088422265766,5.638189835952413,5.799207264156593,5.978730872415208,5.4274630515166775,6.542206319353765,6.14089078305779,5.737464590897001,5.964324663728386,5.9704840867517195,5.519362693220362,5.9581936338728605,5.451236167023755,5.427698881420121,5.41040631212705,6.151238754846294,5.696161553399552,5.835087765651096,6.017652760110475,6.0583447045493015,5.423172383025973,5.76801457410521,6.231051974168109,6.895280229157324,5.682182021843198,5.824298025218201,5.901677804785472,6.01349587932296,6.011120204200801,5.921625057933155,5.929275277761375,6.15036928160289,6.689361678586488,6.096070981500406,5.343084975585296,5.609947493681301,6.1124471191578165,5.01770025318266,5.675675135623703,6.2417699033946965,5.950531704036781,6.086066385229365,6.2439190036653915,5.96084325889177,6.010942027405321,6.327549626975385,6.394579432663892,6.112002121184002,5.972889278219157,5.42066496926621,6.30123699490089,4.70862630957599,5.664714571445445,5.617044591935549,5.78788245491537,5.542572852121387,6.091895015218648,6.069802101722197,5.866036750256367,6.139686017003363,5.42901837910177,6.030928354665813,6.26669522460481,5.782240412330435,5.326758998843882,5.364200062366587,5.942727644319912,6.174802264510574,6.565954478352052,5.381485075267845,4.848897034561767,6.160085530611421,6.190158676783042,5.64767519550667,6.398022088869619,5.020809565687921,5.34329886045709,6.324721024802575,6.046031401156306,6.361756920381548,6.479760699218639,6.369994174050895,6.050474492118269,5.791860835073451,6.177397667251449,5.617110638602824,4.576599191336891,6.319525897769936,6.400871024995974,5.9508281302986745,5.850971755031156,5.788752918714357,5.411110228802418,5.840083215679592,5.00840446083817,5.705750394621259,5.744432133512294,5.855019163760682,5.6025562883597715,5.7271801176002475,6.697328610903897,6.018873298587658,5.076685780183812,4.524884391753347,6.266408299123005,6.042618510592275,6.192606874121007,5.863567217748881,5.456994157093973,5.627044705949834,6.186515100319648,6.281907615203783,5.50376668895358,5.542980344705797,6.801718035339336,6.655157113800388,5.6596534146045325,5.928948439187426,5.982815006199128,4.842545373179296,4.762927527726387,5.304551875315952,5.830883228175776,6.117086405191724,6.039805202499979,4.570942228495895,5.718309103957635,5.844256430146064,5.802113654755739,5.615140731453024,6.905721835671178,6.272176524841277,6.5849137733014915,6.699444971061078,5.460015278322104,6.648559357727993,6.750562524912167,5.620816918889444,5.89354852558203,5.519559131843318,5.3045280426797605,5.3297111155519366,5.40431256361217,6.275398646262108,5.680708682320958,5.423612376085198,6.1091425487020485,4.828935480891517,5.968165520680602,5.725996390637958,4.857825670979464,4.889016319992115,6.085877208742283,6.228807894895234,6.099624983389887,6.056925578627354,5.848280540338113,6.500989485631977,5.68280218359115,5.38570609705395,5.269313647423169,5.701732924077126,5.418998850501237,6.006153127948724,5.268862697374988,6.067711688155767,5.873883557002012,6.561950606879752,5.425902576900231,5.120588975889638,6.0081069540337015,5.272913679988134,5.456271047469107,5.885714878845164,6.233176263891097,5.63175755174134,6.378827644195038,6.565193956794044,6.3693424332280175,5.591433751427657,5.333329638224512,5.6032173563064305,5.235443179275677,6.0382358903711815,5.766971910696843,5.835070263171377,6.582985292973452,5.0486766316439144,6.371982800299124,6.018578525603329,6.22208071310771,5.519828168350214,6.13516245436419,4.9702676166077975,6.395593970741566,5.621814848873012,6.27887218280659,5.907099300226021,5.326149158321516,5.402138733496751,5.904097996990572,5.647343059944333,5.853657862369982,6.3851468117379895,6.131987168205214,5.212820386622711,5.936317414953663,5.850188228799386,5.962548907421339,4.654583411839045,6.797111265910457,5.000186656026821,5.606029797514786,1.5416796418370302,1.8061088544928514,1.4192615498914265,1.7755196526523425,5.368604050042625,4.503447253892424,3.970908743652514,2.933334341009274,4.23492849298471,0.9336299191447596,1.6706992847593745,2.137357882438222,1.0731277231640755,1.1679957061705823,2.4873016690373704,2.116228638939994,2.026808306231845,5.504178975846666,5.548959868252885,1.6872279376172592,5.324241294832383,1.834995837999635,4.891934100304181,1.494549014439732,1.426520239017832,1.4097317521361152,1.1655026256931225,1.2949195456166156,1.1504708766470821,1.5504788630768258,2.0347285706215996,2.0032618050066198,1.9840009124944462,4.062592831590998,4.522446175098724,4.227220066980836,2.0418013890999798,5.300686886967841,4.318201044206007,1.726127457017579,4.368323895502899,2.2726375078467362,0.93137841159152,4.385103392962961,2.3119049800288,6.509204981205959,0.8804593967960761,4.978190893208536,2.827100811723929,1.823313874049376,5.1939103750281825,1.2643949339572669,2.6755331749524096,5.58569309460024,4.944860478695555,6.151538935290058,2.92210461639279,3.407413739079003,6.311587324152675,3.2623867687884744,1.214083675910329,5.104007522948791,3.8324848867929844,4.493726968009789,2.6670847769497423,1.5657871999342372,1.5986045527868968,1.0667691798873666,1.4043358987695689,3.316647664984183,4.5433043943051405,3.1076811154139055,1.345716767596031,1.1847614520725664,5.930297541531124,3.7005680344660887,4.193479599448312,1.4900348686862965,2.044026023882892,4.720260743998592,1.5550565833526808,2.0197228948688006,1.1985324029315167,1.6774074961190124,2.4493595907976173,2.2078610726517773,0.8940203696554812,2.42150631829089,3.8252366562532507,4.141957311314738,3.3397843091370167,2.010234207801234,1.1463142658330052,0.9343673074812492,5.68300657328587,2.665732190496982,0.9004736427686879,3.340409743027608,4.150074673558864,1.5916529506230146,3.8983267518380718,5.120923728927247,1.8550945452632959,3.6960394483135115,1.4084567081737254,2.1546258789308603,2.3459962351914263,2.5722068760001613,2.198720484349122,2.435637403315414,1.099437060142784,5.759312852229459,1.8611505506526718,1.6658788733667131,1.4333050221896309,1.5750507814121255,2.9113708925065183,1.310930993236047,1.873447212361538,6.061847470955527,1.509302084224696,5.072129857350006,5.810456152275099,3.0310773162319165,2.331729737471145,4.852841992323546,1.803125262993108,1.1425246263212527,2.0633967293077373,3.091581332259122,0.9981257495554655,3.3429551444422474,1.7593890981400089,4.826141346124296,4.580618188262344,4.5032669595543595,2.495854249327977,1.2359311083450264,2.62597081842134,2.6816185243787656,5.390977351218835,2.0917007858436425,1.4763214957597888,2.404005664502663,4.279134478704881,2.0749177873692055,1.2356348514361304,2.3481711316312994,1.6630979978547928,1.9198229025985114,1.5542986168863333,4.3952104979841105,4.119308846724638,5.057153458407693,1.0823946542019636,4.81711283876721,3.910354539571332,4.59313355933721,4.8163585519310566,1.9975131265095767,5.69447725661067,1.6290080291434037,1.9001216757324397,1.3489654111559692,5.969797800705839,5.404101390172132,1.3678005344349289,5.940300245469709,3.9790911448262265,2.99887691155768,4.307045790019612,4.836969639541023,2.259130770811648,2.9490788591750827,3.9071844892776966,1.3832952810837837,4.730968062600115,1.1607951485964645,4.589051628339036,2.2392147060479664,5.907695342758571,2.4349531052112448,1.5812457838449974,2.565423546358814,1.1313806322768458,3.50917977004026,4.798167891574523,1.8311870569835027,0.983768599107978,1.42353315833617,4.828235952526377,2.1623712354733793,1.1960971360596824,1.5576219080715044,3.3278995656573858,5.19195174881343,2.7231578436089676,3.7890183946860088,1.548965783077598,3.8678327829866483,2.025136229111559,1.215342848701733,5.717719831727327,2.3593114669456043,2.405651369849877,2.1703233181162065,1.0809371579252551,1.970136869713553,2.6291015881165998,3.356510877432943,1.8655272683543709,1.004792205610539,5.301850812527155,1.7546280360468107,4.217635370091577,2.2571975073630246,1.4066944919148243,2.2715374691703794,3.2153945856963175,1.141343324141836,6.170383059330727,1.0134030907471792,1.6211164233920918,3.3959372825285454,1.639502391893119,1.5697108867162872,1.0923747521664329,3.4639496652746447,5.796632951997776,2.4171662456833967,1.6378202250606606,1.425636865833602,5.760746405144267,1.0602143942454296,1.6881547228772862,1.5644413396218886,5.853637035381671,5.41077551075411,2.3444851384357506,6.1298439682271795,2.399291815480312,1.80995517957643,1.106860337284852,2.032106062614852,4.660319707489211,3.5958084954768132,1.6051563376001883,1.9938066665539178,1.1695496250821935,1.1805650609206868,0.9050035710108549,2.9239223893897,4.6843362999491465,6.150491142117994,2.3316535676956396,2.975479522349243,3.1495597956282553,5.942804792362581,1.514201206522913,1.619626115193339,1.5845461645305847,5.404115230695276,5.340921785479866,1.5497132584088666,1.898298803051188,3.692596415320186,1.3328330990281565,1.6939933900465967,1.541476208240185,2.877794013110637,1.5699571397576084,4.912652223380139,2.4404233884383184,4.691359115191843,1.5644398345811121,1.4143802845423321,1.4786670599844742,2.206579508236816,3.1987671671796147,1.1966285322540198,3.613165694224049,1.525683858774575,1.106452192321122,1.3578948730069929,1.1312439043114138,1.1913396825916203,2.9537497361475413,2.618187606705354,3.8321211443875836,1.187383553094224,1.0742775502467747,5.896458668370869,4.714705710523589,4.864902603743728,4.172914681094698,3.0177903185266817,2.0376485024410873,1.561362164301754,4.164187959809743,1.8481005628771665,4.293790004141949,5.556829505005164,4.942494540501209,5.516837001761454,4.193103187108497,5.444849032313517,5.166120455969689,3.069413548199645,5.183039412560115,4.74274819778193,5.037887813864011,5.607604599653755,5.524285864496999,3.9030542439394798,4.908932162818537,5.671074363331557,4.436002962924875,5.052849469782178,5.086948589061227,5.554537127875098,4.458118237633824,5.24383601417495,5.698336758316109,3.985446288668545,4.483302337352825,4.072059890512685,5.696892473604953,4.8218054894772395,5.028691451837415,5.083027625402516,5.158273403720398,5.139322297135814,4.484359001518611,5.034103011940282,4.530114949501281,4.536271018508226,5.0274146458910955,4.33823920440515,5.117941838540389,3.610618623636983,5.552403181413208,5.217433563430928,4.225530659682821,3.8704460156925653,6.112203342341944,4.2075286191076975,4.431849740793805,4.794294721501072,4.598884820000492,5.81984967494395,5.489516882018906,5.537990397089897,5.520689078545406,4.5494583885593975,4.841511422561049,5.572764384530776,4.8539908853353735,5.60947643848124,5.485928220963309,5.520031853556715,3.8588916594851,5.076072721046996,4.527340152985787,4.588766432602153,4.913443682617741,4.449174349621032,4.946239590840464,5.270230476293123,4.380612538995209,4.59945674326816,4.728284414657386,6.20091392042981,4.604358023619909,3.8901245489628486,4.5868145575104755,5.79877410362903,3.9819505651969833,4.857259072037888,5.571380320516346,4.8919073265703865,4.384993292732325,5.853980426723087,5.116946312126438,4.331879421173446,5.177277256955067,5.876788925725831,5.262189126291757,4.590232365723276,4.365038292416486,4.228129484692577,4.023078080003438,5.343655235020708,6.057819823993154,5.535766860253453,5.402816335296017,5.135397557459014,6.064742802721185,5.137454299492792,5.304131280845525,4.210401896354739,4.858873158593561,4.733090119289575,5.565766909764687,5.631874046551352,3.7493725345632867,4.519047865259704,3.9346724693885284,5.115591133824381,5.405705439051409,5.237086676383612,3.8031262276921294,4.41566132425107,4.297841466749991,5.659240815398958,4.415389718161108,4.265391201073688,4.220813460916966,4.404935390091174,5.92574401102344,4.8859195218187566,4.975402302359043,3.813317420107386,5.073667974138165,4.978763338773247,5.344530456424632,4.6936545693592,4.768107813686131,5.020372577329453,5.221423036241461,4.130962559762103,4.552165508081527,4.596828179518864,5.370628245457368,5.672325917542666,5.197153269453799,5.997578341878262,5.086580421401874,5.186541477786115,4.651441457620768,4.892888418733296,6.487042329922046,4.37920604082787,5.272338737346699,4.817259019888984,5.047569633020292,5.038762791031844,4.04154797479049,4.669172345702641,4.793487035508976,5.014555480452546,4.088118260186203,4.834488537829842,5.5763323509958145,5.21702077203119,4.48856569238837,4.749607848336676,5.059651240334089,5.315828190666508,4.951403958827203,4.364383249545086,4.607989310181629,4.452275443312027,4.931840658196444,5.569797844881183,5.170252114904396,4.50885916296065,5.390842440332941,5.607553043701227,5.110956076072045,4.87685944984566,3.7815334546608463,5.231560078535197,4.512900966995365,5.306793565573087,5.447206716434991,5.171781788846469,6.089929784365475,5.543458654529036,4.345286205354092,4.824502627425133,4.721555353790476,4.658556442760804,5.260934953690243,5.250491327732627,4.890941806295666,5.920456580023818,4.885054774862976,5.952886896292625,5.666161845606002,3.9889878092411193,5.332848080517766,3.8842917498177236,3.914700510529138,4.695902614477669,6.455531182777526,5.215544569382578,5.497526657663359,5.677919305425417,4.704901655830068,5.113366632522486,4.7367766513323275,5.721475934915403,5.179129141724601,5.155415676704694,4.516155755702252,5.233266575903399,4.7902849375222445,5.248499180805751,4.884493301552554,3.104779409699618,4.712275252650565,4.6861030665222,4.803524477030933,4.299837997458212,3.835120958564759,4.734858928455242,5.562889337780733,5.129705892433824,4.354250528177494,4.847339457744355,5.704052245088723,5.595260933281384,5.801620210937448,4.758945671982855,5.83723981954645,4.612257774753824,5.474973028380196,5.152074094516153,4.74555435312935,5.141300045433585,4.582793967342608,5.250317045348783,4.454280739296737,6.390781595673529,5.543724322299242,4.1835822850715845,4.675894171548007,5.643373720154241,4.475824760825638,4.724477631212669,4.228868876313609,3.695347851253193,5.993043259684451,4.060295943726116,4.375372719874178,4.553552190814269,5.506237351121638,4.709723628363814,4.689999404493284,4.809431976343494,3.983775075592494,4.301281464520121,4.995113208017446,4.536548931536786,4.591405036898261,3.1445482334549357,4.506856171783462,4.679685877732911,4.732619356263845,6.688264084348454,4.252613759813745,4.584150172289568,6.530190534756298,4.318090152627103,5.298107148348601,6.292943315228429,5.010379269637034,4.4240736623743935,3.673448249153853,5.323661181764955,4.78198517889717,6.284714697340726,3.946237436181707,5.119390517158199,4.884149680785064,5.299064391385838,5.31312176855435,5.5561799790556785,5.2769738470306065,4.489914722851154,4.843668353605597,4.927265102856781,4.893813213678044,4.754396430714829,4.949464319169431,5.055494390671489,4.297190999462281,5.055110868821968,4.698071688764629,5.351948618016657,5.821811584962371,5.251892445252877,3.9829385012708913,4.601862901066197,5.390379081780806,4.737284725044859,6.724397153455563,5.297245789148923,5.109929230911614,6.2449111015209535,3.592356665884929,1.7782118873642647,2.4828798295385472,1.5421027673312762,5.227131093922059,1.7852929277731795,1.5851405104017628,1.6808449310604325,5.163409153427808,1.8548728110675765,5.249772936574897,4.144814710441027,1.7179041260594645,5.255571552195029,1.2183972126041829,2.2544639013494847,1.2196297158970653,1.8816867593527047,1.5654557419953035,2.11669911638059,2.660330474765748,2.0535685718984724,2.5817254089525097,4.729458375955556,3.696688973608538,3.186341515534243,5.057797665289312,3.0340902190412877,4.729173113295939,2.4206347719928343,2.052428379618813,2.7445114219403752,1.600963699426309,1.4448118188040917,4.474453225904042,2.1428947215410976,1.5218045354977772,1.6455483375702664,1.975941741786163,1.334305312204336,5.618044096905773,3.1256214758207954,5.353734112864388,1.963723414855697,4.049651792461029,3.120621805839882,4.997119073559058,5.207432785353871,1.7455318103661643,2.358219363794065,4.864202945564002,5.18348762603481,2.1696112342172262,3.1039233239387234,4.2189982339261825,1.5312875177443535,2.4944902867108816,1.7411069016993665,4.6720094747066545,1.5909979808842374,1.5555226262935187,1.6930512044823287,5.827348566400223,1.9105413421468975,2.31594599391503,1.8211809884857832,2.08071037991533,4.00547230067532,2.58690022503504,1.7896055627145762,3.157800234121461,4.861104896525476,5.32328723173983,2.7511785023208835,5.275411561608876,4.444369323440798,3.2984661125706585,1.7730908569546027,4.815303234217839,1.5622554937112831,3.0298358430938404,3.9878727699669727,2.3182119341471132,5.151149024962783,2.5820131942789555,1.6383539223990757,4.440548579415426,5.133667835132723,2.8688141379404004,3.3015261025121307,2.1886216227494697,2.5699888598749348,1.9750169968679772,4.432520852151293,2.5335180851892365,3.430137508747437,2.2613731054822424,5.111531246560635,2.062752625158811,2.2271087757721513,4.4484080267269155,4.185689356625394,4.5685339620298056,3.3684313343799683,3.9271658476559383,5.371421995545022,4.784035102171602,4.5383483461393865,2.032680846306154,1.2145507749023434,2.1400791671192394,2.494015657937114,3.49148472252737,2.883968560528397,4.313711966830027,2.7488217839107643,2.374163117298651,2.030890361293342,4.066224388792872,1.61518307147166,1.8635019091371563,3.736356800520434,5.230620789725404,5.506677528777446,1.6452025204418077,2.8474258295675186,1.5849197592933015,1.787506264602428,3.671241256413217,2.934553034712544,1.9542544553250127,3.6087041732685288,4.8450136273437705,4.800381565230003,1.4384824028497711,2.6487432805035898,1.937716607457151,2.3414417205631226,4.303263482082253,5.868396743931179,1.7141113238756842,5.261516128257883,5.182596512454479,4.075075465417584,5.173187021252041,3.4773699971711514,3.218939617473199,1.2571683002271683,4.081637183896134,3.72872930149225,2.669296797182413,1.4072653266901263,2.896917557578239,2.0656520352051997,1.5656177557210504,1.7595022796392557,5.4332625640958465,2.3909750356116586,3.7809271766218235,1.9643987272731263,1.6571480917619592,1.8340082552043733,2.098155858292178,4.630935388758914,1.3648109586054142,4.691618781656107,4.674385614472332,5.464225231438088,2.796147078613554,5.1902915041785205,1.5157883768037244,2.588941656767206,5.0443409400596515,1.6016703114484327,2.8645619295481155,4.099762892415789,4.655747253418972,2.3486603487099917,2.692319054983408,1.7395988113198952,1.2596651277697808,3.2321819822113707,2.1475325797160356,1.5075698212842088,4.679620731019315,2.055116719686424,3.181941598896642,2.272663820497439,3.495703465999151,1.1776899795099511,1.827487745376188,4.334460481913372,1.7795700561125858,3.161633800340063,5.4658603531825305,4.825429160469473,4.221821753591262,1.9130715955699595,5.422162892073428,1.3796048871266342,2.6368360422764567,5.021279080248269,1.5817102946297332,2.4468388158600893,3.0056610302812934,1.4198409569033266,5.83391291063143,1.9311527280069665,1.6553033047140087,5.3555984382731605,4.975086570103692,2.8298854222043195,3.712084058879896,2.7008442106554766,5.346402876349169,3.110267951278324,2.7206082530413105,3.699558062652994,2.0686844543797567,3.820661345601896,1.556643049567504,2.2691627783679547,3.3883667992137347,5.282196536842825,1.377913865412542,2.3168415282828723,1.5066553511163274,3.6028306507876544,1.1707420507350619,3.392363573338676,1.7001364264556729,2.5850879648469016,1.852012754356322,2.3121963609567433,5.351384215922337,1.9198842371059612,3.2235506267792915,2.4997981430616445,1.9123922965661284,1.8318905790038371,5.78554235899274,3.680122948455083,1.7393505137322942,4.286626805866203,2.8759608278984867,1.631461736551841,4.12391999925803,1.8417613244976598,4.482865459192019,1.8875915421665423,2.179708531444575,3.484356806599106,1.617045803520122,1.9188361572358534,5.4720719985922806,1.3437939954413998,5.016964957629427,5.086770480014034,2.6263513263780274,2.5951283066673025,4.957358272144358,1.6664143202140376,4.971258963495652,4.746411774691152,1.470063995372838,3.4864460921184115,2.887517312171212,3.8282684450073363,4.13007889131299,2.384503480959609,2.5431373559794,4.421873247177896,1.5909936401814473,1.9856184566766117,2.2306879337158825,2.1484581057302927,1.38963882485423,3.1907570620548324,4.344779965295686,2.4887582486722355,4.803039253943895,1.5431621885967197,2.1644593397674416,3.5472005553604022,5.521684518713206,5.218373040761666,1.9274526380426618,4.698239100912442,5.170711623748072,5.2459126148311315,2.4715167666294846,4.721345214446112,3.0233094179915607,2.7739486602431245,1.967279983113973,1.6372474137526127,1.5040112724026238,2.4749134231802823,4.898018320900857,2.50497831192157
13,2.073528714265139,2.1680639980431775,1.9636944036748953,2.3893497316244856,2.114454506907107,1.87457403270671,1.9202912691928407,2.288246758251134,1.989468549197715,1.7738031089639428,2.0824878676483474,1.9608716964258144,1.8591870254408636,1.8713356509721044,1.8245116739483216,2.7358153578801927,1.9150761678214776,1.9611089701768263,1.9634386017241852,1.7626433219747124,1.9223497762634234,1.6865510548668157,1.89481942522446,1.725320877368598,2.3003205112694878,2.1607046091263413,2.9202284682356545,2.1366009429866084,2.0754582782224795,1.8324675143496807,2.1412458374192234,1.9948323986920151,2.429017598079823,2.026165549109735,2.4687891975961587,1.7152669234145597,1.8358333191953353,1.874385088774945,2.0784594828468737,2.047027482433513,1.9660437492322458,1.8237898733999698,1.9539391183922639,2.2152015560831133,2.264413210567568,2.387619218769285,1.91415506387429,1.7471871912616352,1.884534678610527,1.879156807295863,1.895587334540645,2.007656414302028,1.6992019694923424,1.9530794701130545,1.8385494395043758,1.7983549416760751,1.7872594412937315,1.8583986769041496,1.9026411760135766,2.268645724837525,2.1861912887053028,1.8381912020385949,1.799450188450801,1.8686608573755867,1.7733342152995906,2.1746306882896898,2.2852615226960844,2.16029418291073,2.2161479327162885,1.8625142649541222,1.8896802455119672,1.7666921517768799,1.825866249281351,2.031522554554971,2.0105364663832463,2.018776273806384,1.7891813530240772,1.7864107343930542,1.852029227676997,1.8770921263046847,1.7968573377789574,2.5801877718638364,1.620055679768382,1.8677470657286284,1.8734834886996052,2.201868779290358,2.0262823281305535,1.9811598929133258,1.9477208986289578,2.4164651868395373,1.731381670772355,1.762033213387873,2.1725208758287544,1.959171013730967,2.1435099975322522,2.1763865668004065,1.9299484401848708,1.7859538023408796,2.252407615691753,2.3822049867454234,2.13740755948306,2.006781099197843,2.146435299327984,1.8076996489792345,1.955041590475371,1.8525861832508328,1.8285969729549547,1.7707622328584152,2.3402673422433784,1.920890546091324,1.8813761608250203,1.497018486496377,1.8406143882452985,2.161931459852601,1.6589062213597856,1.9103908324921917,1.7669932826760468,2.02265672247975,1.9482986710638042,1.9919949140976696,2.2949675811262567,2.164721480354477,1.706380287039971,1.972416541059973,1.9225899656482268,2.1179239046022635,2.1585562402546974,1.9112057651147394,2.1391431754530723,2.26963290056034,1.9168320392702616,1.7366452137758701,1.9348087476889904,2.7807423784736245,2.382349983716276,1.7878657025171616,2.0445548358510406,2.3798796442054995,2.0246473826991527,2.3366944189067116,2.591889892717882,1.8566489210595094,2.224022356361757,1.9318428040968265,1.7070554148306798,1.9861645753931436,2.062583864097605,1.8324537854499159,2.1518142445177237,1.9035074360642428,2.1476344085733294,1.8717827966415543,1.9179888819242008,1.8507772341508077,1.8764719657186253,1.6643425496741808,2.0054675843690863,2.394676744208896,2.209473224796906,1.917713363078773,2.0459459021484583,1.9520819715617108,1.8844434976301825,1.9770275544916016,2.4667325670898212,1.7648147445246412,1.7376814446463875,2.049307102329767,2.02712484102794,2.1146152938976437,1.8516957418237,2.039818467928982,2.312307322745261,2.044199275910781,2.282028795821752,2.039019101679861,1.8904358037982147,1.835898174647021,1.898675850936321,1.9371368973484921,1.9435405359367115,1.8964922835637432,1.9072445528265303,1.881260787891854,2.2837726136070517,1.9557750288296003,2.3025067097561362,2.3335087517152657,1.7334416640877088,1.9576858953532095,1.9416361837848934,1.9395589836246576,1.968243694896466,1.9613118075055918,2.1978944553552253,1.9024062511863808,2.383210007046754,2.040525984137231,1.8048367108515626,1.9030099513313208,2.0224934181423264,3.633877891864291,1.5072765769352763,2.14690590505972,1.8153189586965113,2.0556974769274814,1.8333813906906047,1.9662721490752384,2.032627848142269,1.8796090760104518,2.2929752033244437,1.7596997276822055,1.8266738793814468,1.964420607474054,2.299283221115994,1.8699201106542536,1.7676934065638945,1.8410390228842712,1.9604029972484567,2.0685261163646897,2.2674441747164362,2.013438254268898,2.1518186902985246,2.2079968363415823,2.8368766415143667,1.7355629072804482,1.9199974613308604,2.243453205131404,1.776790740633672,1.7499785406846051,2.1242838511906386,2.482728695123651,1.9782493822770144,1.7504758875050406,2.0668883769475355,1.9314262798898292,2.152000515724547,2.0323553346486825,2.1955224528879045,1.949216852043693,1.6900872823311528,1.8566395910889848,1.761417605687887,2.0430529323668853,1.9097388294726574,1.9096769534744868,2.180782491059276,2.1440883168151244,2.010898940897614,1.9382493013668507,2.4465960146316683,2.3152337477440366,1.9850108487400393,1.9208307002489162,1.8543260275022628,1.8435150178432569,2.6360908945698887,1.7968547023731058,1.9795712462238872,1.5507968346704513,1.7915987969122735,1.8883758757789917,2.0805045475311847,1.7490315331789559,2.3824125482742287,2.8294359359358627,1.779296386891744,1.8807247414528057,1.9405018578396882,1.8699023088951088,2.01969151400349,1.920711956406293,2.4600642135041513,1.9693936305123656,2.022906807190725,1.8669563528120703,1.9010978857205303,1.927234003372092,2.04295473480785,2.231558148813404,2.803535316121993,2.1727666260818705,1.8101939702299987,1.8650814532901228,1.921972756553658,1.9247391349169702,1.8495173205382665,1.7184726438683426,2.0771181673240573,1.7395886066684814,1.818790997026508,1.9105427449860184,2.2167029887473704,1.97934554639064,1.9178873756528174,1.7595159707845742,2.0329969792843836,2.050139576386052,1.8735172324196825,1.9261113148258482,2.1234876725186695,1.1048868124706803,0.9868071837906184,1.5792037934135923,1.7671588132434013,1.589116018458747,2.369424184344425,2.0347904252170466,2.674551719509907,1.332473264134574,1.599042983085258,2.3850524407832445,1.195371126837518,2.4933466257740657,1.9430746846908462,2.004632981581089,1.9854753137753687,2.8322724995197417,1.6519408956271848,1.8331981190198838,1.7988902597671879,1.4693981579406847,1.3473961733528637,1.2092764340537325,1.1043538587766175,1.4250371690230625,1.6287561289793469,1.3528834934061353,1.9116695638589503,1.9077175597480447,1.1690905608846929,1.7942890343834812,1.9134464890454865,1.6546059769479238,1.2980893659218526,1.8870339539619045,1.6606493258449384,2.0737579228810237,2.332144799256187,2.3658940277878577,2.0343021087843933,1.8441075839428391,2.5131952440726617,1.4486521407817854,1.3092405517942989,1.6509481291626547,2.0474928104958474,1.7986886755463154,2.040692420179482,2.158479474329746,1.3796353631145524,2.17023843811358,2.4827419927714223,1.9801371892957425,1.8868074773078427,1.3615742465559593,1.8994249685757825,1.8194333887076495,1.5167896079995624,2.0142088884664435,1.8667110291424778,2.441025043780882,3.094007799973417,1.347095629534264,2.967583172858708,1.9190028262025671,1.8594027392351573,1.9599845252840407,1.569003106616092,2.028413173968553,1.848492706047577,1.8673782514873059,1.5784341162537276,1.1327943930325612,1.451978642581579,1.2433517648017565,1.9880107692869748,1.0728293920329397,1.748515826462679,1.847415861068413,2.0632515059463428,1.6335715855770951,1.6734446090159971,2.0778257696846696,2.950006972473359,0.7678891267228786,1.9247831855051483,2.5234451809991936,1.2512975539045477,2.0993105666879006,1.2825720164620753,1.713312016309099,0.9223812618388834,0.9940561652367627,1.8862204945061176,1.8985579579872656,2.68883777061578,2.915035400772189,1.8812246191526214,1.9826771547545017,1.8158375623419074,0.6881992186408993,1.3744029839394258,0.8937916344546918,1.8885340488903717,1.5742290763205773,1.7193915256955523,1.893798022775725,2.180354004494642,1.9120928699137663,1.8824327220713364,1.8551653441942453,1.0461790234495199,0.7906100913018272,1.996282968537019,1.399914634445401,1.2709128972227093,1.3473398893128838,1.8142197274977865,2.218306891953952,2.0914759510968124,2.046709571953367,1.9213437106770659,2.040544970327553,1.4018798589666648,0.5935943025047077,2.036415398668686,1.931073716597936,1.362776486992253,1.8245223733793923,1.4108305817371731,1.6735459197976974,2.6519122006750333,1.6111918099003322,2.985289620610556,2.4847129130695036,1.2365415363920997,2.120213764878461,1.5168581463525697,1.0781162082094962,2.3164688368230872,1.209821515497984,2.0391373282231244,2.57124864724347,1.8685708592368448,2.076320865293265,1.902387486942416,2.398337833647477,1.930155832621881,1.4614511076133456,1.549485325597911,1.0705582631943744,2.457270012189496,1.8194262943161508,2.034612208686675,1.7674158726417442,2.7753112198259067,2.0131824000428544,1.4062543822365532,1.163846237383227,1.866603456313484,1.6309384276366294,1.2000519291920917,2.2703093933781022,1.6657808049188199,2.238434102023911,1.296479502607237,1.8266112284196485,1.7094144087243126,3.1198383963875616,1.5516146182207813,2.1340974651199778,1.9973600817459551,1.4166229638246497,2.055731760205268,1.2378101747823835,1.8742384313510472,1.9995150576053,2.9740358098258497,1.7406204073174365,1.9456293002477256,1.8116915456165366,1.8577594749073219,1.2946195593399552,1.24100501005672,1.0831976391218574,2.026302953719667,1.7030814119752051,2.3785899556896397,2.390978828199457,1.9596678936530494,1.223748274997391,1.8039026589425322,2.6600559325846196,1.914055157160475,2.9122565136507053,1.821180036848343,1.4065060517170451,0.9119681504693034,2.067610843563175,1.7071077005545918,2.149383870012033,1.817526332963502,1.3519879874506164,2.0050038234753917,1.5754288245384604,1.9019928165762634,1.553855555611103,1.2614511801190635,1.585638977586223,1.6383620722674683,2.013164580172509,1.8814931264458945,1.8877696954938807,1.9748266063372708,2.1119780280965785,3.060213881452669,1.4199625996434402,2.007828477406656,1.8024091495142405,1.5999947464428785,1.5589930000579495,1.596403062451971,1.6389546152098062,1.8731352328676723,1.7527256550981927,1.903252348250854,1.9099457047597137,1.3860459855443958,1.3759790459942152,1.210201008813801,2.7660416765692806,0.5931477754616066,1.9597705934294276,1.6779813738137463,1.0478287972814742,1.8980890647070061,0.8094484509094689,1.0861318175831656,1.6549854339892336,2.0423477983395846,2.6433501255331984,1.1500143811414418,2.5258879093147883,2.1886435242120226,2.1898217296626883,1.202073877015169,1.2201825910968012,2.3376624952498295,1.9543087692620167,2.1414948411466335,0.8528325417722198,1.671329670358978,1.8815036237752962,1.5718340034525171,1.850897550976615,1.171445962341893,2.1136188846374004,0.6314121840787306,2.459009119641143,1.634185216964821,2.6445899830173456,0.808392782004991,1.9168295465067364,1.9037747633850914,1.126123259500141,0.5790968485169153,2.20006836700168,1.912337663821159,1.4184931937314273,1.7190044928610726,1.3438676343131868,1.2422637718005405,1.8567581462340554,1.5105173863168464,1.6460303136150425,1.5044256670362506,1.4211625858438641,1.9094358809266485,1.572883852050526,1.448998286351393,2.033573304675881,1.7805097898485724,2.0499438192269697,1.9285944829543769,1.9629766508262265,2.1342724847648222,3.0128400207586075,1.0595672118432833,2.46274374998927,2.05433628236424,1.5659706310640953,1.416902894068358,2.256230922623924,1.1071085961395235,1.8175467055620451,2.1059572527775896,2.1391877839972575,1.895390994835499,1.3104699316619783,13.03428210301282,20.252304401002995,11.811395069200907,1.5465348474354188,16.08409248191752,15.638108515838079,5.022161600245291,14.073038736096377,19.606459621754556,9.138200562183304,14.102617079149013,3.5387737982653324,1.4261885198503874,4.49908712408913,21.92188678751037,16.99807233694202,4.789741759704221,1.260656543668942,7.339963490783518,19.843751737851065,18.393450676849866,18.485870803750196,13.673884296826639,17.306221050803675,12.244697101864,17.070867781293277,21.289161840089054,19.03875759384688,1.5163928063675267,16.952364640654586,12.36185337353437,15.501321166549141,22.815671431334714,17.665841450486795,9.851784159106636,17.393938511506178,20.25429984688282,1.6150422239939504,2.7303249530256632,6.41557781204222,14.729719207786895,8.605482944644914,16.48111486886151,1.2735233775937496,18.64552729263595,17.274460855681035,1.3692783401248252,11.772957977067124,17.502142001022307,15.805147901901238,4.110809276932092,3.866258730920613,10.742454465306453,17.02156745619439,18.65131473728911,6.242751892667751,15.566730790278974,17.401339492942565,11.067112292369904,17.020935402102648,19.514670811029802,4.128883414078007,1.3682699763746584,4.200888483661195,17.382393424504663,22.700929006717363,13.053037088883395,1.8182686326487412,1.7494074699844444,9.008072172612492,12.056555572313282,2.3100370044799696,17.149338061677458,11.170652881692376,14.541344003931034,10.236727659091464,18.077491147932232,22.346958059442706,4.6095075665437175,12.466883725305069,15.69820009728764,18.615502542200677,15.475870162636923,19.54394526313652,17.729248187316056,16.72806225481839,5.176233360811559,18.57897497051297,12.623493068804185,14.69007709378726,11.03978247507136,18.479773358453798,5.9277429593703355,19.340377236207857,19.53382447677715,20.702323780809607,15.753358428182258,13.393700522636557,13.931195630883115,18.86804470928324,15.052147804573575,16.707142886004597,18.678462262315364,20.76106382528442,7.88677957989318,2.863853662441617,13.673868047614633,17.32414517587526,6.453417988698906,17.592542469812834,9.749434077509537,15.900154896644109,2.371035828752106,5.9820870557051,21.286207595959556,19.274422968002913,21.756144342741916,17.313605265824048,18.516637552465365,17.05650277180823,7.976555234024688,22.15261607164678,12.072818531537495,12.370640522736643,18.963099771379504,16.8089070557804,6.191693014761309,2.2165217686401517,15.552691621997718,17.633820270274306,22.8955598945074,19.36598749041883,17.581221516717267,19.367441516706833,18.471622081209368,16.078693378771693,19.32620664380131,5.162318487054516,14.857134152908152,21.83845570662784,16.287408106587588,15.408582502037847,9.565153190931177,14.954119691346275,17.693057665687938,20.905078761928216,10.237836307097774,17.80648277415994,19.650187434838543,9.412925720398253,15.235294441571227,15.588384726362142,15.462385130626098,1.6404989027496815,18.05373430297269,8.967346531154238,10.304812401367437,18.07478672478945,1.3818988492210322,16.277185736661973,3.790252129867305,17.804743505629784,10.793538542631524,8.24090962082488,17.77972840753837,13.653487338377834,2.4439517060724882,18.581571942910493,7.101942571025524,23.13593194084465,19.389904011632712,12.915183926948812,1.3665970813619286,10.611103054956407,17.969819495238205,17.92278523072503,17.879869475811848,14.958635016954196,20.513959131904812,14.119815410688123,5.297040881307555,15.751901852422698,13.929813148168806,2.1632701357836965,22.05871833081427,17.45748771807371,16.301176093620615,12.544108298280316,16.623522463252588,17.967844470669966,3.6781461103103616,4.372614614834224,18.030625092580472,4.990231987402285,15.159906721241196,15.161537222068466,1.4598647126965398,7.901123202125231,21.4479564277586,7.352994566551136,13.238150825795268,16.401051645003584,19.82196221825595,18.956184939143707,19.509799779023393,18.45731481351249,17.424637135462824,19.9742167607342,16.402509706300776,18.948638122251275,13.195774124563156,6.101991378903028,20.84103045314959,14.305188362702081,1.3912128993079684,7.08241234707735,16.587070062810557,16.43217075798278,16.7054181775944,22.004360891472007,2.3937172379914307,19.52491789245694,16.020627479660863,1.959310774144773,1.7294568123808949,16.066952965265635,17.87452132493634,19.296540684247915,11.407012688426258,16.576764799064556,21.056191441016338,11.133852147036924,7.052409096421185,4.980574111720081,16.24460716585814,16.08184315789077,5.525360173585436,18.80165880664631,2.220816796978131,14.529215959194719,3.024152468067177,3.025997525683043,17.0775225154627,19.281443002768544,18.900976238659876,17.836059982588548,9.28589373116658,1.4773963375807455,17.66518887548322,3.4423666660618366,19.790201645692548,13.98204694038395,17.639855530483658,18.227797770736913,18.16142867224511,17.286110907343854,15.596304251915656,1.4865786108827725,18.553767516565618,9.181673490839776,15.057562492189282,4.081986755802036,13.021778981644426,1.3255550003561158,7.189424899173634,17.52971637715923,17.300121726018247,18.14653692551919,11.522351984461425,18.83796891784662,19.688053784095295,13.061426790718407,4.949532219280958,14.528322413289825,3.4657317359898063,6.597602827534357,17.040523484958996,15.370030747268686,22.318812793371702,15.261660472035693,19.95677625644298,19.54270074984997,22.689427010884597,10.193040199682992,1.7245422486738533,13.629707176298798,5.6691024284713745,18.635956305468376,15.469820193124292,16.335079943442484,6.2486939854018,8.095280325790855,22.692556620470636,1.40553101686096,10.40459707520345,10.160870012444876,7.3224625608671365,17.024589523443694,1.2746785132825682,4.897430283283602,1.4041880712521502,1.8953553386384194,0.9877301315424607,1.0806180122927902,1.0930421959370107,1.1494444284358747,1.7258565725091133,1.739045824098656,1.0600535588972984,1.3331905189944755,1.7413844322430303,1.7603741763723553,1.4485807263573534,1.7460598485205576,1.630833154155493,1.4415556788772272,2.1775067134410766,1.2133150401314143,1.2250719733660984,1.0827611108337518,1.008528510258778,0.8681766091837594,1.3522952540237108,1.5784389245407289,1.3375588911246818,1.4677578891628564,1.1849309231447,0.9650553117110727,1.0973068456052264,1.3288850385359532,1.3837854445508129,1.787695691696492,3.3978188413426187,1.3689081134981604,0.9922483567589059,2.2259117468505845,1.1297264033333037,1.4375004455843625,1.1355007328002813,1.426939953383503,3.640395512704293,1.6476085383537054,1.5888445691090771,1.6526374732041769,1.4040756151303277,1.740841996496279,1.2621096482720728,2.5275197226099837,1.5796688407628874,1.7040757121895356,2.230172558998155,2.2686053562703714,1.9079873119840318,1.0594125285472404,1.0255136008144827,1.2984893389430645,1.2943683873293312,1.8461282680592503,1.0811822135315219,1.4095658570643805,1.4256384451073796,1.6552199398690746,2.239177654792896,1.4011905794945694,1.5386707246688913,1.380987670828533,1.9514290550991975,1.53269646343277,1.5155346258309896,2.325298880002146,0.6647260131851245,1.5889286591585614,1.2909229601200285,1.5551617657756902,1.4792311744313695,1.8212198600693605,1.1770252827346903,1.3261140208124995,1.8927279617029171,1.2982584529832828,1.9687826084306959,1.272846663321009,1.8267901928858243,0.8276818739040842,1.2648304080094794,2.401382040810856,1.3203334970790517,1.421201521612238,1.2684022358571438,1.9744368931514784,1.882058014130378,1.23727425246375,1.715819524046648,1.419869920148761,2.118211238627927,1.8568498814035415,1.330820996214509,1.455304450265105,2.6030417458020656,1.3094166142784538,2.3358049019226965,1.4867213474379248,1.3701930440343624,1.42639942206956,2.451751578036123,1.3144420510193187,1.4836329848665886,1.7285582350815007,1.1980522601358166,1.1917106252832401,1.4625145282184049,1.5796405772560533,1.27759339675109,1.8320525111348755,1.1750208036410605,1.3465015814517935,2.5497883699383905,2.0149310738798527,1.4141225739967263,1.6479973532156902,1.3099478263959479,1.5131195860680546,1.355743964890915,1.4885793942527246,2.0472135103935343,2.9344361425825882,1.5862225996447978,1.4540676091718778,1.4153222096958509,1.6417589768229288,1.2756835492617518,1.883256202405506,1.3205241781125208,1.3006105089048892,1.3717199972816325,1.7010672981487591,2.58016453164095,1.8071966557689436,1.598407089544151,1.30992838442976,1.4039046797675219,1.4172382779134867,1.4071388599769843,1.0718034902599818,2.6310069086189034,1.2148758840468445,1.3684073318152887,1.4079433173229359,1.1564423275920073,1.1873191567143966,1.3500006297473968,1.5124586900559425,1.511210146248651,1.3931883866584556,1.3677127312358681,1.3511570062134424,2.339182091434358,2.705218013594937,1.2900604140272733,1.4422145061401639,1.1380521406760375,0.8965717695378196,2.0949214109730048,0.9955023740259488,1.1537491678510674,1.328790735682545,1.3776015604191014,1.5847565272579116,1.3080352432784856,1.8393483539400999,1.3939465983055788,1.0681327122270001,1.104607777534284,1.0747297934369955,1.4076597643436923,1.8338800975514429,1.1613404101132947,2.0784089748905656,1.4748983302390675,1.5661733053268267,1.2340556262739901,1.8408769398020028,1.555795130722628,1.190215526645497,1.399953370409762,1.5195698127048933,1.2636887267202872,1.3903024743598562,1.2194472747678675,1.4402178444176372,2.7827913155739634,2.720675554322194,1.2043160314343289,1.2434963864521689,1.7441191243414187,1.8119570524730868,1.4693820597822103,1.2441434502795656,1.1029497841658016,1.5116112578415295,1.9542434559538093,1.2305403488619877,1.0507645634186067,1.3555166556555251,3.45862986899432,3.2085452505877337,1.8903446009485496,0.7085173275016292,2.716126192285734,2.66207992712302,1.2375218083516153,1.2936130269392954,2.0148903546780224,1.291399479407392,2.2263291420832623,2.108963540662278,2.5783566876948587,2.6010718038318643,1.9293424696391643,1.24097437154265,1.2081747895115666,1.0694188061409104,1.5358530295604116,1.1817111478015156,1.4150268621139006,2.380970712023846,1.1345453125326337,1.4958173061594326,2.0089660799261093,1.8213850805737783,1.0941943385441162,1.2673970106109553,1.6021202720533567,1.1240904085049819,2.7059879931509583,2.624023102862932,2.6589201434016125,2.4282778705251356,1.318160142411579,1.4234541966059744,1.2299463444953982,1.706681198677444,1.3536998195752064,2.272569379720355,1.3862349582240172,1.229568768657251,1.4652584882043878,2.6395285857259365,1.0490660807283945,1.2537989483731025,1.2748512676022952,1.3632328192185925,1.6337113935247616,1.2623476915595306,1.199863865863776,1.1709777211504349,2.197912396060865,1.8753811756295444,1.718968676147762,1.4039670758199345,1.8847878735766308,1.1504089270820212,1.051520642133349,1.6557886035133673,1.8800971434091054,1.2510011091869067,1.6226430827403726,1.3226171345058169,1.4209744979338217,0.9507956612507649,0.6123136452850585,1.7777847146143615,1.3208637533675942,1.6519658769732706,2.3518441469733222,1.6509791511312875,1.6934281790831427,1.6070029569347364,1.2881768921623855,1.167488205543841,3.621558480522196,1.8251402952360134,1.6972731617326362,1.5328311747571355,1.6247326468760195,2.316027319379663,1.6315282008413448,1.1090604391716536,1.1608658131099683,1.3766108618936042,2.336690006223266,1.1477499870545602,1.6662635189549142,2.2722922816399067,1.4848429093244182,2.0369287881812768,1.9807689687056054,1.330397451520666,1.4352844345528306,1.886141514745099,8.46348979156651,4.852551181617122,7.577832991033715,6.607542261636571,1.4593453356524972,3.8762019486368793,3.3572778600668802,4.869663120156903,4.529810889486255,8.835690726517143,7.617814368806702,4.611272743440976,8.152771615536928,7.908370983048661,6.981454093359702,5.433419963988753,4.707087201238123,2.3317801567609786,1.2033059585314059,4.942815975296615,1.5261552824067957,7.0074970438200515,3.539591435002163,8.067753082437656,8.391530548968461,7.213325655875192,5.703589184164734,8.727945087358409,7.478598624684853,8.173681867722602,5.690529147249571,6.537185461927057,6.468249043013488,4.3292116078426925,2.580657258386794,2.5441613619448895,3.51359150741484,2.1992022669081006,1.4387961889306913,8.426119830382097,4.372864988837775,5.622414916792648,8.866952603205442,2.9492299706084437,5.571358672641549,1.3874738446653236,9.389575139543172,2.006310173954961,2.8402945982868903,6.912644241051808,1.5136431825934653,5.847296527487551,6.486565419860281,1.215525506921468,2.6655264899484354,1.2929355609938575,2.705877564968661,3.9555617590815477,1.4284285881100258,5.401301176722057,8.081354056325381,2.314835465523657,2.648339267536149,4.246389060239626,3.9400048679248934,4.387028177403688,5.328904901099458,6.160542878695541,6.506212890664297,4.482542838472396,2.29877531827818,4.688339232078014,6.949210007153703,5.623484743505114,1.34764678529845,2.6688482218869667,1.2825072823894557,8.028623717154645,3.509772183330319,1.3610423782216587,7.801180979810836,3.6667893845763064,8.231696721187042,6.1163980739669075,5.602921745882143,5.653453164242169,10.46331571153718,4.087108947790772,5.023090618279958,2.589557850936941,3.347051757192432,4.696563400410196,8.278702965953716,5.137267692946443,1.9433141060422814,4.334081324448095,10.293279127910582,4.4894186080681315,3.8438466064105983,6.184503306333616,4.1620093364455455,1.5430731814892533,6.776291628276865,3.1189212745033013,5.547805545455268,6.23138578743192,4.3497315901953,6.6795994522376665,7.775816072321576,4.390733589632113,7.913883522121477,1.2793970808782371,7.042671751200982,7.164080376554905,6.679901484455436,9.536909979752044,5.000748152736462,7.488760290674315,5.905939353730976,1.3373707159113908,6.660075062404652,3.0771680825301724,1.3031253440370716,4.037833249652772,4.403689187305301,3.595867479795976,4.19929956916454,5.804730174450564,7.261228832586493,5.49094612081911,5.9151393394790945,4.014289979239538,7.5103652564318715,1.477851347549281,2.146238686899248,1.793770432987772,6.836402318615994,6.57085141462068,5.745090967334788,2.9488831019796296,1.817942890016031,6.7076703168622025,6.616992153635758,6.958604645673988,3.039339053371283,5.609358337728933,7.881052183127028,4.357264793744704,5.442622016419919,7.964110872839999,8.502806391258092,2.626991888583488,3.053666028722151,1.292787310669126,7.4245279674021365,3.4730789880764243,3.2757149953388036,2.170889327699214,1.9507819646660491,7.247501258255633,1.4780299102363081,6.096514196001457,6.994077055794731,5.937219304070773,1.6006315047976758,1.378706847440121,5.041759994300902,1.3159272083256879,2.8302130226119675,2.4784855096940697,3.8452540767138585,2.6511964080085053,4.247835621647156,3.309552778376304,2.7380708210097864,9.652206428605728,3.9923515348360823,5.742234323875221,2.855882545704893,5.865651803195581,1.5827079668337807,4.280326357832692,6.517980796847451,5.1160021099904265,6.169018652947553,4.494805854946768,3.794609103830997,4.871977345043852,4.327218857707883,3.501371725271487,2.6074588442179727,7.003225868001391,9.004901783174864,6.800879423949056,5.4309851645873035,1.4285167209598362,6.4213951504667275,2.9301964574556245,8.33132994175278,3.781918737965932,3.6019811824513654,5.8022596092088525,1.2872078424651723,5.930129894623849,4.308801037402757,3.998454865612941,7.138253513009785,3.5492535183300413,5.70983805953528,5.301718979068043,6.528170383450831,6.0076211516636455,1.2102713725940546,6.907779679843094,1.6338412719538333,5.821979488425241,6.235080410597104,4.311499317748518,5.159378409919903,7.221536553603705,1.4060170292200278,6.009975854379414,5.9981881304938565,3.437749656699372,7.966680996093564,5.998007752772644,9.442635104966074,4.101596055793884,1.149413053816408,3.2583777934533575,7.667485613231301,7.006020099827678,1.2120404300547711,5.0397901987314615,7.635531577225741,7.53685657307364,1.1597673854245942,1.5870843132237749,5.676517845567221,1.3843186267537804,5.483756980516424,8.208278438363227,5.861677105130471,6.23791191859812,1.3400910131528485,2.27891668709386,6.770779110782008,6.393151859775273,9.822243611414393,5.52134371844254,7.19412930503207,4.654722828300951,3.4459419968204434,1.3009973083620272,5.077376463382024,4.376935789418639,3.648682633494643,1.544044369932684,6.385604342654418,7.561788334749616,7.689583974987459,1.3949045558974016,2.1091330072160663,8.557323532839202,6.676797601575132,3.949157767857728,6.535995159351495,7.891793476705927,8.016183943085762,2.81382040190714,8.625807837071775,1.196806959990882,4.290713310150023,2.1422077560045776,8.12818376388147,7.130434000412304,4.538229670135302,6.8248600734883995,2.748012699621296,6.705302339967515,3.0383872546270245,10.183517147231147,9.35397064892773,5.962674526188993,5.5574138981025305,5.906207262243285,5.335293193091151,4.738573178835788,4.154021255272603,8.22408699660068,7.129788252776103,1.3034248029852173,2.051834623950368,1.736767269926537,3.1274934583774265,5.521292855346081,5.1124394450793,6.687174863024484,3.2378163239430666,6.703987853590364,19.37914416203826,4.4657487281920725,6.580182360008192,2.356103384429565,18.414303656534777,2.1619674985984596,11.371046946262204,15.492554959339678,18.101806393166367,15.532225386503036,9.725081155596726,2.2229312866159048,5.6158071965900405,17.206519066799814,2.0311914094557744,18.074157118274645,12.16815014304038,9.669406526237474,19.70878169425044,4.2419705913571795,18.68821585725666,2.1284644795228673,14.703056450501114,16.02138023773272,18.07999894904804,14.894366749743256,4.500325695607833,14.745955532782522,17.50734433381659,14.829213487123099,2.067081713771768,2.157562988944458,12.239345794481402,9.305843690437905,17.597141407574362,12.003444645618657,7.0704097922412235,17.582326347927378,2.2507693407378366,18.78716408791512,16.057500024401868,7.526681583930808,7.345955169038503,16.48008176147485,13.41453611443417,15.156726102217203,19.041916676793473,16.283037363818423,17.81393016196065,17.205000626528907,4.284499305698035,1.9519343462085366,4.87400178903579,9.76456731227709,13.117433447064236,4.111899696264177,10.271038675593934,15.063459218991868,6.989881207500483,2.032518951233518,13.119800161122651,12.819432368476535,4.804516056005643,14.656487583186653,15.76857808386769,18.687619643447242,8.233266987494506,3.8018881158537146,19.622105873592147,17.81083953478336,17.841933747962152,20.0162794844819,15.328940891331973,18.37397236467208,4.402230492922678,17.21648507085488,7.7637978270334935,9.919890626644527,13.754316045610123,13.347161446054843,18.997325576330194,17.529411119098587,8.17340231792288,15.14614268050766,2.9734947301626606,14.62378296482767,6.284765791819638,18.04431922435722,18.268044754657204,17.49527069911352,14.122994420575013,2.0725563243129974,18.67319386154049,11.82250631649255,13.389230954770502,2.0641365516566306,20.04293938925258,7.81106973139625,14.708737818400031,18.599909359323956,8.98761445186327,14.226413670231649,4.473827046037207,12.947313671192207,12.228241651130851,15.764528150493977,18.7485760010214,10.683827025395624,2.309411185154291,7.207733358888038,18.411090718339064,14.499008387637103,19.251649450473966,2.1744300618279193,18.802957061632927,19.7757011740121,6.006038225399531,11.197591974684439,20.119880350294373,16.960454829381085,15.584007670541016,17.711715464333544,19.146894682712386,17.645775461262538,16.447211570545814,16.97796729415386,16.972945732101767,12.299685163557005,2.3859826028116293,18.02665023819936,17.376445424925844,15.066217342274172,2.79106596585299,2.7897826337035574,14.574310541350108,16.116068437018846,3.7922773338803832,14.189720538357246,15.99095256978386,8.433745745864877,13.852012221300038,19.09243726822189,11.158120359975523,16.404259364540387,5.376651928244969,20.070131006482963,18.692360386441067,2.5447187218219156,14.861800772942894,2.5875121964996732,8.45417339453544,14.657076454232104,16.33429870669405,6.223979358226645,14.350414531250122,15.341937148527057,9.580938875460953,9.018445418718912,10.933893622760404,19.542392027213086,15.944702873211687,16.621440011923166,16.48243611229774,5.8444720739675,14.689376046360369,18.84889759558207,19.292671181048178,3.4965718064645688,4.302036773442281,14.837886787429467,18.84828135347013,2.117057652213227,12.017593893831853,19.26722168639724,5.583110544152473,3.4693140040154775,18.728865361396043,2.541145000337462,15.130121475947933,20.080059515231536,17.345385649742315,11.63188625321978,19.528982036017467,6.97646039655545,2.0746248234874645,18.958442791214686,20.02770672494337,19.03934242927542,17.24554142712361,7.799839864749011,5.251620035161074,13.53555362580942,13.14680217073471,17.90115928366558,19.24321955090022,2.044111433686998,15.830188923036339,3.26876442630307,15.019249740659644,7.294239237424385,17.14973957843298,10.4439438463873,11.367401123730332,3.318467264651769,18.74226718508776,4.224202063772766,10.177802312509478,17.514372271819717,17.68784709640297,15.18362706718649,20.35720102599617,14.833449602117577,2.01063708716451,6.714990323056259,16.015596817331442,20.247812729973322,2.3423633712981085,15.360960187545142,20.402012033166766,13.169533087704597,14.166825604748693,8.909994401773536,13.72281081325987,16.349537340260465,16.229426643205638,14.871457827376828,14.819524309801336,16.846153819629986,18.07128234446222,13.419431536940916,18.21532316795115,1.9723454032288783,19.025215994362334,5.425281290005891,15.940255300067271,18.39452545949056,13.552600764950473,11.52148776296513,17.088216733369688,17.195847906695196,13.34469858498802,18.76424680679661,18.646788857581,12.673738143486599,20.103374959417923,11.342746489467899,3.9409237229333445,20.57114866341299,20.51466256294045,2.007246846178341,10.001878798040455,17.770150824172283,2.1440200572260504,17.2745521334047,4.279547975982979,14.30499751718447,18.469673373044294,9.140932778414001,18.310618843963987,17.40349584324527,18.6535773645018,17.64241025248154,19.262741697269632,9.15560630796594,2.167233325049884,5.056337206169208,20.42282877555758,15.28569262887172,18.7344107251824,2.17772534361936,12.972287358743861,14.196992660312459,15.652069801255482,2.8924985771905645,19.977298371103974,15.016774872672118,3.186298152646195,11.457442663319375,5.444217606614277,9.840518014970808,13.24897805468347,11.251203987302874,19.26143431665373,15.857319662690433,6.146255670209026,19.719770613400108,11.889981734328826,7.6938471388971905,12.544002065891286,8.61670911284041,18.705406181781196,19.11439963160842,18.658716373845202,17.200619374370856,15.876773597517962,17.615873541685744,17.71157872088111,3.8620828418684567,2.3541797264485935,19.066474319692123,2.6260278704143842,6.049639616228227,4.512751562640963,3.4123845266474513,2.0822138394020877,3.0328371863359607,3.6583224306747217,5.0916644519320995,2.008317709889375,3.7302430203306844,2.002752068604772,3.3297390312989337,3.793666364154889,2.0669287677781023,4.41565486625309,3.4230895594593105,4.977497371960927,4.452481118441188,3.7510681217670054,2.612838280149309,2.5119037218742317,4.030550933296277,2.3621049995662218,2.0224673979331302,3.5096733771186575,3.9891835668794835,2.0916817066962894,2.6024586841587753,2.514128833736919,3.774135130918659,5.16036953415109,3.629083972822124,3.001556212533534,3.2660512524750396,2.2545023267447584,5.530898108490392,1.7494878351828587,3.923610897719507,2.699323093911175,1.6646081520393696,2.0447535395183487,2.7733767010731265,2.102591676908588,4.404748696972307,2.4235248998730086,3.5216683707000493,2.1409278903605657,2.192425143381119,6.433028706544199,4.533632452510498,1.978056524452138,2.3196086005324776,2.977016060002463,2.7108332741074257,2.740453367636279,2.589789058300646,4.600836689045806,2.862941152546502,1.882314252343164,4.466966291781606,2.9552278818504543,3.7561631976663024,2.2434524802921443,4.677627511121661,3.7116194545948593,3.2837288591452536,3.3003814393103914,2.2484642082307276,4.368747649045561,1.959727902177049,3.1411117544983207,2.2785877095810494,1.9515423355588095,3.4456177673704844,2.211158037812834,2.3694447355323747,2.627915259565954,5.103022893477514,2.8382326459622,4.02526052714242,2.9931913776237353,3.659474932054369,3.9224732121935855,1.6765357723395473,2.3181973976017103,3.8804085727587556,3.09285584665773,1.9772627064738912,2.018753933553249,3.9714846038567084,3.7005141551473457,3.466778564953972,1.6995492840882114,2.413152672147381,2.9330747862304216,3.3601757844018145,1.8284953219105573,2.179432547984993,2.87676357031507,4.097979690843539,1.8431924718894694,2.759467720534403,1.7149209201561761,2.451267056825949,2.208036108539939,1.9605182525935385,2.5592605217932562,2.35366932270237,3.6349167592384948,2.9878097082271293,4.971383826998136,3.4102647801278345,3.5398310160767834,3.6901646790874385,2.755964589593263,3.0900927175684028,3.291798241698061,3.3540138905037384,3.062392840740427,3.041665946231774,2.521905264725926,1.803125259167114,2.0237076746479703,2.2399728832005774,4.779916713015187,4.3871174625419025,3.4286261762593075,2.3474399876212857,5.216860929219174,3.938379095612244,4.690079506038809,3.911333870755711,2.5588661940854975,1.8393608177078622,3.2064404530822928,3.6262208670665754,3.635960235133633,4.172809139549023,2.24339604807334,2.063517637279333,6.0848340373373055,1.9860196924380382,2.1810540985447116,2.6439485358170787,1.9956229786740578,2.197944428774232,2.990040369884329,3.28356570104808,2.706397618451198,2.8420761618047727,6.323232292057826,3.4107469256451717,4.954092705953847,3.6239915959397737,5.5488017647887276,5.706143515487313,2.165300600356879,3.041729413052334,2.6200343606057404,6.028933244710318,3.573843597734656,4.258093929247838,3.01151083329542,2.2381984981133614,3.9410889065258865,2.1763235104033267,2.2021661330432942,1.9688326217245824,2.164060470540148,2.218990639445546,4.584707210546069,3.768251264204986,2.6478019114610767,5.7920457159199925,2.4297696920401965,2.077335195782946,2.070778886400345,4.953880314382443,3.7839789311553855,3.35576943209448,4.24628130681355,3.242350043493906,4.616220933127758,2.285787797065725,2.5859698424980966,3.862198672121151,3.6665758179185404,1.959572288673182,2.58615279294077,6.437953468792576,4.7703185771413965,2.8575587310885378,5.617506946051205,3.801099080842639,1.9840880698199173,2.192283885431182,2.8268803212707163,1.9502137550015273,2.0157784920946904,4.2188758270103826,3.726046221812075,2.0571211912748772,6.690866642071587,2.982401298101196,1.9263148556283733,2.7178260160857373,2.384647199637201,2.4697797605254106,2.9014265294936097,1.9907574001675625,2.1438913082144975,4.9387584841148495,2.0091532034834914,4.021496639108649,2.195291283182732,4.242770673008899,3.974555843107024,3.585015315588567,3.248984088964288,2.778630650800988,2.555285605848637,4.129738824245303,3.055050168169751,2.0384295530948418,6.192579449349778,2.7122340903641193,2.676498692414027,3.773104293035908,3.378585937828814,2.9732440541979677,5.506167829530335,2.6247114540823953,3.2471828739145554,4.23783521566707,2.2183744406567314,5.309731416518623,2.064977654485977,3.5033874058324903,3.5226164525091908,4.42617909316265,2.0380902816451636,3.167784387421212,4.614968702416032,2.410926909803543,3.8839586575005662,4.990046841611432,2.2474684851214595,5.1721720025834665,2.2475231407113094,3.587135168059948,3.694357680480397,2.2106977416911873,3.2509247720361936,5.201955189908248,2.1614783479142425,4.845026185092219,2.036106205066552,2.5668767691682293,3.204032851294242,2.767713910552257,2.0848828399628165,3.684896870572532,1.8779873196058536,2.1933137051236202,4.305289660568709,3.6305239190788052,3.3906406259648096,2.1031872592170724,2.021965295108792,3.680310918043375,5.103414410243378,2.3180316070933458,6.065315371836127,2.3041829180493263,4.141310644059348,4.4100060755683455,4.058071683134272,3.176093005336417,1.5539400284339253,2.9149491048358827,1.6830483420967717,4.969240473298346,4.242847768300724,3.1958244212314604,2.1541666502804486,2.167769648248022,4.562991726971455,2.0446110176436156,2.0699238567953278,2.330038348220558,3.55583084781493,1.7238541508336698,5.344894956412294,4.001913103530354,3.5333251380484483,2.7837972234707857,5.119271199366452,3.5569532602255007,1.8818200713579925,5.400477302894344
14,13.705692185741182,13.258046991972106,12.335644006830302,11.812082802401383,13.320372472569181,13.657454887998663,12.79203059221048,13.660634836259034,14.03457870958246,12.644177445501063,13.30658346418314,13.258157845412175,14.14036877887292,14.184309013233422,12.902852345095903,13.267621346941079,12.808199769431194,12.28164883284081,12.969818448401323,14.349873163889285,12.862392166169345,13.08819849938567,12.479045835575699,13.470867798982376,11.98916505027583,12.653811600400816,13.27543463797881,13.365270495619587,12.685973628752745,13.337163747975596,12.728804265024158,13.220224169488318,14.270234056258255,12.010728837142793,14.269980789491203,13.439722176881315,13.045667068277815,13.216278859307652,13.266857174646312,12.81440102613825,12.82876798617923,12.949563612292977,13.309576686777296,13.54340852615043,13.378483642810258,11.86298687992315,12.40086905842678,13.581327982285709,12.386094304029003,13.466953639782538,13.254015767029687,13.344322912544294,12.934377005713657,13.063336553817644,12.996236116034552,13.228136490850865,11.76863267415466,13.620291940558484,14.357665202556301,13.673600836902592,14.154169138939524,12.66113193826278,13.698610238123731,12.97502113771019,12.688883507434017,13.95099919233898,12.717217908307635,12.505931194712494,12.882711376344659,12.970954023741166,12.986955988986358,12.755624536266147,13.478705491630423,12.982272835760705,13.60598644554828,12.190829684451218,12.933464437233711,13.089917785859063,13.703204410017193,12.826146142147872,11.812893957674223,13.194863210408025,12.868364948422727,12.803319606903127,13.027913922268862,13.145761658264048,13.021487054558703,13.682869325938801,12.92047941175974,12.709353836833538,13.683410877166992,14.078001936075406,13.950340564480353,12.635272918996714,13.071570924318383,13.18759151257047,14.340928741348508,12.658464602214131,14.205535420741807,11.79856383175963,13.450406120128923,14.099389861186374,12.514663005243673,13.999955403895385,12.838154815057873,14.161178295967627,13.041293764131973,11.778248960607417,14.50301117380184,13.587848737455307,13.274105583202507,12.923300522631767,12.691712527001634,13.092338029233634,12.774955489645986,13.775928223433048,13.13236550962066,12.699430499419648,14.354626656259857,14.001703032015445,13.260746471239118,12.88356004478407,14.411072310644185,12.852115327680792,14.46027920051029,14.223599987601311,13.359578135154525,12.462709172930309,13.821556378416991,12.595471631431742,13.551663574543634,13.28084477492383,12.805635279763596,13.229898223381728,11.741204289598107,11.775226567598363,12.777533992175087,13.21766764087476,12.766035081151868,14.46735728041867,12.688294126986193,12.994541982527165,12.56432360273416,13.312642030058605,14.32570656235088,13.736051669827186,13.751513176448626,12.940779293946724,13.404401280229957,13.541314578478259,12.658645764806275,12.897114173411762,13.599886960075784,13.558156388524145,13.065781720130655,12.784188563324264,13.011955029325744,11.865871416581227,13.556552865592657,12.808802059380678,12.714954906390144,13.738431150271646,12.995286195337071,13.24152863320562,12.749302691683308,14.297626917694581,13.432793634568222,14.091373695632257,13.012742277893716,13.072248474209061,12.632636625234522,13.0170931889515,12.571784138152827,12.814533242582064,14.469008762714658,12.703266738050003,13.265681178680861,12.910800609832526,13.606979039020425,12.83637390217918,13.08556310774719,13.022567927223674,14.402608668424985,12.964483677911877,13.677131943343284,13.090624787557052,11.996156552545134,14.469779871299046,13.686418166496937,13.245913424904007,13.30514313603246,13.049166323263687,12.55812883049682,13.260363258901828,13.0820009849535,13.095050922882416,11.816162557127042,13.950164683332552,13.654186110502676,13.483183313046359,13.007393037392877,13.353049248243261,12.918913891027213,12.706999483943443,13.845383890141417,12.98646997776395,12.926123308907414,13.232865471096785,12.659302299962583,13.812766687129399,13.541746293408789,12.720286794631674,13.748057057638105,13.70890417745893,14.466086282800333,14.145424808407215,12.653860139250833,12.660289560975459,13.230290605396563,12.694247478775997,13.427565332838176,12.855018054063414,13.877030899632466,13.139233792274922,13.075144490019447,14.401908949502662,14.140003012889155,12.995549118545824,11.723636097282947,14.367814399590431,12.395816122119278,12.652203387394028,11.771058428772264,12.490487293698433,12.668391772150338,12.847523006198005,13.43117727439462,12.698376534990745,13.272169788352544,12.344094580509001,13.086638668897391,12.592950731947415,11.73896181934387,12.8018289666892,14.166670127911512,14.12320066641741,12.517080758374718,13.259575906906301,13.996492080723412,12.805943639759974,14.193746404541368,14.450135092982983,13.746126769141666,13.364457420210643,12.569135737897025,12.490349383116978,12.70493752845945,13.116916686953607,13.731798647746848,12.804494942666455,13.72700829911002,14.444948387373534,13.833926823055757,13.27670195594823,11.762902498925907,13.060753400248094,14.11005126422347,13.252389516814473,12.38593824405125,13.018678950205482,13.153562895919595,13.506639053670527,12.692981437219276,12.925644606464687,12.889866912857126,12.609410004104264,14.172011714460808,13.164953534991698,12.71616328787442,12.392788800077252,13.255297671525863,14.276958846121584,13.859821405453808,13.921130601228796,13.511973702371892,12.856861661211108,13.634587687666105,13.644183552678136,13.746035336467003,14.174446483027484,12.923139155331791,13.437449278221436,12.976204971145366,12.609455501805543,13.019837394036136,14.20981220442655,13.14834365375747,13.235012943473368,13.477661785235421,13.570893824153844,13.867182739662246,13.161870063913248,12.620608076389242,14.401346993310906,13.88744385388064,13.524920425116632,11.586668113696893,13.42363322667446,11.051979597251888,15.00254029714138,14.634370532994222,13.04165915448478,12.759214625830298,13.134544144572013,12.579841417749273,13.45745835053478,14.015520114220767,12.673558919958616,12.823852211634593,14.970414032250028,12.319999923944703,13.369001044027605,12.361669793680475,14.949475668879955,14.059479544231555,15.536803311875072,13.717207448320835,12.423255122092746,13.66171152492187,12.334702396026646,13.266839969863582,12.425293873363117,12.148982464311636,14.328940086217488,13.300169845642149,12.768758163424495,12.664853016308324,12.550067011253683,11.562552662392495,11.609913497450153,13.52618777424468,14.064534752137785,13.12009189670962,15.332757789620928,13.326629241800166,12.520920867095718,12.14999876463164,13.372527627601213,12.322234303640482,13.012377514219102,13.642765179150553,12.877088257630318,13.074618826258558,12.855070599920927,12.387545186271193,12.296113074358939,14.00276254311146,13.029800225843857,13.164657327821251,12.470479237950093,13.275747122809152,11.977805135082143,12.619423373805704,15.976802911929946,12.287310778467113,14.222132918136344,13.29204250770068,13.555927799964147,13.461181541837314,13.144007671820003,13.61187140027028,13.3043023628715,13.1469150282302,12.579849679137665,14.921096464524924,15.14434835104842,14.329062632872102,13.132076879594877,12.700282072106313,13.640114889656918,13.86560170389469,12.699396186768299,13.655879395456024,12.801350959742336,12.259219920076557,13.245667584298705,13.62292105061304,12.57208087953297,13.385379741172382,12.043058055563169,13.339587140028272,12.765793003049858,12.687692564232531,12.689223280544669,12.71130688866727,12.267600652241077,13.062263353491197,13.24856574187771,12.27385235653538,12.92431307708673,13.835129611499594,15.098388084601137,12.253324857254258,12.303068754815389,12.745331953063413,12.10468710889755,12.734280775802125,14.236751330436102,13.471350378786935,13.15197609951399,12.340027427987122,13.021593810143962,12.434410178688573,13.086564021942783,11.935231438201553,13.252764402130163,14.733659863342295,15.971570814652619,12.984279757990102,12.652067425254316,10.824390788464738,12.984878702949167,12.30097612526765,12.250016566731798,12.022254192003649,14.680809194864434,13.75731693758471,14.113316169179242,13.949807158796935,13.9639536460455,13.059948257474824,13.465005653874416,12.426970194098415,13.091980135804151,13.11310526710741,13.108926997514603,12.381551961616182,14.538467070167435,12.385965469235337,13.48697298809884,11.395599980379917,16.08625249542039,13.727582370958313,13.29407078409905,13.937487391182302,13.273123569865971,12.344166133025098,11.655302203597373,14.335791702483178,13.334681612841493,12.56984352104255,15.48188569332334,11.982332717612698,13.21039460175345,13.596067086774585,12.7230766511522,13.473336636248401,12.508847702315395,13.06919552518375,12.54180149633341,12.621947327345309,14.559525038888692,13.906641265115232,13.159895954499865,14.322821764898299,11.774597712246837,14.262441586279552,12.734632582734822,14.075192042122994,12.597583186975235,13.127479227577373,12.472979947941335,13.891317192076615,13.923659468633922,13.364719176840424,14.528075556781175,14.331067563281195,13.297263904612661,13.11433085466832,13.232131925177331,12.698731870747716,14.956749697774715,14.089135157871855,13.319893686640082,14.800071367276702,13.10698074894076,11.772292843834412,14.356055386897541,11.598860036190969,11.560775070108955,12.962036649245261,14.091260176230362,12.302355927431199,11.105452718940407,13.870226068374365,13.27034447659921,12.918609253295399,13.526226763318881,12.440756970380589,12.731163645998448,13.130693015107731,12.111178372877692,14.127992275507237,15.939570446536349,13.296983320259837,13.067050713208934,12.102385830520735,13.503144239992826,13.355979422044648,13.179666780293468,13.090401926699432,12.435375165613959,13.334095345118614,12.728504362977267,12.933974277643415,13.645763466247066,12.634258727929437,13.673262504318222,13.358013309594892,12.791939508207996,14.48380001583314,13.464722717941948,12.533749026938825,13.612172991284705,13.2728783138618,12.724377100761519,13.157835967430318,12.608797032539917,15.899689459951018,14.973792374763352,15.316574949396434,13.536265841870692,14.6577695327781,12.673787038826047,13.308539193879533,12.847550815549672,14.03590117655265,13.043709369807528,15.5092971901705,13.31501180381893,13.67701528673822,12.885765993817985,14.123189201351154,13.146248493830855,11.360703300106875,12.02567427119266,13.440382544928466,15.258020683180382,11.569180357877663,14.05681969724529,14.759902249222135,12.529837354775633,13.199758740555456,14.891411291908803,14.680734676557186,13.447920380185488,12.764972428043224,13.488286627526845,14.797634076064014,11.792518030993453,13.43285466997945,12.671373441065835,12.324683987395193,14.37944994071892,14.401531825150153,15.672011431170102,14.439966896757923,12.898213653805502,13.178985857958734,12.327754566081577,13.10709479026617,14.234932647109883,15.144825254364145,14.8897063383068,12.209907319446147,13.2214039612385,12.431290620816492,13.580857606815249,14.332618393227117,14.423870024252398,13.508072596526198,13.82435155873669,14.69883208884214,11.030320747049783,12.326106826214696,12.818382578557282,11.689823545382838,13.248132913287346,15.52592075915027,11.814536036085276,13.571671624512746,14.193432437056632,13.766897659620817,13.401286083771337,15.452936894566738,13.374474181214639,11.680442552393044,13.464048861053618,13.346284222432065,13.064142030551656,14.057153256538907,11.197418956206445,11.411791981644056,13.8137700219935,13.406585579358996,12.888627208516692,13.952568647423988,11.840131255129565,11.610161838242991,13.193128666623242,11.877759413226789,12.314650948995709,12.755343674895622,13.997672964059229,12.867753371354688,13.34020721954572,12.600065787904343,14.223201156354923,13.492990307150958,13.514825351962665,12.59840390273133,13.080568954639174,13.149634782458199,12.438551698125208,13.07052197911615,13.185580380363875,12.239586243235545,13.256164072778295,14.199741434613125,14.225456433054367,11.391039234769641,13.385180700327544,14.383469341714907,14.17708682291407,12.754519820634808,12.85347890513321,14.78757500625874,12.218902302498698,13.190330005928375,12.623346603524986,10.943528331493013,12.526341919604276,13.105427652886963,11.616961239230148,11.976468264876166,13.239170462327891,12.125334890472041,13.0664152709479,13.077839493839384,12.886401847439329,13.986185510502084,12.815053111524604,12.829341902097708,12.369559264318529,12.771816181079354,12.613531698204,12.143514342695132,12.530758475879685,12.288555833319492,9.940190628420417,13.29512011921231,12.518267094977745,14.35975043517807,12.742092667334516,11.46728222782496,11.534698592687517,11.714235762632189,12.804756643725023,13.603438946719754,13.532786077562958,12.749222351013248,13.19972220830969,12.505518024959317,13.812640886133156,12.823131811651466,11.160039745929293,13.177579446235454,14.37383761233299,13.10289747651413,12.90045718095568,12.418115271696626,12.79139734262888,12.994707220287788,13.880796383762995,13.045042320510003,12.87264811312139,12.701761349327944,12.909986789272466,12.631622678417141,10.899621387339572,11.547364806660042,12.32165601279623,14.319633107188908,13.041943424812214,13.921739199860735,13.221141338751446,11.760837155158613,13.30303186254636,12.392884602072392,11.044731109387948,13.384552674636852,12.942340587400214,15.186957782140674,13.14072478411163,13.240084358114524,13.893799710086977,13.210700765014034,13.188873595807367,13.532161071524689,12.858064617529314,12.314777224160146,12.998935603200827,12.927651060284887,12.909586566332722,11.884030141072989,11.48346995390917,11.638579034194688,13.185668052523809,12.934809762635352,9.99473633439103,13.369045185937306,12.75151522119921,13.951749794538317,10.91936563509721,11.954490364274786,13.306543730405073,13.966514509909587,14.456323164059704,13.194410052433225,12.95136171913346,14.300783946328961,12.01669836266047,12.056962812104286,13.036626429173985,11.783577002503606,11.965442053801613,11.5557507426847,13.921705183796613,13.104437712287966,11.965254842922079,14.730745270626205,12.94705226597121,12.968745653186236,12.250921950550914,11.42491066570599,13.043767781315287,12.509099313304633,12.28189095669261,14.370376044845464,11.343975110772776,12.849297715945095,13.162904984003319,11.797146628181027,12.767737319274282,12.997407733683001,12.71197588003645,11.689300737939488,12.68828717164419,11.618555440640547,13.38407795076848,13.034172135929513,13.105962075671853,13.221163878394112,13.308078556017318,12.453756587404996,13.17056437211573,12.335945456274999,12.977944523455122,12.491519263185477,14.140727417467378,11.179274771774795,12.311223757862843,12.957311522039383,13.822103796099487,11.888356094718237,14.500863872548718,12.968220438245236,13.874188275129686,11.587090679636976,11.893712985632858,12.918330649388404,12.124354170136602,12.51724411942071,13.346376967648698,11.645198128066237,13.38343430128006,12.569580614486675,12.936347565322995,12.168124192114627,14.581990459831141,13.278359991415705,11.423316509212048,12.384828648605431,14.377291663547338,14.248969108392489,12.748389808271648,12.170422929289368,13.678351369052178,11.748516907671458,12.969331599812163,13.274863693945273,12.433033157937574,12.53435076055005,11.135029795381646,13.542961951239525,12.982630229676445,13.345428206238761,12.01696503657152,14.840926135023691,13.005202857975178,11.511517076726205,13.624672934232242,13.164979224707348,11.28792431741273,13.249033350861053,14.13477441690786,10.283448734452541,12.993322667703888,12.761638768833148,11.796335714515157,12.65312400349232,12.004413909428077,14.276676009411092,11.931208040013733,13.15990058283933,13.232752142617931,12.917824330979386,12.716628163968274,13.47325176680104,13.303621357848066,11.759584999379495,12.320056013477265,12.745392608541664,12.622655902070795,12.769646199842917,11.620751476096904,11.482797340503778,10.927755678307333,12.130558118192054,10.912136019075762,14.351147835931501,14.338462111825807,14.237812289307922,13.044435363253811,13.232716972850556,13.092043801317379,12.152842272154516,12.634381734275713,15.052159042553095,12.37056270187846,12.380282326811363,12.172020394524196,12.044337990745579,13.007095048291346,12.785223118697932,13.279506844518997,12.977968989347898,12.688774595736827,12.69279854342855,12.535049380170715,13.62552517308786,13.219819046347109,13.782091787731856,13.269674957050851,13.371919070490101,9.713284343690749,12.436895754949608,13.061746664980975,12.852306626365264,12.779947589746502,12.122972451076725,13.518396370731221,12.476793253356279,14.366368528588511,13.196063723141124,13.457657338497391,9.96355385325289,13.44183268251258,14.355104877456727,14.309742466462936,14.224522655992407,11.555803930516456,11.721637134536739,12.338758452104486,14.106950695587173,12.512498100663938,12.475779230271154,13.356872902767556,13.911589000127192,12.74330988481875,12.969601016763537,14.144685886491555,14.392589099741397,12.01500765056136,12.478950223227628,13.353079907723492,12.572033989084343,13.138776274855719,11.51799566684574,12.837579759802058,13.093928542340434,13.123381635350846,13.51501988619642,12.621271633312771,11.96958713857635,12.7508936648096,12.440063220411691,12.709727377279505,12.758469469582643,13.259984321578028,12.892363481973595,10.276813221951436,12.172220804982205,13.905033688295822,11.619807709049503,13.612939060778523,14.827334730378901,12.729307692782847,13.098562814287057,13.45601412547998,13.058024202082187,12.971120883429645,12.926124286809728,12.396521659365488,11.610094514885612,13.031167644155776,11.369192337415198,14.679686970903871,13.636972825213409,12.761677720541142,11.15925369873156,12.808559095354758,12.265057868027073,12.833978861958219,12.6618008022193,12.185006953114133,12.708950742631249,13.330116270708638,13.250960368141003,10.149261700170673,11.172440219390975,11.218427341866938,14.225301425068489,12.499894984288858,13.589917606963084,12.469396263376233,13.343752625643491,13.084788040461076,13.63322040636366,11.683698683716088,12.875744582103355,10.826368710510785,13.84703598726787,12.845176459572045,12.44827695387334,13.327971372485726,12.763832049631723,14.205185728733621,12.10322442663334,13.586171266850195,12.76894032513227,11.247864027400585,12.004696879781699,11.838564347225507,11.810184161165393,13.58579245228776,11.106181262161671,13.135266660185863,14.09681012893015,12.416571152470597,13.666948232337624,10.029614351106757,13.867482229064395,13.715730092236829,11.096558686474483,12.644309756024642,13.09290661560759,13.273129699032175,13.821841873025308,14.02016504920871,13.453584757957895,13.931083576566973,12.162892176126148,11.40957104352074,11.163984531732739,13.118689721452181,12.781442363505368,13.671171842534472,13.019187591994674,13.171368706986966,11.610516514567074,13.562738976404418,10.330458265944257,12.076775072798275,13.479970457936918,12.271180277357042,14.312428420364835,12.410938252595216,14.110104550585476,11.669476695981148,15.100243872458247,13.67571570663047,12.783421640593202,12.379155740460503,12.944267164202351,12.904481363346957,12.717717124957375,11.254709614644883,13.13191095760246,12.191631759710525,13.388019721080163,12.316281514671966,13.269937234971232,11.623025342281418,12.966692108070308,11.130690648115115,13.547456545628116,12.218557732784356,13.351146750798923,13.644479111512696,13.567660602827033,13.528967432627004,13.749480491005702,13.762430930016762,11.90407463287946,12.331330099459327,12.337433319015693,12.984043793367125,14.184550473515463,13.183616222898344,12.348073112471976,13.200687293595614,12.98217838091679,14.374036171390085,13.356752633509918,12.905016291554972,12.53904208608381,12.376673524011697,12.35769390823208,12.022070774615463,13.724493028887231,11.82381929658825,13.667696513836841,13.282220506873855,12.388416702893247,13.531534011696358,14.695813040910275,12.328404954258765,13.676742776136454,13.311860766626516,13.04612960107755,13.98696873378105,13.742472774897355,12.265059636220512,13.964575832274106,13.3335318051681,12.67265540932033,11.710236337864561,12.470087466838,13.316042345408954,13.258569317016054,13.688977524004622,13.772616143078164,12.141697774097112,14.327877531799507,13.702869504964708,13.155058980395403,13.526335448411249,13.468750688100272,13.577325204197596,14.009680792586563,13.795544131110335,12.628929426179976,13.08844046968247,13.257730488573376,12.371292551178286,13.502683235563254,12.031832455894879,14.538329821002415,13.298693877522467,12.201643625565396,12.070541202107744,12.009928604371776,12.98690948767599,12.284200916225272,12.089100070088397,13.071216363869688,11.80219885360196,13.550528441298082,14.045196042164912,11.229642803682628,13.407411601780165,13.27180877121151,12.832059099769316,12.370178233891579,12.462833294281307,13.666534723912822,14.092409352812048,12.841999604500415,12.984703344726476,12.27476921941584,15.02916224122508,11.54342610920277,13.670090528146792,12.110204635179665,12.217339832513769,14.184226900047083,13.050400722666863,11.60822497867964,13.666405228313963,13.551154546922165,12.97193328771703,10.538168155268295,12.27357512333164,13.761246920630358,14.015558653016562,13.404026123536529,11.435595460284155,12.128723893545358,12.224895079313795,12.761603952355564,11.444360721968025,13.939155627009283,12.8692783102855,13.366574823291296,13.046494958250962,13.785143881992116,12.228191445038638,12.702312938924434,11.570869308754697,13.108620611765621,13.004524319878298,13.141197660997738,13.611718127167354,11.639894047543866,11.155673207676623,12.441026221011096,10.871289625618404,13.29644368197408,12.835839707146633,14.19736469423079,14.868834749866886,12.413096793426162,13.713450417512945,11.87519778448762,12.988696938837322,11.977679900544498,13.584068884604367,13.989614591867136,14.5404717367213,13.771719451129496,13.867766969910878,14.555964314472355,12.14185857692521,11.99200484638777,13.390025521127685,15.775156869718474,11.668427879106806,12.587083512317772,12.27534860830729,13.780543680724367,12.579625810667842,13.44852169432977,12.379263440861584,13.996925532727296,12.884330570685169,13.545343854802406,13.745330961245172,12.853366421663672,14.64552807672287,11.640915106962042,11.872919271467968,13.073110417852163,11.455533574013486,13.14340151462981,12.434855265819511,13.270500617560254,12.593098066795461,13.644752509572225,11.851617524495845,11.686469922070147,12.367997227747061,12.430417946273632,14.31514378083025,13.252162854686977,12.920763112103847,11.736804281352406,13.97259078268272,13.188615290564227,12.277341420630194,13.164865706870401,11.902075678178294,14.88639944302046,13.457513668939564,13.67620327146316,9.848157151408847,12.0840823511231,12.244833543796226,13.286707690572182,12.512422915953598,4.157031488503479,3.9870838539173663,2.83037555495553,4.372192717401163,12.252617853950172,11.169841058359717,9.228358710665931,7.824151071768138,8.956156782649005,2.410594767525115,3.493779996796549,2.9959132810593494,2.7428137963915615,3.4602706223615787,5.3531671058307495,3.808556723363011,4.69307979662359,13.687825760104673,11.337066206736763,3.7416007110917713,10.521237220254786,4.326155234528961,9.271693370208764,2.852674212047146,3.8509240491168035,3.32623260921074,2.3674160177689796,3.2303174519176174,2.989958052998757,4.275792317626498,5.116826108854393,2.6285823918900277,3.9068707326355714,10.086236459587292,11.60473320576692,9.929736136435482,4.542274969034715,12.256250168044215,10.193761474964512,2.5473068397766423,9.219852273808586,6.15309090647469,2.379928982366951,8.732591996377588,6.220677511604299,13.739113445178226,2.766446684705128,11.429045326576844,4.607686794714047,3.2573382973584675,12.261260856139378,2.7700752749058832,4.857268648693211,12.436105217927004,9.844130883931106,13.631890782954631,4.967823523436293,6.27722899469435,13.158568705455755,7.504807995206783,2.366479401410801,9.312003255373062,9.193871108707311,9.520801160188409,6.271475480216145,3.6716433448119186,3.4506970244813417,3.3808676450557837,3.6434577515904922,8.59381673529282,9.72660244274808,8.070428240922702,3.411239664933356,2.5356962640834904,12.369550903799329,7.140957170193738,8.269545592203661,2.854911441423786,4.535531699843477,11.442458314413075,4.369371786395575,3.70394126674953,3.3696892168241486,2.2877785858593542,5.568845182408867,4.685898098255409,2.1056642047052976,3.296655104556521,8.305161835179202,9.913272600140502,8.198315728097475,5.096652739665311,2.671854177647351,1.9805759263624534,12.79436886139894,5.908852752053811,2.1639345886564816,6.621570589830754,8.674655897160068,3.425733605008616,6.517791811841065,12.153270410346622,5.296046388821563,8.817552416930699,3.2018309829665834,6.367714889523551,5.564341771131883,4.76347139782067,4.592530969109585,5.801178061795689,2.3384024192072803,13.35732846511581,4.369104958447874,3.1041887502312226,3.609121710502759,2.141992214363808,7.132602096726631,2.868477358541535,4.691453325469299,12.126078390634857,3.356333822019763,9.823040682079391,12.479521764704886,7.2205721569990295,3.1952048965488413,9.155829136305695,4.270465797763584,2.4969398733231736,4.46995174368029,6.242738484949097,3.4077862037155935,6.133827485163944,3.6572400267996206,10.560093948114687,11.076345849394388,10.289340538928968,4.759569323164811,3.1842113834037264,6.357409639242288,4.375924221966391,11.071222705310944,3.434746256250458,3.8190353042227936,4.74898867459014,8.509936291996976,5.128114874618029,3.060146025028635,5.4565070029136775,3.9920546818839013,4.451620666506323,4.225019670250827,9.246448591814618,10.02510346514318,8.35027135928686,2.859083808145823,12.030228512316542,7.762999193470397,9.333820920645643,9.048866369509774,4.442453435634331,13.852244712038356,3.5586694404240906,5.501325882983031,3.153549759119169,11.722386878006537,12.227230980402005,3.4921855513158064,13.250622793228787,8.136187259703705,5.681097969766796,10.264380026633896,9.688954477029316,5.447010124183817,6.091837375464206,10.09731589057271,3.31852206592011,9.84816962892216,2.5073536771173432,8.469133590628216,4.33113463739714,14.99276969532398,5.643394116179694,2.764024178668648,5.08434751816126,3.577612031038839,7.441640118652528,8.998040618797333,3.9958982743657576,2.2641089766597604,2.852505359415769,8.847115343754153,4.8139676330824255,2.536180629348852,2.071723970430569,7.065397108458718,11.492512774765581,5.510554325675658,9.430355944793504,2.369040134925991,7.621287901966099,3.5809755230176052,2.7541594896080523,12.696688684803085,5.785138527156088,5.559664192463365,4.652149090088008,2.912914568310593,3.4667299048624947,6.287377868891348,7.163127623686564,3.7033108744971135,3.6175636695168114,11.82913524129976,3.2557499015833553,9.178095366131613,4.477772508895056,3.6932408271152934,5.627623015354514,6.190524572011388,3.6078124687469946,13.272826245897988,3.6278344197581274,4.218050273657057,8.41115024711064,4.421790215552103,3.923228765281356,2.278863736459945,5.814781341904323,11.712189142357943,4.224563144579024,3.3467041930512864,3.2488846892467516,13.300730526659567,1.9949877119504706,4.810411576369413,2.9507128755230445,11.818266838484162,11.068792737940333,4.510116156023233,14.019844403445752,4.688228084033141,2.6161236290002945,2.247838984260028,4.675415388582949,11.214996134582588,8.100317439956902,3.8572749765683474,5.626392645273174,2.532681787661335,2.663007830272912,2.709483949215214,6.435394825107883,10.775005218171168,13.526551895438647,5.416291588624013,7.395858777368932,7.8094445912422445,12.20092711071685,2.5532572707809535,2.9345694747004445,3.2016064540209728,12.342731144086434,10.182471025978524,3.9911343593449873,4.435867309145088,8.420956848795884,3.7260820404051676,4.4240087204531555,4.213115086833017,4.740258767113572,3.551982055139074,11.38811981699675,5.628411048146719,10.011374325668543,4.339115222964623,3.0176268261828567,3.5836759366268263,3.944155045143988,4.249334295355097,3.144059758590985,8.97764122042748,2.1194033919381092,2.3236812766951562,3.0988113355914386,2.2253574342891533,3.0021226312355114,7.412208310245966,4.813375206088798,9.375128128846555,3.322969198989524,2.907437822791562,13.07789626964645,10.768755782168453,11.402737095691398,10.632518977699666,7.103452342645282,3.0144221669470257,3.3910055173643086,8.589112526101493,4.519572328780807,9.4417434700605,11.870163601338717,12.032019696504266,11.737063344136164,10.056545948922224,10.973090063464952,10.799509082534904,10.142677057419789,10.436408083333873,10.870357743362378,11.822019238360033,11.984623972677783,11.875718075603087,9.972684242045215,11.921080623568809,10.311918828772628,11.857438476440404,11.357106154361361,10.521144806086486,11.86495182460603,9.861484868598273,11.05383263538857,13.430162602240754,8.528605480273992,9.693442885798332,11.598469460828994,12.35287681781216,12.618997291097834,12.182212977915531,10.559774489644672,12.42567069585151,13.010911175469683,11.318809020708072,10.6129575054924,10.088716678934158,11.319124493104034,10.711324056671764,10.029342694429612,11.161886367301026,10.099068558381298,11.525800140894015,11.819665091216148,11.008338581990625,11.024169518943596,11.469018463439344,11.45668743975421,9.732109711981881,10.999107291088622,10.485916185964125,11.091042892177459,11.930449000877946,11.380305790629958,12.328542596847758,11.149004862296541,9.028311594066743,11.761067107967285,10.790439053579094,11.153886046364484,11.585747959244285,11.039094307488996,9.565994829575613,10.922685934426763,10.719213536459762,11.290525371024616,11.841527387943163,9.87437551102685,11.165346143333105,11.684333021933673,11.732501230191112,13.183280600011821,9.02512552608603,11.278111100624592,11.003837922143367,9.931595689887029,10.666253465626424,11.061235437940278,11.933335393489571,10.568472024342103,12.110771629187166,11.151632472096393,9.768224233716635,11.008257692711899,12.818011252494754,11.473937022894088,11.257255975125835,11.483364382679444,11.48114041766001,13.114224828089833,10.521390572856324,10.415547168189024,11.582508118241062,12.554201742069194,11.00346325752898,11.533139089209461,12.468611810873943,11.751835260496037,11.339407599585913,12.786633266638404,12.174276143040402,10.133850409811059,11.300882819001492,8.854484556436384,11.863641750655326,13.147499922943407,9.464804819406938,10.797267147190242,9.440161432903047,10.84612801548064,12.111269630450307,11.765317989843602,10.538259499873103,10.732254052098236,11.782326221493076,12.176214469472981,10.360913470773463,9.484989480783913,11.71639633035413,10.208364332417386,11.438606182794427,9.458983055255523,11.46407046988036,11.34304265099199,11.058517048173904,10.444259295627699,11.885620742741974,10.196960156526016,11.052407663408895,12.022168210401487,11.38663527812937,11.971206404680494,10.225661330327343,9.30870269789026,11.426196663543918,11.472193897596949,10.695076637988514,11.830108992117243,11.706366327419605,11.362774070044702,10.376024735689544,10.582488106251004,13.250202216164197,9.809045432170482,11.560581785549282,9.851134581855304,11.336072856408625,10.104251103400628,11.94247316883617,12.242938001450469,11.968602154415539,11.30293804500287,11.28336166071191,12.553531153910104,11.430072342189751,12.49108028215183,10.379738921297834,11.133621838535136,11.84027302098583,11.176405601942092,11.902570498808968,11.795946024190831,10.322093754769512,12.050802614062908,10.239136392485955,12.379763717576527,10.596423331250032,8.675040287921627,10.45658516602065,11.293990314690326,11.099315511630246,12.663953273012513,9.503522570250865,11.112422902996661,11.320651317615487,10.40718125063151,12.293143387773515,11.604927668770078,11.023151700618556,11.53612001444666,11.464451363557036,11.85978227696505,10.005914059601615,10.29561943610492,10.21225323987272,9.861987700201242,11.749565831451354,10.827946450125019,12.378337590978713,10.85500815564066,10.88271733171279,11.930410700712041,12.159236342241343,9.993844898690075,9.949956875555246,9.129653830993194,12.653900626846605,11.358466547184003,11.717457735088278,11.568194113833353,11.17745334574292,12.686301810269427,10.177431652061447,11.651432166390718,10.852972213115835,11.633660928120209,8.661204101055539,10.826501874417666,10.572193431405964,10.627471575253741,9.976920543396275,10.391293693041968,10.500921213595573,10.891935392471485,11.41419936641147,11.016623880349043,9.19281583000856,10.681554573481325,12.240154974863255,10.76480776610479,9.714938876003696,8.954344429179702,13.490848435933545,12.272537575713356,12.943970407549548,10.99469210970962,13.495720798026031,9.098739705895484,11.989567091318802,10.504652327029426,9.270347414762078,10.860961696384846,9.430336420085967,11.601020756088792,9.792525967218642,13.063216071650258,11.57731828950425,10.091987440364576,10.437368808772968,11.121194074517389,13.522004764419775,10.153503078799318,11.279997942278323,9.449115983462484,9.968472150787077,11.404529500977285,9.535496680553395,10.721721364947488,11.2720514329041,9.46858644052609,9.78592285131207,11.428605186314398,11.45831728396845,9.646930465215599,11.56101933365784,10.23493553922993,12.544277770905913,10.558871506862541,8.66157195344822,12.176738179001735,9.784644470045336,12.869833081586679,10.571228101887229,13.294503690205854,13.012075488591567,10.015922988483029,11.971913273219224,13.07773362344392,12.252003996686515,10.766919755229162,9.383225947575065,12.240747773590531,9.10749672393368,12.948300532769196,9.677226728763499,12.05020334397937,12.418540562419079,11.992413547152571,10.916922730487869,11.308722656801471,11.203203625586099,11.197638807863687,11.132291919480728,11.349558927621645,12.403181361646753,12.686829295803097,12.26703891627429,10.61943570545192,10.700071490635349,11.766480783537343,9.516497435478064,11.075254158730184,10.854351552544635,12.333874616417305,9.848823570858107,10.318187874387991,10.498131710706069,9.380675936871373,12.964811572281826,10.770588666882613,11.162613872398452,11.219472700602013,6.6620300601838816,4.804087482852541,5.925680285752201,3.9771065658660327,11.30020528353264,4.568609175119007,3.463761144244709,3.975884151155352,12.015536369645446,5.1317197168386235,11.067898428025059,9.219688525620096,3.9277025342058014,11.974287932176749,3.896774770853162,6.187924593203929,3.752844851566597,5.16890218105473,3.9202804019601536,5.836348860967175,5.752797796735552,5.756084678401161,6.427702816706153,11.090060200083569,8.090066977082314,5.436837573128946,11.503960645937186,7.41231027120597,9.957232132729283,4.0232759290383475,4.792389123012159,6.3319068869895645,3.753726547828866,4.045016072755883,9.201369509860372,4.445643133246321,3.766391725674749,2.8398422399413725,6.272032188365464,3.3773523475627556,11.082262564729431,7.871037806234655,12.035298852181834,3.3086245725965586,9.449028440546554,7.64841508579058,11.841038571845958,10.98585010363133,2.556063416015899,5.449698480919417,11.60751832884457,11.849054312424538,3.5184665069616163,6.8969125823991435,9.561319845024892,4.611287936833667,5.405850674852829,3.6834367874857907,11.570871154926365,2.9053167871859364,3.258080578857202,2.774850341305651,11.688323389744344,4.637905830718701,4.78413779069842,3.807492183909541,5.217884305170525,7.749189181742845,5.828269217827354,2.999459021502416,7.120741170692051,10.30729235786614,10.637848798650158,4.40177942362198,10.60083412417186,11.550239543454467,7.7625505171653115,3.671869088751187,9.729257258193924,3.812015173015113,5.493524012315108,8.84741722962387,5.361439922152764,11.008041850690576,6.898681378247071,4.902436298609367,9.289127996899973,11.068908007618022,6.619384420626621,7.070484868376336,4.038439958221355,5.840758215297408,5.7073408896973445,10.326657979091326,5.216376530355508,7.779333483674056,6.513827302587488,11.378750510552335,3.8786409159552746,5.258172271946989,10.619005919020216,9.795246541927266,8.513857998653998,7.014126444873516,7.485665550404983,11.848439858439487,8.969225263439592,10.655865214517739,3.8724898217795554,4.161411368789036,5.649052629695689,5.1959476170517735,8.638735092999903,6.329229148438568,10.340023293582098,5.822014240948506,6.620460113651514,4.525220566855103,7.141156056894109,3.7830139977359396,6.012268343339692,9.552113460962568,12.107330393688601,11.654275219005266,3.8019263819326823,5.550035671784683,2.7766056733888616,5.381548102065629,6.701161327945005,6.984692274932106,4.338946206152197,6.997564258471137,11.140814942140961,10.557573101127625,4.210610599014648,6.266687905536086,6.204235409418742,6.493929190926282,9.922683257178909,11.084882469002695,4.441729891043476,12.270491318453937,10.47684557210569,8.70965801273828,11.511429585014218,10.035344485162051,7.0508776387412135,3.2351415191904414,7.556700871377894,9.345024556368841,3.3904453290010754,3.444939234118578,6.040788061517514,4.8685196919371885,3.3527717670544095,3.593637983147732,11.40894363496461,6.282591541970436,9.994520226807419,5.065322909051815,3.8311879233566857,3.0012278380468898,3.9992886998315083,10.69167281592086,2.8204829883244855,11.553210898450851,9.697686352780398,11.021673047152031,8.341072585685142,10.696884427351067,3.6944496246185676,6.978231971884758,10.943298045126497,2.598977551700024,4.550078745771584,10.042486782810391,11.90680105425467,4.63259503034816,5.800019815078388,3.2845481939345738,3.2771662197311926,6.5705819492860265,4.319104291068041,3.796218916417276,8.561413650785823,3.4913858093009544,6.805582270376461,5.762515815956506,9.759988829533802,3.0767053823753354,4.257171311648119,9.410984158098758,5.094287327843625,6.361619173900063,11.5675845408619,11.536441676962179,9.71938033375935,5.804950790371674,12.402861103525609,3.983989259696496,5.479165359943921,11.592967676876123,3.3884315473024063,5.071114882152311,7.136854132251527,4.03471692677687,10.529482817666333,5.230245950860485,4.163573142870006,11.82505029339921,11.071585061914034,6.247940105131564,8.816691895583661,6.062009075130733,12.434183966156349,7.385609555634049,6.575587394716322,7.124399483131844,6.429696576750762,8.100025769368516,4.687677021098911,5.853002094788191,7.1697120953232,11.858404537876964,5.204260107771726,6.405465521190722,3.756809083114556,7.316744535201934,3.3606877709552205,7.183936792425623,4.845056580729491,5.635197908193856,5.017854021500374,4.490435203302434,10.516898549898501,2.7568298470519004,7.225790353013425,6.106677436876308,4.8694741280787,3.1155942328964707,11.061883391338165,8.538788147072813,4.588023982085289,9.828156742532022,4.402556788890996,4.862480244450172,8.106735745317117,4.439796579957958,9.383359727084171,4.635112147243011,3.9659227733418714,10.05897502630149,2.803307902534877,3.549912813587528,11.712229171478894,3.6757728155457827,12.170959514483911,11.212087661434529,5.85355541790334,5.147407825403238,10.909964374122929,4.298926323224885,12.666864490664704,11.244545477236425,2.717986261204486,9.436801208373614,7.054902995176194,10.768520831968821,9.728544394954506,5.367653173210209,5.270283137097372,10.779434413171417,3.929415817408703,4.492617639183033,4.876738953361245,4.540894693405037,3.4687366937630038,7.771604407067438,8.960880554790023,4.868184758120614,11.139529708143026,2.4706907727817105,5.814914564630634,8.012303839001603,11.909090846428667,10.59972455506031,3.801440937652426,11.019330583128934,12.306169013950987,12.090649302858406,5.014907165710643,8.68178579453835,6.91477732183072,6.808904640944379,3.9477016368379974,3.9338769362386024,2.9461723930911146,5.813074710510125,10.93161570366955,5.295040756973415
15,0.8748087181944766,0.738294547583327,0.9824001427647284,0.5811555008871888,0.7206398342623753,0.7277462191260049,0.7560251028073269,0.6972607553277789,0.5803399213001664,0.8234123618507594,0.7412762473886934,0.7449137592857703,0.7105780314859936,0.7003935517147387,0.7793995478906197,0.7980227226636782,0.7515742255262612,0.9844473244067872,0.7573101678602141,0.7466895976551695,0.7858566107909759,0.8853117965776426,0.8467412400235453,0.5614246426990994,0.5642234246908204,0.9229263696790229,0.7952528092343603,0.7361113107439788,0.6700023704872494,0.8065028267029697,0.7910736853687211,0.7521001083734209,0.6776803006011956,1.009933327424918,0.5954818253489056,0.8136426819710356,0.6982264518039518,0.7600056626845436,0.7831067090483017,0.659800805951074,0.7752998650139907,0.7824265731741761,0.7374624918364404,0.6951695506937832,0.6832668393108902,0.5877330493020032,0.8996599750280158,0.7805445829009734,0.8625355331809467,0.7558030479085538,0.7845638298141601,0.7722994496964033,0.8025784762382022,0.782668095353232,0.7116300121703694,0.6574637741489286,0.5791540152712485,0.7322919027349413,0.701213612552864,0.696174229520645,0.6853232987505746,0.7603086580165687,0.7571707149065777,0.7368128165024402,0.836355273246518,0.6891505965788132,0.7656958561550519,0.7420738964711435,0.8042298738417589,0.7779098706249259,0.742622885525612,0.8135334253438641,0.7601048663993736,0.7444716343666334,0.7627651151461161,1.005136134258384,0.7661505980251128,0.6964610854548041,0.9033772186462725,0.7981679221966347,0.5919020630528623,0.798349480612532,0.8717933492922791,0.7963204506943381,0.7732987482966197,0.7518019698977592,0.7208027214504724,0.7595249006300064,0.8713366753301109,0.716665644182725,0.6203851895691376,0.7285815314639336,0.6865424946709715,0.6861114048990736,0.5475551719613508,0.7549091106146494,0.7668671815304644,0.6840014993713089,0.6798401248751768,0.5844928400017289,0.7139678924600751,0.8187273403585287,0.7178335288486335,0.9589193928660341,0.7788812575286447,0.7076304829347457,0.697842974409301,0.6079078791910045,0.5288370618188382,0.736490904746134,0.6920146238135481,0.9738553045676814,0.7473992186306259,0.700269058757225,0.8948654220257347,0.7324542412514584,0.6834896380463878,0.7623823942068838,1.0201608293216655,0.5918726483534247,0.815821335708013,0.9182480991546612,0.7239994616801986,0.7736750307664281,1.0253849919229971,0.7048377811123614,0.8091235060463964,0.8457279281271568,0.7138238721369738,0.89688656910392,0.75364665029318,0.616109387766376,0.663756323186148,0.7975769659827422,0.5837299305405113,0.5910604721690281,0.6657514582772386,0.8032104328817165,0.6820991631974473,0.5272835899888374,0.7083526464257368,0.6663334523884641,0.8722715206546395,0.6181428738390773,0.7356154208877559,0.7675018697674346,0.7245936829043991,0.7859757173311708,0.733093163875753,0.777257959940131,0.7643284403947939,0.7354335356105204,0.7202429756516154,0.7408600670015154,0.7461408728860953,0.8957071354965425,0.7656077571934029,0.5957594584721801,0.6988161683627325,0.7670865355727725,0.6903869149576062,0.7543543855599951,0.7426969924514379,0.6162022289131854,0.9454978552091955,0.7517841676104862,0.5591482764822197,0.6040028302227505,0.719928197848197,0.5529424621739477,0.7587212790381531,0.723096775050046,0.8946981145633245,0.664890615228252,0.5371427853115863,0.746289891388275,0.7449808667475146,0.7348375212855169,0.8441138164022756,0.7938758311650504,0.8111581896099981,0.7351906507909857,0.7378207588357443,0.7023852654052873,0.7045132679210516,0.7835254688506551,0.6008967689557381,0.5316224783984669,0.6203698490552085,0.7513062458049431,0.6240548990765674,0.7450144360436749,0.7921159536761363,0.5986031854376006,0.5423054795121337,0.7412228171069246,0.5807661433096368,0.8225670086121731,0.4812678867972833,0.5912178317376415,0.7335908437380938,0.8688290928763914,0.9842130572109031,0.774722578245262,0.6868697562387768,0.7329402897744323,0.7672843775993307,0.7632319515308744,0.7442356186048097,0.7078611003330594,0.6943085886812472,0.8224027920136001,0.9295468667079836,0.7587075243901447,0.5309001055496341,0.6904878223632864,0.8359178794810274,0.7663313841924763,0.7328574160951798,0.6563048988825189,0.6782290159507517,0.7354629639641217,0.6991275775395586,0.5418422460010852,0.7080530196120816,0.737023900631978,0.9651414201584638,0.544370765524176,0.5537913455150512,0.7430997806191657,0.9204640066491099,0.9544794168675615,1.0758027210873053,0.8264889476035455,0.6586774020379157,0.8334773673028246,0.7094534579239994,0.7444161115195136,0.5498998091303263,0.6420458053976016,0.8834770489133238,0.7565486800628267,0.6063258739244297,0.6923367215243899,0.9378315326476402,0.695884515585747,0.7257642368826791,0.7355662026547256,0.6321081196049628,0.7229430141249419,0.6228472461549248,0.5411031076757156,0.7561090644440197,0.6272154173862555,0.733439195701878,0.7020484288386433,0.9930651663838569,0.7592682545666782,0.7657166986632009,0.9274976318322203,0.7488466136171626,0.7390072155000106,0.7982333132336178,0.6235324772469106,0.5832015911910077,0.7054902113658202,0.7284147436920301,0.6934886953399514,0.9359582656856927,0.6683750218436416,0.5936580569139935,0.780082537581832,0.9317054174884348,0.8008269039153684,0.7430533611224305,0.7250017990949214,0.9353800285301174,0.6509916251052414,0.6642254298298195,0.7963652398776292,0.7979695231755454,0.5434948148278843,0.6813538816748272,0.6490031104975782,0.7968665834308802,0.7552714989764752,0.7227755971534728,0.5805417632112208,0.840251611482043,0.7390908038797168,0.7641731112823793,0.6222053012722277,0.5526890416947596,0.68188064292062,0.782535596579303,0.7578162316914755,0.599515452877003,0.7621446689500393,0.7660083202349683,0.751078546779301,0.7385438604674976,0.4445188480086808,0.8698222679234453,0.47875891436504436,0.7181077363962503,0.5678393178170101,0.7601009605311129,0.7805700561671143,0.683287241444918,0.7760245426160008,0.847133798210369,1.1152888621424646,0.8438285914537988,0.7581195486853965,0.7024869917382153,0.4717453630574616,0.7966944287871377,0.7564548849427951,1.1803843349294394,0.5689361844391773,0.5582684024431789,0.5938002468239376,0.6693237352713669,0.4306519091390928,0.7806838523949631,0.5933640449776086,0.6043547936588864,0.6679741263971899,0.6768258338237155,1.0025360738828843,0.4825942439026236,0.6603055254115787,0.9850494585644823,0.39919330255457597,0.6344172734934428,0.8006632371177416,1.265270140412899,0.9809496727662296,0.729582756773693,0.9978887918734273,0.35160285748064424,0.45135133269181427,0.7550252447029872,0.6244338580979968,0.6450558814878045,1.284597409615682,0.5544466759489466,0.6359262502964724,0.8178823791176646,0.5501460091356775,0.46116095697671955,0.6853648165902071,1.2338626937524515,0.715781144248199,0.5779751949719428,0.6442407007543808,0.7291945927941964,1.5084615665743712,0.7852406242086074,0.7136333205502762,0.6453808013360384,0.9395709227927428,0.768494775987715,0.4628345131033901,0.8983008977663687,0.8288938872433114,0.8329676948572178,0.8710497704148417,1.2326404118052245,0.7929564335511724,0.7575486864833316,0.6214943798912986,1.3128413029708814,0.8201582323561764,0.8351473739578278,0.8412679202798589,0.4741504796209479,0.44280099340900314,0.7444939997876993,0.7498202533506689,0.8404826912703426,0.8418347711767472,0.7987226684459329,0.7306215543205657,0.9134667307044555,0.8890752583217731,0.8629514946652777,0.6151567853974329,0.8470201842328982,1.2245924881981278,0.6365272736060481,0.9776398603382893,0.9056671831200472,0.9932103038859481,0.6955694846287411,0.6359272187116528,0.7452946876107364,0.8157000955454629,0.7708439278848015,0.6309645423604324,0.722988739343851,0.5952226232271842,0.6193957169211621,0.7974236175620345,0.8176428338961886,0.5310416667011488,1.4096815876583366,0.8472307782869934,1.0855967699953484,0.7751621882111627,0.666133819840817,1.5242252251474675,0.7841500918640301,0.9206595858744989,0.9491094635075658,0.6315900492024086,0.7780753871229157,0.4701895754074002,0.9841579496971848,1.630125408919111,0.6303709101602941,0.5594704663299436,0.630570306383878,0.8251198981642267,0.5296201480764879,0.6110827390416996,0.4981469914658557,0.7874310340108837,0.43992458685107894,0.7921538335967365,0.7619189179366654,0.7762016815427502,1.509056984166836,0.7965369465023132,0.8787095358786857,1.2412877802261089,0.5314078688105331,0.5039693152281217,0.8890301066179177,0.46435139496089867,1.2227460969798571,0.39491684275429206,0.4407668913204901,0.7906559491823382,0.7862545849616807,1.0661474543615614,0.7879687337513775,1.320257157916831,0.5232135608091053,0.6982759148744472,0.8556663849883864,0.6337788994137781,0.9357877687444972,0.7567120565675761,0.9062841988859458,0.8288094928023437,1.2115728490417734,1.1867152290255358,0.7671205591624091,0.8164770534757382,0.7278007447120861,0.8822089730345727,0.864952995642295,0.8387228082150591,0.404802419581315,0.8332949657168819,0.4590133040915402,0.7839235678979536,0.841339986014058,0.793195859687949,0.7142303782686305,0.7761543387368371,0.7649633363002306,0.45701507842334294,0.7842740906461811,0.4442009961868434,0.809153384906221,0.5447744087089739,0.8419354661955144,0.7127588003958479,0.5923093771581363,0.5931368851462537,0.7971578440063447,0.6389473531633715,0.43552007505607426,0.4409171074228758,0.9803697375107039,0.4181998343244857,0.9921638677585638,1.0210261648645356,1.5815634097275317,0.7823137961052938,0.5673441738656267,0.678832394520248,0.4284116628480143,0.8179422095704033,0.8002543231475959,0.4768624583090315,0.8155609308115529,0.7071666364085843,0.7198632547700672,0.9052936678735679,0.8351785557215382,0.467230106326551,0.717628559644839,1.1204589784950834,0.5577785674410699,0.5509877323415602,0.8396098114148618,1.0251344347767548,0.8226736529832476,0.732317722235825,0.7721835227161152,0.8087254684563226,1.608506205149543,0.44727729454366166,0.7633017646666805,0.5862058392422049,0.5300752928716567,1.1176794099216059,0.513864804085527,1.2165491472067393,0.9069731252619341,0.6079325950523184,0.7729893291452541,0.8212200376905914,0.7861780909956659,0.8245867196313321,0.4741274644790565,0.8107590855186945,0.4435721820832427,1.2094567002313246,0.6125511913030898,0.6030117854435669,0.8736826609960464,0.5028286041136839,0.7364991886288716,0.9343192217743315,0.4986887149145422,1.0211685485601885,0.49174348541647506,0.8747473716887098,0.7340828325206633,1.2867125108266642,0.6442871270064553,0.9010439697945813,0.4657446001272886,0.4368177765312,0.7238206712090668,0.7743493549762984,0.44668746094303513,0.7650481349765396,0.37565656403692144,0.5479783590089993,0.8564299036323663,0.7474317200828867,0.8521668454511339,0.3823352168772764,0.6486583975282589,0.8911905362972032,0.5893179685101181,0.6068006602697926,0.8012866840616331,0.5027816194256782,0.4244570548703225,0.42392930200815304,0.5452978742428165,0.6760026245227725,0.7550608822371963,0.968460758603907,0.9136261542490841,0.8053190140484714,0.8734761554154025,0.5568203327021889,0.6237254528544666,0.9012430916635376,0.6043041698336437,0.5080575592629393,0.8301949954226931,0.7513559848670458,0.4991248248369638,0.8307452356357727,0.39103727713998215,0.6764238638810457,1.3170755115241093,0.707852063416177,0.8821558542533875,0.8502309775039125,0.5688038672752338,0.8330818440253709,0.4549155001656453,0.641724970890733,0.43432335523711363,0.9565665432847211,0.45049410339264795,0.957082181238352,0.899399394842632,0.40555437105330505,0.6496593609757937,1.0842504599865779,0.9541103346373716,0.7391652740574899,1.4608634241668546,0.591486653870844,0.7097997014072221,0.7977974514321042,0.5266243006571899,0.7933781851391953,0.7849595541958645,0.5964716586936248,0.8027595195710628,0.7001286977650993,0.5849483411531743,0.5745593675550446,1.3495502707791318,0.7580736395575767,0.5040092488734054,0.5653053411036448,1.0174757055322834,1.5633355055333764,1.361110886413545,1.295596360437793,0.6979759260382776,1.8732065811073981,0.7057594667710301,0.9852837133275981,0.885527493799597,1.7759572971781383,0.5141416494851532,0.8455834010714217,1.4594559196253216,0.962633957668984,1.0469262049749561,1.278112023255873,0.7717621600964036,1.0654642305605648,1.0242531633661496,0.5983289058507372,0.6271016849411772,0.8024749997539325,1.1194609979560572,0.5690764118620322,0.8052140463358114,0.6422235217512487,0.9382413232151098,1.4942271004646968,0.6264308228089366,0.7045667282887031,0.6956509125822652,0.5043140054599182,0.5634202612996979,0.778865955998598,1.046955208174682,1.3841353387326731,1.3588673879057231,0.5187752652191494,1.733352084612382,1.1081120657651407,0.5158916238662052,0.7231060485528205,1.4225980277992014,0.6298677313685721,0.535515558052895,0.868463176988387,1.70821566480904,1.1504060787292878,0.3666862885803948,0.6073434250926173,0.567270232129612,0.4637783967896684,1.2064536417058245,0.5814069340866352,1.8387026169173164,1.0981744095938697,0.8273214021479328,0.5728615688995912,1.5781780191984618,1.0464091717496073,0.5972316730193306,0.572278447321625,0.5851361374970636,1.7093981108717928,0.7172607379194164,1.2132952878617118,1.495017797648797,1.026679185183728,0.5295499341594538,1.71841603443539,1.3112230927262987,1.1216143192025627,1.5159170912487583,1.6677272571915618,0.5226404646594842,1.4184391426490315,1.2408208923350605,1.556831062229985,0.9780882040563166,0.6308830619876764,0.8216592513099492,0.9163447993806071,0.8482278281600032,1.241244120583605,1.0706819352476127,1.2435963972802613,0.9250240551110199,0.7268873993999775,0.6460983590401853,0.5516617400822933,0.5044925185060548,1.7921272880175683,0.45846045206078156,1.203652602012726,0.6662650041211113,0.5592928371069751,0.9004285957986412,0.8374398838808773,1.0711689578767098,0.7580957792127061,0.8507093975191828,0.7034498186515824,1.0329890737999812,1.4510890179073184,1.0925088883556464,0.9228348494083689,1.6609629123270757,0.9807694499632416,0.8931104689829124,0.6063296109361802,1.4543991446101259,1.614676513515461,0.9719477965746219,1.5965896628397858,1.0357449910722274,1.4094369483700138,1.7779946212305513,1.1209750469287658,0.8270534019494032,0.8192629216127217,1.1285901459182233,0.8255558997482872,1.1389345631951762,1.263481675945512,1.0783291266707955,0.9045065370686749,1.6124481800679582,0.6297641472297105,0.5743087618688784,1.6504468670466752,1.0716956284474148,0.5917845256264025,0.5232690658205807,1.403171323229237,1.6494275136978997,0.6187843036328009,0.9252260163884949,0.651865878689719,0.4447800537605955,1.3890724951449,0.5774100507498974,1.2246679167621257,0.5373127611635492,0.572678125781201,1.303090644553213,0.8913880911188307,1.5687693580130684,0.7361312521075657,0.555083705986467,1.7203928989063393,0.8887667217434022,0.8299931438984766,1.6576126796154913,0.9226132721946376,0.5683236032591953,1.0504081089607231,1.8123189092531364,1.320266829378834,1.4553726010670753,0.45450186070005033,0.8380986041796248,0.8431602955439333,0.45649864648531874,1.7601350038760175,0.9612468383246117,0.577271631326981,1.076580607472633,1.4945264546294637,1.5556412896395948,1.3019436151991288,1.0381380692133222,1.416235141814367,0.7863407181784887,0.5582988295731192,0.7711040042991902,0.507160309532867,0.986023947570063,0.7314319000363657,0.5772729714837465,0.5414308696772951,0.9043747667571794,0.7394960583565026,0.48721195478754603,0.741099346019315,0.9838434434478472,0.8680147755341765,1.3381166467401078,0.8183492984733968,1.0612319824842826,1.0316963259264227,1.1024011092970416,1.3548005917285888,0.7978159454165679,0.9839480725114179,1.2572189218425163,0.7977836948699606,0.5761622778037183,0.9360674093059757,0.684259103640863,1.2461167907090678,0.40773742507763777,0.8723760768302329,0.5760853525560714,0.5230398612940406,1.0632769056630142,0.5812003552491457,0.6266328099186141,0.9625154489729244,1.4286247721434047,0.6463923428314157,0.910815353089098,0.7240168755302712,0.9166841246604642,0.5131204465362444,0.8989864682362501,0.8019610714179427,0.7956369440232873,0.5884637751638171,0.5889662202395127,0.9323916937746254,0.6116797999495057,0.9542967901623179,0.5729846675956468,0.5736452166569791,0.8583691871995887,1.4336517817874106,1.7455657023684548,0.9116518077058041,0.6434820545864469,0.5847517947504778,1.0840351622809554,0.705521435618041,1.1529777551232463,1.632431575870898,1.0570691461667452,1.0422761397664342,1.5450968594659187,0.9296375823177796,1.2080907420933311,0.5766305356862604,1.2072386819455891,0.7514519666144314,1.384610799522765,0.4691121084898617,0.37290753195242027,0.5190302067247055,0.8182127591850273,0.754530198502403,0.8750014707925978,1.09510510850099,1.105672598644041,0.721764525228419,1.564292647317057,1.300922010876312,0.6153041116888771,1.1452383527192387,0.5483818787940021,1.0265889931262884,0.7225305102003919,0.8815760964183542,1.040914538444681,1.0112451292750986,1.3042284947627767,0.797207606143046,1.1588440012013679,0.45561921188300714,0.6094113833672944,0.7894372626981565,0.48908162347370054,0.569536145507601,0.5135853012217635,1.045881981298994,0.5437499295182241,0.9887073349590697,1.0327385017021475,0.6335278397177172,0.5839737041608157,0.5979623050199572,0.8889754793116353,0.9824800640945598,0.6548536295007286,0.812120759602175,0.8499091107663864,1.6288834067598486,0.6950228008990595,0.5389086448781458,0.8814404122831646,1.0624574943390628,1.826743352448056,0.43736891746582235,0.8733529830177326,0.8522329890779464,0.9430712013707366,1.126580243418198,0.44150868471397237,0.7535145241543042,0.9991808085913328,0.5409467760966113,0.48106913307564964,0.590723921860201,0.5969413979862868,0.6400189167362498,0.6951745372738806,0.47978145041774467,0.6454671672040615,0.5112974233785151,1.4231874280931662,0.7697043016210224,1.8475370372179643,0.5145169815627413,0.6333214622574741,0.5771564340118899,1.767997627703129,0.5358093198088978,1.2143956618608938,0.5064122197699155,0.9097837557332509,1.540545550625811,0.7451717738318432,0.7623127530787208,0.7543230927920708,1.582065578038528,1.4543166438460335,0.8698093083662226,0.7027775119917106,0.39862587166126423,0.5625093125956255,1.0773910482627977,0.7614382023518692,1.4110970192468055,0.5003880179014226,1.3462022371291875,0.9774684781377451,2.391408415342451,0.8236287367592685,0.6422453982529804,0.9701916497788188,0.9538405246704925,0.5155846212320275,0.9292440795452551,1.076179257698589,0.6425641386328843,0.66966766301098,1.5606926750113028,1.682822708687849,1.161197987173988,0.7979431586525627,0.4294217670936474,1.7707081976187475,1.0442521553775703,1.474473154203945,1.4963110390913745,1.1895352808663442,1.1227120536811175,0.5106036490466234,0.7746620827261278,1.142843487540795,0.7961397770914524,1.2317517839657244,1.1080979812646063,0.8356327488451034,0.6233154631523242,0.9412498310107016,0.9097427191761738,1.3596432036849029,0.8592085443546102,1.3172006596905221,0.5462029034291963,1.0765235442215362,0.5856459182732652,0.586696088516751,1.3898776819272722,1.0641547750027995,0.696554807508114,0.8397619566681342,0.981559020624377,1.4718744554466459,0.5238693438024349,0.5298986255005576,0.6771799520494781,0.4951261237807247,1.813947645543254,0.9440133731068157,0.6871085527704399,1.7166593443810252,0.952212326946795,1.2201679975984654,0.6113781780172449,0.5929940197201751,1.5870018352430166,1.499360988127941,1.0798747108691027,0.6831010097324544,0.8148201831199461,0.5642333023547575,1.00932576187802,0.6707781357314695,0.9516615734250231,0.8964315531398985,1.655288415328578,0.7609574489530755,0.5236847409821409,0.6333149477910688,0.7029784864383414,0.7495515084819272,0.8245459948768205,1.7214499539121435,1.7317193494991763,1.0067693127873913,0.9331682405187419,0.6128102307395819,0.7248670071876552,0.8343308829293749,0.9235960638933471,0.5052342640751041,0.678212342102498,0.6277637327816581,1.4275217555590174,0.8861659073781197,1.289767800550359,1.28592261991573,1.762822345922337,0.6185846483632703,0.5719278806615338,0.7229772902506473,0.565003262496818,1.2261098946151168,0.45024507450374945,0.8427011869857756,0.5791603635002363,0.42660763998493745,0.5015832103876616,0.5845725249889925,0.7397984117427115,1.0953133081612185,0.9091804936843865,0.6617644621160932,0.6028427350860374,1.5410399578624876,2.2046700048270433,0.7949702535643592,0.551175188781306,1.3743171967806185,0.5656472725082426,1.6604438800033534,0.5709870566740126,1.3228121396133323,0.572632527695649,0.831278791986449,0.5808513973130001,0.6030320858530349,0.6644511481961864,0.5850557486915583,0.6288705573242086,0.6500451804548438,1.3666243558114843,0.5641959599709512,1.0648524346396975,0.6052396499210146,1.345644413755763,1.3976962858808255,0.6887850964814236,0.6118910048438375,0.5985282817940267,1.098740633973205,0.6238700088321684,0.5870759359384384,1.2106725813090409,0.47572231893360095,0.7100936568878518,0.9521825029803503,0.5330564258484689,1.967178993884299,0.7261539430897606,0.5673969216332562,0.6309831729648971,0.5432667685741064,0.5931828216095931,0.699686194436759,0.6456169200683823,2.1264178441397985,0.7491466553726424,0.5908087040551157,0.38065545899206077,0.9839554545316924,0.6870215612598445,1.029696301947078,1.0405073668207037,0.7608445942655224,0.71389594829049,0.6083591805596529,0.8850897403285621,0.5976365148828672,0.59514177814089,2.048673496905215,0.559386035857003,0.5635001690984425,0.6318780208431843,0.6576764724975811,0.42651480478282044,1.1568811947424265,0.862913398497614,0.5985510824263784,0.8963351902899841,0.7852069908801691,0.6597787650233294,0.6164716280026045,1.1040028628604004,0.5792854485709301,0.4937584909986286,0.8173976045529955,0.8013062567148092,1.10144353999547,0.6009173091277762,0.5691610981503767,0.6943240957967223,2.230154050747981,2.873651164652581,1.5144494740604555,1.4687357656700668,0.9278509264693334,0.528489009797937,0.6050737550699546,0.8182686276715744,0.5851737440344533,0.5598938300629804,1.148166985035751,1.4539878155008135,0.8922332904250656,0.6048559458527064,0.8434391096469755,0.5935615697793393,0.6503669971601778,0.548520558567294,0.8321189266592719,0.5625014128856154,0.9968101754234936,1.0357243221400223,1.0247764401802364,1.057378931046031,1.2887175277014025,0.9986508851025944,1.0392583982233565,0.7067027375915164,0.9965569764826038,1.939790045219654,0.903587063004562,0.7459972945625973,1.6171463863391378,0.6567736207246797,0.5972158269507015,0.5513705623775442,1.139796301442766,0.5331693184878413,0.6276874000858678,1.1033589333581202,1.1923920936370687,1.9515459879721293,1.125298823783925,0.8494294735197795,0.6498928876829393,0.5971375422280649,1.875735990706828,1.0447789096497484,0.5757865360252312,0.5353326269480032,0.5410189868002815,0.8719683654190076,1.323479665816895,1.0678582905377085,0.4860955797881031,0.5021528759453195,0.6517565239070865,0.6313232822940712,0.9749708430171607,0.6761728701118365,0.6069809126358003,2.087285921619251,0.9125702202866406,0.8068608411689846,1.226374662541049,0.5942305939606124,6.627857480702334,5.304476118021717,7.658310520590191,7.360497469778165,1.2939647736914974,3.370501660403958,3.382210007501699,5.044593376609494,3.248221239418964,10.360092508607925,6.322888631807723,8.757115559485973,7.353826883929985,7.943291224842337,6.7649645833053365,6.050466417260033,6.058063020490994,1.6459826820949777,0.985982769333112,5.4705470089432815,1.4193796671837728,5.499457854549273,3.074879875701765,8.173605542871288,7.172013883654812,8.364069741663755,7.9800800727601935,6.6874483816644,8.581893828711307,6.447618626793528,6.828014878306848,7.597826099546976,6.053440780820376,4.155239335876261,2.023239370248602,3.4710809573595514,6.044062639806593,1.328331256570909,2.2245800929934463,6.448003731475879,3.1964729313993723,4.8819663202463355,10.261770833525121,3.594725341314962,4.836063036020766,0.738999350708082,6.204462606000879,1.6787842599385803,6.518285578054931,6.805335101874731,1.9222704872190943,7.21575434506046,5.188580894953675,0.6655244998713282,2.562782131918344,0.6488509403720175,6.3211081855871605,3.8533064532838175,0.6587452715410227,4.766625562062625,8.016232133490163,2.039240411600766,3.8986537998844315,3.1194011168281492,5.075033352717617,5.420107911416867,5.754437355888064,6.798996626858837,7.716864008063893,4.5347400817217345,2.610085980406225,4.88599574115094,8.936883155902196,8.269218657169638,1.6093171197132539,4.708316265173437,3.411193612222292,8.1663657258509,5.992437642234951,1.60091273282838,6.570467203891168,7.085343155120974,7.628739703214551,6.461229247941108,6.863213612432685,5.577987921058347,7.280732820519413,8.715369388366215,3.6879700378443596,2.5712755718291747,4.490626172565568,6.901957972350239,9.515211935996863,6.459353446375248,1.4197967720416664,6.223596883793889,7.31813644396791,3.5274514547855857,3.635433139856714,7.818950982414492,3.9008631164348464,2.040195967847157,5.650079281843611,3.2917652145005074,6.192036853254268,5.45598632478673,4.486340663385345,5.3598271151380805,7.740251654456148,4.227383496753611,6.932907522399663,0.763970535302692,5.466617140631588,6.95842078834707,8.918621371738352,7.203803682270449,4.896627707061233,6.6146301334060675,8.149546843459712,0.9254480379783359,7.0404342534593765,2.6242754182764525,0.7108830103835042,5.66689156514692,8.68528818936019,3.1578276043419176,4.99892872589356,8.331930642279088,5.407787952837725,5.622044675495408,6.951137504211427,3.8998897587651578,6.3797975518950185,2.509461048972281,2.3667288169289415,2.64042533876005,5.435549810036791,6.392774438504379,6.29665348371065,6.637436725863146,1.5547055204540334,6.3745104395929015,5.902186681835806,5.755862722750266,3.7195187580255684,7.639008525790287,8.770872645632629,5.6950663720284505,6.004052826340034,7.953973042177549,7.000924546679085,3.549870995217871,2.5422227413490868,3.1140116562419484,6.341051607428237,2.8655622917962797,3.770837897151205,2.3803790017418938,2.158785130703782,5.442588268044227,0.6765868334569755,7.764462749052674,5.935187955169686,6.286717305580374,1.1781944344548192,1.4227238664742146,5.662028412482804,0.6998391061580762,2.7342406504520067,6.136103991166857,3.4371373685047217,2.7075695249306406,8.091857057806045,4.420193729627465,2.9100050255200087,7.225684601406568,2.844316421858366,8.31973379962863,2.284643463707354,5.871508593798902,0.9010300713803032,5.4960178462519815,6.58052048308197,5.662027718117231,7.8918517937455475,4.636232053737115,3.231840671037759,5.2942001161286205,9.36065943499452,9.75660730310829,2.16861533968124,7.055861881469291,9.59510689289175,6.752876819440714,5.550817534484164,1.2692590330247258,5.641549248091548,3.1924657412669752,7.019613880634066,4.21457634127283,8.966415381101058,7.584416060330462,1.284999090486417,6.397117982416828,5.590084625236613,8.548321734173971,6.402751271755467,9.012922636625788,5.615148731904767,5.443847787385358,6.111237851767692,8.35250286012442,1.1782282954143484,6.777235640730676,2.7243058661067754,5.409014951263223,7.58379876388286,7.8873996116589,5.17603648385207,7.720141988002916,0.6271964724061331,8.324885241960116,7.323510967375424,4.420945896364988,6.618647952511383,7.394170794820924,6.282023625423482,4.203386332223985,0.7564534739516897,6.915880130460895,6.414944371184482,6.9338722034868,0.5973273176077057,7.794409135585959,6.493456215271914,7.038411729475473,1.1395756374769233,2.9616886922346137,5.541180570213469,0.6228017524142678,5.555952026460968,6.729864303885666,8.239392567226867,6.459423860885797,1.655401505092573,3.695816685433076,5.794735295959908,5.438372967945384,7.749705519871258,6.260645946338842,8.178313594762367,4.980484557488008,2.977836506074042,0.6143234984785592,7.009907245785073,3.795071424794802,4.626678302511238,0.9557527059397882,8.668262877405036,6.718683491520597,6.419099924337076,1.3825693209083691,1.8314955514373992,6.649857720860349,7.267844060291469,3.7899448842906103,6.22443108508572,6.622577928131531,6.585416419461064,6.4224474207281075,6.603103122546239,1.7460374591371024,5.502061130788536,2.37125651179032,6.496569686019064,6.536398186964002,5.472830693994114,6.016046232999908,7.401693633994889,6.361677958255993,3.7590451598674166,7.488538468090301,10.593178137925563,6.437272089442041,8.055277006907465,6.457418529054961,6.091257385055935,4.616426974958519,4.122169147655096,7.677333939521352,6.400059614467427,1.0092806337864377,1.7187901765675735,2.562891899664236,2.6207590885521848,4.990029002394339,6.081661717442212,6.258693347672926,3.2407346284969747,7.611007739504467,3.6650349952532197,1.8540008801870396,2.2420921610118687,1.6122218326674107,2.6685169401103264,1.5207137553428784,2.164135574891879,3.721731632022149,3.154971495034696,2.4295936694556963,1.7187697102842119,1.4067806790239397,1.792891182456404,3.590278795081744,1.450940558085541,2.0757831956339214,1.9557109145142593,2.25030032102768,2.0216503179012215,1.8313193429279675,3.483627463134652,1.5023434473753146,1.6972586407996035,2.894394283033504,3.4452620185647715,1.6954110483424796,1.330450340253287,2.115710923839241,1.5441893192478304,2.2679806446010184,1.5813279047130533,1.3853784281900938,2.2867610922918935,1.9744164727400648,2.8608004034870675,2.288547578793876,1.697386216639745,2.5687931758420146,1.513395113304916,3.603070437042063,2.91160548690036,1.7451517705431532,1.8007697538978213,2.99989380420285,1.9993195287052339,1.666814389958685,2.935418989283122,1.3095995246652976,2.9731821386470507,1.6482132765743598,1.6653955864332184,1.570442558749886,1.414222843449676,2.95087497051506,2.2964675964279033,1.782021298738776,1.8548245212511945,2.0079042209525557,1.4019366898696544,1.4512408041048364,2.461223372050894,2.4606056190275134,1.6220788477978498,2.0157226901538063,3.8764621989806707,3.4782567764150607,3.207076967889615,1.6001928174072544,2.4308786262851725,2.8058494294073073,3.606003314104012,1.2402278132069557,2.2296768904252415,2.223737619268636,1.6248938233534538,1.6530311697490319,2.0710772585846464,2.0752644212182765,1.622238814036249,2.23944327358466,3.5691750222305108,1.6170402902198624,1.5388556464093177,1.654670654782373,1.469059474629645,2.0100867685029034,1.5307001118966133,2.778957727238522,2.749814926401577,2.542581194889005,1.733931922964973,1.4530224186305123,1.365739353007634,1.578336488612537,2.116122036573249,1.5019168045494171,1.245896819640063,1.4663941553511424,2.6150640080474825,2.410798598400388,1.7077475223734324,2.2713339223056987,1.8535134553123904,1.7653400047695924,2.5381093952273717,2.2850481910362657,2.9982208259032626,3.7151586497977633,1.3976324674956369,1.5571286656555947,3.672296731414422,2.389955495579845,2.4940038684309216,1.409141306415206,2.3719775437130335,3.7240510346023235,1.9769904202003714,2.0570468873421888,1.2080635669011366,3.2557078564749693,1.2575841535314614,3.1069723941455303,2.277095174925133,3.1420978119991956,2.0224759651415556,2.2497796871425586,2.4527862134776597,1.451249942180028,1.5366264968014232,2.966546383215066,2.739574859942912,2.241725348780714,1.530974534991407,1.7183634044615774,2.585816286244917,1.541382566202724,1.400878475647596,3.8853049114734706,3.0482664636817876,1.8291002689909321,1.7054477626262972,3.621125054635182,1.6131552566820107,2.8781864513412643,2.5139826930999076,1.8830352179409744,2.801088998312999,1.6089823592495411,1.3034897929835714,1.4837362935925045,2.343691424443497,2.0551133395911587,2.847708763488754,1.375668843704087,2.800920994168297,2.5161674422449782,1.717065307186545,1.3715458362028,1.6830971397558625,2.43831820970746,3.0298661628387134,3.2163455506632177,2.118147567684577,1.2918485391866559,2.1585776445092186,3.8432969260850207,1.7683176441627313,1.5021071303862408,1.4156793530351446,2.196309776359526,3.0693846241533755,1.4921939141761595,2.290331684572187,1.7944913326628522,1.3603332071576872,1.4720612242043363,1.3512657350887638,1.4683627738106795,1.6452277277966088,2.2207756586423963,2.220995522605779,2.556640640985748,1.983344868203841,1.3523144474730355,1.5290612095347944,1.9593332333592537,2.95622077298905,1.9057842949943145,2.607804086505792,2.0750772791656993,2.2084967337914936,3.519131669057374,3.4950932023956085,3.614638505019539,1.709837332935128,1.571927165879397,2.967558799953958,1.8029613159425912,1.9398703194059332,1.3814516017463156,2.224077375509922,1.7292572841376472,2.130602496027717,1.4230875383246762,3.804631831627766,1.95792233268655,2.1112215036043236,2.5958190628133018,1.8759059333626136,3.6322889669378005,1.5090132408097476,2.2291089304885885,1.5845711029151281,1.7464807385126984,2.5515129378490813,1.4667693350734503,1.3463289066163662,2.685871081763235,2.362997671984818,2.2747415957744432,1.8139527511032225,1.5174314698182638,1.8482627845550084,1.347484332078286,1.803191718428326,2.2401632059329715,1.6864557472882415,2.662906980733846,3.500148596972413,2.5721668469389587,3.050878211350914,1.5238421145444792,2.9410537724347603,1.2515288325028502,2.935120635552138,2.5719912246058683,2.092671427861987,2.014037493158084,2.6111246909018466,2.219897930810918,2.044725333738227,3.1126184168104936,2.5408493045195817,2.6359271643721818,3.628827900113416,2.2485471311269514,1.5295232849179299,3.419330397887875,2.3699143380359633,1.5743859975913215,2.4010431874201723,2.6830641723660924,1.5581355998932818,2.696273338637884,1.9159591028070508,3.4261737102603993,3.6635621798198246,2.552395395943903,3.2481144316881836,1.324387980314745,2.4646586626762317,2.7251954365553885,1.8547370726841026,2.194598971722166,1.4919961021929187,1.2559283224023006,2.747393267109457,2.2954385279775447,2.9573310903771284,1.4288494803574776,2.299167253483834,1.8473661530398668,3.5110445180589034,1.6573670244441971,2.9634055694540136,2.8626904927471775,1.5012096059247568,2.0169954996055783,1.6197007822071843,2.7020871528633745,2.2580813424144988,2.2348951997110795,3.0614914554826558,2.393208036526772,2.190147301746228,2.0408644230461865,2.8251117046652823,1.7142134685950032,2.3346918783785755,1.3857039378614617,2.0841807478020598,3.0154565959799506,3.656510951088684,2.6918197801983976,2.1292341840827462,3.565761249847909,1.3873627522537042,1.9394328640077079,1.50935336258049,1.2761921780186292,4.811641538876826,6.81217258010357,5.012737938998481,7.901507748170781,2.3251425373950623,6.495557783610181,6.990533727607368,7.135783231349127,1.6262390190727172,7.051942721928223,1.732598471199681,4.620889957026208,7.087629618501304,1.4614839670330786,6.928176054942463,4.698121113470212,7.070670645580301,6.218410023087403,5.945135338685381,5.942170081403883,5.9008708860363965,5.927691774533183,6.048269448117222,2.290315489268744,3.9370861809457627,5.166603909363943,1.791835087511722,5.312504873597332,3.089538671280893,6.542968469121323,5.6222737592549095,4.661206399127405,6.143342921076262,5.964221865852644,3.479216237025508,5.106730356118851,6.6491568496284446,6.7892567245960365,6.451955655227841,7.633980507106338,1.4231657074017077,4.852875258271544,1.4307945328503013,5.30450774996717,2.5955241486435456,4.22986448516624,1.9895350024333531,1.6041490375522829,7.191919923116075,6.813054760398831,1.6498995892404271,1.7925308846684949,5.344267361869554,4.444279367261582,2.890341097224402,7.631782181419692,6.125536042300581,8.231219698355385,2.1123696432492403,7.797109079578727,6.78778601411603,7.310789898615056,1.7425526736234858,5.700936162269489,7.428123679591644,6.928323872434894,5.702212639680078,4.251466652453353,6.62638367362311,6.12113108742262,4.612717722400903,2.1232454799761658,1.6028152079660904,5.364618583672066,1.5431743161858844,2.125420292669411,3.963739729165912,6.40185442492392,2.398643514100995,7.578578425547712,6.351329468678191,4.096204765629901,5.444961847725542,2.232017011073941,6.696240987465853,5.429801391517593,3.6409406791560035,1.9429087892759076,5.269989333385003,5.848432017452524,6.707645561228733,6.131158204285901,5.702998492030629,2.8811689647455117,6.389458565651717,4.745798552586071,6.274699822282086,1.926534270631734,7.037741131545751,5.831175961423259,2.953538477382452,4.467922341107822,2.690272425588094,4.445263689638375,4.344280103469157,1.5596125728768024,2.565947992567728,2.6163410555000985,7.27614462359712,7.143710649475902,6.450131065454151,7.148726232055112,3.7602897588807562,6.19966912386321,2.7675501936489972,5.203630082169648,6.075280874760447,5.25208899369923,4.285024814740574,6.448664709352695,6.566255184758305,3.8249176547842767,1.9291001474945257,1.5894808249610717,6.481191957050865,5.366435333249463,5.758056285169655,6.794231468515206,4.29838201653214,4.888163203251101,6.614467604741434,4.1138146581665715,1.9418028310813307,2.1345077698920365,7.661317726309872,5.448107648361287,5.004393725624275,6.088767473040157,2.6935814804591813,1.45304521836393,5.59327479186782,1.53529492799254,1.7878734042809916,3.8641027011329623,1.5552479538328425,2.8359289025754535,5.290038260388046,6.791509883163002,4.424467705629482,2.976014820142808,6.815017339469499,8.753956083683454,5.77195505520724,6.684780079076516,6.043858850154769,6.232039805825304,1.5417406796699147,5.969282720083294,2.553221980550948,6.378842782132485,6.374707795714386,6.641493043737268,6.39947762129192,2.6031665046860635,7.330137805358511,3.4227796666474024,2.1166477899880407,1.4982735227420056,3.8988984232420227,2.8083451508258914,7.742162990495201,4.690305411824998,2.467694194167556,7.462548408818736,5.762873188340864,2.116566579981417,1.6645188387530367,6.612434460720817,5.5913221076284465,7.446612085113256,7.722784898065444,4.681460661433543,5.924876484906191,7.05400775679318,3.4992211558372053,6.084168763419412,4.318472635027158,7.360599133323985,3.100338460928401,6.597673477228294,6.096280787607735,3.8379204829528866,6.846611336515373,4.324284356846613,1.574735160993976,2.207489626250925,3.013146839985569,6.987046114304264,1.4194993383622887,6.572351743618494,5.117454839060569,1.4060399273273378,8.416197728308852,5.886333791310787,4.860122557910984,6.333563806205751,1.660818748444952,5.129534990245247,7.901216916518588,1.5057336151398926,1.8461200242560714,5.153260298729389,3.828409707383967,5.358485339779161,1.5815450115114522,4.785507910647844,4.8861689692914885,3.6090071961733035,6.0225761107629765,4.115160087092999,7.595600967644498,6.231525584701633,4.008727635864119,1.4897777528619365,7.292747764230158,6.144643417078644,7.850852579660256,5.668644693950089,7.147718104342171,4.274469314041138,7.262965890492849,6.067486961977525,6.004948531807117,5.874700075881862,2.0759240466181197,7.709098238121739,4.474495376181093,4.969109158664486,5.933297915629447,9.016684045600902,1.3450953256327218,4.141075948768078,6.487023023462408,3.265368505297599,5.4080535776703735,6.476921010718483,3.598240824247955,8.013256443727082,2.954051185087355,8.28290399763569,7.2361134102903035,2.8349565246808064,6.850772420908744,7.770147877168002,1.5995648589194695,7.99743711864956,1.7339627584732564,2.114898655280558,5.226453676180768,6.978790777091945,2.1335702341384173,5.763772297746476,1.369375730584417,1.9091817874907149,6.538422597792704,3.478294984728863,4.6438742419025525,3.0193179246895183,3.6445875323455144,5.7564494752332065,5.295253576864517,3.1416676849290672,7.658963881416543,6.329034909394419,5.08413464764171,6.368390787007325,6.409087846129575,3.7640023338975053,4.4279330700142845,6.417438439995381,2.671973314422254,7.130528440080857,6.736933767944917,3.827851054722853,1.4130259209722276,1.5223815518172992,6.913939954106384,2.4017000334888876,1.587773097335771,1.578944772442574,6.123036299703039,2.722224917007971,4.215772586553945,4.9437607091932705,6.76597270781631,7.995340949825647,8.180248139575262,4.782577243607635,2.050506011556866,4.392990163005381
16,13.144760590404223,13.221226023510015,11.6715709448402,11.474989847737245,13.802214946346131,12.754498064462638,13.721120058596231,13.66899732183071,12.768934001834495,11.887954834371126,13.685874134837167,13.121586168095385,13.13978564166671,13.132271260772267,13.162872872748878,14.006934079858821,13.719840538255767,11.65249231124418,11.91019049409556,12.987910871069298,12.983035769310282,12.509571041704643,11.667966389202883,12.970468611815345,11.568528687205612,13.087107444381537,13.938778735740396,13.23877316657325,13.016545983657613,12.581370547287236,13.380677647761162,12.995171421833282,12.334403875017728,11.646737943192038,14.283633588283394,12.760188496633234,13.04223589470206,13.755686445465939,14.474500615434142,13.145595686909422,13.10730321070039,13.177100200075792,12.04352337953485,13.736153908549555,13.700440711136904,11.565670633069173,11.621774788734339,12.684721132190978,11.753730530099862,13.061732787640032,13.898483122531443,13.087617501880116,12.235479751259343,14.286281279946234,12.07423163491473,12.83901542660522,11.209616494531682,12.912262093725746,13.14481220378531,13.633832342211457,12.28617407184855,12.463188354048507,12.604940569686525,14.345223076801242,11.87893798626795,12.123579445159626,13.443700133245445,12.079099750675931,13.091652919427732,14.06852114713739,13.50104472863511,11.87708573215411,12.990214785699491,12.889407634457609,12.611349950109636,11.7501578452347,12.145627378268006,12.555339005041768,11.559279038837282,14.301082738461448,11.291929608049532,14.020019346726503,12.46756262806598,14.309623028964387,14.006091009075686,13.202363065365422,13.38226715438709,11.551081310159093,14.549059992113687,13.36083477809939,12.958989889161781,12.996456903122333,12.126536107196149,13.446182681396584,13.382285745877496,13.168561980323915,12.969550385119357,11.993551639743139,12.277232746635395,11.558537693628267,13.924934328000274,13.170715918320717,12.171733005436536,11.386728901586752,13.114870924319558,13.140755504446238,13.055733675667572,11.522662092230766,12.540016881901344,12.688933236023727,12.68486230503259,12.590935580024635,12.649499334455168,13.582244623435178,12.29308899238706,12.732423017707799,12.614167227967165,13.347964525681418,11.181730254089437,12.76735150105284,13.790289920212334,13.150621843349512,13.007730993474041,13.099130837327198,11.160250875031743,12.360723597581915,13.68947427667257,11.623255379595852,12.30358353801806,12.434155330912873,12.164176554458562,12.771663252137577,13.467301264826101,13.993478493626254,11.55902513979194,11.289310302702738,13.137672122847436,13.876357890687773,13.099729544610087,12.522337343462523,13.45722396560884,13.39052277695495,12.422363460482035,12.567748260245486,12.906061128818907,11.583756997145429,12.447274304143745,13.146031718697202,13.226286404129569,13.193471106985314,13.374230533159507,12.145965518819235,12.710821803044842,12.952498401789354,14.305041408610181,12.367698025311146,12.891329738460811,11.546688067878184,13.749932136308631,13.92286099274584,13.04103043312579,11.546207957266134,13.522256972309334,13.326999425600027,12.770185651014534,12.970437821847588,13.03362834533301,12.93543987524453,13.400387345376279,13.369475647441549,12.541341317438663,13.378121489999591,12.49135841407542,13.115393827926177,12.731987172298062,13.122699360902956,12.796069961321416,12.123963809755448,11.500378286866507,14.104175774487976,13.93432531742139,14.293678169750248,13.01468957373969,11.965393719739515,13.679871187041387,14.282781434251788,11.729268380582141,12.51654891640945,12.970200820690913,13.274990880576505,12.573589472788552,11.87126221127714,13.358444526677392,13.339454852444273,13.335975370743434,13.185247210481466,11.486414877895198,13.324092514756721,12.69530823568557,12.764738641991384,13.354581848152904,13.366909277426611,12.561231528385184,13.385244252215465,12.979727486510502,12.85655987205912,13.158127472556396,13.330070796640651,13.371482886162886,12.743043056657973,13.682832073665415,11.89767191319423,11.510004403043473,11.592299571264979,12.616908949427751,12.636633929698915,11.862974931076591,12.434443972845918,13.105906206820842,13.007937403971637,13.735798914033428,13.689011913368997,12.16836457902797,13.356414917541294,13.140522809025992,13.009038241595137,11.338571984816703,13.370913041401895,11.192475979432741,12.99077217691594,13.040323687646405,12.75617376174937,11.542949761931213,11.944168773799518,13.028750703473388,13.77323694153485,13.911337208239384,13.124122664941087,13.308146430286003,12.200834353814118,12.497192524682026,12.528226426200684,11.471010308012225,12.986288904533371,11.305110840366028,12.594920484003909,12.118669092157162,13.836010157159995,13.103060434626254,13.693708625232613,14.240205432494523,12.547404784353004,11.615025601999438,12.580202060594491,12.373038914850614,12.375515410416714,12.907207955693737,12.889869509142198,11.599945827630723,12.340430207748897,12.626211758933206,13.016262532085088,13.333265239223845,12.80143176109432,11.541418143520326,13.147876717307769,12.969265896817141,12.673210419675536,11.641796526821631,13.359802810827922,13.381038663678016,13.148199745567759,12.700711015942941,14.142742769808573,13.678655336798753,12.34984536159751,11.33135428088713,12.664351090363956,13.01859221604442,12.240297356922898,13.990340925911664,12.296200074798112,12.961740111329267,13.161500390982917,11.561147403044625,13.704086731233318,12.879282621876678,12.857982596863366,13.229149949688223,13.06774315569053,13.170938213007636,12.649456855749875,13.378442991723524,13.518460627318024,12.007817221785169,12.999171058384425,13.39813678308758,13.453279432260151,13.082142907717405,12.073067161334247,12.878834374678135,13.831793179047782,13.538067699637377,13.405829224703869,12.074637766515234,13.377690039461983,12.031885874652271,12.260667235190898,15.461103438731568,12.609539610269197,12.179383797540032,12.808841931425222,12.227304229411352,15.788894449429991,13.29821850528231,13.930263091815645,13.314399405501636,15.258275382451636,11.95873005973181,11.823213361998318,12.510688736281779,11.61922934337513,12.694337875523521,13.11794255064866,11.473762840908355,12.64117490873097,12.90259702168909,12.687571002138231,13.160593154207927,11.863324601103889,13.631777543414247,12.520566020226047,11.648703990480396,13.801643201866648,11.222163735688474,12.276291244742442,12.018752173918815,12.062612873610885,12.116395790216373,12.874740254249735,14.920496018369372,14.326632208302552,15.773637856599478,12.203848562333029,11.264623580418183,12.279593733635753,13.828465116752147,12.132440388313986,14.820081030452586,13.388698753512813,13.286461771528565,13.586150819908374,12.987480030825258,13.161332670087967,12.686954698437205,12.645479758645468,12.89322267901117,14.100788056894574,14.536443361193538,13.157880817495167,14.430315496176624,14.997928358144472,14.66789906362165,13.179466574923104,15.13254360250291,13.131800207164952,12.83705104132188,12.264307945907257,13.262208741029998,13.298754054436355,14.348894576703279,12.13867941695822,13.438733971085863,13.217126263736919,12.527829458662485,12.251038021056747,12.94130506246578,13.953083343391219,12.755519085198546,14.335779724860759,12.472126892647111,11.470650630866542,14.080283057216807,13.495000621048726,15.151724439771698,12.876116492750759,14.3869119258586,13.6784714421246,14.193639292845216,12.85132026278418,11.200076077777595,12.253120119899343,12.957143609113148,12.759893544537107,13.089767651025763,14.484036174129185,12.302308700414555,12.105656653192929,14.27563258305429,12.710427995060213,12.12038289078916,14.271562935329325,12.638126671316478,11.723661013261863,12.276868309599015,12.505293026678068,13.967772719538559,14.119745992642164,11.83223289400943,13.262749798710976,14.317743786259376,14.073680498544466,12.016114707523167,12.779021823706376,11.636592477972469,11.373960100228075,12.180158105407603,13.169789332982106,12.205013799600257,13.890248190803664,14.345690937688907,14.955090224106831,13.309729884720253,14.729462206351736,12.239416535203915,14.104018272591109,15.042879729413892,13.058117037025081,13.62233934071084,12.325702217215893,14.579448643141523,14.000330075946517,13.848426502932236,14.620152810416025,12.581429755133989,12.950667211494189,12.52802649768387,13.109835955877951,11.707556574367214,12.360561261261052,12.893365119753716,13.951811945853999,14.369751516193483,12.32702986505643,13.913575603557911,13.062974887009723,14.336409106487078,13.434258588066983,13.228160090686728,11.470025104040035,11.653698954510293,13.149891760304298,15.011282750795923,12.794648755597516,11.646232425175572,12.675858474073829,12.98522522061848,11.42300497746694,14.586816164679833,13.068345886370722,13.90997099678037,12.058789554711229,14.660631979084219,12.828367156827328,13.779650872479722,13.008975117162995,13.38298299462114,13.078613017788483,14.205265686903921,14.713893101292937,11.490899092892157,13.180572826653984,13.017151235265139,13.70212108696725,13.07994060849398,13.177453754343357,12.815433270761373,12.682954914266828,12.178710076915687,14.05994315925061,12.581548615339807,11.82612350273521,13.92135119522943,11.222409852039052,13.206525905952569,14.032931504162145,11.494344275149022,13.639138028671569,12.860334724363268,12.854311192193322,14.080124260976092,11.565320223799498,13.539923982080488,15.52600456668562,13.714298625751287,12.119063983822132,13.635564240683994,13.322544453161989,11.504097663780646,13.644214708460913,13.283406878620482,12.89612590546597,14.16944058393993,13.111561029987115,15.173240474482876,11.898709805051293,13.931918774273013,11.661931049411805,14.205227585857367,14.269477725517444,14.712567719645477,13.19746544624307,16.025465135153517,12.271259466156767,14.092408362380638,14.377154373648994,14.672368285598111,14.181983655030356,12.699445767382947,12.22391315162025,13.116165046798507,13.227897683112454,12.397884385564051,12.121097268980979,16.03357807040618,12.678777129322324,13.147814386108122,12.283112583695287,13.069560973910894,12.491356413748637,13.065523620076359,12.999159787374271,14.101059584526048,12.587661490034757,13.300346424069094,14.732363814209702,12.933845859197415,12.797738081797219,13.065750392941094,14.228264789049712,15.020649909303673,12.87556151390014,11.171053305738104,13.023167266417946,15.250507108500377,12.851736643668799,13.674826210598255,13.094923758067358,12.133425121613962,13.035851975512292,12.258854504123851,11.148142818329276,13.5572812747375,11.90017019651202,12.233697252850043,16.016222501673585,12.192452075975623,14.798146200441481,14.218129585674877,12.930874134399865,13.335748696308775,13.560968585692738,10.656611542471476,12.080624832597804,15.374265040504165,13.377832754075355,14.210835555741859,13.550355416129221,13.355572399518401,12.735719730843185,11.451490737140205,14.573738696140147,12.244804882043093,11.923435308928285,13.702650941383466,13.00826420285616,13.651276796862442,11.842654935495,13.011179152377986,11.356642104832368,11.840659599974302,12.322631520561936,15.450849169369851,15.118756708696695,13.071048658674236,12.152302514771169,11.521989142681191,12.563819130912965,13.086900517109319,12.477498538685925,13.840348991884438,12.639552157433425,14.942099391623449,12.0083099008436,13.100872399975396,14.20162918841968,11.51125485736431,14.710883487785592,14.722135450476484,11.80216173325282,13.373886892396088,12.473275422593607,13.705656779791763,11.54038314595496,14.07538472192088,11.732174403288655,12.630966411285335,12.75497094944705,13.590017606550614,12.925198745198168,12.746083737483275,12.430855083150181,14.63957963606428,13.400365480036074,12.657826702293644,12.503746230083415,13.459230913274162,13.679360325510496,13.6540373469066,10.727911548785174,12.107730520668882,12.056832820170193,15.131812685271782,13.24848682310767,12.622391405316241,14.628217925010187,11.859491354181392,10.006136621494427,11.717781603806902,13.158349082077672,13.547209630745689,12.158047143882051,11.644219639601422,12.166921155661313,11.715448834946327,12.498602005598997,13.115765372507848,13.426651726602211,13.528544864694537,12.65663079639533,11.198160595443602,11.736974419543653,11.852763195426522,13.38450603897853,12.124134584819613,10.315451674968047,13.033722551947127,12.823831736122493,13.559055295685182,12.059814618474986,12.679757681749209,13.517174905347918,11.44118152454362,12.374357624546173,12.148451546898647,13.846953828550971,10.057867058524433,14.10002742080595,13.125247953607621,11.415810006539726,12.791358836639454,13.143843214870573,11.758166272182034,14.513969409331038,12.890543816848108,9.767633134646724,12.776671769457447,14.445023803728537,13.306617646933915,15.373701791053158,12.650531531149305,13.525282823970114,9.503257038193565,12.561271042721943,12.425496531365821,12.342468756469124,12.25729070665113,11.362151857991128,12.86220441327855,12.839882134951239,12.249998870940168,12.460866031829333,10.678063794044705,12.791927246729925,12.80300211755296,12.25280860875815,12.821930594714711,12.402963162531016,12.495157865274383,11.212360908969698,13.548218673853047,11.334517289250657,14.955473352184786,12.527839186513257,11.929237803873512,12.017209740384208,12.373680970354734,15.221910566634817,12.983642562636298,13.900425050105868,12.434384057158374,13.491776290254192,11.844815822436924,12.551275240162076,12.869061692051732,13.266577382280426,12.081007958658025,11.731387507053094,12.843548082401702,9.54336455320382,13.340695527238651,13.988145126503548,12.629829102588353,12.615119078889382,13.570583638473966,13.504596314389941,10.462517748987135,13.224753114774401,12.969121005773184,11.650377423469225,13.598036512077364,12.53567597847896,13.616222169885594,12.13098799643298,12.737611820285577,14.642606103472152,13.232664177932879,13.259625686060167,13.406229817397012,12.923649253095496,11.739327551452327,12.642008108565992,11.991803662955821,12.490601944945805,11.226727612261744,11.465955926788876,13.521314221627481,13.371993753364347,11.892586907570593,13.175237032540407,12.790976233051413,11.247210051813207,12.515376165068432,12.238731966015807,11.8229890108229,12.38141773903933,13.247753248148292,11.837018168113348,13.084644931082286,12.346829063595495,11.937925210118411,13.429413122596973,12.116195467171275,12.630135887617953,12.807056762258986,11.261193569522824,13.874665296931715,11.95462810543422,12.770310655702403,11.2543110016659,13.67110104707443,11.93240532318799,12.15911796057159,13.14995821919136,11.905271582634027,15.08384349825726,13.276691972821528,12.400304484239978,14.740627119718285,12.491993367763579,12.551993720904761,12.165461882438166,13.762150397621818,12.625803294649995,11.885127671379148,11.570926374620155,12.79790865983279,14.163047953294384,13.382944716000896,11.97225196610261,11.306046127662984,9.877895077096396,11.440870305563948,13.326738204495008,10.38490564375531,10.336172291673316,12.414587069931567,12.334251292433164,12.282129461841961,10.618938158771806,12.523253297278027,12.90040901060247,11.914989111625102,15.003305486071296,12.783888272272252,14.116373992005686,13.39814451814247,12.857813745148205,13.512244443472204,12.33565788112325,13.460483929990447,13.328608005181682,12.528180268533108,13.655036440938884,11.925761456425825,12.943296819318986,11.81330871338734,12.03440049133296,12.71778731902823,12.217956291132758,12.552703060642761,13.639396604322252,12.57426994546678,12.513658782338375,12.256101617545454,13.078854726929547,11.837924731139013,13.681416945588827,13.375906749183669,13.424590739837539,12.612670100691096,11.97695720637282,12.847380398695949,12.863782287814914,12.468150807533721,14.954471115622518,12.805325038138772,13.592543256815485,10.864261216568098,11.907750864139496,13.504895189241514,13.110587399464622,13.536706587744074,12.332770665202064,12.30178678469252,12.517642724937499,12.933118306644735,13.960065194623722,13.378685041790735,12.643559329715124,13.212928303383073,13.21924335272184,13.12245477517782,12.525094969509507,9.887364695851437,12.706136265263064,13.80237218343729,12.557538035388243,12.116432282537964,12.488644463844597,10.9516844077896,10.952487590227145,11.955048300028515,12.482885177568017,11.562386556547944,12.476520990177326,13.822812836694224,14.504700290227238,12.528209306735913,13.251199366821993,12.323656931186191,11.862193467137038,14.038624744271244,13.158348944862675,12.948219989973062,11.079709860160614,12.351598462557732,12.3447024136363,12.665698235939864,13.026698466009233,12.809090220325219,11.028705202078688,13.278278576798243,13.129024753398605,13.59027946895691,13.669759227444427,11.434855416590212,12.555853504869335,11.367143233096272,12.786546221214918,11.999540991084032,13.579197465326,9.725773625996318,13.374115656174379,13.324688421439388,11.962578842338068,13.605777421095922,12.39782315489655,13.857146453062475,11.762457398748198,12.619753818364408,12.956939068111819,11.2846580688761,12.852327945933625,13.23348499506254,13.477457715159852,12.94897508877121,14.603936075703926,13.396400950974359,14.450262775949488,11.689337592149302,12.282963901313419,13.209933068372177,13.073935210530268,11.898184734269233,14.03173879590217,11.170783142413937,14.687478960485482,14.668888093701275,11.186142902524102,12.558779640816892,10.977809434139957,14.036330121653952,14.013937983537126,13.376506604287902,12.071287158554899,14.386058994295933,13.718582471297758,12.389693368140305,12.091847329147683,13.71563506363506,13.9056854037286,12.532571246538318,12.588353015493867,12.834212683271444,12.093642841026018,11.123748918899782,14.213945789566464,12.759566947578513,12.91763330192432,12.29238141519841,11.992169803301028,11.557002424581224,12.73673534890968,13.353929228864201,12.058307518906682,12.861402673457219,13.12319966347584,13.651386267974889,12.132367638531807,13.864923165866008,12.826792675638377,11.367672156425801,13.355157927135128,12.126077873451727,12.616666382695453,13.97857323089762,12.529727654364965,12.34219385783816,13.19672657806092,14.233326615209647,11.119821897032693,11.894860055400523,12.211038081830628,11.560060701142083,15.15196335898543,12.796353934881067,12.404264012610946,12.670178991531579,11.91290770462104,14.045771152516298,12.57382896131149,12.308807096571714,11.23250651499708,12.6707061901521,13.330879151585306,12.009920013915803,12.625797754786698,13.126216987807632,10.474252984226782,13.547757734180323,11.423343212099459,12.058045457096261,14.006009890377026,11.396669575795812,10.358810860752083,11.475967064902566,12.363463372238037,11.933816409722837,13.983783992071515,12.931277610456938,13.158090382905156,12.247348079110141,13.525642700661276,12.081090915261086,13.056025265764235,11.668769630564165,12.981427711616073,13.407737723649513,12.287913096312804,12.581309479529326,12.522357737045231,13.566364726119115,13.593382880345318,10.570964680548183,12.566697815923773,13.090527013903088,12.725036733047109,13.663781640113154,12.286314638387818,12.295503331754102,12.347600233722968,13.130153961673221,12.697270740124614,12.15824969340866,13.3199479543452,13.210130821759224,12.287345496164761,11.909047859886451,12.723989447457656,12.010865109189176,12.406535095934698,11.809977598516864,12.379633916253612,13.67537690685895,13.986188503633727,11.20851357223675,13.363060840635152,12.053193169422606,13.657328160010636,13.023938216466123,13.156510671263424,13.668787397514091,12.615673082260455,11.462994316373383,11.59782275208669,12.907634300894037,11.743730135624599,12.559669543253817,13.064616984424827,11.503522662694127,11.350125323265042,12.314350079626916,12.105849698631628,12.596132897290076,12.243217361342106,11.46136534232631,12.40315152126584,10.888152617452413,12.700148635227352,13.24612347200031,14.157174888294657,13.205577920297007,13.469328793500784,11.788516485920523,13.338916927546393,12.503396989615808,13.845822350535924,12.690697826454182,13.923742625066886,12.68199994491115,12.828169073093314,14.940697093511057,12.354561053287535,13.12141162643458,12.418590081280916,12.105478948840059,11.230607171189773,12.963605727387591,12.481832239094679,12.824913547799598,11.40283083055714,12.407740737329158,12.299961363834326,12.532821619999286,13.779196265533253,13.56514641529155,13.745502487203662,14.385353705884395,12.38428999122033,13.297931183806993,13.333085617599425,12.393421350063491,12.498982342810045,12.220975335335782,13.56207605546079,13.159984020927281,12.012829757950481,12.489811553386815,13.21775576953934,12.304480201746673,13.769998894566351,13.192241036553847,12.598465731299935,13.14864429620665,14.109897820856084,13.066681331069072,11.711659569125663,12.172887026961714,12.623662215205691,11.566169425569909,11.904239816463898,12.362514911491095,12.942033023623239,12.85619056964413,13.297281662040914,12.628570791242051,13.467779475548165,10.608880563771086,13.842477706123839,13.327376111652155,12.826293335964664,12.751574632264266,12.849196780212207,10.35613940636106,11.099711560031885,12.52466579247004,12.32301479980173,12.12500460811831,11.165947130533635,13.425482672514029,12.765336930692445,11.458672098922204,13.673156307827782,12.964674397085435,12.932606476156806,12.81368462168434,14.741829300423014,13.5691879803383,11.544105829937637,11.500122666837049,13.169160168232953,12.215992695527547,13.44968756585433,13.858267802992769,12.87052259701844,13.493107017427374,11.944596904648064,12.287736481273443,13.440077732607651,12.728068702623567,13.514716488460246,12.496834202391634,12.182721478229317,11.153111042383763,10.47314988604603,12.166155774105773,13.07086032368169,12.567022500727944,13.645589191057601,12.325868202906948,13.766117353238624,14.058261402317076,12.933512161469478,12.79147461896013,11.690225030377682,12.850571030711526,13.16157801151835,12.778984761512206,13.552122939284436,12.37708115776268,12.30202994757171,13.742078835609533,14.125646832743376,11.244596820594102,13.720214931049751,13.79705581510984,12.572563935325627,11.795854617456424,11.890669875649372,12.450292381409783,12.274181856699794,12.174379893033533,13.120942661811759,11.840698938596848,12.514645281884714,11.500314337514613,11.973317438103537,13.162691266627693,14.204716277778052,12.960896787435127,13.204359039485945,13.417307456675665,14.058171808574821,13.089487863408825,13.14279907525844,13.805426286424792,12.198961870992111,13.797419545713636,13.48840130943719,11.537245534436702,13.597792652021411,12.161039905459281,13.932503717048434,12.630821694860288,12.72697315079848,12.545601906518373,11.79844511267842,12.833852397147215,13.332016234875274,11.79905635463441,13.482010250247706,13.351205821619635,13.669002137127125,13.59394560640254,11.568612014343527,13.143598765960917,13.60855093859893,12.36668981209693,12.555064002780652,3.081502233094154,3.9638573525527683,3.2396040534583666,2.9761549459569197,11.311981265096845,8.12459836551327,9.183244820367621,6.503921826645431,7.953762037163247,2.540793360354015,3.80339349267982,4.030018715951311,2.6320215076017983,2.8064863043035104,4.38840359884658,3.3473203619948557,3.9778215005102995,10.503494333368808,12.601203743850643,3.9865861657534887,12.306486938544204,4.158493837655481,9.14057860709175,4.270318233841823,3.7084417402707732,3.163517981052919,4.549840070432909,2.8625508854770505,2.908483695045413,3.0906817491758063,3.945488859053416,3.2179723224938264,4.98656062767668,7.368675104552047,11.4306333769389,9.225791793522319,4.37331590065886,11.276687331305775,12.046430871158964,2.5375872275091904,8.243442864098599,5.750095705299569,2.5367415585977726,8.911760868505876,5.868023146910294,12.56516507440573,2.507202945688487,11.454096345956277,5.021611470421902,3.439405419060499,11.591823658879857,4.268717729998954,5.489778290042525,13.049079543490727,10.102199963006711,13.351129396909492,5.379972716473856,6.7212195615612655,12.5356889167422,6.628158081084816,3.061049280626254,9.712574157145262,7.917679802270755,8.608733947771334,5.4984137362761105,3.478086444970265,3.939605437267429,2.6324407995905066,3.2226528698289743,7.303465481094784,8.579762007680603,6.778988404512088,3.1333091217709863,1.8264400067337323,11.75130167197367,7.536662810178994,9.612328046094245,4.283726915213406,4.388186225519997,13.202383414737824,4.213601205805112,3.3150775329105246,2.779765065858743,2.5574461150305097,5.627075576983649,4.245119399266397,2.225762669350092,4.344101819749504,7.3160689318419925,10.049247123925882,8.35728158863551,5.844597737332729,2.5193653662529893,2.7293603790057155,12.260712962500463,6.099170717070892,2.250571767677669,6.1901402441947395,7.617781989884016,2.36664866232319,6.437932805895772,11.366306048379146,5.000970630938891,7.550556511909005,3.8204893622520277,6.460688847197365,4.995191864378997,5.2451258154319556,3.9053202139548833,5.136794724392086,2.9365697950353744,13.968872448131656,4.230778367465116,3.512083263195068,3.2929535873454236,1.9407181602684376,6.4644876061289125,3.2147504101941613,4.237048569693258,12.840832484134348,3.1050043861787735,9.716020207468599,12.971073444131598,7.4940812486505655,4.238288887226325,9.057446693563517,4.156729684239353,1.8098035371675911,4.383809196921879,5.839742721630229,2.5690001292703255,6.514879812345984,3.871681699810884,10.534837524813819,10.82708996324108,10.14376646723716,5.134198929133546,3.239093033116321,4.793282964558998,4.563346162076029,10.273915669377155,3.5058150810372477,3.3947562670210756,4.868410487358897,8.697451255637086,4.973335878733993,2.942990840604319,4.790226834962274,3.681682135464989,3.6670598000542447,3.8728639362428345,8.77493670747451,10.196194509541222,9.593226918222943,2.6239827407643834,8.882585671198571,8.100803433045972,9.215974752762047,11.834613680303594,4.306455306069622,13.000695284250414,4.218009528554711,5.430915363478803,2.849624436231873,12.260245919023285,12.203651171980283,3.237263484125025,14.18610686051319,8.265685606627281,6.146582390185134,8.876099001809372,9.959900813573377,4.356967320869452,6.35929253960767,9.169002385669177,3.017821137084212,8.949012346578595,1.8089372959446042,8.837962323282802,5.777478104443786,12.065906893989384,4.953915498266039,2.348696269189096,5.792294912231231,2.3105254242972837,6.672737038445832,8.887877343665005,3.996917122704421,1.800278126748909,2.759032922287792,9.266159281946361,3.681379614130004,2.329178207243423,2.3834804901832336,6.218602264883778,12.231364187424838,5.487923897543222,9.510906979773221,2.14453668032458,7.474297492609219,3.462533364732177,4.493645001820417,12.656102803889974,4.485685673679712,4.856719757311682,3.872536228777042,2.690442890955056,3.398677866082678,5.77180854445454,6.3925522646801625,4.856538449349218,2.1326911142857194,12.757431881063916,3.4614863025767413,11.320606572556072,4.114030827493632,3.2339402095568235,4.49300655622554,6.237505734884001,3.0335145973966973,13.528431998599915,2.1427729075821857,3.356292801102696,7.7676899036564135,3.387374088163242,3.577032170323736,2.213471000974801,8.535898658465854,13.011718980287418,4.103554047394609,3.5703384126317146,3.6926098893147903,13.466790890110422,4.210764773255915,4.702498779258451,3.1269834799899585,12.64656320990537,10.011963376533648,5.284367244231281,13.887985178195729,6.049900032155974,2.585454327634235,2.183753530560773,4.835687616472941,12.974264945625794,8.37294536857457,3.5131501910924943,5.18215552408122,2.458956588753576,3.4778089168328687,2.552407591609612,5.76700785676846,9.576362335486834,13.294366336360968,5.478059697608036,7.313179095963871,6.446337814966897,11.986111371802894,2.7847721200084155,3.2430112515414513,3.4626582616894908,12.332679033162885,10.42072973009497,3.1151454854138625,3.2706637869582122,8.3433362808969,3.0131321347132074,3.512678418070273,3.9324628757666558,5.175365051625546,2.987323541079875,10.328040365890939,4.940298856794268,8.975994197259032,3.1464104696115642,3.2831856732285862,3.4361261126521634,3.2080875400845663,5.755965229595726,3.115001822044251,9.170571366144038,1.8334123929349317,2.461390040032923,2.774272994425306,4.411091817653462,2.350764864747571,5.466636910929105,5.32659729942419,8.137159489175076,2.758419515184468,2.6721226528867557,13.11703369921392,11.334932339912521,10.459205172002516,10.762219578032594,6.316913234631907,2.8536426729960547,3.5149949189783767,8.90768589779851,4.34156702187049,9.181451563026409,10.95033460345894,10.993031357421462,11.60753796934189,11.080653027902397,12.785496160037564,11.428789425908509,10.177484979032435,11.485585750194247,11.073546392692736,11.594462449760618,12.188631984674538,12.050773087258854,9.758078855776686,10.790787658660596,12.522788844400726,11.244980725499252,11.481447736888597,11.190724644596227,11.01144554680385,10.963479945510846,11.63539261940336,12.213791983135101,9.958027779571301,11.220972331734158,12.047692865824335,12.091551812392394,11.480308166518821,10.973756641749471,9.957200592906142,11.65117633683173,12.4061226421292,10.24682344346038,10.70982815962425,9.181953385473326,10.268033905356818,10.654141269043633,10.236381606115136,12.56077913929889,9.795732528858723,9.397210634944297,12.073627148767597,12.279635145315552,10.232888277902862,11.893081014040845,12.142963941975419,8.90043336823644,12.087452869540806,10.063055686691234,12.293858306387566,11.66685118708156,10.860490433109396,10.474112196252916,10.159861888110662,10.156743214596295,11.03697750729312,9.21513977716691,12.221530778502888,11.251049153121013,11.510937604033138,10.991668025046467,9.719359557087154,12.779162701576926,11.72963474829607,10.887251527384153,10.964747123738858,10.856117290567703,10.72559844526915,11.12918098799306,10.82570399724381,8.730336986517575,12.542058934022018,11.387095843214237,11.130419331126449,12.729582610360366,12.299151440479214,10.448264758074167,10.34098377964888,11.334938874324909,10.67288074410467,10.912764333705438,12.355305577030062,10.982821508442791,12.210946067759531,11.608181172333655,11.943925290160442,12.17487055415037,10.830933201241178,9.844631600761408,10.498682690658233,11.777713902534202,11.07560968542292,12.751675487780366,12.24651077853525,11.22847435798305,10.944360832966945,12.654334935033793,10.971931749314809,10.413814474345502,10.907029813532622,12.548030784968413,9.428576052728449,10.928965491756825,12.361231738451426,11.135866977585687,9.05446698888364,9.791246192079807,10.78511548500083,10.452390798653907,12.017185170454942,10.718240493863123,9.489802900589462,11.4503980965185,12.276552696843828,11.688681248144999,9.21304898771424,10.343730748015197,11.743752366960601,12.61450910846502,9.869558697725687,12.607895967386048,9.527278865418321,11.133368966854379,11.47997460611982,11.18153742826308,10.502392854918234,10.782917008207086,12.32200758562234,12.157870264677424,10.966297517884547,9.103250185017522,9.565851066816952,12.353963453217107,11.430419138494301,10.346591392247122,10.842678842136543,11.176817336859386,10.938853740334409,10.237380466596571,10.630030300117454,12.437067280855066,10.872321831305133,10.064086722788751,9.893196235371002,10.994733084343068,9.607585677168565,11.554409157677465,12.171303098955395,12.541717166122076,11.945708228613066,13.294403748728344,11.623055812684939,9.41269505093961,10.718687176108253,9.939632517216474,9.857981882462655,11.667806503937342,11.93451483686668,12.030387323459374,11.16491036575251,10.277271355444778,10.859359328073882,9.937153369752842,11.803051591813276,9.816965921910088,10.7077449585619,10.817375742860031,13.036828610504818,12.342970413242126,11.396399683638665,10.0988780058057,11.691574449784317,10.216759090111065,10.930021841671389,10.592309551932766,11.042096826654005,12.774326193731667,12.563229728638845,12.23338971846101,10.996155599696042,10.575693753303803,10.075897238671535,11.193371100876357,11.212551714012331,11.822591556165307,12.278796325624096,10.1780251085271,12.339400752841293,9.70294412296188,10.454435600720554,11.157958855487477,9.500865607810029,9.486324126411729,9.174518104632433,13.226173445027305,11.733133507375083,9.626930454165944,11.231675036659325,11.802527730655536,10.929746677128895,10.532841521223672,11.191131377044433,10.340203125740862,11.277059971434586,10.695141544159533,10.863945302127428,10.262422277783486,13.649079529564947,11.15529859568213,10.06855137488584,11.993778702259656,9.209609984166532,12.101414920744531,12.284011348083883,11.181110076761492,12.020608926728844,10.91622706017529,10.64992539645566,11.045704783681701,10.139391378470735,12.346782475217912,11.51333840379631,10.936295764134991,11.971563727875642,12.003678583284072,9.613932795838966,11.228550613327847,12.75941281189682,8.618033889867377,9.982968082166803,8.50188486171861,11.529997981958406,8.896486217783057,12.305977524886828,9.473940170309236,11.228774234779685,8.981586362662624,11.410691167496445,10.902133182332166,10.491215183793342,11.18733689590638,10.01678085148895,11.7431823413793,12.765570525666126,9.290295013638504,9.874540022690379,12.989515191145584,9.76131493497307,10.737917215294221,12.086062590767693,13.131621323238853,10.603593351735356,12.160951752924253,9.09292007587285,11.538046209597747,10.280405726266922,10.689187074340099,12.64004295388298,11.788467047204483,12.347472676096725,9.147771515842207,10.770954740137928,12.618326688702993,11.190700616104655,12.319118058022555,12.176267155542833,10.17258926625317,9.098194194480756,9.784519153316099,11.70751650450692,10.297285065799082,10.743619862106286,9.63121829691257,11.513144189544603,10.20400138804742,9.884554037183461,12.215027038558702,11.34070820279767,11.131991306902187,10.287182328842885,10.647096552191034,11.527371203646748,10.610490192656048,11.17208672110631,11.078694959774625,11.219647675850133,9.835190217923934,10.949997589378782,11.169683957257542,11.908940554604063,12.01757442859998,10.871053390228743,10.663348681475906,9.044514183449868,12.543267510676891,9.712453184098914,12.639154638202596,10.929056144695629,12.521478484174752,12.665189352549666,5.1805596655236945,5.0713018463319885,6.418784407135498,2.5030511171791483,12.107997152658067,5.940589394293416,3.1611011085410725,3.2569905971724475,12.303827002326681,5.111823991564288,11.81752071952193,8.011432224480677,4.068969788868551,11.910850630975077,3.0356424117181526,5.782301221108636,2.468840325724458,4.733891649801778,3.056512416292893,5.661472340561004,5.03851161055752,5.848907822174596,7.821929135257136,10.440682574892055,7.582260821210272,6.662406670266481,11.47429289375904,6.979349867365249,9.440973106490494,4.515147569152774,4.326658263872498,5.953691313756961,4.73478834703771,3.9880440080175674,9.405059877971215,4.979639649062574,4.124789970486488,3.0859126796305487,5.737005446883411,2.820512123313477,12.567970349868705,7.516971724112715,11.55789229636396,3.8916111794375285,9.741029774024321,7.8575530978210955,10.533989590468535,11.896606107816243,3.073113742779306,4.583989321751906,11.61901812391934,12.389616091205346,3.792431799209479,6.6957406204279755,8.382683445331782,4.519088498532808,4.430549395410509,3.1664920245552266,11.19277453755798,3.6055676286403426,3.27658450930912,3.564199248431303,11.715050496700849,3.661509397084418,5.606733338558046,3.6054085366029707,4.384426850248,7.062303903074286,5.013380406973297,2.5507644270608565,7.117390981413756,10.005358443935553,10.57609039917624,4.478088180908072,11.176580182292854,11.19941662806036,8.197800806807532,3.9660715166251053,10.42700206260814,3.418098466104732,6.267143531243453,7.981282978912614,6.050064590289634,11.562704544019745,5.858172943707796,4.714483764743256,8.077957147870093,10.256761725901091,5.437195517892127,6.583538310674156,4.816000363698775,6.302689908689234,6.442523223574928,11.021187002519916,6.100576162459989,7.214446124414225,5.237423908590168,12.04242519192781,3.357292238948364,5.22833391772503,10.576237088235226,7.91602414208872,8.152361211452991,6.909151424231737,6.484721289407279,11.129319572342945,9.805561168871586,11.18055376893076,4.352333913880702,4.569534216719697,4.78242249352173,4.100590066893028,8.706396700724753,5.312315843415855,9.723894871394348,6.069972196231295,5.47790730276118,4.582132145085935,7.736044749742481,3.9579154670020915,5.400017486904916,8.090971206955336,12.054208009824258,11.237186274570279,4.368972833209148,5.740938722213252,3.009405805112568,4.386215745302537,7.105072642364371,7.531235878500225,4.189955451244556,6.192747429976693,10.150175792753972,10.925392267325595,3.6875113032814713,7.255647309112084,5.017567155618045,5.968918759048355,9.848999740267786,11.412475657549122,4.646784475335671,11.986045571489047,11.122683284631792,7.642101876796188,10.99769747269656,9.118521175077596,7.229967591268575,3.802156924738478,9.114202917630283,9.71960325426111,3.8966822458318155,3.418013660025536,4.944933792297437,5.433323464652966,2.8190116926843904,3.9307612780135406,11.518159410034059,5.7088851411361325,10.218709424429202,3.6497722706786506,4.538031749721437,3.6160344390053853,3.5975977463132103,11.606677327732076,3.669294254230994,9.630430318642459,10.762102057056005,10.940106194926823,7.636034226168423,9.800560566075623,3.5255543088736614,6.534834085643781,10.669216507013012,3.458820542983945,3.6636867881776416,10.957974064609688,11.587612634065401,5.69242807712253,6.428531393262035,3.230012012347064,2.6386321830716475,7.968438587622206,3.8722097593853015,3.1171130585746085,8.343320598877805,4.214802298014212,6.774875596886256,4.708977875672005,8.339889412418078,3.2292289050578735,4.4597290458518755,9.219110716440158,4.052617580494185,6.956329811687406,10.820072398153853,11.946209780298812,8.95974095255333,4.415040790129951,11.219038875982058,3.6853587567400012,6.053328799371604,11.314152998416747,3.4029064876968573,5.537293803832012,7.230627774103572,3.7558914281362346,10.795361841076847,5.646106173445234,3.49046846862845,11.605799386043133,11.655696126585376,6.809142480184274,8.07634422513631,6.873325438356507,11.443456131110821,7.369883100646942,6.156364991572139,7.517561418215152,6.022674897711966,8.771757277814825,4.590700910150106,4.8040766847835625,6.743754449827552,12.129024074943164,3.9369004567533814,5.913541340996448,3.5575266573988555,6.808820921921632,3.2976092091635327,8.4120063240855,4.2287458116137335,4.94605358325205,4.54862857876258,4.348408095678345,12.063603402772939,3.2781120626783813,5.557490798737426,6.4626673827322385,4.241546810962344,3.0675932111225506,12.034654665946213,7.959596389838766,3.4273114584466566,8.41849850332757,5.063609066831494,4.680586511949882,6.940130061789266,3.6079434644255777,9.417590842162646,3.1440828852995404,4.6309515692136145,9.162894000358067,3.188871004912881,3.9597993037927677,12.187471728244015,2.574932232618743,11.08530726231626,10.804349116688046,5.124391117143442,5.278152037565292,10.599930199592157,3.098154008950121,10.943194595622433,12.00251848302597,3.501802731822343,8.50661607413133,6.218637038767216,10.486600567704226,10.665892100702353,4.492456766669565,5.723031658595295,9.8118266839475,3.3163936188587457,5.028105430290089,5.502370973477806,4.640969794813831,3.437944182995059,8.306531875450379,7.725257453233398,4.796070765146447,10.804635307283197,2.7542629528841913,5.226556970133549,7.536675931063306,11.684198184149947,11.454483892401626,2.902767722124544,10.285360363002443,10.907387894850663,11.537838990463518,4.826351583797102,8.36803924854061,7.405066969882238,6.33971802013037,3.712216766732466,3.6796122732614296,3.4667749417091516,5.194646182145604,11.628545296638341,5.368211217358294
17,11.124035603176255,11.149453255493505,12.178695109541808,12.463817304964682,11.134453232709554,11.393756445288451,11.489835787144992,11.246350070187802,11.223101433277725,12.283108251647826,11.244247958874256,11.534633170963456,11.155201504674634,11.168556715732572,11.532887604496263,12.507411628360673,11.512068646410162,12.193218661416052,12.71219614728357,12.290680107531406,11.609376959750465,11.480885966380281,12.359598309936258,12.171337383404412,12.733566159359153,11.312242476253425,12.547475470268886,11.134426775666341,11.573601864677023,11.658811844362738,10.966253093733043,11.362508432454852,11.656186666186514,11.95095075970445,10.918464131523761,11.488371230076837,11.01285677981095,10.574218885430822,10.725618640328637,11.586622004183726,11.514951553216168,11.549899689135932,11.838767820762534,11.142095379578244,12.256960733804195,12.508041480845375,12.299849508465961,11.403833240055683,12.542647565311285,11.32259871858477,10.572865640249324,11.337091109475558,12.784520982821906,11.162726204781363,12.83604598396778,11.745121892236217,12.829361356645112,11.423125952818387,11.419514858217582,11.229992640776999,11.457313307030088,11.589818720124763,11.418352570709605,11.096331114176389,12.261078167247208,12.067975752929527,10.97925271496636,11.982396163568243,11.247584484194023,11.684773449500751,10.820680898647085,12.294305670708422,11.404730220685376,11.63533902362928,12.276764476597036,12.03891517622573,12.940402966759962,11.898679279798694,11.467689544528708,11.177571436853917,12.704451793944846,12.589083149763995,12.884105071354385,11.186523226408768,11.69406975496752,11.149255280708587,12.908520487051595,11.973373775910778,11.119875948521,10.870630800244902,12.118344521628657,12.161209182581262,12.061458590506355,11.929188780452495,12.202666904523475,11.074545385159611,11.437121154651901,11.9197162982771,11.544475713649321,12.529354722061925,11.188134288897597,11.2726511866489,11.859835315435108,11.529224312216389,11.522013852525442,11.12686650448652,11.028015045423622,12.459206695937594,11.876614776754437,11.409242819260939,12.393908884370333,13.083193669249674,12.143718956641395,12.095342543688524,11.597339924717629,11.27763478169377,11.897033138730336,11.488777476037502,11.92045369586042,11.214253110132368,12.626633516050907,11.259416038114258,12.363469288031235,11.513726347417395,12.02880896299539,11.476394386601156,12.704840189940176,12.34869822934524,12.106904969008482,12.14889088289551,11.870554459525737,11.950986124523293,11.890664226314868,12.51162143137498,12.498521627057903,12.774752901767203,11.59749833923771,12.588763479341717,11.544655489797282,11.859482855813269,10.91001451401112,11.98278130661154,12.240194843707659,12.088625931922342,12.285399168701899,11.9940124856771,12.30779441985182,11.572936441135564,11.207284292540574,11.300599904063048,10.887618007496487,12.083200977266554,11.41407515687763,11.40163981585106,11.163481214005193,11.588333049824499,11.685317989333694,12.528361592045501,11.147268881393133,11.475597455481171,11.579056620015956,11.825078610493337,10.821554750800614,11.997737967090742,12.148051493469815,12.28696982865008,12.127964909571766,11.360409898623955,12.912126732595727,12.197458422661065,11.514167606356416,12.950373982527887,12.205155718919634,11.546138129140983,11.723572032303021,11.40920210679522,11.560247394452329,12.874614922502763,11.44102027771348,11.323337768571852,10.90656672589,11.082602855646142,11.459904302852708,11.785844152234517,11.251340556954197,11.166645699544027,12.283284280574136,11.843169820379668,12.116026591998416,11.241242780912499,12.098457930433117,12.69610958840747,10.97763980581378,12.131408662629607,11.968818792458311,11.529795736490065,12.455058709308405,11.368857481635551,11.870552166503467,11.759935862868723,12.928333137792114,12.480865164457244,13.011123889097925,10.93968065105556,11.414078176391858,11.611726729122637,11.461326075905015,11.248312711940384,11.462278751058829,11.295305159124673,11.183894708866637,12.28958238986194,11.603094814379727,11.869860308893797,11.779957176808587,11.784649047258215,12.267843925644588,11.549935190890274,11.50649858825985,11.485003087206346,12.26994876956287,11.982218151264242,12.094138462585883,11.947731470270655,10.942311807922694,12.292113093979577,11.848406394638191,12.015349159858255,12.698662256328742,12.304024329073238,11.422326156717762,12.020680821630847,11.731596703480214,12.47130894908907,11.52455235989306,10.918573968852991,11.218437227473949,11.41182765755447,11.820217928699837,12.016633176919813,11.514153284050728,11.530722439101114,12.65620206969559,11.574159534644153,11.76733991803116,11.68529627183859,11.841901893846563,11.174918261394277,11.337239120759895,11.83872507473033,10.98459050432248,11.79261858166915,11.997558521729886,11.913932661259992,11.549554641377169,11.806994441684095,12.17828963565796,11.416741104833303,11.984255393513646,11.496065985001678,11.417869781836991,11.411150153077182,11.330396415976475,11.923064494545333,12.490152741303806,10.930604935556051,12.1944523309924,12.364661365963117,12.134952005105951,11.956957364472222,12.232488466042549,11.329134876980227,12.142894494155469,11.0791039620028,11.956692749819902,11.61173947320285,11.754470881148379,12.119000824389214,11.566877728488944,12.193229973695413,12.542902555549587,12.003209522988868,11.37671641124902,11.307918195008789,11.507951232825905,11.50676539152982,11.44075354278799,12.1357915875147,11.113552869232636,12.235123975535332,11.589496976752383,11.883483928962313,11.995546576992572,11.93583001844203,12.689419408268733,12.274361835260436,12.272048136376593,11.155698082664726,11.304987997808425,11.96172061355758,10.712090091427417,11.61742138471181,12.763239597191017,11.796766112770033,12.230582793888079,12.760671446902421,10.875942085236769,10.952897322683144,9.72150643887745,11.461871025289444,11.665652690831394,11.349262419662615,11.837174411019845,9.159072736849554,12.06677671919203,11.462677448024424,11.438639315903941,9.451946287619249,11.705712593666066,12.453900067949144,11.562773982498161,12.203376192799704,11.878816871641328,12.394498908082328,11.00727391566507,12.379861721268323,11.711397782896265,11.898053500975701,11.34521728508654,11.903601352498344,11.84846877076658,10.41119886602194,11.522021888038257,12.201594076955727,11.7211501126664,11.562457240802727,11.749518286804053,11.518648713132544,10.935734002144523,12.004002845971538,13.396289351949363,12.88596099780032,9.144996938818654,12.355621062559132,11.783320842479647,11.875606404264522,12.158729189563346,11.411101493244193,11.179914098599218,10.527548853257713,12.566434983880821,11.400347594154672,10.719659397661847,11.140358156452658,11.772634989474943,11.884743711820049,11.232065758409478,11.760159186414565,8.933109182994789,11.333590843724195,12.029700117656303,11.056916519800552,9.676777040765048,12.367093819237564,10.286455658483824,11.507644665451227,12.048683725253031,11.319806146778067,11.935437320675682,11.914269465874291,12.159377710361166,11.228510600896985,11.96668700767956,11.979448861739257,11.454634183578138,11.404062518957305,11.594215579031555,11.628123531422268,13.05072999680218,12.205552170495649,11.705316198391785,10.259337410952542,11.498596623144362,11.70860594366243,10.32105816450889,13.28926136537043,12.025804653435992,11.845716068070004,11.331817508746065,10.84972768256961,11.754614966316892,10.669864804100472,13.116763066770883,10.895164405682163,11.85130507701649,11.110566401023616,10.441944150167275,10.489279266073726,11.497127160467747,11.557171910178912,12.07437826912795,12.168725499060226,11.870097911422713,12.01146335335864,11.824862758387889,11.70150755280919,11.866278355585871,11.584052450236179,11.110326699478554,11.495751676326025,11.152957520460697,11.716499750516162,11.892095546292973,13.23447800500631,11.132539548441956,11.964838100901863,11.46054415133669,12.373511903509797,10.881206436011434,10.921833740372332,9.486290736565097,11.036788191264819,10.793884170570967,11.22648002936534,10.990924099955727,12.14658644021027,11.107884720413603,11.849812031777738,12.15114535601827,12.04352933325078,9.221920167322686,11.702159884379471,11.148511141442489,8.902218862859282,11.205585366824522,10.694453255937997,11.17350919350406,11.86890844889102,10.842574497064817,11.467663935447941,11.846462964491247,13.47906119403506,12.99535493802139,10.256609612270442,11.744771219009946,11.592199855569552,11.363107023227812,12.116046343513664,11.963415550918658,11.533651824042371,10.51850082143439,11.878956566868826,11.060214016623139,11.669363831359746,12.228950904793129,12.600613494974457,9.857802214274065,10.03455074939629,9.221966327233302,11.99308646193501,11.04844463241284,11.559437747860903,11.551233265475696,11.797205958900514,12.17126925857604,9.891203575142564,12.610144482367186,11.899134141702076,11.69587488692036,9.779000283224553,11.458046384287135,11.18275078080093,11.240180581722646,12.16945536497347,12.396188158501035,12.673465747791905,11.569347267377765,11.417775943515215,10.44309269121966,11.954604980603788,10.748119402142052,12.373466021129305,11.699391490017655,11.777381659533827,12.459070596604244,11.600734932159163,11.08743655422017,12.081385924894837,12.006628655211507,11.989630298227906,11.421581636795782,10.983506440599594,11.103263132300313,9.819518863223996,11.954429360944198,10.512942896805889,13.59604071656248,12.669470427898496,12.018606760765646,11.489173563543515,11.741305465035799,10.00121592418124,11.576596124425238,12.355807980459984,12.106183841401933,11.689319859217864,11.720504154337556,12.236665470651543,11.358612011464094,11.583683383150518,8.948857501097894,11.301581324148474,11.998236905217802,11.831549231707596,11.406322830533439,13.04798062552556,9.68430389445221,12.27800536165348,11.423536313644533,11.985070275219329,11.717567125994607,11.915891673293219,10.44679071103874,11.380581928880648,11.965063589543785,12.604371760423152,11.496911013452605,11.40487806764536,12.433418423674253,11.439389368199516,12.412382965128387,9.794334848062206,12.143829341602622,10.75980507030303,13.178324031523577,10.588802817292388,11.196350995421852,13.264269948342001,12.413395093327727,11.813721875277576,11.134019865069588,12.058759155395412,11.146940247316076,10.634441961120503,9.321153027669864,10.014220364439128,11.954892552615991,12.388249503625238,10.945533921742957,11.836822702597894,11.012558138627577,11.957147887766293,12.835505400689632,12.600356555385535,11.498185580084858,11.835871441956039,11.860632110689975,13.36368268911828,12.145585678629557,12.055274452256906,12.83630943438753,11.774883763078504,11.947597461616034,11.107130845639215,11.418532362388817,13.04847748063975,12.777770285967938,11.312601975552521,11.540365295442314,10.939339889550688,10.323754887121233,11.387811945023653,11.379822369064122,12.55779094297595,13.42200219769584,12.959125071598878,13.420208938308328,12.47683632746697,11.615541159057782,11.943310736748392,12.43697893361634,11.576195343253104,11.516123473011065,9.538739139482733,10.604618216324411,12.057883024697,10.867179734543734,10.933931549216702,12.288627326225647,10.829595142718823,11.634315418818264,11.452536462735099,12.408664763686472,11.681152303757443,12.632611163248383,11.851993268550734,10.834116767010698,13.268868339924882,12.234635654503046,11.422994126875794,12.895381676658804,12.346364017028089,12.337805378637556,12.514965665360748,10.967065326879867,11.300213838732091,11.164862332120002,11.193223188677674,12.953936295796893,11.743717740129199,11.170577494916596,11.369060993434289,12.07296124814572,11.156471290851597,12.800639969551588,11.316826179986316,11.356760436692891,11.371827829987804,12.536327605094689,11.751860011988684,10.23152725586633,11.090051118870493,11.873326887809593,12.688713033068113,11.16132383701686,11.971455873854655,12.13682725394538,11.09842637015498,11.814042221126318,13.034096455610491,12.547148304736371,11.111639597025789,11.915052227716867,12.295771654658225,11.60969946679832,11.683858865981763,11.668625546937847,11.056512189282328,11.905947189375716,12.005401720318966,11.489471946442384,11.071436335315399,10.573082749130357,12.238215277617183,9.871493033408957,11.715206504292082,12.502679270015083,11.248371383021144,12.912025800082146,11.60402671521109,11.312066562497451,11.427322300084258,11.328958982197568,10.781416207430105,10.68668566119634,11.22902676909948,10.7751099373558,11.902135052594943,11.804215570197357,11.572156640298243,11.52536132122418,12.27283761492346,11.785911390769344,12.268173272705365,11.662377352710301,10.47352124216559,12.92013491186416,12.601846513692529,10.47770593534594,11.807864905691265,10.844923832876194,10.51192626953298,10.59078615800911,12.879953366102905,12.832354063791573,11.862402643921014,11.173771994772913,11.619732437550665,11.588601580983786,12.142685059565087,12.127014692364721,11.396198790122662,10.793178294932456,11.48707812967277,12.15616313878217,10.2951822976793,12.64664818059967,11.4259652243757,10.841200208770776,11.487096335856133,12.257778052172593,10.651681246955517,11.641031400761314,11.481229203382957,11.818795894603785,11.13969554030543,9.996228870117573,11.944800812881196,11.808501849913835,12.143796125662922,13.12114473456974,10.695240925870465,11.833910414960476,12.53959031482296,11.670131869065106,11.810436025070876,11.534433930120844,10.859494649000453,11.173167022203337,10.837115465079023,11.456643323395747,10.679554941279802,12.504757338526826,11.44915134604571,12.707129910278626,12.846231476655658,10.730116929377777,13.230325143193564,11.990141068150479,11.520440386296924,12.606755970051656,12.650823039834206,12.10705213587239,12.179528070955934,11.046306038209956,11.944672270750697,11.706773627174943,11.566860199553247,10.352915026282497,12.218927405773332,11.89943070036515,10.869556920666383,10.413510639820949,11.474989505043824,10.273214560295688,11.701118028688068,12.867176122840231,11.878457044506984,11.335675428148228,12.8312409918269,11.777753128754412,9.530395736099509,11.53405652127631,11.773562936694494,10.029898646791976,10.899184908577354,11.187899056773986,11.010531090038464,11.627478281191134,12.107926317370078,11.67592623927013,10.298377846009089,10.881879779949676,12.172671867695962,11.94413647760867,10.046134862624742,13.031517388362339,11.161537777535017,11.214962938338147,9.606032553444374,10.990091495735978,11.091549719128844,10.314690765882874,10.997311745392814,11.230157174974755,11.951531162567493,12.574785377950242,11.432984109166336,11.831030523456409,11.567836930539684,9.215170221427385,12.316136285141129,12.098314781214249,12.90663884524084,10.518103905578883,12.285100444066689,12.103364397926308,12.989257792069472,13.030203654546664,12.139851761200191,10.518893374028874,10.733589685613858,11.102748752717053,10.523471119251086,10.718920878707326,11.669381323520252,11.228512006957004,10.805322268465671,9.879214555239436,12.091955725784409,11.078852464597116,12.393422060397597,12.8466642978651,11.816119453189144,13.90875966019526,11.900189915428843,11.237359759701278,11.76549826972854,12.542055739694563,10.675864279481365,11.8745588610327,11.463908641398469,11.30217968016316,12.552011013742865,12.206683285769504,11.989314267545383,11.954838160693619,10.730724346810645,11.782566216611372,11.01623407795376,11.42031528484343,12.599124678978324,12.529944264288387,13.417331178240964,12.128402159118783,11.983614154045684,11.665171617885445,10.63196303700905,12.467687165333734,12.581435669180973,12.630986040799616,13.230159890399083,13.554439605625905,12.50193755939976,12.432211765836296,11.628782289381194,12.016734010692677,12.78025448827634,9.950462322524853,10.85257935087599,12.938688444192344,11.817269568107623,11.543394807844937,12.229708821648389,12.973106243378988,11.865088740983808,12.216168967225,12.173002168131545,11.454494253254408,13.38100166735635,11.412494438131176,11.40292499954188,12.972054132141844,11.349511953592119,11.137100287208753,12.088828007823784,11.572131695269187,11.774312714677151,11.936934163155032,11.419792202979473,11.759536258300978,11.099999918019648,10.356621112106362,11.39799530090505,11.05636436176783,11.897111016409438,10.519732458987553,12.489555279380225,11.580677799773447,11.834946129920864,10.755417480449475,12.450161925259234,12.435099612399076,11.006458268707858,11.789755442642539,11.549789458299744,11.552991244646897,11.276168681351415,10.810823778194365,11.95599210756133,10.78016446553909,10.290381312954343,12.602082973769253,12.01697858634021,10.972151015287297,12.627359498342754,11.516991678822812,13.333343549144674,11.627602359203038,13.914112161430415,12.124304601144399,12.926467018299851,10.590141623517232,11.483709803403697,11.897111326463532,12.631049291033124,11.17049066620761,11.345582519513888,13.268977117295162,11.869103624975244,11.34101517146969,12.074227910180326,11.736222280596783,12.277568240327184,11.211230754479564,11.485306435846347,11.926264608975444,11.957093847543733,12.322091623606024,12.034751676747712,13.103488186726368,11.030260670748646,10.915814547419872,11.608909629253887,10.799132711112962,11.546909067013013,11.959114491383366,11.804125898925017,10.470645202732284,11.554178327929986,12.471165881329071,9.611662417302202,12.136771111221528,12.701388876235608,11.818017181084171,11.56997180955999,12.290162230984535,11.908432225765502,11.983640752937323,11.83640798231112,12.05350377093657,13.836334007762744,11.355234971162226,12.0134668927226,11.304076454415345,11.404716076253207,9.880560356231559,12.64074375466546,12.147867143416574,11.945272678063763,11.142281026771611,11.53314019317455,9.736226980743119,11.7766910510146,11.98960740027809,10.478632115715751,11.464213341738695,11.81882583728783,11.508032394364704,9.63044642875405,10.910790077054893,11.919649828749037,11.976491389614562,12.06802619426111,12.206254358611794,9.971780357534682,10.764483023085672,10.834142725308093,12.0545149404602,11.340552752459146,11.69917922511059,10.300873253792114,11.226125885969093,11.46503571568315,10.887656083178717,11.1719370523407,11.81657725808929,12.37316709995299,11.625876326205846,10.789500661646588,12.550422837976457,10.57134419955156,10.423439290853558,12.643809317492737,12.050026711582074,13.167650173157522,9.912580731374433,11.921503386461703,12.439915709307593,12.543554699365258,10.58607534971559,10.24724730139588,12.316282950430013,10.906198177905104,10.780989521863754,11.631188887939913,11.895336897576332,10.27220679105315,12.43949747823774,13.34980830484089,9.859218031938566,12.147105561605148,10.141452214339626,10.877760646825514,11.458073346266389,11.828024934948463,10.604459444887105,11.837008119548237,11.784195874520872,10.829768125420221,10.454552878303957,11.584423989605954,11.130592170597266,11.199879580719427,11.224362554863621,11.333732903429976,11.1689314070661,11.092126629850199,10.794328369503484,11.36957754768058,11.143182864603338,10.69014052511583,11.314549124095242,11.205297318742359,10.409368423122777,12.402562989803517,12.410148222037694,10.315046742100693,9.967966168669756,11.69412178574989,11.784409864721471,10.88871417764136,13.086107378807865,11.158335565123728,12.581248375796758,11.793073974807925,11.132497042369744,10.732804685198571,10.27240653346986,12.44569622640045,11.376739650981323,11.826572694866742,13.108807049287948,12.461815154839494,11.452168490370743,11.006291115815669,11.510995685098953,10.873598103121003,12.668352063150044,11.27715916215477,10.802855912418847,11.699139193088712,12.345624088757354,11.370117082315563,11.33520024837989,11.988340870009907,13.424162966633855,10.050203801255734,11.08962552030868,11.517757188982591,11.451813991515658,12.813789962160977,12.28972256220404,11.864315320689467,11.879149362343195,13.171100141766331,11.605289433397232,12.31599277232906,12.418951868368028,10.86502629136387,12.265239393133191,11.429972451306174,11.018649480288012,10.590851225146853,11.01831292334398,10.893901109733703,10.824452076419574,11.061319975731074,12.332824993480102,11.967044142264688,10.255964914387304,12.692264541023995,11.189342985542032,12.342641555236957,12.07074018029351,11.595570084534028,12.521329188691558,10.711581442693703,12.20523757077491,11.36250435645694,11.612705503230782,11.728972242452452,11.344604488662636,11.64724130918365,11.900831304519496,11.994362731288549,10.87396352739342,9.856775554063756,10.909357442546666,12.011417053545989,11.732393876526162,10.907037981917066,11.2070845207562,12.275321060650416,12.597256759715176,12.818488210189235,13.075547611702545,11.86634285646798,12.156648184304832,12.510128221348502,9.26875592923093,10.43048253258356,12.404329189874167,10.747669717842538,11.950724724687529,11.445686502843701,11.774553478292356,11.95778027536056,11.97179183628153,11.808968460086062,10.49571650252561,12.85776332277649,11.075280442252389,12.970337359991102,10.517171515931892,10.467285061920483,12.705233436474586,10.89615577578281,11.29767023823223,11.123363936006397,12.792073444658598,11.867398218142808,9.741369754776974,11.556574813538635,10.752312453971957,12.009957254010452,11.98424114117668,11.977878178683834,12.507923371963619,12.280582687970663,11.534916076534124,11.336067808645222,12.050504512028942,11.543159588086267,11.257834098500581,10.869689910535014,11.700734710041102,11.839946718340807,11.411121901697925,11.563563220371767,10.433172652663812,12.25668441446766,12.498212714809583,12.375876568453712,11.124117362779035,9.428671152546888,9.707335435524444,10.481124511165904,12.756689153069928,11.006082892265939,11.098927321636985,11.535392082901646,11.291528156819634,10.815001841848003,11.413271525706806,11.964772023636721,11.309621023399256,11.13925565669381,11.90464538938002,11.55945141877461,11.856706400024208,11.481447890589022,11.568177871391091,12.510494410369438,12.182621542336454,11.776809760101392,10.308565992366827,10.45700392796381,11.030593121309806,10.79563679990202,12.558680123593419,11.093917194430547,11.272237727243716,11.189041133745986,11.434839406893213,11.491182972338224,12.648276659456078,12.366020682831957,11.794422687245186,12.577127370792155,10.757623888848862,11.301695502881977,11.20281029970008,10.05724032534232,10.393874196754476,11.191148693708609,11.250572521728975,10.60525668987476,11.192898737891255,11.788706490926575,11.173310210450394,12.011490780168039,11.513107680876486,11.225860751413395,11.99221873929063,12.430920024986865,10.211265264786254,11.749174463597273,11.389306372460048,12.010748558017529,10.547982289859636,11.838154045413612,11.641777716716017,12.799660788928728,11.002781925966715,11.176680352629734,10.695106186974263,12.80441359834156,10.933160740690557,12.575778331056945,3.013390399151568,3.831535331418697,2.699750810421586,3.226956462691489,10.066378907464104,7.887273152265938,8.641756037375314,6.619973730096215,8.369009237299872,2.6873658433623477,3.122281640659286,2.8406569547013434,1.5330530664625215,2.543335167259506,3.9068461930588927,4.165256465803635,5.069894466651782,9.479528251693496,10.37189576806389,3.7007564505979498,10.448856569826715,3.930471834659395,8.920882884768805,2.656017382492745,3.3344370188198384,2.9895297082391,3.2916010541334946,1.9218909257855215,2.5402452519645125,3.176664109787346,4.116753574289281,2.755569459022324,4.502747654356042,7.302268001028292,11.364487918971491,8.54045381254084,4.170295314437586,10.29844282275327,9.67458418761306,2.3464980487683555,8.795111745098884,4.51350917387628,2.729158814018071,8.949316265889367,4.565426080130333,12.373815684610385,2.0473703845200464,10.075524445213738,4.3521457384724345,3.4646640953267633,9.656722374660308,3.2974422565783517,4.980697496366953,11.441611251839888,10.285892084939569,11.612041928328042,4.6872938742083345,6.311325783229122,11.146962666045654,6.7609439084698995,2.2952492839939733,9.94975069429155,7.001226829945539,9.146660494820795,5.275512312327811,3.5203826428327942,3.342301711419599,2.6311359509355814,3.358939105616562,7.420461735355737,8.444312548939815,6.962549040990242,2.8917467530585204,2.307035181527257,10.544027857105537,7.018500310833767,8.042501822273637,2.658601258880228,4.207464453995953,10.547565423030864,3.5637942770628386,3.310409471119436,2.2474400452663117,2.7928562846572715,4.348487375901988,4.845502867185268,2.4028203820334344,3.364831707714766,7.687527408486874,8.512998503990605,7.090207205853596,4.535995710719902,2.23282524237582,1.9313476943912202,11.140526251861276,5.478474355591814,2.3658933124928327,7.209426409139766,7.409917157285963,2.7893916089477466,6.26702560154182,9.52296125351916,3.8458601515245237,6.6756186184274995,3.0071414011077677,5.9763696553672805,4.448787603720898,4.898477840422038,3.94397391987739,4.631329665299001,2.553368669896242,11.273309148390798,4.012976925914129,3.1977782671748076,3.216135307977254,2.12411995810852,6.4676225816114545,3.251112507369943,3.849721171919493,11.868157120441195,2.975338467666022,9.37666081379266,12.314208145201068,6.228089643944392,3.218057564511481,8.811639476121538,3.6719475441587486,2.233894371527269,4.111705057475744,5.735846385451203,2.4379656244416292,6.202666103410282,3.3348962987680872,9.576716721432879,9.115784678393478,9.545548648793886,4.821485906862872,3.207934139153606,4.983134626138647,4.010960006827602,10.0155146404072,3.884950738922047,3.142962595975358,4.770147012373416,8.729592305913258,4.242055660591721,2.942902612201779,4.677882418343009,4.245638950625502,3.7802935063552643,3.684451800259672,8.556431836199387,8.31476303820694,8.653896862776913,2.818550371858728,8.238028582684608,6.7554432981538195,8.936674033951181,9.433456535051503,4.111853375614541,11.492388257767688,3.6063365864647956,4.506889360598074,2.8766908251664325,11.680511144833282,10.716042801677474,3.2618922513958992,11.400253850014591,7.891859709235783,5.431139756336175,9.153322737444553,10.138298369420989,3.761081848701139,5.606332967949133,7.908591036383265,2.7703816214194594,9.467834649619878,2.2435872541616275,9.151411403693125,4.801280831260844,10.52802070822306,4.845085169822122,2.410757367227875,5.128036281995279,2.5874519698701426,6.518205998043914,8.690955105393112,3.8604202487190213,1.4129483604443926,1.8454117615870047,9.381457868342887,3.5199113401850934,2.1590457566494545,2.545152798818286,5.8569678916832055,10.774616941440936,5.436335071204874,7.987213594933781,2.3190838905106568,7.66862361280003,2.5470684253939337,3.2151890323125656,10.858165066543524,4.643036459205962,4.766266053899926,3.3201266272926033,2.938583270118948,2.4981441896749437,5.673781716635463,5.972270950563475,4.345590473797157,2.5186696796323043,11.0038274016673,3.3972849582606783,9.011729049748489,5.3442079464505845,3.5010691175933593,3.8220344824681574,6.060454872699878,2.717858851104352,11.904421767743909,2.5167794547432085,3.655685672695718,7.563013314215311,3.6540233771567348,3.486325182015924,2.633392135997373,6.5659667561832045,10.798220990958889,3.7520613855491303,2.9170455495385923,3.0099955068246325,12.239400248989918,3.021658500702711,3.736869686474827,2.7019327017363595,11.782067871791885,9.405125278248955,4.667964514461428,12.175752587166643,4.9649996449163325,2.308442722446402,2.5951089610142515,4.239273680808329,10.423929960548438,7.598446801911269,3.382383652975689,4.044623815572918,2.208933548516463,2.50202219176876,2.425298869738661,6.296333429186884,9.496479240744364,11.619930097326359,4.743490934060421,5.770063391125198,5.990641109749853,10.695636994337912,2.4106953420251025,2.78982593094968,2.865499041875562,10.81104886866465,10.531802368883897,2.893819443679287,3.226933301659921,8.102152799896281,2.8479756086850228,3.7724204294034096,3.3787964201005223,4.504108216913222,2.458967887533567,9.618224571216285,4.836923188147867,8.428934786741737,3.3155799534440162,3.3795493033155584,3.4112874871583703,3.5737134191864333,5.183567141396883,3.1072438244020906,7.672695602463898,1.902703277576891,2.294429665526893,2.8263966722522507,3.1788552058926696,2.387964126048513,5.67627782373761,5.138885897759094,8.424563814712911,2.236922940951111,2.9063048495530293,10.99858635961544,9.607788894321155,8.771698327654356,10.594846044053558,6.312880651384108,3.510923528981413,3.6826364075259024,7.546944271170043,3.5840325305455587,8.437389504690229,10.129899932557683,9.84685174162165,10.461051874151511,10.12112942806981,10.630491138077776,10.147079359203367,8.64392958895409,9.58718543761469,9.626236396063154,10.315270679384827,9.094523943787635,10.720295480184117,8.081115934197271,9.829499906879459,11.472921190674759,9.514282084057108,10.032392459049552,9.353719749996346,10.189328238085135,8.267739449394568,9.976673946406583,12.752935502257163,9.906951045972592,8.07659196303949,10.210590678858633,11.503442120322388,9.982891029998658,11.586020290223077,8.438534678866256,10.739246897474208,10.669405103906444,9.64495913276705,8.949584987402227,8.3610779128652,9.623905658038664,9.198728561546941,11.019505616975522,9.979585567398981,9.056291414896242,9.32292201207772,11.02708530557103,10.281347172521782,8.495198617708771,12.221914287876533,10.544854708607616,8.522381892265674,11.313523604638247,7.453832685207289,11.464663244716942,10.28800336982315,10.106384721185592,10.167831605364956,11.5703437511768,8.082946139829916,10.27372155225633,8.642904750930374,11.792646208427417,11.25113916185479,9.782910183435845,8.693652297777136,10.694874751341292,10.311036840371761,10.174897951009209,8.646860202818885,8.250832185989255,9.021154437697335,10.229283952534415,10.240578802753115,8.898191860640763,7.438591503010568,10.317661824759378,10.002496477655868,11.615085492856227,10.325146229252596,11.457893008064797,10.654498730808138,8.816033160301815,10.936055326292596,9.995086423178375,8.357535214168168,11.44899652291727,9.870964520135601,10.579235688522575,11.01326544106269,11.781792890059563,9.580847908127998,8.804256373958456,7.784885024714101,11.026275679163852,9.696282618114749,11.25481917320606,11.246569307381938,11.804923471953193,9.321436983113365,10.609277167772959,10.469948122763029,9.931793848655818,9.19293933715368,11.18748180418098,10.706603400050387,7.945205621411392,10.127919394187373,12.242039462117544,8.659143390589565,8.244016957910993,9.25922135989429,8.651126255119076,11.879907275016206,9.711582892018976,8.301289981195941,8.290367830250798,10.087271361892835,9.072722521358234,10.374790229189756,8.414555972747875,10.873399803316644,8.882911980462849,10.527195369647801,8.388307631733056,11.482343345071877,7.999941552710474,9.239104908584332,9.225514516809321,10.214104915456781,10.248857183108798,10.525933274054976,11.669384157815905,10.784257533389665,9.686292728060483,8.384475522138926,7.864451343994744,10.640064339749454,10.40207531095853,10.718988463353444,10.007160773550396,10.831982978993262,8.598907474408614,8.835723088858554,9.103574498608193,10.531110820541903,8.434652803128257,9.47781198291024,8.419243021087793,9.474520454224534,9.354210844051774,10.039242045870614,10.807257476788592,11.495076515149522,10.763374342569078,10.47240759533834,10.00167965933649,9.450325206656794,10.084837339480647,10.250187833797245,8.839551541939311,10.300951597604275,10.542978881101664,10.400836841329104,10.203010772939939,8.79630677807488,9.438292878270541,8.516500739788603,11.60189111481212,8.651662728827759,9.350062409571285,9.686481602668184,10.289546714213362,9.430543467143691,9.95257121291123,9.283145925110922,9.921335619780121,9.635656013876716,9.733053091862466,10.151228119172423,9.84013562547777,11.200154919061802,10.476928659813087,10.607990364675056,10.123808286620758,10.481886288100574,10.012914095081848,9.521199592435421,12.149847732449857,10.868931430706352,9.492465598160866,11.342575044128337,9.600407821362676,9.293209483331877,10.672351988420242,10.088089052659805,10.441880672124256,10.592185075251004,7.5186526138214855,10.824843623561712,10.97459657628335,9.233237154509698,10.483253209952737,9.966985832475562,9.926413230310787,10.301354158922654,10.936094811333135,10.929086403910077,10.934194575386773,9.36548449966336,10.94904023252896,8.800908981933693,11.234681833990736,9.662893076013427,8.71772526594907,10.633779470054181,8.661222576442285,10.572444255821477,10.405830776568562,8.620010631917179,10.415723607487259,10.18048461515632,10.594046440540756,10.57155186868902,8.027146077947645,12.577198065244291,10.927375775939431,10.064690428275263,11.282285168127013,13.191036221111556,7.910906413135416,10.638620247574472,11.075524030657958,7.444192990068741,10.696264211290256,8.038936270832432,10.679298220236895,8.501441845925298,10.492794337717672,9.230088941801752,10.172807625419715,8.720621044754592,11.207841119338385,9.250132723025196,10.316336966594614,9.21952759207057,9.240397500692708,10.602492817171695,10.271939723533485,8.646724991186677,8.675896165101266,10.260175039962744,8.726745708294406,10.601301751948492,10.554928306577953,10.418987725605072,9.73680130564967,10.646208730167197,8.419553406431131,10.053899989904476,8.933767297626552,9.27889249062675,10.358546284277027,8.202498385173996,10.16233208266354,7.742035826510345,8.991445659547267,11.25471720360529,9.311897106318764,10.0749971777455,10.5415513962821,11.167707869872295,8.19179509498582,9.22442961340026,10.31072095154994,8.080898400415883,9.769215930684677,9.822240110873887,10.358189386414425,11.323589715336652,9.156389515499697,10.42247260880378,10.959391124725895,9.430355062875321,9.792306600027846,10.041192562291092,10.018045839353388,11.176747093841081,9.582740926394623,9.840989110937715,9.420071217293566,9.78415659826366,10.039078082513184,8.300022863206998,10.324528557059361,9.441553268180021,11.090151020531117,8.22974589537493,8.451845784085346,11.453595260923928,7.841301287616892,10.09722760168474,10.870841173483393,9.971186920623476,11.009312984102538,5.909327146637636,4.414909886071528,5.975129924050703,2.8924915816678287,10.19354108405934,3.8938248613584125,4.179863684210559,3.173826529586409,9.755203594383943,3.422074934730307,10.55564321238901,8.487135530998787,3.3217832959043734,9.919989025007348,3.244311663456206,6.7566270558308945,2.951215684723462,4.54293932597249,2.8040991049681154,3.8475966475568097,3.8255366784465084,4.915348861717054,5.337567296824657,9.117308865616913,6.384895303196137,6.4756240426141956,10.590832593583713,6.623236202111127,8.46487482834856,4.328384698084149,3.6668180295991353,7.621901129528179,3.927722357951338,3.960285063723351,8.849280869069123,4.359645768808936,2.884590672043112,2.1172418620856353,5.300237393524392,3.845380442921599,10.680083444468147,8.052987755470248,9.871013069276799,3.532533876463997,8.983010624214032,6.898221400649344,9.98046709255268,10.40962794431426,3.317764837148037,5.28800996220421,9.919549835931097,10.714505367028767,4.037496081726063,6.732686005731818,8.194683056548058,3.2515284801857627,4.071633048400431,3.080639994417925,9.543118129300165,2.971028795154505,2.5291222299347416,2.4429696884589043,10.829042669349176,4.484105636220466,4.706192380760587,3.466519817469922,4.126126111082692,6.793689942787741,5.603194313266511,3.169881883250877,6.953494895120682,9.496684133702374,11.162363299665431,4.206772329607672,10.453773791038563,9.450113954362655,6.970693180967486,3.6690554372429047,8.929106641450405,3.550169808372183,5.066627675856323,8.500949177441969,5.024272890613192,9.130867646515254,5.101369897296342,5.127451624034555,6.701742850261865,10.415402419799147,6.015094500325319,5.367210943114825,4.2598705179995004,6.584324112186225,4.944037387533319,10.055971591069627,4.959694376386727,5.4036555328258755,4.6666547673560075,10.353093375124503,3.811949235176437,4.166596363834077,9.760453945080387,7.410740806100834,8.235348760827144,7.043894836393961,6.648510458932846,10.02826502427544,8.833864751826358,10.506291476453576,3.386770481569668,4.246970489168081,4.329523316829568,4.524503137448177,8.618448276659732,5.482146488137714,9.736201237589936,4.862291149406745,5.781293127206846,3.8731779167741514,7.315549367018962,3.743981950746414,4.946596486795405,8.87749421214997,9.761161663478212,9.64251829539164,3.5421333290880344,4.78352094911136,3.456810017175198,3.497975093922202,6.737183683780952,7.354508544721635,4.409382673977935,6.362407212779712,9.70138733479291,9.697348483409723,3.129137126433478,6.677865640646229,4.247668537895575,4.775347623223233,9.572785305379066,10.765156046320879,3.3793798312916077,10.323405993219339,11.443017396505239,8.170313534636295,10.972371997926587,8.63187571787187,6.8674540277655165,3.2544726473968035,7.840898906059743,7.855618667328153,2.847479774054408,2.9127930684854384,5.136149574360571,4.708212665392363,2.5202441732324785,2.6350057535974405,9.988608787557707,4.45589792586667,9.374403663285207,3.9589857570635716,3.8259670171377174,3.6066992147783266,4.313765213910178,10.521457173792525,2.8316428319552145,8.791839126625167,8.009469130431425,11.379586323711765,7.3354369819021095,9.953173972138089,3.2350074581652786,5.434729778482338,9.322778339062658,2.8941052407593455,4.170591400084793,9.748939699606774,9.593901523959177,4.97714740332259,5.430742503851121,3.592252685137727,3.051458182079846,7.192307671335793,3.3598773704180527,3.084417969550265,8.223634851863736,4.312387744758705,6.024871830530903,3.803174420947039,8.75134857334273,2.953480735400153,3.726593258323321,7.219195556646097,3.7377520302315643,6.079288339801267,10.723777583846475,10.687421019853137,8.901902591409764,4.280940074938998,10.307986098128882,3.560799461037898,5.213387751170461,10.751374189918415,3.679554399671083,5.24690268426238,6.137851291236545,3.0449397589583587,10.235346407390237,4.450287250961614,3.0717642942423335,11.521442914182469,10.856551312514467,5.1685530879502855,7.994629707945645,5.43691854870028,10.940746178056735,6.202782787945185,5.989400251923719,5.660796168482146,3.9595768884986975,6.384637333004536,3.2768139892693613,4.9426690116281184,6.447319448842267,11.10104379059351,2.675553722340236,5.454966631801347,2.839544924685224,6.589320897318384,3.513698179281077,7.7178992582705135,4.191173675047415,3.735951971204667,3.484311500116866,4.074312920770522,10.181048648001074,2.8283635242145477,4.955065953099918,4.9467980863949785,3.954647032344053,3.1572172024534715,10.575964699094667,7.621333642166691,3.06236346093933,8.823222233018083,5.426569318485821,4.052667518908467,7.423013170318807,3.336624921144876,8.120698711755479,3.167319620812778,3.624344365135741,8.645474412076029,3.330569953886887,3.1201144001480112,10.7059892384936,3.3095580039693884,10.6267667503064,10.303159980751074,5.570750286350649,5.258481636098849,9.948766165973357,2.8456780857360795,11.76983794508479,9.975407243457031,3.067127956725468,7.337064999019848,6.580665189997108,9.583958612211536,8.781950694037114,4.815995158371257,4.409322955109205,9.615838082628816,3.6590945308707963,4.759518208657966,4.9633655297071115,4.57337816591693,3.260259595058063,6.687880938012863,5.974392038563018,4.99670223322735,9.86774982063871,2.505176256358726,5.206871139642063,7.52357374847522,9.773177486243778,10.659146187934983,3.5521837251187525,8.964988652751323,10.20697863628364,11.141611684434817,5.148780437284689,8.496820006671408,5.957503670522124,6.055647511608206,3.5936539717340237,3.4281392268604507,3.3461409860874887,5.3403733259129895,9.945383200940649,4.520441369682187
18,4.081709120229185,3.7189799269578683,3.261570520848292,3.5849384579354964,3.9282857302551495,3.371081389628871,3.6290317375154233,4.302209558915826,3.113778123710589,3.4957553124265393,3.8087604392410257,3.4915185119552317,3.918685109411139,3.9282719253853267,3.4528411018585965,3.818287953567231,3.625231391741294,3.2483960139680117,3.674198830719824,3.5978539936025857,3.7539442756411865,3.356805516638812,3.2702418190709723,3.3822092171466567,3.460917743070076,3.9320764874642467,3.8299562348484897,3.7109503631101415,3.2527611528474902,3.569971341876583,3.9687040613363846,3.435890758173635,3.6198189122757656,3.1967771978650434,4.360849767783203,3.272861956471003,3.5214805763703527,3.643575791185764,3.884710569177317,3.366303388861082,3.817182104669828,3.4302065976713916,3.5317744946636456,4.142943390322749,3.9598187785966315,3.6440553726357128,3.2478554568365383,3.2938145104371412,3.3392945825113993,3.4260034086328064,3.6908431133625554,3.6409456498896247,3.882169605560083,3.6854679419832417,3.6733157787567663,3.5082459592254542,3.920068587758177,3.334527179289364,3.9043910555081554,4.328235528123395,3.5857664553994537,3.77625773760674,3.321582170136137,3.6039090138620695,3.4969963939682627,3.4841348453683696,3.8480435527192247,3.3651653117238105,3.8450837387271397,3.3138147194884637,3.498834411053624,3.577286305183947,3.411159473166797,3.667696553844243,3.7118071039768976,3.2424426689576857,3.7791567796652323,3.495047727822807,3.50863829734752,3.50544452559698,3.86588980315257,3.793528522702885,3.9540662412208825,3.5029513003698574,3.360417920173499,3.856509140665512,3.798744233231973,3.758155547108614,3.2125434701149334,3.802459819098926,3.4243079445688562,3.4987111259555315,3.4924373311272654,3.408474305219412,3.6929531336853865,3.740209218426926,3.8707356945613878,3.5593974651912754,3.5625973962735142,3.467618249622634,3.980405174408855,4.015337393378608,3.3685122278018724,3.431178096070938,3.8111264938855833,3.895904377525415,3.5173212731869876,3.8192502252671416,3.073165409848101,3.338986104396215,3.8771600364901135,3.9339892825759417,3.5492981557192924,3.8483106750344733,3.3648781419355314,3.2819527913754936,3.486421396573495,3.845586500408389,3.441888026722228,3.10349017897418,3.8095741165478096,3.9344420896801857,3.7089375357479657,3.8253311813418374,3.449251506302252,3.537463603352531,3.8300416810455244,3.2920562383554444,3.5655903878098703,3.3897066977498715,3.511376908960664,3.5066907313660285,3.4898978840102783,3.8164294336113977,3.5388128990596406,3.8777163194278255,3.3395653053486862,3.806312177519683,3.4601599789773405,3.079914139672431,3.804220860225114,3.55385362154097,3.397138857337248,3.9384794576687665,3.628693604042431,3.741697210280645,3.707963756485396,3.4546556818308796,3.644539960202791,3.5022866909988313,3.960324625103916,3.684223311511637,3.3501439618613156,3.3441728530435264,3.6355814602060343,3.3518265814116077,3.6768425443141486,3.624395653069214,4.141492697912169,3.6209127655763513,3.511648465215684,3.7168769561298816,3.5135195053989805,3.70075918699237,3.433799584439683,3.6017563550114136,3.386753640547997,3.154481655890511,3.8028203322625216,3.7004072797602316,3.7005481592761527,3.8002208715286536,3.377724675983572,3.3669226396137977,3.0076017145661686,3.865047559550242,3.3817728703508023,3.734596666955594,3.5607845394220075,3.626809629256242,4.1810390020231285,3.6730906612228904,3.886042179972706,3.5200485923480085,4.2965686640642025,3.6692050837038144,3.788030332665119,3.056609592413427,3.422654246040841,3.7754254496670643,3.9471123588789787,3.650069916990543,3.905361897759873,3.7431131577589323,3.574412333334222,3.4955873220059863,3.5831616644366453,4.0433320645851945,3.7071075816346934,3.8797561723071277,3.788934519316436,3.506062524697649,3.931192347159834,3.9599739024289646,3.2697643879642433,3.694562822773945,3.435937737455106,3.752179927723436,3.8542443727425635,3.2865599008922266,4.193923927237297,3.5722702520845138,3.5003122689324613,3.7592568417477,3.0301336445786786,3.475601996189076,3.487326317415037,3.758724492993464,3.493636086242395,3.3247105863279427,3.967905260196466,3.8353554834851,3.511855321550355,3.607342341040259,3.773260415078694,3.598960811594832,3.352442530049538,3.5485230644516017,3.949919241666521,3.6035616015589107,3.8852327406424765,3.4354442848456066,3.2675016922551983,3.4604453794957832,3.3050606404758875,4.12747803598671,3.971256287767308,3.855789355967143,3.555243017628521,3.7044786471730182,3.376632678630868,3.695145851055765,3.847481996664487,3.5372769994772866,3.350134398965524,3.4450554635711312,3.358748345194993,3.8313125490730164,3.164122128320597,3.6392863411424003,4.366633953215003,3.041280464016698,3.7216804757192588,3.8964709098242527,3.684710146375719,3.6870056020281696,3.4290959417763975,3.634465534769985,3.726281595440209,3.5509533442006247,3.3159554346078757,3.8933883160702227,4.093143763047659,3.5187128043308222,3.5009390263738362,3.7687419582853763,3.504345891255212,3.8782868340947307,3.2354580419615435,3.5346535120588656,3.751851545520205,3.4823412756166894,3.399106889155311,3.635133642246794,3.845694594975455,3.69333573551826,3.393237890252629,3.918765760681858,3.313426685908442,3.2981162592209046,3.822090249822804,3.2500523027228585,3.2615575936366077,3.177652576379028,3.721435621476909,3.573866727480023,3.31240931665031,3.4212601287366216,4.129466258153925,3.5532826295277204,3.4696718396922344,3.8784393868288767,3.5201835751118677,3.398681957805978,3.6482418673261257,3.6004357646827527,3.760209289066143,3.8038863217518686,3.440482236713488,3.477149229816898,3.8832684037203635,4.120278119305258,4.221343876492073,3.7361347886237133,4.018015086863381,3.8123133686793933,3.677503451470588,4.105794234825032,5.259544902791348,5.245228153308363,3.8619123775486552,3.8015082845196746,3.753529472331686,4.422985041341142,3.4265936175482485,4.42150078399344,3.67427526157551,4.385738719271018,3.6138559901230725,4.311110160297387,3.7414837585593252,4.2790281226869,3.8008397421959192,4.571799164339053,3.8811363325721278,4.1345171827508365,3.907960135855774,3.780882501295342,4.6949332741044705,3.888675870590175,4.010104698857902,4.070538680629554,4.008677485383734,4.150799538926818,4.236837353558383,3.7289665021618874,3.4739035475912448,3.5267710731042694,3.6920391535242536,5.7054369415976485,4.20936790186122,4.214483398859585,4.421274309435632,4.241369821133581,4.2920044845316605,3.334897999705597,4.575691416370023,3.8128007698329327,3.8847347341002205,3.905924423359407,4.201714288771132,3.9337520104686186,4.18630264606871,3.6959586766847097,3.730557759174604,3.804779047336821,3.8504217400139833,4.464773078715215,4.684454547572896,3.734891611175055,4.343905874154354,4.37560673548448,4.668180321658995,4.339612177456578,4.401274338529837,3.6533676978176515,3.6075205165503452,3.3425386383360665,4.3016146488650575,3.8843342240940366,3.575539543813103,3.893035310139681,4.220546563778602,3.7981957085453186,5.12968073739025,4.735784211972378,5.062714545478914,4.08326002258495,4.0699643854228915,3.5807586467564767,3.3974680058663025,4.714445923438365,3.704583694416035,3.8899702949540296,4.405325457693939,4.324705190607306,3.6133569183653247,4.612891946969095,4.017476970572103,4.164853755529136,4.243035548878748,3.50779106501673,4.383039046288917,5.139239288961322,3.6857976841607045,3.7579693240899186,6.2296650692128,6.141979312514437,3.640199293472163,3.521993944691211,3.9340964396814173,4.57270652150132,3.800455009006223,3.4082897608652782,3.409890017828623,3.7673932194888167,4.36661252133673,3.8578738847621117,4.323202599198972,3.4416695925090997,3.698363344788307,4.44307296095738,3.7524409315234686,4.390182002132911,3.999629298687821,4.273688947326031,3.9929830381005496,4.3502049195330175,3.3530528987298607,4.677800211545451,4.5903195110072765,3.6976619752010884,4.122342217454041,3.892060349576493,5.050096881963705,4.366960833602505,3.6415429831561057,3.8427775295307134,3.7378935928634616,3.2954116817079107,4.669727172322409,3.7604134192123877,4.77456217130354,4.67442313156446,5.26191080210426,4.222283534617233,5.2219487680662775,4.918828735422218,4.473684151948235,5.196158191453429,5.89272372331314,5.614551247049413,4.221121481110151,6.104694324821128,3.4795651122549827,3.4942751881661094,3.6190606976928774,5.843244489788043,4.921687636685223,4.067430316710254,4.796523974432895,5.622269964354719,4.369343946765259,3.67364779705353,3.2865660963405574,3.696294267656293,5.429924993864583,4.811534735590219,4.666584471451182,3.77321842612261,3.773761005237478,5.043448526012815,4.2081216473273555,4.005857284467041,4.123570029007642,4.405601233810585,4.310056272788664,3.9013349948125353,3.8262574201775545,4.68333239623632,4.068244934556477,3.818520843067098,3.754153589992927,3.69007897324421,3.76267980884067,4.407605951214492,3.82777650643857,5.076526052136395,6.211468968684271,3.9847096465714347,4.032893473608083,4.310289038889454,3.503762046743691,4.245941204037165,4.564517326127619,4.161118475582433,3.9694191100174283,4.016112671319256,5.705711511823547,5.782186913682257,4.532834522631984,3.9271259104056893,4.035996319814118,5.29008757962459,4.356172293917389,6.161717372503663,3.855460137855647,4.214478879041718,3.4494015993278793,3.9482001607963815,3.949737815181568,4.286856161287377,3.8712004775596296,4.320552018489184,4.458096700187216,3.6759173440968933,4.248737281808417,4.12275221893604,4.003594604441436,3.4352090861233098,4.570680588286992,3.75115062592503,4.326954206849285,3.411497849522776,4.509843217209686,4.24691591783591,4.636202333416395,5.029688268442212,5.183286021927077,3.404420634851426,3.6816304028154367,4.309369464917126,3.701130872022765,4.145268741179472,4.3486903290155405,3.667404004757742,3.457103491908517,3.6554098853456556,4.3168943594298685,5.20437324578797,4.584589296038708,5.4786227159980285,4.3651966869262475,4.05112048001464,3.926361353250922,4.365284606103217,3.82315903578987,4.419033931893151,5.800506560666704,3.4271596165869744,3.683841955089206,4.51972560222155,4.191085933653054,4.362214731007202,4.648128243566474,4.267590979920949,3.889578869658115,4.608597173239792,3.669214934803216,3.843345900388615,4.8647582651591,3.4744776898445586,4.416384697000644,4.34523636367001,5.089793567430499,4.265166673417981,3.791303193895919,4.239495993793121,4.401180999065396,5.5494088948804725,3.7296547996079776,4.59783640388987,3.550328804206144,4.762248558708197,3.877533837738619,5.795070120023638,3.897652878127,3.92762612160896,3.42925325470055,4.994090658414951,4.7537468222371775,4.178652275245873,4.776980722891519,4.35867725806683,4.633433746446462,3.8090246731445365,4.576131822325535,4.197485506365582,3.71783606419294,4.043142857800985,4.166535326614689,3.379169347860902,4.157686194192966,4.745456730165854,4.021071580064556,3.514753445602176,3.969523237093832,5.040857591117431,5.683459468848468,3.9439634327050856,4.411972966765061,4.087609147376776,4.741591787067529,3.6797356765077613,5.837514034202829,3.4729528149249997,3.964213569573537,4.283779080495019,4.4571300559379265,3.845994482858261,4.021761516421208,4.624660487663371,4.088021339074955,4.8193017101072755,3.7526565515784815,3.6575116874526983,5.1396074772182025,4.600196910054552,3.6023051324810242,4.802601739931437,4.629023201731608,4.5897178601034225,4.832535940407625,4.774973230323242,3.3351751768726268,2.785523806901231,4.922171301115512,4.786488511233468,3.9145452704562875,3.0805312702012517,4.532383099399564,3.6115375598540935,3.111007609312401,3.658414271200474,4.499489739304092,3.3892068424444477,3.2288692960061214,3.0611932594544995,4.6767258287063385,4.588694792239701,3.9180433541378425,3.7665785514589727,3.5998336438801513,5.113187204170208,4.152097670927257,3.7862038371418425,3.8437854470296835,4.886836761585762,4.637640473344126,4.155642555079351,4.240223676258402,3.899512154494921,3.2177858229048275,4.770857175104105,4.872755743978957,4.772049488353644,5.192445828504153,4.415085231428336,4.990877644629865,4.514152053818311,5.13038011144184,4.623928481234136,3.877784331989328,4.408122977990716,4.321717929027554,4.749413351706825,3.123005451605029,3.685302374797503,5.289310993532621,2.7474671271624307,3.4313386352809276,4.792057310103551,4.7754138452882575,4.4977896769385115,3.5424796657330186,3.2242230713410756,3.677562368737097,4.6144597457102225,5.0329814066718015,3.537326725946697,4.41758460438736,5.112087911765291,2.926104418806902,4.55744984543553,4.747026084976826,4.992914854142972,3.6452420328865918,3.669469017351513,4.546569313557057,4.428928491465671,3.2614035032038253,3.542868614470456,4.000330393227549,4.039978565370037,3.526866262442626,3.4131751955991825,5.089212151198366,3.5184464632155015,4.360318169110794,4.24671011015781,4.331305879066768,3.9229127115022506,3.90070821950998,3.536903486370555,3.1438478879524263,2.912616864186693,4.988963511677754,3.0764635161791034,4.235213377783549,3.6689406188772584,4.744240509476312,3.996038466010713,4.093483391375707,3.545971975165742,3.5724992216502436,5.086919517346842,4.622118290970626,4.146010914474838,5.028307302473993,2.856243161264467,5.219522821453692,4.1813905351501,4.832145181948681,4.256660387817551,3.4604228464118925,3.587102894260957,3.3695387173766145,5.055339727679718,3.8145368775850503,2.8096887993983817,3.951392980394308,3.221493545840915,3.8455313549282115,3.95994143209766,3.609620034929681,3.4062827298101586,4.885298075488735,5.038662894804225,4.149993038588059,3.635878130989333,3.6908407930379044,3.60298578139811,4.526250262538031,3.5346125094044973,3.8191648056942684,3.7046334619726466,3.5830871728099716,5.026058596599111,4.287886579513262,3.3456122884523665,3.808393979067134,4.4074618178791,3.550877086867153,4.0507449001472935,3.80630941748188,4.0865068403437,4.961443392949661,2.748793079693948,3.996980354653499,5.074034475191326,4.524915318595358,4.119317143016659,3.8209282959021422,4.463621730609497,3.746527546478813,5.645199561430577,3.982756794150129,2.832332279652723,5.001232063349705,4.437633271036069,5.0339105353293565,4.116191376410071,3.848750948934697,4.073382935371606,3.521419439848685,3.099593925529751,4.53419148797749,3.585792132378684,5.009829974346298,3.8455538432875875,4.646991303092442,4.068002241748036,5.1549814020382465,4.63737544112855,2.8253800912381375,5.206867851831552,3.4900317730839205,4.321874874144469,3.4626708810837856,4.176067844134319,4.9881394189976165,3.1142408146405796,3.670115438222265,5.039517414339064,3.3716846003238583,4.807523228888028,4.3668040696147825,3.8866579457743424,5.0873668085359744,5.208473566762815,5.1520988803922085,5.683285371168587,4.222244931516331,4.107274250150282,4.119537910955281,3.2536961648092304,5.301150002661884,4.209816627909303,3.412323633304869,5.226366150972373,3.805393043558237,3.6083648766400507,3.7958786652041656,3.652386274362847,3.707515082990576,3.6668998897636946,3.5990955647981653,2.9657616860356635,3.865297973577815,4.2798791245123535,4.62996812809801,4.102355787968934,3.5166700280834586,3.2766667719665485,4.925626343894508,4.691456179257556,2.9227198156533345,4.071146513805683,3.073675360506435,3.3503177656187804,5.19079470502795,3.0709735357545114,3.993602252452842,5.223948298975471,4.549223666459339,3.425345413307123,3.4081314333407793,2.636598601860454,5.212016285966735,3.2300386102574934,3.3763352047142416,5.28198844520388,4.183152490944115,5.149431876554216,3.9688261858263973,3.051355022610942,5.694860396922205,3.621205282869992,5.052714022723963,3.1258917142433873,4.853156194212846,4.869427007696975,4.6663462364436725,3.5936268014710535,2.936953614314014,3.0243658564796667,4.623437949341669,4.689283579539494,3.9920861535911683,4.614568278572707,3.194129408938244,3.271642197979631,4.523123596211133,3.6385570019109355,3.8385591184401964,3.114174588746432,4.2059622169088,4.598756456221669,3.139346181782724,4.30272962868962,3.2773819952689123,4.5871181396591325,4.340223391223591,5.565235423247869,3.582359746896696,2.7441272138543678,3.2674705289584436,3.6441325391603185,4.38878474824442,3.5762553707503675,3.6236252489288847,4.816094825319921,4.690797781620683,3.966893743805748,5.043043973594066,4.005355083766197,2.766265444858196,4.8739958403356525,3.6715544832984928,4.093428749824573,2.9576040745381924,3.57593357702462,3.0891813681524436,5.270353657094122,4.954024886627883,4.433058193634098,5.148919507534666,4.133367459783618,4.340968647467102,3.5196227394099027,4.233649985593639,4.500053769064064,3.6295221158222053,5.190850197078647,4.938135729527721,4.752267854747896,4.120622265800093,3.464752540376227,4.762288616930853,5.206508751646972,14.741713685415458,13.49413851361215,9.153377647579015,6.745804156031937,8.465614173190504,9.849813058384099,14.580413325351163,7.988369833996643,8.627426954853945,8.248139531364833,10.78364918642822,15.341416390308137,12.896961418515488,8.557407868914767,10.743428280170408,4.992930727146429,8.372345986599544,6.871033739973845,9.664149750438927,6.443366456991954,10.811089797573741,12.932755652591997,7.079126810203482,7.639540470962346,14.588319505862273,12.049333094327515,14.805809217038723,8.871763352750131,8.458663664417926,5.048207684446817,11.986823199690196,13.551693410891575,12.875256746805725,13.579723534155406,6.676141484050381,15.003069097321507,14.749750827947695,6.428628005409814,7.568377777842018,12.566436822841526,13.92224448723804,8.185215084331823,12.411364503163183,6.032677378853578,5.878735488602341,13.24884430221669,6.957479807964076,13.499037900636703,9.463814419411452,13.90051042428418,8.715280753898654,14.863842407587647,10.750345693779758,7.621638784250137,14.697570798946783,8.752761981775834,4.513373431134396,9.48231070112591,12.979118368766962,9.886982754890965,6.488196295656172,11.049261299295368,14.272533597454055,13.458990975180646,14.28610791658746,7.692853141701765,12.800552838406366,12.301487851158338,11.72898842561516,13.186897162082474,15.080532932695935,13.723366099667757,8.0756189330829,7.439200027639541,11.992002665315313,14.308675164626706,9.317508520557336,15.509339824781772,13.227175430828321,8.614132289263393,9.949165514505312,11.652551088131716,13.73729938681532,12.802541146181492,11.669466146925183,11.715677001629466,10.886252900847486,9.724431364818221,5.36033759605275,12.097024673871786,14.23689187917147,7.257660475474679,15.245106169562684,12.150120643125115,14.581589701553728,9.136686088479841,5.751416371188468,8.202220696046378,9.916588412170745,12.11406906756105,13.846887604116233,8.257956483309103,8.97559851355372,9.406797788629985,10.99307158842648,5.181066436259284,5.649188613190787,11.663110801365846,12.907356120660932,13.169234531571457,10.82341911195789,8.808014913611396,8.133015843336008,13.62135086863628,6.259465107063279,14.413578633804047,12.931471609944285,14.642582098543205,8.95840882841491,9.736605432269329,4.507034354642913,14.634093332482292,7.203818360358368,6.186833129867084,13.521283509481119,15.87454064447046,9.970988647165449,11.01982620197271,5.542749323873229,7.256860006207079,13.977714655135578,11.733239856264573,4.7547881171265525,5.967823056210927,5.367437323619956,13.950148070575462,11.31856056817993,13.572158552028315,11.683465509537523,11.402980086732667,6.89333805864514,7.349650234415859,8.90828471178823,6.997522572395539,14.208129624322664,7.0706159430982645,10.898453715567825,5.397524642300374,10.488010366743863,9.340336018665845,4.969559149342676,8.15837388574137,15.179504342726359,15.021126670595226,5.227854894621158,12.22537848233611,14.500019328238817,15.166018915486617,6.358306761853095,5.764528892848196,10.628416756908328,10.355114209939707,13.996894986140884,14.663712268387656,13.618048708301757,5.547975106342909,8.865060750365016,9.893875894370225,7.052745483067877,12.175766088872514,5.478164060720004,8.573535336643863,6.491864310470557,11.233198617192985,4.745541427723933,8.977776668615595,5.9529538856038435,14.526807186633206,12.619290307813635,14.870325067041849,6.184609904238434,9.706625260222882,12.268461509143624,6.008187411425673,5.1931528093748955,13.82661571696389,9.279108809455742,9.242880190502433,8.009558593069373,9.435739504951803,13.61149069891741,12.994811626610787,5.738217674041625,7.159470728782587,9.66031595163329,10.461318263385627,11.329576744271407,6.20632041977577,14.123847286380006,5.936879253115471,14.09489626337643,9.702487584132282,11.760001856048943,5.557493663581773,14.721557907431094,11.976527759932875,11.89585638126058,13.06430588061313,13.6052869041446,12.685714394593898,7.41609893800964,5.238859225802639,13.479315584605457,10.40845433136914,8.734703821407692,9.449426782042638,11.211603008192588,14.397420420104819,10.020893113743519,10.321478031150166,10.874610546704412,13.216017320648499,9.680371689050034,6.253889906800754,6.045471760181439,13.952427153494082,6.4569050941693735,10.862290445001285,15.63759702599745,10.293822520139798,14.590832289953834,4.9480062560751525,13.324452648351102,6.093490404572284,15.404821324887545,14.648847663205276,14.425735344820987,14.13159574402533,12.308889116816111,6.3704190354013726,6.15176479765205,8.743254436943657,5.098357610767757,8.794660524225355,9.34289400781125,10.160110111043576,9.144741837177488,12.029464606986375,12.651926279406432,6.180061928238901,5.219107107281292,7.133073472316787,9.686104806929393,6.055397066352559,10.526535132839207,10.0619312529414,14.239311290396675,14.242801579245079,13.811168382794373,10.797864133501898,11.23745302056225,7.465171300674393,10.86545583914172,15.476290635167938,12.484696226307204,10.74401995870822,13.495516522509678,6.916043108778169,11.398894280354654,8.967883585434388,14.488161232455239,6.891215543054697,5.4670469533871255,11.418675560403583,13.197894337411572,15.427038032726864,12.088882294978966,7.720064279080484,4.884294020555994,11.982089182421984,13.51842367042209,8.899948818196863,11.924238570486198,8.207904690161586,5.666829714057269,8.929902471589104,13.164250928219259,10.688000033404043,8.656765536382997,5.288099248961404,13.433533227296566,12.079618044595321,10.926736874327727,12.31256244651753,8.984076902740611,13.332992969989554,12.412054846289193,9.251780805054784,13.029705895448132,10.503302884750152,6.046770642121826,5.424776766209779,5.364179770474539,4.958390606101154,5.186318333147053,5.536136957491522,4.471927603640619,5.583129308733949,4.708750670403061,4.952412019385009,5.265580102082261,5.950305575866192,4.835173875752626,5.73843876931057,5.178351301691266,4.377888156490084,4.137439219031675,5.155968789538242,5.126420074951463,5.1911875065757505,5.501369204181303,5.883751119335869,4.298870487462493,4.16297509815022,5.193165973157048,5.431189666152003,4.320730103720982,5.268978612959015,3.736045929729392,5.993260647769254,4.767014885349577,4.125679141627921,4.908660248550734,5.3970441451368965,5.1489235502283295,5.337224651317354,5.152151795018913,4.635385112910857,4.9290547620627505,3.9090692573749664,4.7298301180942275,4.505769979158686,5.048005184993376,5.24520380880542,4.507223452732005,4.837297063200913,5.219341673196767,4.5535156825302145,5.062035237474978,5.921001780528542,5.187222259168037,4.821699439173353,5.518232218284537,5.086761473027966,5.54596691381534,4.824910944143469,4.989613250112981,5.483097940401354,4.862373713131866,5.33436935248719,5.230192877057031,5.783147742355137,5.227764601657348,4.812175778471823,5.236892829057545,5.851699204577595,5.034581951736946,5.382612059083444,4.530781441495515,5.443555985881473,4.996318302265965,5.539450396066822,4.690230744360025,5.597064809627818,5.545833553465901,4.667558370175073,5.421016204483891,4.173859692155478,5.180031573729602,5.088477150457992,4.131513736834373,5.246068556842992,5.749046364237077,4.53459744000473,4.631087460342068,4.701999652975388,4.630935836808561,5.757895899437926,5.07903699415591,5.077192924619627,4.898231224158355,4.48034120109126,4.28772065215491,4.49079969767079,4.602072672257115,4.395947242904228,4.670383193856529,6.539686181319978,5.045513110077634,4.67969088851801,5.687838459199056,5.200936854357487,4.306622761092786,5.95943436080022,4.71880179826087,5.492352113826748,6.855202081845738,5.623772477051618,4.193062183614567,6.775015481536328,4.16909997426491,4.76952388398324,5.827908037303407,5.801121046162313,4.905228294095647,5.0211137295476505,5.231723742927181,4.146451320392299,5.492367287035511,5.366750239295463,5.3300027581309894,4.442047974808645,5.042592779408562,4.829225929517629,5.942998970767313,4.231434874134946,6.416973684014476,5.638720470343592,5.797342085631628,4.628402483611943,5.468494664396814,5.553153726881593,5.302308284482641,5.197723636246214,4.316688283368545,4.8051002410279695,5.613170273826453,5.238448489631185,5.410012170160476,5.201763687900789,4.804560465255488,6.406614135935276,5.39879883871399,5.395436880474898,5.254519884334633,4.815509663492595,5.575916430943666,4.826854603726145,4.054353928370948,3.9942593049318447,5.0398220524106385,5.162587911661608,4.77690632934137,4.9807553086896155,5.24833534314171,5.3092643067270275,4.739573945642806,5.430157238295628,5.389853558904875,5.792436286267902,4.629475974548234,4.277671270416523,5.079279643434597,5.11357738667266,5.441722426668078,5.458923935272693,5.487389985065497,4.806606545855028,5.3433451144319655,4.620368548075642,5.076005726114588,5.52589876245512,4.158830180886006,4.957265982075552,4.545895933855276,3.787070491974113,4.93575973075081,5.677508202175086,6.029037482857229,4.969774165818975,5.251558598080208,4.985010701836553,4.657776555857712,4.9807881412866895,4.062225957406824,5.083406279703588,4.16519535326262,5.444139139759744,3.9240698083533916,3.6354323755365936,5.903947731991279,4.955161139644749,4.216414865622866,4.730112648909708,4.767616244016604,4.9386636389806915,5.5636500635868575,5.0136166675821325,4.829209400092433,5.345105284928208,3.864174892212509,4.519916840533173,4.7938150648147,5.612475624701874,4.912192929351129,4.153448761962431,5.250902531655615,3.8484755659221928,5.098767052731416,4.826769379265434,5.011511662085433,4.306979245886003,5.02570101857446,5.882103499360333,4.823286281649323,6.726225877459993,4.601513775766905,4.1372708967578555,5.8521961180678,5.634416312062398,4.958968849082126,4.2980928067698905,4.653144963653764,5.343540509988181,5.687522959049567,5.119651574109428,5.111967839543931,5.455482032885787,5.091044250980655,5.0786390474325405,5.275223996063205,4.487520519224268,5.203773114975122,4.18304077868235,4.78551923541841,5.514441227222911,5.044896394954153,5.460818791155661,5.372607386031126,4.894534670197478,4.914692284873672,3.7390323670422356,3.781050237387195,4.554617060368583,5.040309898227083,4.200820143465023,5.578644216336021,4.360043665376328,4.28800012222928,4.448416791027055,3.4440689348956677,4.314121889839048,4.855363821859213,4.797929742147999,4.59800796593045,4.49007922233233,5.457091818690429,5.324136002717585,5.194548678115104,5.561455696925977,5.294343974483834,5.437264085761427,5.679465951659139,6.026174072092377,4.963325824386,4.433081462230742,5.362040161418088,5.649546463580489,4.053485823100822,5.059630715777307,5.653088774595028,4.614419117328748,4.971111819104361,5.465910901619666,5.920493771495722,4.210276686803318,5.682065940221724,4.203658337280163,4.973287549835029,5.155016820970875,4.9786574523819835,5.012530270460056,4.593771561052987,5.055435494087761,4.284386843953954,4.853972578471154,5.485481373966024,5.852470613740454,5.347597496371244,5.705548497725237,5.250842536061079,5.057955480047857,5.168752735681984,5.3934003393091166,5.3651018112471505,5.3471881677072925,4.127853493235333,4.267568585252737,4.709207040181968,4.548953898811157,18.61382044293339,19.27962883146484,19.692913940371316,18.949553755005248,18.10737203855746,19.139698953970612,18.25189986371133,20.38875644953841,19.18855429948806,18.172782901922147,18.470406362346946,19.102056575487584,18.996719272184492,16.4376615417405,19.940786108674,19.025645853758324,17.57602307460242,19.483194207057615,20.502852893223164,19.25398019222951,19.521803750315577,19.23235300177374,18.640999487945557,17.960660383671954,19.234838105468633,19.228300538047243,16.662108294498818,17.812966744872366,18.589939907739993,20.446844274533905,19.335050632628583,18.389792816890978,18.954363319519004,18.471538818891126,17.17923784703186,18.724363914777204,18.843441716632665,18.21022132967026,18.851441652953728,18.74825785612758,19.763138528883562,19.362359494564227,19.39819426432835,17.35852942046001,17.73868530366508,19.075166002028027,20.93749699086961,18.523014111757053,20.043985518566405,18.510099789146434,18.30376809470512,18.95267839557253,17.534830786095597,19.382110760999122,18.859971057173926,19.218435977309824,17.247117759053427,19.27816541950123,18.832316610471363,20.41960854137862,19.433934628194088,19.93682057666857,18.510808255936343,18.104916951584666,20.452219134014193,19.523954253419475,19.720135237979836,17.32861269288939,18.429427082706027,19.391397369034014,16.847492783282174,19.012820554362523,18.130748948315293,19.730629039778258,18.169768643341907,18.51964174597105,17.461997358844055,18.193121913598652,20.404936359849806,18.422037736972666,19.307997120538914,18.400614391180195,18.455602566565677,19.021267412871087,18.952912992922112,18.39241101483386,20.09754178084242,19.47879885060716,20.434140649772246,18.516829097808465,19.379157213240465,18.33728089732811,18.428155021839736,18.772916499548018,19.510610702379527,17.25264094048183,19.09668800681461,18.482014452627133,19.785828878425427,20.07781677949987,19.3001715319728,18.38534311139555,19.283270734049136,17.950377926690095,19.499527530771335,16.988968891012032,18.818293153837413,19.62187149751519,18.98436103423113,20.35689502211286,15.604358969367714,17.181661775583127,18.37871413483924,19.09641281420057,18.225774221675707,18.511873840662712,17.214793860036174,19.09832041672309,19.28616360936939,17.44866306473604,18.740003298142923,17.31673087937502,19.912076208121018,19.13679479409415,18.293348758252687,15.541755917215243,19.807769698651498,19.039304047534518,17.942764149394495,19.420449131758353,17.356889207708534,18.302620731563447,17.817909597023025,19.238761706313422,19.457758586597215,20.249697937102674,18.93351625422153,20.312113235644137,16.304708718170186,18.624862507619724,18.055666131022715,19.261363923357454,19.174707104537696,17.85594062443631,19.483848812775364,18.349763708675265,19.30223424128048,19.286853582107042,19.033130454113714,18.795326606123147,19.22451326218125,17.839143286840308,19.847793155149816,18.085988591428226,15.79735538383518,17.988383041770625,18.52124651316,19.110932755126345,18.317049417857167,18.378628447176553,16.24018944616015,19.430417693119598,18.020479817402002,16.26260064596506,20.130733183349,18.794082109473777,20.86554707327983,20.557843529812725,19.24709744285551,17.86613048707155,19.069440270728574,19.219077177096796,18.765806250491124,20.83448850114911,17.862771352300587,19.695870376171676,18.418183314147022,20.425970556502634,19.03930262989507,18.380497041172656,15.394465947179357,16.74069219254597,20.66544236311583,19.42434160768934,18.04890207301246,22.733597659554512,20.18440151994862,22.860086564523648,20.024022203547826,17.456714091376902,19.44267908417405,19.76805812736998,19.854094755948704,16.85472268182293,19.37580904897857,18.350836309767892,19.66064352082369,19.304894483938348,17.856685563184932,18.20841330614834,15.46843628478078,15.83136597151709,18.740503774390444,18.72947228875506,18.80481682671592,19.742768091204418,18.078804060409404,18.58529512336631,19.153316453694774,20.35662497483715,19.143202715632526,17.896079085011763,19.279102864197107,19.278118967968474,18.72326501108874,18.996387089273068,18.367179099624913,19.065995145522606,18.705616474212285,18.93316216908317,18.350213604005674,20.157258554623965,20.686645314375106,18.37250924153124,18.616398115154986,18.357521471896913,20.586987671156113,19.493841128586713,16.423042754104245,20.093479085123437,16.47020659428173,19.10872032742558,20.95860036041269,16.979487002030137,19.6655457450739,18.044165555705714,17.56972831489909,16.471167871437142,18.495973752590405,15.39650011681022,17.008767449774055,18.981960980994874,19.674316297938255,19.675991163888664,18.643132468235894,17.80821086904069,20.489360821459638,18.916882487273412,18.66520122650865,19.272363498450694,19.5676301996721,20.721872921371705,19.136617531501667,17.407469358557652,19.49696199200084,20.432176346031582,18.959143264311468,17.828295245016836,19.220435561493193,18.544480279622167,19.988328234403024,19.290506422459085,19.113817055172206,18.810046326094326,20.04303017266287,17.00051865223918,20.1432792817465,16.974118237490615,18.699365692941658,16.907384259944667,19.13536499879267,20.61850916425974,20.50757538867283,19.440912670481193,20.140922524894222,19.800702934107886,19.275335602816323,16.442156664483825,19.222131934133547,19.781316289545583,18.563236248654402,19.512447642318936,19.902149840684412,18.034902226525308,19.69259125869218,20.571174740901654,19.67935058168017,19.015175971251093,19.2708060941521,19.224478177550587,22.703294431391548,19.860045930322155,19.55101394256303,17.399104043974894,19.54278657426863,16.97277099852254,18.853973565647106,19.640033640970376,18.767752633654112,18.408637668332258,15.597636263806963,17.983032956146634,16.810303928769343,19.9390121563694,16.986080860045192,17.608709901653466,17.84683954808223,16.593562169303294,19.226653762106128,17.2337602493771,19.307704577724913,17.784854751247604,17.732264124477762,20.226374280758762,17.03764577870126,16.18065158956532,17.62291907751853,16.81537580922827,17.477646279199135,17.38010886291174,15.718746806289525,17.471662345234773,17.631336927951423,18.678654644017204,18.15879178124191,17.88565796318411,18.988507744729436,19.635984623295492,18.353894928252977,18.544774597916646,20.455241952664974,16.5690135998526,17.16357705623486,18.11343226196532,19.853701571647765,19.21110254488566,17.366682107728586,18.73888570220248,17.5866777582801,18.069697196486715,17.690270617293262,17.87597414386341,19.315251863352014,18.611203209993395,18.381166922787365,18.117225071350518,18.176009799762372,18.605092803142213,17.848568520411565,19.73547468591873,18.66099345787172,18.957886807031375,17.414144407645455,17.247056715778935,16.562131470911698,18.909595735039673,16.74622419644276,19.30875933019532,19.484899686276137,18.26798732649385,18.13863928010409,17.763538269193493,19.103300284904655,18.415006215321306,17.355469632697933,17.168560122756528,21.213897030286883,16.6691828019082,19.719603088364064,16.965778033097347,18.623215657082735,19.190967801845996,18.000644923954393,16.34782819988181,18.270476341868985,19.953950779817145,19.177148584177914,16.99545824366211,18.03154887149735,16.56494823877217,18.63422192898899,19.330762110202127,17.74549377640153,19.586863665422122,18.04167896533077,18.002465371126757,19.317926970556496,19.30227304247436,19.265190085271893,18.31476737859723,18.506714954635726,16.05927565315473,17.72015692318256,18.507413012541083,16.780119393463632,18.92434075834932,18.68208984756609,18.5852080933587,18.9794366400105,18.364120987208892,17.370847559236793,19.463612766416798,18.125261786378566,19.039393736610315,19.575695191597912,18.87511584249514,18.270344588628227,18.632336662762818,16.584377694262052,16.765933471871758,18.13070452135683,18.334368912697187,18.10997422241946,19.46140796727395,17.653233455149252,15.914989760579276,17.411808101054618,18.649293065350733,19.462884964366474,18.055457471283823,17.506295450297994,20.81370063005503,17.805140781168447,18.983650656530017,17.597192446405526,15.639176895840164,19.020444100894398,17.214994871454387,18.05979461425083,17.558637154904364,18.483102442846103,19.52878106984645,17.955511590745598,20.039840592461164,18.50071309717584,16.841756446778124,17.39699131336628,18.10745216691808,17.323691522707772,18.37976680106755,19.054926626082764,19.918532080922745,18.18201738631495,17.971571185910346,19.863011721619074,17.95371294464088,18.6194426821092,18.58389435125064,18.206204836557323,18.22431125411461,17.923033323127328,17.69219466353696,18.66905485960705,19.167006802162213,18.739698965123697,20.320315063704943,20.06975830655863,18.86959478364678,16.86006039440871,18.053068741211437,19.269578281111237,19.296984402677197,19.69041798171484,20.522268407046496,18.89447251281459,19.447113115234902,18.667416777220915,18.15387564612922,18.717924447085444,17.944334725153535,17.97402459811219,18.791581350234118,17.632377031469968,16.05681795671056,16.61509559012104,17.4811823207579,19.307976327925516,18.387358444939768,16.75591865218196,18.380795210808436,20.27546527111311,17.293970269741163,18.2258048203122,17.393693870137994,19.426471272230405,18.602184927994134,19.758527802501405,17.802792210587203,20.284633478230447,18.017395066024857,17.403583609026033,18.02618167433698,18.943762072256526,17.771465497984572,18.84201687310776,19.08655122334428,18.781745161651283,17.86029932443054,19.721719274252205,17.972246486181845,19.124316053545645,20.519003455471275,16.49194917926553,16.93525349097522,16.943446028088413,19.083305674780426,19.153580237408484,17.16179976370471,17.7687828960505,19.485194119752272,18.51068507275599,15.97632106321544,19.785348128362184,19.301148692569893,17.20725831294326,16.98221831892166,16.556252562543403,19.513027896925657,18.108906620751252,18.369770351201304,18.846021661540476,18.250583494131043,18.788124954672877,17.43585535811708,17.28014428478124,19.010357502021936,18.68346442897688,18.092844881494525,18.561894904314407,17.243966037900115,18.87218152231492,15.444985980402631,16.871433527025612,19.090581400548764,18.737320967100043,17.956791389736104,16.77276879771675,16.303905244784538,16.705630492447238,17.94097909289723,18.25113961176009,17.485707104610942,18.931004612550257,19.92603158769625,18.86981269222752,17.486209193698446,16.23462237784938,19.30102610693991,17.515418746437668,17.20170889335787,17.01966986828094,17.887032191678806,18.9606447771327,18.4418592223745,18.059208237540286,19.347827871299458,18.581403975718466,19.949448136356107,19.98659631286752,17.118995202398906,18.482085061971976,17.592351056405565,17.593080279192304,18.971042918546715,18.529784842221517,17.95567991758256,19.5075415737867,18.05486546312922,18.106557530696445,18.941680747419568,16.600177788935284,19.770790527471554,19.704743863789624,19.398832054726647,17.857480127162557,18.41653653699241,17.232349453372635,17.719484454957044,17.872740269498884,18.106244890536242,19.364730570580576,17.10553698527741,19.609044609093033,19.3883160291797,19.2310585218911,18.391401185329382,16.65635157381199,18.674317738005897,18.276887584702468,18.74853044089111,17.2304078438854,18.254905670877626,17.839216296072212,18.992199343701465,18.522972175432333,18.993624708287932,18.28990520636351,19.122185128716964,18.101934119234706,17.091437516589306
19,2.773727802132215,2.3788901441825034,2.4426681769740597,2.1492417165733015,2.3233089084626175,2.1059811212834343,2.3950921288383222,2.8769785194458573,2.152763979535583,2.46041647731665,2.2398778610170744,2.4248055582254455,2.3480971029017033,2.342892216031703,2.2903307370894948,2.4404368422257505,2.4072213272364733,2.434579186065641,2.2552820796040276,2.2841961595352642,2.280591313713747,2.2865725049954624,2.5615217945360733,2.333426342385489,2.045958436691019,2.4975003665005726,2.4361332473315818,2.3960142795679302,2.255083392290459,2.3451560763185526,2.097078568255793,2.3798278306829097,2.0863725819351124,2.4533916097851547,2.998723303378204,2.2435206626517448,2.433334583601768,2.5716523469725088,2.7205412089575716,2.2986626534020256,2.2952093451812843,2.2800137051127924,2.616386094967301,2.530604875943153,2.670307462737185,2.2072234455938204,2.5433719956564658,2.1938270664417017,2.5303018986835104,2.269050921458808,2.5789888916506327,2.2198956516065653,2.392168190284027,2.48104716004575,2.205190034330937,2.1461283700917697,2.9036763041897995,2.183422267002046,2.3580439279574605,2.880693910894105,2.1011394672456727,2.4261931421945424,2.1579944222988012,2.687906143112579,2.4753053978278783,2.15348297739784,2.0616440056136676,2.5613853545736163,2.333850697823985,2.4861498904938806,2.4513184423155048,2.48093807033953,2.248240627943458,2.2878225240948793,2.32980554809492,2.456339874057443,2.2187463166580605,2.0289776847963386,2.4154035419715916,2.7514634725497844,2.941411798271253,2.439026674149594,2.479984194327731,2.752830173833311,2.5279758270762813,2.2900556215938805,2.3201441276901478,2.404519423001701,2.844062080227922,2.0561248475693743,2.3916405318518823,2.22384915882431,2.1569665916077687,2.4564755711108774,2.4002997637983103,2.3432866177326317,2.516485241384826,2.744135448091666,2.12794421335299,2.0967601616080493,2.3505728479802093,2.5883947681588784,2.5679874791713266,2.4489564833552686,2.2985315958087353,2.3427825769398014,2.4436123456457586,2.9071269074132524,1.9346761004466537,2.0763244835659815,2.300163468994333,2.676229903980609,2.0268693198682235,2.739057108975313,2.313995351051592,2.1739197649384656,2.0105754687408908,2.3002571144475854,2.432158269131581,2.159427430475548,2.302076828120095,2.4003219777542664,2.349702671699022,2.2894707937401826,2.399723295754478,2.0963075246728664,2.3251612171233003,2.574892419192393,2.1984704337417105,2.355189520041086,2.557581249682273,2.2904495882619362,2.4776747575080567,2.4341856190639266,2.1320225541117064,2.9222478458753,2.2926174864892066,2.3453013784507277,2.309300440513846,1.9277234506443874,2.0921153364871685,2.5067002408180343,2.38294626054078,2.264137427019399,2.326339928717164,2.393948967866441,2.357239645711808,2.2617093969129276,2.4142677726496165,2.271677955387674,2.0989590168425467,2.517583431498152,2.063985542726817,2.1833532907417026,2.6456219764769524,2.3001019729648244,2.278948178965722,2.194676944291045,2.5311036727114216,2.3451115357272476,2.316052521522938,2.4217279677970573,2.4665369245985644,2.517333851074272,2.2325183286901122,2.276270238621334,2.331273487520661,2.1824528936620613,2.313326787362603,2.4002472913265156,2.462737948363491,2.314167285911794,2.3044866737815775,2.3160582752663474,1.8587709535260555,2.3202488600850337,2.366335401916725,2.245676162771984,2.435832693178413,2.3693341286601983,2.301157946836686,2.616991348132635,2.4054014320220003,2.708033551459839,2.8722423800367802,2.4816744532621455,2.258641609955364,1.9195390611950158,2.4073936747902143,2.27730540136882,2.2651075308266293,2.2276259723869085,2.1689025891055294,2.450162506499741,2.4730739345097184,2.413334568942574,2.1520309051024618,2.7415732926873595,2.4420449013534062,2.267095912591782,2.321175723412584,2.3670446090791857,2.653494826832334,2.1040989870231646,2.221947551062459,2.271700266146686,2.323367928009271,2.2589276607010405,2.310591100007051,2.190696600451503,2.7218108765428095,2.4927558079799326,2.405699710863917,2.4279738397639985,1.8893068541708147,2.0708408251362456,2.4704766997061824,2.4294367547049314,2.422530218198985,2.260910154232653,2.6674040079534116,2.697152358980214,2.171775948718605,2.4927859274532667,2.2069685782954687,2.293705787149587,2.4680110570638036,2.456916376563231,2.954079813860989,2.284016539811471,2.521063572167499,2.189524510939155,2.2480664158344417,2.4434590548571267,2.2453823624973754,2.2576097246318385,2.355465243590586,2.3316885206532882,2.4918008379521432,2.4048825718498197,2.2962442196353026,2.47772249230434,2.9208401302392466,2.3168423698468734,2.4666528231224634,2.0481443357022577,2.566287084988768,2.280796640991293,2.213306110524225,2.5790447356654616,2.975773669096849,1.8933314054192707,2.4144482272129344,2.2767028088610735,2.4382260041896164,2.436649420378194,2.240014131503428,2.1225196330825535,2.3990670662142146,2.469927521120004,2.1777542402928813,2.3868380537187286,2.769872338528076,2.2619766577644738,2.1202056228111057,2.2003828988029066,2.2366172640446567,2.2898865468028538,2.462029800377659,2.51970578642772,2.4301517116584166,2.2966756155402894,2.246068209534873,2.4877826251191215,2.6965319060080617,2.4363067738792212,2.457739892922752,2.2036478208065557,2.292742907902747,2.566327260707934,2.4276364748761288,1.9222106348662713,2.2444155361081557,2.2475247592184426,2.4192286376347063,2.3995548875856247,2.1752065438235473,2.423645654502427,2.7829381997355904,2.239608402106176,2.2558835983821655,2.2746131720771707,2.4831677376786945,2.420724799167042,2.2709868345989697,2.269960452186287,2.4164544004990076,2.2475300120213175,2.2533112690786816,2.5219428277034117,2.350429059476798,2.544973596116653,2.369902560462065,2.1207107300621524,2.801629740806147,2.387187210672688,2.026656420433129,2.366832985368737,3.4945911024899146,3.4159619500148724,2.500874492521188,2.437389681443388,2.7131123691968373,2.747552496091662,2.3568571108499112,2.312198607114228,2.5114601884830745,2.730310400129949,2.7186630262863685,3.0196608837288745,2.393790239657824,3.259370087848876,2.1660625974546757,2.9852273631648627,3.40173435404087,2.817128984338605,2.3241703847640367,2.1712703766049737,2.8738264007867302,2.2162238794057516,2.6039295729552956,3.1237569623898116,2.140258555418248,2.261776086355713,2.8632632785902863,2.3967263894298734,2.743370358952416,2.2092059487930307,1.9921900971894404,4.371674274220251,2.4967371861385503,2.396188029781103,2.7433004659653415,2.856669527923044,2.9230724365710823,2.837248345090528,3.860659937540853,2.406702164675823,2.3343332873788154,2.1041667055795488,2.5699399296798444,2.3618027035966804,2.8971536348079443,2.311460752456727,2.4282989146921876,2.1626849843841844,2.5681877761529384,2.996790490662481,2.6476651300682206,2.270835920373855,2.321509965689991,2.458458873914621,2.6771632832513066,2.972502718362654,2.496025742093612,2.5760128598702017,2.4930242367305877,2.562992613423804,2.922864881653692,2.4771434730260307,2.4591281001908314,2.393117609533649,2.9500263072168216,2.041767019135875,3.1795472039852206,3.48885114713095,4.771454465564918,2.542955430216417,2.5623299002539763,2.4525831385547194,2.5143152999656984,3.199992648060165,2.058270080210493,2.4217359353547527,2.487535166734533,2.6083388594306824,2.449455244297705,3.951623687161782,2.651247655382119,3.2035313587553027,2.8999261485296377,2.4294063647386017,2.57975426412521,3.6020305702025914,2.5240475961825046,2.137390869664187,7.284169251456587,7.928276202177325,2.268637455509812,2.81428687275907,2.7077526246537897,3.7727934117385087,2.1867251080097825,2.4359709141263086,2.3110619277248396,2.2837252580975176,2.9714774556541648,2.458916266261213,2.4520000883837896,2.3907918310499663,2.239484139675762,3.026166726185942,2.555377251114494,2.620845403820119,2.162377254346256,3.107334019735439,3.387565063433012,3.0017604472350174,2.4910535842301007,3.102319881468489,2.6072317731231918,2.1537368241942887,2.6338456055980273,2.330744144090651,4.290686258301915,3.465767808197017,2.198741782823184,2.4585107661791965,2.5053833747197016,2.4404406394047857,2.782884147686943,2.096248855736797,2.8011499929914385,2.621927531651404,3.993637147667665,2.908133827817707,4.456438049289427,4.890871362050336,3.1805207094126593,4.757375958906151,4.436425325250414,5.4397408055752186,2.4165722058386248,7.012695532138275,2.206968331331406,2.3939075531427396,2.3358254728506247,4.074147170659941,4.817913664177236,2.6258193587850283,3.2846142936566745,4.10877858511823,2.458605935167343,2.4868631000985095,2.401759643609613,2.2870636669325215,5.269706334018392,3.0595336979325243,2.782494162094122,2.051644452403929,2.3831092205247026,3.0322412675418673,3.098996289074409,2.318097010446994,2.255313486259306,2.689267137375596,2.7972342263224452,2.221703539394372,2.4489948976914597,2.5973338671068076,2.5809722664390256,2.201165158307783,2.4788114115844815,2.5531524581236136,2.498766432516097,2.857766305488527,2.590902257734108,4.094437393971223,7.838118170176682,2.2725972481453702,3.152100377964838,3.0055408347150663,2.280196305344238,2.891731256141243,2.9210908393024027,2.509666756692124,2.1380402185244036,2.251630088217567,4.368651730387603,4.4192523430131905,3.1044915898381307,3.4306178912520116,2.9220894197463774,3.509022047636596,2.3622366020430374,7.936335975846323,2.41979096282005,2.533325333196963,2.4366447687495674,2.3361964475994843,2.185507441729686,2.3857133311278322,2.4296563987735342,2.9650367554584074,2.187220625509136,2.684375662091391,3.681945383512406,3.088421693579771,2.6462679168307464,2.316521316175045,2.6156854035436012,2.2626823759766372,2.942825901677266,2.316507569541215,3.14057103510277,2.4581720709873123,2.688081352501142,3.024586138180473,4.350959674945833,2.843136389289282,2.155413074422495,2.9192096630621487,2.3301051832366633,2.63260725232693,2.912231472426733,2.2941157484372563,2.417322921032749,2.36302305398847,2.932428803665472,3.3218064839945503,3.0980268255646473,5.381448676983855,3.460139029026968,3.165639381498911,2.3967544507818372,2.583771476615248,2.515736609469185,2.6048162037516938,4.693623739716796,2.430307510234478,2.146649616780817,2.6023858472896535,3.5185324962862268,3.061864655463632,3.0155344715251755,2.4702996977252574,2.62377555631569,3.103430536226695,1.980486964008143,2.5092938720430844,5.028762396208652,2.36265674724448,2.4309385554540746,3.0380929703836825,3.049318539275727,3.056619825420567,2.692130380966939,2.512591812410561,3.523024919180577,4.273360949554005,2.378660822937925,3.8605483386257866,2.376510244874281,4.875269959171632,2.5906236668523754,5.233609331546381,2.7096250803867,2.3993943976208865,2.345632908910404,3.965780939068509,3.03021963808256,2.9352641369940895,3.5355255734738353,3.0193076250738073,2.962973992835162,2.5373488829449347,2.9078210090562493,2.971053152197382,2.530735392738487,3.007757907174752,2.9897236770402262,2.5387665337494423,2.7481724297299803,2.936068267697233,3.295785598572852,2.5716321547337873,2.1258754617114066,3.7326974928091574,4.48063115009916,2.691939101977688,2.3948813166642333,2.4073937835389274,2.9024732776845155,2.670415653958194,4.866235448576905,2.502601814083855,2.133041892511029,2.574385191911311,2.1923539089979274,2.7526190459794093,2.7278277361939285,4.226289509941488,3.2984204086414457,4.008047338839286,3.0756205505880962,2.9261217972934648,4.424330126676408,2.7157195738560813,2.305631521198102,3.2526637744791964,2.7043881487467303,4.082890822045964,4.265611556912867,4.297701995498309,2.7393561375387243,1.6675969666809207,4.401677799956238,4.428996871867751,3.260707546105767,1.9002699002423735,3.304279483704643,2.751802745018807,2.7334700992850185,3.2225020818335013,3.1920307668971772,3.0996194463765927,2.071040642830129,1.8737566257585594,3.988991614024854,3.2886454796157047,3.120263033138898,2.6539405687000244,2.176051165029021,3.5423071528158236,3.4474016809199624,2.2042537371520603,3.4937804278819278,4.054667168129269,3.690147978177525,3.5666494108738145,3.8314968271960144,2.979974552014192,1.5317537677860886,4.35055161406568,5.0651665550674005,3.229538016992188,4.17539747941889,3.2275813062018885,4.623804760992962,3.428835132694577,4.340961671671103,3.5542526927035736,3.0720979734907403,3.690445939827613,3.1421631933835963,4.327306211440162,2.236955016626313,3.2434812253855694,3.9188416302493,1.31380643528517,2.2503076032791363,3.9169142116794333,3.9385181031038514,3.711812028867114,2.347940389012883,1.9430701520142653,3.430834312621077,3.888444927405863,3.8308152092134304,3.8026946909316233,3.4906799303354017,3.736123041628965,2.131841038323453,3.961874970248406,3.8181540031494166,4.559249346120315,2.9989071319032585,2.344959348884292,3.449330815621858,4.007110782832002,1.6298208795234794,2.9505370057507303,2.7293866559844586,3.340171601077965,2.909464190692911,1.5192872106967925,4.3577737316273915,2.9847080239519266,3.371929913967724,3.8212411374675646,3.5439631199382795,2.482351983766608,4.041477278397404,2.300743032193308,2.0654978671501656,2.018979771793374,2.7044460846353124,2.8513952162042853,3.604697473571553,2.49309829924188,3.985570039469543,3.0971792768217346,2.311677972516915,2.7295313247189648,2.857726053313639,4.220757305072707,3.4270441063957,3.2833144114431883,4.533373452564015,2.062489020022009,3.8116329334997223,3.2924208554460237,3.980799717833853,3.3402525072739717,2.143105485176575,2.38288404142872,1.9583660660265467,4.585361043402017,2.6370255517084633,1.3662598763816445,3.169182659136259,2.8119187148164158,2.391606528573735,3.737402736312705,2.2506120833201435,3.082383070215599,4.057660638758975,4.398452897490064,3.466374417594594,3.0418837686021716,2.1959441543577563,2.2283959117226497,3.866615621755786,2.303888694481692,2.423719005697965,3.5121193842480487,2.351137769618368,4.038316914825059,3.3473066701126153,2.0360012456125975,2.0190556234111656,3.484216975430791,2.7564234544506654,2.7406705423843425,2.686643872867997,2.628521895070535,4.097704004245118,2.655218616486249,3.457229770740748,4.589944936681217,3.4355524405175952,3.4266407340595477,3.255565310442478,4.203889313906917,2.5368747363184236,4.019718855510577,3.6360665298156207,2.8425963143509514,4.366652008375577,3.204856131266008,3.611282676769404,3.3511177349965977,3.7157227820275134,3.659038627973107,2.6162801746536997,2.6646414699685166,4.136840520184499,2.978863027674231,4.010412954313998,2.0330065757873186,5.479425929339588,2.8187311111939124,4.062504857587062,4.043289063297792,2.4030970384008117,3.425130690113904,2.873688618960117,3.0821846740243783,2.191444358330229,2.8958457609706447,3.7917548895588076,2.2531753793680864,3.009499776926202,3.7637297467248194,1.9563706333358784,3.2515670886998276,3.379985187889967,3.184646472655263,2.642442764550449,3.2377942989306487,4.613725480899684,4.179472265327513,3.660133408118826,4.0247504584450775,2.605174192224642,2.3839991821297755,4.1088081375699925,3.290621618860737,2.1401158207089623,4.881610909261512,2.405928080493003,2.0141846118573863,3.222291863340782,2.484147314840683,2.6469093948275777,2.6416022839233513,2.876248611041014,2.372867115195664,2.0979809972451706,3.2390116295777704,2.69778447501777,3.3501868012415454,2.73195235934146,2.9020128429402794,3.8905811325017106,4.12427503619058,1.3868690714977538,3.165089297219438,2.0613745954556535,2.0399705945545645,4.211888335922949,1.4668414794355478,2.7394778212961675,4.39864638474604,3.983280300182222,3.091886382042286,2.888378930660697,2.2402541685420507,3.921187924132901,1.5367912554845802,2.1699864260118824,3.9198393092142347,3.2328548194248508,4.289282338752116,3.599091151269732,1.4169258503963398,4.375305224778292,2.497127783476136,4.22062204304175,2.6953378427569366,4.429794661401731,4.419751644811989,3.298894835421443,2.3267521365347563,1.939948255636623,2.8647576715752443,4.017303735100547,4.256924950275772,2.2206493578236435,4.063009267969158,2.1843061880308734,2.3949238822823404,3.82102840219316,2.58611072022485,2.572920849954045,2.952172700613918,3.298820422027909,3.916166329570353,2.709684543876946,3.3584665100447504,2.9888402528619644,3.849460215778994,3.362977578263844,4.403570277447112,2.931691583714138,1.2802691692801542,3.122488541391054,2.6130631139908704,3.555978616643435,2.5218095322681457,2.224733143323058,3.80151781954193,3.9214575106751917,2.1808337853127284,3.6152017636434133,3.297376606844493,1.312303762793469,4.053083949044502,2.351366744514862,2.6090150578657045,1.962239450651742,2.3089302039355775,1.8713190699774294,3.9283747775899145,4.181779941909353,3.734240194200282,3.603399870782509,3.2130606518514493,2.998359197110811,3.2975004429056765,3.310958833939153,4.0882720809025,2.281470323146458,4.085309554475219,4.090397626836673,3.0494452700040986,3.430678566776537,3.19705144178392,4.308791379434635,3.8774361312738717,13.233399470711978,10.952977136577305,5.88844077628046,4.669521432406381,6.309801716320028,6.839967266545869,10.97477149833633,4.987786809830334,5.706336313391414,6.592017935208437,6.9788683422788305,11.508833093948635,9.557645088466684,5.9891735975246565,7.813848746630859,4.1408128137273055,6.693790460046292,4.998258655175495,5.482497647900182,4.8869111173599045,7.536515789097853,10.706510605957021,5.621257288527402,5.487203479091423,11.103577925014921,8.983176354700003,13.445858857651794,6.6485086559182935,5.702583367691531,3.689057090443474,8.692017031572853,10.535388447647867,9.724892246779852,11.25029746764505,4.792814541867646,10.59215559240918,11.146529234267321,4.648107414244379,5.478005950432091,12.50322603815597,11.568280510326344,5.796102932975936,10.311445580745136,4.275913037354146,4.0433206275361275,9.617001215428973,3.9328643070464024,11.23482303347458,6.532654194472864,10.408761936465318,6.7559658061564205,11.490927135154951,7.841373356987104,5.088295000707785,11.609904343727074,5.4451872856803964,3.838662643301236,6.750671497201625,10.102073557234116,8.097155107288108,4.422296434639288,7.66387228759907,12.78793401380342,10.696618588564029,11.164102325682427,5.352509998534796,8.994948286855559,11.995801446275212,8.27861458115255,10.982701943312094,12.519470293101701,10.061010296589393,6.274724245441201,5.814053305863539,8.241511821508611,10.56470033241387,7.477613376224966,11.373247742264883,11.011373510011271,5.957978963574003,7.945505377056945,10.177558347377389,10.5073370998931,10.017103283170924,8.395102345487773,8.0405079900988,9.295557097355413,8.007893649524744,3.7968158489256227,9.951748498339194,10.398245910566525,4.631083733023997,11.0489909959747,9.175759370265565,12.243297694530915,6.792832077755042,4.615434178415257,5.967768007381608,6.7562067014587255,8.55647062178412,11.092435205396093,6.538325116369017,5.8224775817726115,6.416957066683391,8.415449904811318,4.334151992649676,4.34210246882414,8.076496289877394,11.020288681430879,10.40503464431127,7.977099275653543,6.286733946727422,5.553678235108558,9.31508395375345,4.639733538068381,12.641159494016284,10.795674132681466,13.08161936538763,6.7905055116436825,7.747422735914235,4.196308376630946,11.073464869617569,5.1503340664033415,4.741282597598197,11.385719977611,15.054746330796105,6.678117724751508,8.017845649434676,4.7999391970876095,5.739653588291069,10.0114676255578,7.668963347610207,4.2963538235799605,4.772281385069789,4.150011807219551,10.184444860527732,8.536665270127562,10.300136011006693,12.125568224033058,7.880886052950188,4.951989790822895,4.890244430057026,7.043461114372588,4.428002603730693,12.313503003210483,4.2004192570064305,9.336205780730351,3.9694663766116345,7.608745450455484,6.7065676141568655,3.769099729277008,5.04552604908716,13.093071737481932,10.996854001037274,4.4242002416857025,9.281678595677278,12.221367271405002,12.625145775414529,4.921499447374274,4.554080805462942,8.460893212020498,9.008637404223077,12.162484239454567,11.282941230844386,9.220355920929862,4.015981137585575,6.5107617867154035,6.330787888523198,5.047554336154684,9.226013526201417,4.1445186029885335,5.569931755061431,4.535460026831086,10.117859017680551,3.968755029081854,6.3183515521060505,3.9383092765431553,12.372434342204981,10.584730191999672,11.331614411633717,5.017985570973455,7.753564152221932,9.419065984305377,4.217204716086834,4.2046293614116745,10.8581189530716,6.111379333056878,6.530198784926508,6.375879636897893,6.928911404785303,8.8691236688352,10.782382180189993,3.902287093885854,5.20311876049402,7.610653493986768,9.352879972950536,8.504573107862507,4.174952600997131,10.210329042857191,4.457156855841958,10.688892484215796,5.651189928498974,8.620251186660827,4.378985160330318,9.56563538459901,9.489658759460152,9.934678708325766,8.917286190987172,12.030072250604603,10.635682588595909,4.58488529312898,3.741413235111008,11.25246666826457,6.870091287888088,6.513557718947931,7.588056597278352,6.6219270617815384,11.205356092570288,6.876523103564427,7.845307273278499,7.243514256665178,10.726989468009432,7.621498925297493,4.635293383369453,4.72854129060177,10.768993119774644,4.44967417999244,9.520508041334242,12.841854294323168,7.819826585294481,10.6000819380576,4.078413397276824,9.758822669155121,4.48956559984424,12.648677684122399,10.672413527076543,11.968409491109686,11.651283996430106,10.107962590251192,4.642153471886352,4.0726199783363874,7.124935114822858,4.2233632886584305,6.596950050631865,6.139731337381189,8.064630162701071,6.6404825536461525,8.042375014417237,9.453285331394047,4.604792715441914,4.300723610309759,5.3980984924289155,8.184462256883352,4.170843803763519,8.30321233015016,7.134659732497516,12.167426096910814,10.383347675416482,10.05458730783472,8.088315938476955,9.487471975266313,5.326277133600657,9.161129762823876,13.11352082848137,9.62914704161559,9.004408219447328,10.38310044446526,4.790149948475144,7.188589551011923,6.738882213214807,12.000534566030318,5.251039562963374,4.173166050212608,7.558540071069262,12.588789152640764,13.068090273283826,10.347135188544819,5.091395308653721,4.094856238889034,8.100175070381612,12.002789303100128,6.269141003732058,8.575930697567754,4.853245022050632,4.669701357460848,7.06477937360264,11.22946922960631,9.043412073730998,6.706840252058012,4.186146361381435,10.55162064208727,8.458637422650424,7.768282425425499,9.215287799139675,6.949483070586729,10.416834128110244,10.221574566959639,7.388864835204492,10.083638651522369,8.882805493557894,5.299819783999526,5.221219200208062,5.778671742015962,3.133534583796517,3.9822348571966537,4.190794993823681,3.6186491839439845,4.4159800499900035,4.306241075986631,5.066752097732935,3.4376231506126427,4.8632153846759785,3.9911088043876477,4.9131766755777715,3.153948587381711,3.64974797471676,2.6325125241512772,4.004909535483536,3.954585247292073,5.038693647049371,3.850908471810292,4.932122776718887,3.500787454148377,3.9078252139687426,4.57269952619782,5.405418236937125,3.662373160985795,4.573429582665117,2.915737436147529,5.189164651778171,4.428291731369095,3.7505396349579208,4.35662017852555,4.196428534064073,4.5081666088833146,6.0293191839698,4.350498166317963,3.7973983644463565,4.0891274608560435,3.1958523148082048,4.375041259129866,3.417913196758851,5.081417881363345,4.377919322955465,3.4081072791388194,4.2410690083019436,4.896708086382225,3.9385519705280463,3.5740365411665627,6.327384913235557,4.135199540762115,4.157954833735973,4.631803783469021,3.7733260333029106,4.543681034642064,4.263493987834974,3.442417964944849,5.501872387828705,3.8742510057521353,4.600388393450162,4.898118506804836,3.783938025302216,4.281680007898742,4.472691594160048,5.4320276411333985,5.387407503872656,4.6536499046707105,4.099134519289698,4.165513034296058,4.1393572832935535,3.2579452208812576,4.318400781711378,3.549053245933508,4.754669673176141,3.885026108060104,4.649842160960955,3.9634631022744378,3.8962826533447483,4.346837661122402,4.159509813215602,2.9686226465421828,3.6064592381416687,5.274420954494467,3.2305357604386558,3.7192120768124624,3.9824953676670365,3.1329281261795523,4.740751043942547,4.279791149795986,4.1851006368265375,4.086248404131721,4.093302004319774,3.7407459842975905,3.35007379506067,3.9955927723355784,3.3223752550410737,3.1122667338338363,4.560791522222285,3.927514514620754,3.3725843900337518,4.40828637508771,4.191376468826608,3.2473285202505826,5.044342810348984,4.149500051186019,4.692825421445494,6.489358721762318,4.700777979133833,3.724867927706012,6.466785785336874,2.197481606397273,4.004242045371912,4.917605561280792,6.0676606539466915,3.7918332844227636,4.435180737527497,5.816847465362848,2.743345628234829,3.396395811785778,4.222565481204155,4.621546804106717,3.606479925423672,3.6485371651746354,4.097301581693004,4.865321976708132,3.5053185360799977,6.062536800002475,4.717245449671665,4.980768046573153,4.277168208134987,4.229116061090164,5.567633300697988,3.4978121478133124,4.744040251766806,3.19150362550722,4.34999500081379,4.634171064510833,5.316122169653021,4.568219212553767,3.614090400999484,3.6158877721438447,6.653799489380162,4.532540453963307,4.017895479249422,4.288176248110114,3.341152469703259,5.380545570000884,5.372654025525955,2.694184455971339,3.7018593176701926,4.443059357590225,4.849388046183049,4.232960565159067,3.303030463018083,5.333635821596368,4.07223862998664,4.404545082629921,5.41142316699607,3.648101708555699,4.988458146863123,3.9940509776965096,4.019413854565871,4.750098786530021,4.505777826562785,4.181223536412943,4.730140531809773,5.064386678883743,4.140241656556565,5.274108724429697,3.421176299980811,3.5235280539906,4.531603801545142,2.9582769216685545,4.449548971819922,3.1380183715061194,2.5690223582881595,4.541839165811239,4.715121352889529,3.6748214537111616,4.45661735446975,3.8501868120467893,5.408722169146163,4.02721052096738,5.230307732915042,2.5502600383001606,3.999173180256423,3.5055953419163686,5.266825926494567,2.698294539274068,2.666961372010233,3.7308049163391637,3.152007532968275,3.8286528149509222,3.506300459829102,2.853842334224427,3.9878308246614176,4.407496484809446,4.172016100791804,4.410487572013586,4.081761307508018,2.7042127102656726,4.000610743693554,4.352649243309837,4.511607192000451,5.3731479998497855,2.7464799322580356,5.274113943137554,2.718933952580656,5.753212828813889,2.8606343533317093,4.296991095291745,2.640514147023011,3.922153125594032,6.226054246718729,4.097921470110725,6.625770471400608,4.151638625973663,2.9734361499304542,4.4667077300893405,4.850276381774661,4.155622418787191,2.654276477158533,4.200974821798744,5.922610795793496,5.190735848685339,5.185439126052358,4.16546703605578,4.282222085587038,3.9665360124560127,3.5521523526726004,3.4764937503565836,3.9669159268521788,4.191714051313581,3.356894642811081,4.93885692436573,3.621905800662294,3.5696648893667993,4.301852732788716,5.547878179217818,4.0806800933010585,4.57326799139211,3.356624864201314,2.765133693397715,4.179007284898616,4.1446549642497175,3.87453869045794,4.672819866400494,3.267884651744142,2.7509768531538454,3.579145047488686,2.630893358107526,2.829997119111504,3.396952582192314,4.2849070067211095,3.3396632498716494,3.555663874717672,5.026722090915722,4.987881258212103,3.1803751885223255,3.5532415005183062,3.4215009689954496,4.7544259544034375,3.8808764073828845,5.342580232924623,3.105120761151362,3.3741223461555983,4.578345772828095,5.223460557175218,2.8377867900139218,3.4711483505273653,4.998726640523754,4.141800829218564,5.3960803355458955,4.09470539200878,5.231884150439671,2.8320941930255636,5.293074053389263,2.4803950119137284,4.274186086407094,5.257964206780685,4.196904020448283,4.458058640553898,4.844104124310006,4.403065015526523,3.666613951708487,4.244668056079373,4.5763654639648506,5.564537006897506,3.788792830767733,5.261735652088913,5.269490525228596,3.749937707452108,4.049771024444233,4.123291296942767,4.812354129873168,4.760805037032444,3.2128745061608357,2.742951982249013,4.253291521902326,4.245096432548606,15.045575632118505,17.233483312317443,17.953879054229084,17.37104608151043,16.669659953466727,15.609424787161064,17.92433448667432,15.127117078704511,17.21308010860582,16.51917457173104,17.343340985288116,16.753028251628812,16.6563779024216,15.478995653713927,15.623903006744598,17.45291231390756,17.24898309287267,16.24293334858806,15.759347812162591,17.19958182773201,15.847507747862254,15.834836964663552,13.802922677108853,16.720728152522934,15.551915062326715,17.01817190215867,15.052929178985362,16.46474583055099,17.15058770843017,16.05812790866482,16.67319422762544,15.917466339965157,16.817452999224013,16.144400565801725,15.478731781720642,16.774915193147592,16.25704567335251,16.76461673949193,15.142511084081523,18.706020471930795,17.752017599395984,16.233604672076634,16.566818743517473,16.364038435084247,15.277818071573924,17.051800746081955,18.99174071270716,16.994655487037107,17.343194757074905,16.094527498775776,16.62842415208851,17.16821796292288,16.49536207494002,15.380499004587364,17.334924027748205,17.09361459472266,16.395355677155347,15.503125295765136,15.031415333441315,15.832021766141894,17.45312402559229,14.236959641169271,16.508851037671356,16.845559203795982,19.246226231545606,15.817239066743271,16.75042576840077,16.40523566012617,18.481144438628107,16.962100569762836,15.3369883852859,15.83630825240474,17.022283436303468,15.929949846992372,16.569418579527493,16.117400189664217,16.545327284206664,16.237970169559492,17.148997095427365,16.688649293006986,16.077560652932267,16.07206415218143,17.43521553745142,17.05743741019223,14.643792275271633,15.546151879319854,16.130809134263973,16.96874301481347,17.18899573388871,17.43006385190514,16.893971047438292,17.18546579725919,15.747177006266838,16.03726473042846,16.49388921045896,16.956831542445073,15.812341671750849,17.264564383973955,16.566757568624354,15.626211511653597,17.931475524208487,17.13792243221346,17.22909607696846,13.856998140731354,17.4184785126173,16.37618429221405,17.75864404761735,17.067486589681288,16.7799231974877,16.099125262028654,14.569458378552424,16.027995207982283,18.628048472956305,16.62752813918951,16.99047107327459,15.899195947925142,16.533077483438248,17.845001208239612,16.104831998518208,16.181620938880833,16.329014561323326,16.156616201627227,15.449293859567462,17.190668835490342,13.5454162607072,12.9075275907481,15.942275121935154,16.14653547222766,17.42780698729425,18.603954068213547,15.59129543467341,16.759107562172524,17.26079813697734,17.12345025783596,14.552013328309338,15.859913467118231,16.854246067834964,19.034609801472687,16.1968847474535,16.248536540057145,14.869757876411546,16.073992470400018,15.86463032186283,16.79829147119488,16.33405209355886,16.307525031368495,18.290153902199396,17.916718865160696,15.44097583515237,14.690003677077044,16.76014471660188,16.445565152054282,17.75778810258803,16.995719845174452,14.061231242426905,18.15119329582862,17.344528883427927,17.103267728978008,17.700705294592538,18.651215650505765,16.071753056730333,18.49690095200929,16.825220290978404,14.4762005828529,16.012313488339462,16.604026864893395,16.905038032810612,17.15523471966469,15.310309380294543,16.46302200404667,17.800425953991425,15.869055327602936,16.755670997474606,16.76979053796013,16.647958820176342,15.901820098014088,15.759622616645638,17.04045658214444,17.06882475889898,18.760552843399683,12.921611188471317,15.443457244143156,16.077228044938224,17.457567148437988,16.554948091706198,15.458341245867167,16.17135676142138,15.613314810165935,17.716886605804604,16.56593726281735,15.297530335883682,15.918825584135767,15.610399931957186,15.163908949642714,17.29043442047588,17.138789600399814,17.72225652150902,16.658982765365998,16.88749589748162,17.136099222801654,12.926010950934707,14.78726780101562,14.49890774234897,16.708529508905542,16.622712841226416,15.80078228258066,16.193050488120775,14.90355204499881,16.475147073454043,15.143582754798967,14.767549281891716,17.040113338659662,15.126045632587708,16.451068577655807,16.194759732928397,14.492121142835021,17.07839898493829,14.561668014171397,12.969258599403762,17.309329774747198,13.932525524406785,17.441247710470616,17.859920784037712,16.967394346583873,14.024553400752025,16.930573942004465,17.05649101030572,15.12378917112672,15.44975592204473,14.400015260062448,15.586129480706912,16.86835635100486,19.04118965682836,16.185404606151945,17.776033961086693,16.618208410599767,16.570050495763223,14.81669861352448,16.387206858103955,12.896450276259428,16.9938744954919,17.711480681361063,18.270182855890898,17.603600263604704,16.258919737247105,16.269974903419094,17.346590255474197,16.389538279212,13.195732870046509,15.11868611023782,16.963771571077007,17.007875125201824,14.972760838726748,15.688305067885228,18.497472152060134,15.416844648897005,16.43287444957311,14.872621502772827,15.495726103448,16.999089666057177,16.86631119738276,16.760691056781003,17.63664129040267,16.736341868084654,16.632384620989928,16.240459003072218,16.12859610155688,16.30798860101393,17.647272216142678,16.542138846376744,17.34393850928658,17.44448398715118,15.99334825888948,16.374885998306297,16.15380565670317,16.964020310829618,16.410248065301417,15.114012894498082,16.509177486871735,17.300825499652163,16.63423697698306,16.332909089351087,15.970035305272331,16.771057552218075,18.219444504039025,15.763926156804324,17.39186629319073,15.988668896180254,17.78263958538008,17.13447530299455,15.390263986704554,15.907541358952708,15.487960075744788,15.721396748464514,15.501325895295459,15.4226361205768,17.436401867794707,15.728526399101499,15.176311814777648,15.773454874839526,14.897293099731463,17.87594874097748,14.653800862511789,17.048280696763477,17.001251714378796,16.474540344135182,16.40327229862791,16.787203913866197,16.906311165833202,16.862814415181735,15.443027955172568,16.54338332048414,16.53322016724674,18.745249368861593,15.818584357935404,14.4526740025798,14.849940197583294,14.295096328778145,15.34035589294829,16.522976277968684,17.4102962229503,16.82065952188766,17.310118172355846,15.210129435584864,15.29404175178929,15.897398157148984,17.423266995426005,17.305646854273032,16.330589706189645,15.041516302534376,17.164256384735516,15.133494169472913,16.12856394860484,17.006202471984867,16.289562755555195,15.513383242710892,17.87287786972318,13.794582308016986,16.07396555461294,16.89812405041306,17.094995127095096,15.534921876308118,16.07891771684925,16.370047454393998,15.700975621399296,16.540138134461213,15.566896075612904,16.061282116390363,18.693886084933688,17.407249365942363,15.861608897342979,16.439403690649637,15.870870350760466,17.930700100386197,14.926162655975933,16.762297389356497,16.64958008226715,16.98143108488181,15.961607529757435,13.888540696115975,16.31143622506147,16.378343607982963,16.67860531632364,14.594663434119868,15.049193407780962,17.56280810297351,17.087848144510914,16.39794176625248,17.258245979049754,15.531891288117144,15.749355843965686,17.425688857370872,16.12269837577696,16.664309003453464,15.872723744668981,17.923520856119158,17.47894653127056,17.076170253595617,16.24625160360631,17.68981247779744,17.113678049820876,14.888559149507303,18.256803501705893,16.072031770490494,15.445232974494012,14.969685999169535,16.524135695155845,16.30711239492232,15.285629787402165,17.2424534150542,18.50838333981083,14.865544993148264,15.757722764519116,16.886221395716174,15.763089800357333,19.849178777667323,18.04112751900851,16.290794108069832,16.93960393560788,15.928827956593198,16.2276983689937,16.846434002269163,15.72624721111249,16.724942188990703,16.12107632262373,16.533784774353006,16.963596305710382,17.027025974882655,15.699992005123143,14.548778635847977,16.406840022614908,15.79892978925169,16.128865214882133,16.007680068441186,15.220129881574204,16.352831548259946,16.44297663141095,15.691954069743256,18.279759861994695,16.844493976931414,16.124405945153104,16.610992009213483,18.182674255714854,16.084335353335245,14.633474383343836,15.435195636585382,15.261700604255353,15.544855875310764,17.22875778036649,16.538478629743455,17.06446625843498,16.149468323608062,16.780008756396178,16.734420192872808,16.267304029341492,15.833021291506164,17.20848234209587,15.37650075735609,16.084224398447088,16.399060076922552,17.539623096661007,16.642213181187497,18.569276048523122,15.279042995589943,17.171317562019443,16.140976983082496,15.504457359795962,15.601605043751128,16.425483885103752,14.883511708527626,15.624808401870144,14.526353624895846,17.27555724313881,17.46580993750158,17.92480072074875,18.524107263592924,16.411425471788046,14.97030438394363,15.077373886879965,18.173342199979317,15.911936704346509,16.192284392537577,16.206586813568762,18.363752389286425,17.69165528502878,15.696847802057905,16.111294265542647,16.214845884156116,16.126560904339296,15.544459482724948,17.35112682303935,14.63085550229293,16.098156160289047,15.998555995690833,15.640148324895474,16.534788152373068,15.695243868899071,17.367048410252043,17.903672737082612,15.685958561878191,16.87708900330205,14.766524407593307,15.656615641529607,15.313273903150844,14.783313548090865,15.52533376697118,19.994052707027983,15.14049130257037,16.25326426485189,18.730382633820668,17.089876934351288,15.46035730499815,15.613042940725487,16.313357657384532,15.781552943791237,17.223188167326512,15.004504385068014,17.660587342421916,16.477874414335965,15.67125218485923,17.62860539657114,16.2856720806523,15.569070572020216,15.54323714343119,16.866270639872656,16.590373708999874,17.274255821399098,15.998201047393442,17.781405083533564,16.56759266989976,15.74009473519076,15.973814344997052,15.305981350813905,17.74036888860254,16.408076368641414,15.271560833488122,14.504382619174983,18.807209126415668,16.939320902434474,16.883509163288014,16.758526924367114,14.489786358429322,14.483769509822531,17.07217185106808,17.019920617416787,16.440516817385696,17.819592302346987,16.43459085331766,17.66449646203677,14.939610783820745,16.309837263871543,17.29912210166377,17.61152757983364,15.577633099573003,17.60779627656207,15.953514754048342,14.900322769851558,15.513099096536429,16.368627658143996,15.336387531306645,15.87693093500837,17.002652995456167,16.72158179238748,15.867676035937365,18.29783680292298,15.923030700116442,15.433796055996558,15.722363221879778,16.28460076476086,14.236732187950098,16.29134465825088,16.157628187886903,18.769184043949497,15.94822319447369,16.70616490299295,17.12640438721207,15.797745913422535,16.342974889065538,15.628558792679549,15.441626711576417,17.137160819128585,15.906906358856228,16.14364755378485,16.2889816910694,14.333976065187443,16.56379955636086,16.09982026932817,15.996211828999874,17.164328375578425,17.429702803656554,16.497986199468208,18.37088292477264,17.187671969226553,16.826573556064318,14.862142792786488,16.523229956897715,16.040917289600536,15.81928592000389,17.132142633480992,15.088280127593167,17.295178132271325,17.16060894355909,18.152346200025505,17.868220403383223,16.530172505251763,15.947759453718866,15.693242830721656,15.141461303037289,17.103403658155273,17.370817168512588,17.620558325424675,15.74674668199646,15.885605428356389,16.13524279220049,14.680094723977636,16.339711788301333,17.542819547128293,15.765865893224511,16.257430561918365,18.536528185606667
20,1.8987491283954547,2.193163628928067,2.0262297131291187,2.0037712144453312,2.197645563555612,2.0500656798199146,2.0894518443265384,2.63755218734481,1.668771231522618,2.0699667988280024,2.174431428397997,2.0604531332483127,2.1280386965057425,2.11448609382411,2.082896317775575,2.1014031100223534,2.096815182890466,2.035394550651729,2.228070789658731,1.9728444519191703,2.0431102900070663,1.9764239843888578,1.9979431477973448,1.7940698085359643,1.8759772481504156,2.2741711160310207,2.0906322045664694,2.154188814594039,1.8952653972086113,2.1035943208926398,2.0951464925154943,2.0449292748658054,1.4868576255614687,2.0875776771577996,2.6749831654755454,1.983974039211828,2.2573930075914403,2.1628006154785817,2.159195302078902,1.9398392141165197,2.1295363281395496,2.083429252894465,1.9186435264073802,2.342079298995688,2.2972989505088446,2.020232453080524,1.9487235651121269,2.0116113346550075,1.9720985583001376,2.049397384755832,2.1491867947570245,2.216678659342331,2.1886436274704453,1.8979531921040391,2.3155068428260055,1.9472757789761443,2.2011470890935536,2.107538666578873,2.026572424907816,2.6464466233909913,1.5952193427804398,2.1127781588926187,2.056662059954808,1.890514536079369,2.080769245969791,1.9325987783646743,2.082942481663636,2.18837012544618,2.193075209501034,2.0353785777797513,2.1661375037288924,2.1034020244452014,2.102259254088786,2.0227009483546308,2.13595434513353,2.0706598587030367,2.2231215508765465,2.103737396475352,1.7728729436404855,1.7750631357657374,2.208186092063221,2.1095923773015914,2.2130722219387673,1.789125959747273,2.020966632147886,2.2015405058153594,2.0789042707068885,2.0885340389137674,1.689918535739764,2.0123918293720275,1.721573592356837,1.8380096372515973,1.9290590861176469,2.087333959573946,2.772607757473929,2.2071625853546637,2.0111849836093976,1.9158241117529684,1.5525282131978513,1.9076130534575142,2.2088590089479627,2.026409427455218,2.2317076296507152,1.6624427202627696,2.119309612242991,2.1360402665805807,2.264330050012803,2.162233870194889,1.6371809996557962,2.049203564318909,1.9857182859249993,2.292155611663135,2.1744744067650164,2.1802764301305073,2.0097075137927383,1.9931509325252377,2.0928743366268643,2.1520628945575075,1.6116445667955615,1.6673396332504447,2.0789015145917586,2.312940968775884,1.9953259196226898,2.1330545999571604,1.6147083983441957,1.5979434601394402,2.053422683256584,1.9866609473466377,1.9723637877168934,2.187259729507809,1.88367989587797,1.8240835537353555,2.1414650540601063,2.101014312208607,1.9568224313204527,2.210002618369703,1.952306449306524,2.108985530885262,1.992885018810285,1.649409461851328,2.0081473979531355,2.1539254080407715,2.185611455077322,2.1179124422331093,1.9922468373627735,2.083200059466519,2.0934754955736947,2.0632148050383603,2.1731165319434007,2.035817720472224,2.0566804705328354,2.1139948187611752,2.037236085660483,2.1114838664454614,1.8802051852883908,1.988011832545186,2.008152136055926,2.0068444246655033,2.332453071340329,2.062165434170738,2.0145739754524254,2.0585763179272085,2.1657857211447715,2.291914399776249,2.3811768850128363,1.9495401086013526,1.7910620161149173,1.71080221663539,2.079016552135177,2.7650842756439338,2.1027194492137267,2.065813405790154,2.193330991301937,1.9382290153436175,1.62545673738789,2.1756092997734453,2.175165947582,2.2903083348877775,1.8507248320080476,1.990054169778679,2.191210447589,1.863263237026081,2.0174497278584145,1.8785235999215792,2.6241627084659247,1.8970043602348574,2.114421565122853,1.621960248220852,1.7235067698276083,2.1527344744092605,2.117026034652033,2.2902192410102757,2.188881700606029,2.4413466755283464,2.929021719716742,2.075860934079187,2.003995433042214,1.9870797925286798,2.0486320763225794,2.1684477008200864,2.0912649121025235,2.064568190294877,2.2790200536417307,2.097283135691385,1.8361912726216634,2.018211022464861,2.1174406657302396,2.1781828902401954,2.1822425352668646,1.9304556141273514,2.5309052438789874,2.109840384223263,1.7460280974950408,2.0724760527738884,1.624433059660387,1.6241988615827103,2.083219739770333,2.0933135983303743,2.0687314253135627,1.9401736921454962,2.2845017742168654,2.111369680037919,1.9401736472628799,2.9715123093770095,1.8393387521309852,1.9736092040177482,1.6330885934479489,2.8584943318202876,2.2270955940142683,1.978212441710641,2.2322298515566374,2.3684352791607823,2.055712135987702,2.029758297954235,1.9218088914030729,2.2241442228419097,2.217280971171226,2.1564781462570326,2.974511149165864,2.2211173739505488,1.9609731533295578,2.1041888758015106,2.2065529135261426,2.0220789133583885,1.6237624654059504,1.6001075170260513,2.2091473757108453,2.214443597351623,1.7512372306325743,1.9806213735835985,2.5967265150635184,1.6276621438111645,2.0775239334534614,2.121799585951846,2.140953000920371,2.1114880970025043,2.4752091203649464,2.0487006403130317,2.0901226493562963,2.062149679119938,2.042757781016172,2.0159222929094627,1.932810461753773,1.8229474985353273,1.9336807329160832,1.8462831834747162,1.8606930406781372,1.9872749823732856,1.9902189550635068,2.144506298371971,2.580508605636495,2.0281700538839087,2.3441583732153988,1.9091669674205929,2.1273102123779286,2.144867469223351,1.6311907880161465,2.0299911534438393,1.9382509654219149,2.2149320587100676,2.1122961745316142,1.7592897632968796,1.8228073610780504,1.7647575159960758,1.8759401448755948,2.085304370186587,2.0992765966782216,1.7700608769810777,1.9140068441411793,1.9462037053642376,2.0420462834603463,2.1365565867943843,2.870743365612556,2.0968967027817085,2.1728813691214075,1.9768921942482756,2.623459593044822,2.199592722763953,2.0391727453235005,1.8638170950404822,2.3047235189003237,2.6827515569812097,2.5820938135353444,2.395892577317294,2.144502765603444,2.1779454733350847,3.3160015569401833,2.2645802000054838,4.029945520693936,3.7585707436698157,2.7235173886759463,2.0310978124011543,1.841000960421422,2.7602947109970892,2.0050386682619314,2.279804442047337,2.079248899544175,2.8918613308209853,2.237377820857393,2.382675279400622,2.6771498734068677,3.4933259383307176,2.6840981750214716,2.6616256282477453,2.152124016925706,2.709034559366161,2.190142917688673,2.639643222003564,2.1322943540659245,2.7408671561795814,2.6074126632405545,2.166446559680326,2.9348157076076045,2.510648247596185,3.3309099095019454,2.305578399739526,2.2733670753342383,2.2316393374217163,3.319577557552027,3.8261892222416165,2.58550559241215,2.624614912894758,2.7446637310831994,2.589016652840078,3.343112266842936,2.2546994919027044,3.8458654925378815,2.1968439785617946,2.4581018601968325,2.1705546299631004,2.287841989221193,1.9432180829782715,2.2904358444115136,2.281133893184591,2.6780809739677913,2.693668791700764,2.4230216407562115,3.811995835110666,3.4201542785606187,2.310889745372424,2.4290378055741355,2.765933505495702,2.952463696582349,2.869461650521425,2.785304845651963,2.13859555324913,2.0558232294582064,2.1736227240157335,3.804322187552973,1.9954864760515127,2.2201635283452372,2.1642611167104016,3.8377165654619865,2.4857378101414787,3.4782886876633703,2.8102267688254456,2.6459107338862786,2.7547218383172734,2.115364839252108,2.2217460322959464,2.169913592709768,3.4113208546261693,1.9639785404006735,1.990611017478521,2.7975427847508376,2.786868794018024,2.2621221602888606,3.8749134058310992,2.1281562901529925,3.3477106800930194,3.3407869110614863,1.91113312954312,2.7325071627529596,2.6990040781049305,2.5871763850207854,1.9559511087597254,6.565777600460882,6.874906899193461,2.2209998366010666,2.225978200740825,2.16759090291031,2.9847336687547066,2.698210082578154,1.8697868783232066,2.207444553365979,2.6177852488997355,3.83842116127096,2.3570201151262764,2.725438594741882,2.242012282563911,1.9726784104518795,3.799277195377732,1.7988583250295531,2.7990506598556495,3.066761821430999,3.407045835290119,2.149604398866869,2.8505409626372633,2.032028262204212,3.871809942326985,3.378496975425449,2.0132286513352495,2.236604928151495,2.4529943393802984,1.882875983297198,2.9526819426166355,2.154038148002538,2.3422784475629492,1.872805499456472,2.036125853155497,3.5135964200167633,1.9912915272558613,3.291562807647633,3.3362427913249846,3.116837218379981,2.2898526571476974,2.0994655965293885,2.6465604682558004,3.103410637750865,2.402342868355701,3.8197980133535205,4.9760162832313615,2.5368062276420673,6.0701738037850905,2.1366000749190683,1.9648140685468753,2.2515386356252876,3.7943471194085148,2.6557450767640356,3.148062860957721,3.34794818106143,4.390770314938753,2.7796633018398715,2.4146955439805344,1.8612317221978099,2.0618054043255953,4.2094355127219645,3.404008635598793,3.5271643880525754,2.4937450512134762,2.1087458258732314,2.996941302641387,2.488815728552688,2.247967577310326,2.476524699788396,2.569824941555376,2.3995487731546628,2.215432067660965,2.2809509932394074,2.9304937408102565,3.1406546978915086,2.3011455903653837,2.378031763363367,1.7215738098096036,1.9799447835210684,2.47426324887549,2.2228353263199656,2.2596358924060076,6.867471732445884,2.083951929503587,2.2307338907110945,2.3973611021910513,2.121658554701521,3.342139350337209,2.631051472265399,2.767090744351402,3.15420729462745,2.38568088861771,3.8240011630660913,3.8145770072976886,3.836099354496368,2.1949397197052853,2.525334052315731,4.047069386088333,2.3451556481059637,6.910545477295387,2.136703496449523,2.2298148789399064,1.8124295950610094,1.9820994912506775,2.2150065534608094,2.480781086907923,2.3189833914715323,2.857268640382045,3.3454181866734083,2.224621173563025,3.4991000969288932,3.481557234165112,2.125654293203785,2.0434170203253754,3.3456620236104864,2.310567622012165,3.2843956735794397,2.2051957602114833,3.8688850193061484,2.598730288301287,2.975668406743134,3.6900965927866394,2.3312596690546363,2.4709701477069053,2.3773811020484183,3.7944933046311746,1.9356491539475429,2.9962959094725967,3.3028623630589515,2.0580538623908393,2.253725169696195,2.269746926705832,2.843474930380451,3.6993087532437348,2.810619689840702,4.2971851282755775,2.95877237022247,2.2321169795545726,2.1313930784837436,2.4464811107874502,2.402267659644491,2.766161732911049,4.697665768557222,2.124377345354707,2.12882595663232,2.7279474189492783,2.238163680837587,2.32370384017838,3.870095814683208,2.523938956941038,2.4246013587645763,2.8158898899146365,3.320196055183915,2.328186085022217,2.5092878081988945,1.8343019713073119,2.215125500146695,2.3084637967255097,3.187805039103901,3.265017349564039,1.8727635571459191,2.61202531900222,3.03771989475727,3.719622657088759,2.129212805513005,3.8078911831754594,2.021776235594542,2.642463965693714,2.581217008468435,5.0020654429852724,2.4512898792004227,1.9729377906392307,2.2135621673278973,3.0104373951418455,3.3723659175899745,2.300840035160155,2.8149769812402696,2.3127444904353487,2.356891218495865,2.0678934865575096,2.330857467448997,3.3277957544417713,2.2354585148390673,2.2529453149580907,3.3694585557795738,2.1409324782757264,2.7627603715737807,3.7121369660530252,3.2930773782386296,2.520878438854124,3.336172002527422,2.9619816724873114,4.564771251338502,3.4915612337834587,2.3111845550165473,2.6978096685551898,3.5914354624760234,1.9565167301310644,4.820542024540861,2.1941157870685766,3.3415887642347983,2.5836778248729266,3.010794316825752,2.142121763553957,2.7037688739991292,2.848864051136812,2.8200987921494063,3.9949298353419707,2.6264766064556997,2.333436591320804,3.7979104931151557,3.590997550714857,2.234986233099396,3.9010781406666752,3.6030497073846317,3.233039213184789,3.5190838149784565,3.684878243416177,2.251568182327449,1.4543537664048225,3.694311065907128,3.7328520009900417,2.7845418741027173,1.7581582676362464,3.1683031845269163,2.4095720264019973,1.9390996670655376,2.012771922837962,2.7468343996459215,2.0554116378860776,2.5427767612667154,1.4255266902913222,3.6315872855508373,2.130920011531773,2.7749442111763503,2.6959142715581073,1.9563309309990269,2.684292826960855,3.2702963154185083,2.12614488114954,2.3373509930256056,3.804686628934734,3.589136402147958,2.6063432293854962,3.3050029308928885,3.025936619214778,1.3392352126432516,3.685585835771517,3.7595884140659503,3.034596286912755,3.580466420578589,2.7598089643635406,3.5511646017751404,3.7620905023900284,3.7598879353040626,3.7574562871311525,2.6221877492815344,3.9508010312187856,3.012215505628096,3.6706862234480027,1.5387034620279259,2.058038366967384,3.5089929136099625,1.501945758470212,2.5741006626740304,3.2244836177020795,3.5596812838397986,3.1503653517029946,1.6286524923281633,1.6890740613158073,1.9244196378903813,3.355729671538099,3.669776618652388,3.134713968984612,3.0067370598646703,3.5733015976461613,1.411094125518816,3.609374170874194,2.832249906107337,3.493227361063909,2.5268211517548558,1.9142499398610524,3.4051009178521743,2.9037800296916267,2.001752715016315,2.513232083036604,2.37496651518754,2.611496726773056,1.9498131941085026,1.1624836063260646,3.55017587266677,2.4854065810717225,2.966204923136074,3.2962258992917093,2.9984592007484103,2.4190223704504596,3.356521071119118,2.63002892558163,1.6412277153348078,1.6142780779935701,3.7566619403787653,2.010896940609211,3.2393349241560583,2.334425766093786,2.844684878015269,2.8364315930614725,2.1257493705240904,2.5011946528619964,2.471863789696896,3.473883928851862,2.999138829756533,3.8692077917035537,3.5608201000077915,1.368012954286512,3.4972438583231957,3.212622620650579,3.5653980810988193,3.3596902961463755,2.261256437225207,2.238429895941365,1.8453846845844029,3.5717917299546107,2.350781748204545,1.622070219416926,2.641087723303706,2.069802794307298,2.158507715724797,3.1781051076892948,1.7476220113251812,2.0990415064709578,3.3584811870139393,3.731882533663389,3.1230802201028878,2.0841219882240196,2.0230772017701133,1.7294336970971815,3.074352575171897,2.629891923317588,2.378531469082767,2.9248745671357037,2.2586396602289502,3.3759675201264328,3.193915351067572,2.0862631874119253,2.003374132653277,3.5000185529640726,2.2870478725625447,2.4283387583329357,2.600691796780989,2.428182220843773,3.1202249568172404,1.7387119059071954,2.50280733568523,3.4645651906993358,3.630442955594592,3.137001080042709,2.631778815294982,3.2637500064714957,2.457715981936085,4.267807779533126,2.293484851555152,1.832223300324792,3.6583472400433603,3.117928608484312,4.041605570669837,3.8029598645753118,2.5095496258039605,2.790067297114756,2.1918014341082017,1.9138313260362203,4.064882554705807,2.474888747626441,3.914391134504362,2.1962325110094048,4.2367014103315634,2.7707832982393983,3.390021533275595,3.653424426703331,1.513696478933594,2.86908535320822,1.902390477122046,2.322997784675288,2.3126998395403264,2.5143604223648226,3.9275318896570823,1.5308566332269773,2.4282883072399404,3.5836647330572644,1.8275253782683465,3.0849000395171498,3.658345367665767,2.7436677626535197,3.683382228012238,2.9467119624399922,3.6417204526528555,3.8053436357353885,2.489634882190762,3.507036943741299,2.7551552134757014,1.7521482693908028,3.735011396662664,2.5338335705684907,2.257974810475184,3.5322451861054294,3.471334341643884,1.8792272068780882,2.9773566024807385,2.2833161268883653,2.856251638204823,2.2655918201446283,2.6136464546722267,1.5196647614456342,1.9516858856195045,2.931375620056006,3.561384487107685,3.109547868291279,2.4861451934363648,1.6894330454821092,3.5619527447463772,3.3499277086340724,1.712741208256912,2.9669838516989313,2.364866769661864,2.163629793114223,3.4820927245747897,1.3055588590655725,2.5527554299751376,3.670986076314952,3.64944977997688,2.2021389061045573,1.896390616158542,1.4092119541665595,4.586427941145127,1.4126080314409766,2.244825068188815,3.5047896463637063,2.8706355775353853,3.8217726083223864,2.438970034588081,1.9168548024093937,3.8336783892034583,2.369512540480654,3.7267993903599557,1.558487731663737,3.727271542831854,3.72540343968598,2.136300788824756,2.702982500502768,1.3481419014249931,1.9558147719016798,3.551722370000224,3.2906980243018875,1.9717842623126842,3.267395954443496,1.9287136055226355,1.7516356086011209,3.0315031004325097,2.489365147055479,2.509692353842923,2.087665491236834,3.163013700682809,3.367035951756224,1.7125836939439936,2.934665063238063,1.9064153777400958,3.805651960982337,2.6556839631839138,3.965094306108013,2.5665395002281834,1.424530904968642,2.2067781260803163,2.504585651869084,3.087489856788758,2.273540759824206,1.7012085975602658,4.653969574943205,3.1390622467157887,1.9787300123589793,3.97606252904698,2.9151756275397305,1.5225293899889099,2.9779994620050956,1.9085546244050344,2.7247791969124315,1.551619104617565,2.23671109872882,1.587022860775889,3.529014430950742,3.473687205692958,2.641497115858813,3.9567028550657293,3.7011898625065185,2.279577136738034,2.6041378396705737,3.3292667796129414,3.2501045412849727,1.9330309924096043,3.5112096027595707,3.116910258410806,3.8691396454982727,2.5479461645958428,2.0761899761874836,3.763826539435594,3.975939657104453,10.617310302640705,9.255187687323321,6.509521479608011,4.4854117128930175,5.597421258080886,8.086721341787804,10.395006429901507,4.996501466511546,5.496328588424287,6.661373389396393,6.918803099927993,8.682948791314798,9.825468342745099,5.378963153555627,6.65699933670182,3.632237685567202,5.654631009478362,4.002217478893115,5.4954118342537095,4.115513052597893,5.561665358401028,9.396549309297752,4.796864268663185,5.1400980048240354,8.8468126753425,8.798827792168149,11.184668255307177,4.830083042271377,5.58102538979753,3.8384767910964643,9.304840659746842,8.529463579724549,9.264025147960753,9.714791192699632,4.617140395458926,10.606279930964195,9.927839491130491,3.772584015727077,4.392872897854946,9.174159092695527,11.088370130310976,5.710888601291414,8.853611460952592,4.361369176632849,3.703299931597873,8.863058574337481,4.777546752099811,10.686510735806797,5.446650994248175,9.517611210736014,6.214731837827385,12.120091016703032,6.825579517460064,4.374661328173809,9.86513220316626,4.968451618744941,3.899296841252133,5.047726651044052,10.454693147919736,6.745979642627919,4.091481089549774,7.681359679868385,9.381152685512623,6.7404446350569005,8.704771348052633,4.650054222583251,8.902681923726666,9.718439282161812,7.353106833411628,10.079204799919758,9.07165896435759,8.227758894611407,5.2565545649611565,4.775414613484026,7.443181520667907,9.716293147429223,6.050976113348518,12.538862416833087,10.334533431311739,5.495905239721273,5.70155782010692,8.656288010304998,9.433105834707119,7.471051661889422,7.840513503060941,8.273485156978033,9.368740055779204,7.085365121615282,4.0195300199733826,9.383073766309925,11.32786709174748,4.589589612717678,9.282041304847278,7.704253238216024,9.77344257920452,6.319091603492936,3.6323323968510475,5.227009908357524,6.934075263554822,7.712390114615415,11.176881615910865,5.344559005055235,5.528352950460492,6.248379027836088,7.118444450185844,3.7896825148549995,3.5234587209452775,8.069442278911676,8.475919861818905,10.967632119025783,6.5921841204959835,5.722284479895297,5.016586203537692,10.698643364663083,3.8864996058167023,10.079898056522193,9.281051827859587,12.321734342708858,5.568404416084762,8.08082337029296,3.761203047673419,10.783970975897217,4.317171989729587,3.8643135718043675,11.08483531010649,10.940044794418647,6.105265218531188,7.6728345379806004,3.98973143993419,3.558199057041811,8.572837718596602,7.167842882113957,3.5750321813071255,3.775783526415929,3.9963769236811344,9.758385446982768,6.425445553180202,9.357360138626552,9.324032266026284,7.343062545454113,5.47026909289831,4.716555283645045,5.289157301919709,4.6522373823464225,10.142202253827254,4.261628974965719,6.452949527834916,3.5696511215066504,7.0356720926967435,5.5838480220469515,3.716036299555333,5.1087377953830675,9.506880098847713,12.043580119991713,3.831563719675587,7.83176156825011,11.905969772145127,9.534166863581573,3.9430423364219016,3.649657560158675,6.47199324267317,8.586690383281468,10.055472467213304,9.88859420715341,9.092280203867553,3.6682109376250494,4.916919464446869,5.724800068671736,4.621399349260678,9.11549886131885,3.4064404781774837,5.621359936524097,3.953686297762972,9.393194554092224,3.9501269912196535,5.705097479534508,4.368842768431092,10.405175122510762,7.681251693083874,11.21918147001883,4.340240049111608,6.521230339365777,8.204602604744032,4.0712025943488985,3.733412538682203,9.416204970496493,5.863426982656302,7.167036880581104,5.132176672798898,5.940546551688378,9.214100286157404,10.860521246337075,3.9570100357394047,3.913224147420009,5.713811539166474,7.135532784179621,7.873018750905182,4.154810588457502,11.627625515212964,4.332534840292211,10.908313963794997,5.535585139406116,8.34488200841467,3.6818032411248467,11.244971870469954,7.377804371219042,8.641087889182723,9.312188930194676,9.338010412299173,9.066433404875593,4.20739829016466,3.649043439625266,9.24592159484428,5.782014663898622,7.229183133832349,5.712040098356044,6.073149486705588,9.218433623782518,6.278880339769492,7.116112765984435,7.189464359648954,8.187073092003821,7.625613301113139,4.682645578972982,3.9256460694684936,9.997348740252763,4.636218992354082,8.012094437460725,10.070864778630837,6.187275557708265,11.050191189245155,3.7738978309310105,9.11646856012988,4.319189680841496,9.67919903863583,9.012411748108525,10.38556253723116,11.510445387241992,9.464924417864427,4.141426225434857,3.966711551192244,5.961964682147962,3.779843070016581,7.34251660602511,5.542845432610673,6.5591300594175195,6.271261968887183,6.905133374193536,10.229010280845571,4.327440237214805,3.647948818025318,4.7562815024923575,6.491258116114176,3.9446429450957607,7.815757176344268,6.942316445861433,10.978040211450606,11.306034727441176,9.07019114269454,8.26963511910364,9.368975288875802,4.057128404686658,8.53052125444975,10.119353283215316,8.346916957419687,8.191542779308191,8.932949044058548,5.198815025830786,8.583247865760438,4.930842923861098,8.968417132746904,4.616122748405835,3.8156263739847063,7.26527825880536,9.494013873105258,10.064384526985407,7.622857336174945,5.224047588823785,3.8993236077892712,6.984943731352106,8.528824001316355,5.671599512419907,7.451785980209443,5.055092506076855,4.239225964858506,5.651580877153948,9.29222027468265,6.552133034787474,5.739631947701593,3.8477683990148024,9.630014853730842,7.23534278496232,7.285874591950897,11.544601804826353,5.394875962133059,9.636172911073682,8.985186700541277,5.9170142506843915,8.53488922448101,6.761316521171639,4.809695399956354,4.586220183240161,5.356355018266047,2.5237209789051027,3.8678462878730677,5.003666011933096,3.910677698848774,3.5496501081731755,3.39690627797272,4.614419518943941,3.7791458076017905,4.168314371908933,5.052268781809336,4.291128406214929,2.531894755507933,3.791125326287983,2.9991352493004215,4.328002764412691,3.459709213212255,4.463031104830189,3.5293948443075096,4.718719465355263,3.0225207594119072,2.7854907223844836,3.024476907297429,4.4797108747478385,4.22250533298973,5.27680110220472,2.815890308692274,4.635191896595802,4.242711584537275,2.879106548374643,4.798055753535013,5.305802286303861,4.301385813231311,5.1770933783711435,4.038011811133068,2.95635701021043,3.5997373084075295,2.8865357402011758,3.4142933355110547,3.1202149007413094,4.685891395011608,4.301695467812407,3.112198159974776,3.690281053464664,3.8543064259935784,3.6888880172546075,2.830793695546293,5.936212486245718,3.3698361304625317,4.59490020160695,4.7252824879321,3.563935069837867,4.299308314309743,3.4940769445933473,2.6530941738374745,4.941250486739497,3.827006799502961,3.3327840881102544,4.7851657469650455,3.9803924240561543,3.6142935441660566,3.428728158059172,4.16321541451366,4.897081258123331,4.175128481471053,4.509534579527537,3.8650725576366685,3.3261960544467613,3.4448619225454253,3.4781110905298838,3.699181767359747,3.8806799157354233,4.126336753023746,3.782401038158468,3.108398192332254,2.767536747350113,4.013218758345923,3.713135645502946,3.3769553535255215,3.4340046512326325,4.356534284272722,3.6245947865147063,2.1871026000478153,3.6990048181204584,3.0621728378157687,3.6487776405560095,3.3090265021400715,3.5391212499510156,3.2057102456435267,2.540576013304005,3.0342733171429224,3.295904494793175,3.6793960045217853,3.0176324127389873,3.086930852387241,3.8727769651338027,3.457945646072116,2.541718919498425,4.490509969275769,3.393900833760296,3.207821364487823,4.333669450122131,3.909449910696318,4.814949905876083,5.461848418256089,4.86815589574964,3.5182980027751194,5.297904990762527,2.2916661752470753,3.5707373807697906,4.762428445038366,5.682035522801409,3.8652329312643388,3.6886090641992317,4.735928621308127,2.695614059424476,3.571521797592604,3.7637504339749364,3.972984190925227,3.071310256113434,3.799777972218742,2.8380210497585234,3.806768536233266,3.015497949928999,4.995076049364866,3.947297672781309,4.889364801005305,3.9025651931882854,4.542692980288465,4.920020307682015,3.7583762868310333,3.709481692203763,3.722455155246305,3.2115475359675427,4.93193084441962,3.940249754725934,4.484388160071884,3.1920344566561822,3.609616976178604,6.089634924650144,4.151154190174812,4.514583577588073,4.252247160591074,3.1446521569194097,4.805737591220936,3.8910159621662737,2.8769114220708083,3.5300051643808397,3.1490682355213755,4.05960681699648,3.3014271441308725,3.375817377410868,4.263683709113926,4.837606400541104,3.7474326919534118,4.58512185431125,3.648093709639668,4.838928101896603,3.8855867688761117,2.7659416101745493,4.693424171702172,4.357332629350338,3.6864177423857383,3.6054933980575194,4.760900986159653,3.6109746539102474,4.780403978559039,2.597538086535629,3.3799445463650613,4.290142729720484,2.3230399878265366,3.6553389890623067,3.6464064384722823,2.8582152870363418,3.412420292887712,3.9227585962078146,3.806490752727963,4.513935479006915,3.9583119663134863,3.978961036583529,3.52208145190928,3.5276414137509864,2.043626687080663,3.9031003238611546,3.0200063378000537,4.582319461750222,2.240029556829565,2.0475430688373435,3.834786829670211,2.6589767471864234,2.927685337929778,3.5539496497062038,2.7028390526494905,3.7608547070216556,4.839924500773612,3.429588248630659,3.5647364147245453,4.421037408306333,1.99253382300629,4.513004935344138,3.681316255781748,4.170141760262273,3.918101589609261,2.259938561418645,4.255130970024039,2.0043424273795996,4.4224006324283165,2.7249583326669944,4.886129137196598,1.9296003341633527,3.6795668393400227,5.88629181919558,3.6225711327495675,5.295319161936257,3.9507414953970046,2.3849146581301297,4.9284355865511875,4.263068750508239,3.7594872663776613,1.9384538101035058,4.187258304434103,5.179598289348681,4.397104227244296,4.149488280308824,3.8046728044977254,4.4480722193046365,3.490786909062472,3.3554731220172567,3.7565629028498195,4.311976253932751,3.5390954768486944,3.9399559413284453,4.121502630830757,4.095994655891111,3.4594685553995133,4.26410512216847,3.611882158184711,3.6220116445358967,4.350148628773,3.03111754499681,1.979187374771094,4.344810351857767,3.7149310735494874,3.14795175295116,4.313166703832864,3.180572460465933,2.754703661608598,3.5516739574728344,2.4624600590329533,3.5733193719063694,3.4647426013137927,3.543648841235006,3.000140207287308,3.426510728710213,4.2958540974777275,3.73973854246849,3.4760439518805986,4.086077543121008,3.8626162830067856,3.5854830460812823,3.9509561888021274,4.85575211817715,2.534309913218704,3.712075914830486,4.343940797291773,4.3918568898233215,3.282664696782345,2.734507721147144,5.2863030528369634,3.46186169558131,3.965791249684059,3.904476751314622,4.493380517819719,2.813552372912438,4.861387018238558,2.726669392705627,3.248015965987663,4.051865170724774,3.411767534389751,3.6633727089893435,4.1365067213378595,4.238502135418799,4.110578811622618,3.8490967626259596,4.690190990621161,5.068723320062345,3.3715640493119494,4.402849906763341,4.273122968538832,3.520687732918526,3.7866174026875243,3.597782591347546,4.485515473916206,3.3181934172060976,3.4105692317397645,2.9715320826896416,3.742402675796257,2.4485823465050265,14.63750968451523,14.117084522982056,16.265351791039407,14.277609931082576,13.861866835198208,14.947602701553247,13.09117000594816,17.472502386177364,17.94640111305124,16.889921452791267,15.294940204225156,14.873467293361143,15.123556253919432,16.01971452416579,13.096951533880906,17.892436232636534,15.028610593086835,16.859147076955217,14.79473576758867,14.177429867862925,16.289264865413685,13.684522223656549,14.177076892887243,16.194569561645338,16.864198562191383,12.75459440227199,14.846809072011833,14.36103205310556,13.675777219666237,14.335254359483624,14.17654359816232,14.75057922733416,14.607128764707976,16.128980690455005,14.977704831831158,14.862039224074957,16.153650752620464,16.61802694502446,15.234705785632157,12.957924314159479,14.16850234004314,15.520106452163516,14.972781753966297,13.594355536495224,14.178485488561174,12.732190225660412,13.834537586894633,15.252454273892747,14.956043619013428,12.627515031523322,14.921831674113678,14.423928919444148,14.40813934068363,14.438181532486468,15.807535043192361,14.342422905480282,14.059674426562893,15.820674590006353,15.617939545666278,12.939273350535238,16.59324557873832,14.87490832292369,14.625387993740846,12.60096656463367,16.050800154052148,16.300067167252962,14.28976501991733,13.654424215433622,14.846020444050941,14.181864399359604,14.43501719858852,15.34006129816711,12.690912073228777,14.321247144757438,14.691477344793409,12.638898336766676,15.363495125879457,16.26023011357706,15.998697770764533,13.7566618087693,16.442263495998404,12.737062419019988,14.728260030123442,12.676120976403778,14.639663292853177,15.173070406854071,16.438701810649928,14.190029614035776,14.961054047055613,16.855829390548234,12.98019207429925,14.743744454399284,13.738793881689858,13.373785461563994,14.293745755961687,14.51117324077894,15.33588305724269,14.781229059154034,13.895119433577563,14.089009773493753,14.50655976118924,16.282530532122713,14.110807577006021,14.394674639581778,16.12561646357311,15.59417776935298,14.29800493707279,14.829683243485363,15.013089481275006,16.544266390574293,15.371123500400392,15.631449967678089,14.713014234967513,14.950834014610253,13.96151235796356,14.442668755589281,15.36413023223877,15.107882690462592,15.497644271112467,14.532771677785208,15.65389677504006,13.272668120992444,14.309051859012715,18.250318778588642,17.240002898068898,13.207359699628144,14.966977950676332,15.73327369066291,14.353464029887107,15.320454875912874,14.996871062176167,15.994466939923132,14.53985959563451,14.369731780341949,15.364664520003974,17.405326355988315,15.301624820994327,16.128674492140714,16.312171097820006,15.994633476018109,14.84517213650912,16.44459393249671,12.624330222577726,15.001364299419707,14.15335043037804,14.803165399727872,15.501177840512106,14.415636724830678,15.643990414259054,14.648401741517695,16.80566796231128,14.513031334541418,14.164689384320228,14.74359509009574,14.082998466502406,14.678090520826185,15.248819586333756,13.852482811971583,15.17121194759745,14.853357738708194,16.31858301709676,15.488579521000062,14.846428891213094,14.291103383311746,14.018891806997955,16.59577368748081,15.579971690541948,14.446704263369494,15.929225985877881,14.241281814869515,14.272641949140237,13.732281403595273,14.86388032393638,15.647910425562007,14.567705740702719,12.79199503206356,13.755508931302352,14.737030089357745,12.674941415778926,14.889516446287061,13.087122949119587,14.821951679064663,15.195139578587575,15.906974066828935,14.818010641925584,14.971635008480979,12.746469155472106,14.945887063119555,14.232478541791698,15.360288772393742,16.143923609170262,14.110711985709012,14.243442634974837,14.163379682827477,14.859148557932485,14.231284331947663,14.158605269719224,14.532894602009833,12.799041529455796,14.685219912925941,13.151948168259581,13.236372713092305,15.274122785419701,15.126554312207245,16.52871232419131,13.738705821865231,16.299548295791595,16.917301396860026,15.156093118579399,17.490879829255103,13.778733947061582,14.299314098857309,14.650007042913677,14.820246468526621,16.855785451886753,13.907716058126296,14.464117393903107,15.570311273099973,12.963012124426703,15.813997267102755,14.442598703665919,16.28233175989744,17.53044528412434,15.36981130169891,13.842897973240408,16.177322741511947,15.976121088816036,16.5926697428279,14.471929807023137,15.11511144493058,14.711145170175856,15.775971969344187,13.791509806291005,15.637916989718983,14.126548826192074,13.670221023098092,13.944511700643826,13.285384164976126,13.915719796676726,13.129418518021298,14.439483171214514,14.221838840289442,17.82087139755701,17.867254206668644,14.494268514267835,16.175937004394626,14.4417218459136,14.366356708974438,12.809987500301679,14.657861108759413,17.39146462329055,13.85225558936809,14.620853404186555,15.080180972042063,15.432063975241693,17.39482148821401,16.841556378534996,15.677405297659762,16.85133214670048,14.374232800711159,15.445434673952168,14.106972262220284,15.354027554659554,14.300712272864786,14.58996299087398,15.66112549120141,12.416839855672682,15.516641144818166,14.17229867247828,13.926792290206613,15.735220786475889,17.23868896313036,13.897252026148506,13.412889588754009,12.743408048521612,14.108015685380769,14.782151607757772,13.272797527598788,15.992618981210944,16.865028714469787,13.883067410402592,17.326614940043658,13.087899200493155,13.97896474712027,16.126458461043207,14.74927863969785,17.013525839451244,12.331445628855784,15.479010940331928,13.975392086727517,14.948272180136907,13.424329605809026,16.66693494828114,15.06753817873951,16.490300631928136,14.139595190137058,14.576366040193637,13.678477486132618,15.293621694457297,13.95245861589073,12.76774215257834,14.186293116452996,15.850472910841615,15.644250667487906,14.454327372166942,15.157529356938207,14.187140430701158,14.516604905832155,14.25246819373662,14.073015612135222,14.351259946517107,14.499248344887057,14.161734560259303,14.229479375770929,12.794907317134951,13.387090625686769,12.613817495378418,12.757693741668087,15.787374726998774,13.861538508913792,14.527410947609674,13.11214402531606,15.837211410516373,13.921406393613017,14.381745448340762,13.594975043099783,14.57302690611078,15.774472795193999,15.069018333429684,15.313391341287284,16.81677851606636,13.252096998508545,12.498020485294736,13.904412213225937,15.552862043297422,14.9632482985993,14.454190306281289,16.416378100088988,14.475242095200175,14.481411036678985,15.473989290532742,15.218238316970915,15.720986112600686,14.425812935278744,15.104265784051474,14.872138698128074,14.853866779059627,14.583301501210002,14.124137947259442,13.660615619932793,13.573897202856154,15.420846315122866,14.713886411636384,13.681698139110521,13.417962279240953,14.460516185914145,14.944782001015579,13.267728618639174,14.012238270892588,12.913854264541751,13.737617063891602,15.42362460468208,15.014207548890948,13.415891066637728,14.856387304805025,13.64005322213011,15.229918783897661,14.36245645217583,13.761345579878538,13.88001918039986,15.072190854297245,14.252670332307373,14.708483444591648,12.45430642942663,15.094698470935116,13.92400977395557,13.28638525517494,13.91516632469223,15.204036998109585,14.770433105153064,15.875731102358111,15.20090823536778,12.565534300524297,15.850558779142093,13.812967090249614,13.720012391747947,14.812994640475146,14.632199586549701,13.934441404163897,13.006530923060552,13.176595869277804,14.660587727588519,14.61357008393208,14.151230291888877,14.072860225037324,14.84406438147753,15.411508081213336,13.677288734868156,16.522778538125582,14.435428586578935,14.337172244673265,15.301006219045336,13.884991078978294,14.167487957968978,14.575199141658317,15.563949520005188,15.968524042716789,14.017881593758048,14.4489795133789,13.18538584476246,13.117671910128163,14.340844314455767,14.235212762273175,14.402932734698057,14.427487868060913,14.150102202114999,15.442050301500968,14.483745266961307,16.620302571043123,14.681724099474952,14.329500909622778,15.556519270498558,13.809300886589801,14.56031423595067,15.096348742207992,14.096675140138851,14.375144028401357,13.068238082943623,15.83796124423736,14.291210970167594,14.200114866912292,14.672726331519996,14.195443932884169,14.635493372681756,14.131644329145468,13.790730719178455,12.242613602990652,15.729973625853384,14.230510974766952,14.779803237223007,13.794974660903193,15.267040698829037,16.16998599776401,14.906543963714485,16.228321349809956,14.374455178959096,14.773983177055825,12.232905850090194,17.150450360637887,13.679827105892416,14.583501860531735,14.510583249099858,14.190375775735715,14.770102062845757,13.066067067442022,15.012891995287116,15.72661558814376,13.725719765057422,14.003095786434521,13.746309718838246,17.067801966071034,14.042666316930001,14.138459357515192,14.7587786290992,14.904507443081977,15.564029540256671,13.531726911910336,14.478367951223841,14.499892181040963,15.101221614306496,14.783830472973783,15.817739502159132,13.678709937204184,13.648332648567346,13.690646361291748,13.768328902374025,14.712972926963642,16.583391144509758,13.832751239972195,14.840455896473015,16.522449375621324,15.326060829096491,13.039180072600313,13.185498791953872,14.493321299326336,15.705272840697859,16.8651081582993,14.53714298349765,14.55484237332491,17.057927396657163,15.198617999606872,14.489120777464672,17.048581404412616,14.215488934695951,14.15970196680645,14.10617209926485,13.719102285344567,15.500234144904285,15.678670969579727,13.878304406922513,13.20449614479097,15.856565191084691,14.321333994889313,13.33094170300642,14.06565640043506,13.569776090498774,15.543756812675442,15.884707060960624,12.585550625894639,15.172520557994263,14.691356015634462,14.413438615599356,14.458129151870022,14.425343692720643,15.00639814263156,14.973569505596092,13.753363222221509,15.618519385233636,13.385840258382073,13.264074886044106,14.462619761330863,13.361797571833058,13.651063421277106,15.326298062582465,13.546262323682846,17.207582229403773,12.463107717674841,14.09094873506305,15.976348191845648,15.44800887744444,16.89495967525841,14.577614323420876,14.626030280318252,14.014348977704302,14.784458774414805,14.386840005225451,13.804050344322972,14.621518675556345,15.34694281123687,15.242553982623718,14.262522124605768,13.381609234878129,13.660077624070412,14.080568479564079,14.337232212770395,13.772081918838294,12.689433714952585,15.49569932910631,14.676369668317522,13.826570363611976,14.689267795473512,14.382887576899707,14.42971632045051,13.59510087216967,14.644800696415711,13.914210283962937,14.128733546523266,14.352824611369002,14.036941691217283,12.346848782673266,14.773481946694643,15.327394170797644,14.321181205072026,14.40863370620619,16.71754544138312,15.151778468249555,14.385864190992262,15.491760878626845,14.951837416585535,12.699212612136746,13.318980193233202,15.344145210331778,15.02058877811784,11.744542289541787,15.194852765884878,14.324419383650532,13.547953958978983,14.894680131712413,14.302358604279023,13.60706195703884,14.882767546458286,14.76739436915297,16.063421744067497,15.685856021040841,15.676633856879644,15.398487265912562,13.012889573863292,13.931671055560361,15.258065824420628,15.096867807788769,13.254683457615638,13.8365829769574,14.15615807438565,15.881162208235601,14.074101300358482,15.623507831406743,14.346255848537528,15.174801696059227,16.362400214995336,14.033958480365888
21,34.213984549354166,34.216931870736815,34.97781998681262,31.579404830016266,30.668045119634264,29.294521067982533,32.87616196773252,31.31416020459914,32.04502088713644,35.121816367934265,31.12989573949719,32.53176660567795,33.682945799039054,33.710086476548874,31.93290668360325,32.1818898466509,32.85421155955326,34.94711594165221,33.09422244721321,32.92208825592066,34.12530759873645,33.55316817012351,34.81460509258113,32.99350470069227,31.989790875170154,33.35264900944068,32.3191729661577,34.17946580103179,34.05196395050204,33.18419085941514,31.128444637295726,32.75932396026175,34.133108623715934,34.893316705812595,33.79255162831119,33.24748518085437,33.9330551873889,33.99886768445183,33.80334498294796,34.288640497495805,34.14669136308546,31.966555037296033,33.78110139919535,30.998596008804434,31.745781555175856,31.458502261978783,34.93673282470962,33.24753196818184,34.980933097260284,34.23550221260664,33.87464756751833,31.269321895818834,32.11808346159662,33.492375028684606,33.13532704007893,33.545242018035594,31.814442303352795,33.67735960822232,33.94792951910541,31.40356644687392,33.898627957991316,28.96072217224033,33.31316427420515,33.345588776163375,35.18225576334171,31.673636944685427,31.577731322486933,33.271500750912175,34.098885689351164,32.41312074563325,33.971684311462525,35.177473863414995,33.80434302216971,34.389070222066806,31.145492472414457,35.03884113695327,32.466079595063164,33.77149163313569,32.34015987091123,33.127060019238336,32.30814047862824,32.17001058640234,31.6137601512469,33.1288106178035,32.40597607986618,34.15844687725233,32.5695548301398,32.018315843196255,32.3522786204558,31.767758879336633,32.24952138139552,33.068699369245806,31.655197645287966,34.59138521605329,33.34468448972767,34.32959331114037,33.93396127387877,33.24670565347881,34.061026089277824,31.779278641491494,30.762788201345405,34.40550231154664,33.276128250944495,32.655563017845026,34.146405138364265,33.7320734663417,33.96146074160298,32.583855935918805,32.54234140385554,29.542516726961612,34.14665461269813,31.39391842148479,34.240056800438346,31.87596708446825,33.713064100664404,30.018348808428712,33.6762237827933,34.07092727821064,33.40987388818734,32.09456415954821,32.250306927762146,33.57184274210912,33.34477177588802,34.128258309331926,33.54007922281167,33.995256702937326,32.22771276349998,34.810618415723226,31.152135691162645,32.84587328198868,33.717387961404604,33.384611054393666,34.432871049163936,32.24239214007423,31.660559928629475,32.17131546797762,34.25152807151668,32.385766378185714,34.29069260928228,32.451695550121244,31.95202666149506,34.29331763117599,32.80977940414807,34.47342148972185,33.22257946080509,32.02373251030547,30.964135968864504,32.01058043274135,33.816980876398965,34.445644699401456,31.337051458550846,35.339477824432436,29.482780149944826,33.76619852353879,33.49984549690417,33.6555541771462,34.17896703140317,31.55569599299579,31.02183906793796,32.90302554392329,34.510640507365224,32.26596621231826,34.01108352692125,33.92168860862488,32.38983572118639,32.7805959345187,32.93360148671288,31.53862405999068,32.61595838304801,33.32805643888813,29.33517571399104,32.633423525869915,32.77884347393955,34.27025517887985,32.42175945843223,34.12952992416287,33.223657585584476,33.00077280680188,32.245102249117586,32.96188609113243,30.871235026546927,33.53091099959713,33.86146873103533,33.44381783602314,31.249712648255343,33.45997263797342,31.195583745839603,32.50692340935888,32.287535445900765,31.434045329989424,34.437293060038805,33.24340192800567,31.091675230617835,33.77485384759945,33.69906596435224,32.44898547629936,31.660640249324263,34.44957894581457,34.58505718405323,34.897836844646626,32.62363346007774,32.42221013347521,31.442842865240912,31.16782519995548,30.56453887859683,34.33936197605599,31.909376354551885,31.41213224405869,34.17266388658169,30.045039927219758,31.27480628579306,35.24049705017349,32.36972734653744,32.242825962160396,32.47593114113758,33.67808294112313,35.16733997875056,28.94686035228035,32.55735071023938,34.02404167013257,31.8394651255148,32.01658766325098,31.417910198184448,33.736945847934585,32.222515156201396,33.037348908371925,33.15858121865975,33.57917634872908,31.539766062237288,32.99488455003143,33.12574192989659,32.29159141259576,34.34967618274772,35.042770382600715,34.09389059193933,30.91590929102498,30.77877319361684,34.11017459434701,33.802345788670344,30.76984332998397,33.56572223064854,29.378551940746963,32.49941296154823,34.578626517826805,33.03620190077974,33.7607614814336,33.233331450786174,30.704869305770238,31.15229353804993,32.02105687436957,33.606919994052106,32.52059710037532,31.931834603352893,34.70945002690506,29.724009490658364,29.899314226514626,32.18077090765667,32.02651228911231,32.01539541479893,34.14736422077198,33.3775447694327,33.84066095286228,34.247866019068766,33.41343632368284,31.73078870081015,32.19596526683391,33.00765043418438,34.18143977773229,35.013017043311166,34.358553430840395,33.428253341128105,34.385977239967254,32.423410960619016,33.237078254266926,32.00270466550773,29.731007711242846,32.93576567899264,34.29343317714793,34.093834937976865,33.20767002851576,32.29259479332054,32.68192951796301,30.604296468089267,30.747433675745437,32.11730902343143,32.73896921892206,33.55634762828934,32.52456135579992,34.24384210090474,32.79599648173115,32.01914368043795,34.65153322670802,33.594285161749106,34.65690422847506,33.45700472423534,32.82265882529354,33.192808446736464,31.3445749846168,34.291228886649016,33.82902894935559,31.84137371284615,32.60158307386516,33.06518175846838,31.61875278183936,32.367738500702536,32.81622177497187,32.899887107106046,30.694369618144915,33.053501333116785,32.530709799281986,34.54212544636886,31.18371898610847,30.451081252039064,32.09764419849413,34.99380966236069,32.35298061633357,30.86547426503289,31.8849874919594,31.386589483220245,32.24587235304875,31.45771830750478,33.75286935413954,32.27995355814108,32.46475720233766,31.8583990651927,32.489464452603066,32.2212258630026,32.22689416296911,31.020749195604026,31.668457302620588,33.18283081421856,34.15349990352925,32.26943320944733,30.770180459922127,33.081558542736815,32.04553468082031,31.717083293517472,31.49372764601809,32.92669376171109,34.83558236227511,29.5706686947768,30.047792910051868,32.1238668114643,32.42253535485731,33.12428522005374,32.206425002159364,31.507475740588305,31.228117249444022,31.96239254311043,32.89573452610695,32.38489926962734,32.1785585486235,30.431332274310495,34.90386737696167,31.121637135741803,32.2342996686669,32.62083167076562,30.240040737122893,30.83766083224971,34.457606546678306,30.405902772281973,31.579940979617614,31.3628089973015,32.66366511826783,31.465089813172106,30.79255033546304,30.22669583394968,31.633543822736822,30.91144995536162,31.58111025874413,34.1608388956091,31.051626340602667,31.149576091789452,32.31086158773014,31.6808102105635,33.10876226775411,30.90257931961494,32.521875921667295,33.25862979656294,34.17427030719234,31.71203893587135,30.533084589595727,31.282684969419297,31.96788941116278,31.44205242768752,34.813543939982395,34.06899606812058,32.17622787063659,29.65532869085238,32.61415923056023,33.17394681639316,31.015045962117203,33.781858351720395,32.02731042339767,30.541057116730972,33.12910476685462,33.1842599271242,33.90638006653789,32.64017839017786,34.5838044644778,32.415820627253986,31.06000561386062,32.29405673693729,28.810349156808208,34.6232775444889,31.949896591046365,30.532169119959615,30.839721704186704,30.33353259486679,30.870093280099873,32.93687647794966,30.275620805738388,30.084639214901305,34.585609955004045,32.61732037137634,33.393992345982376,32.63666804099373,32.63215573233434,31.25539725888784,29.562714055721784,33.38686883137345,33.53206067695958,30.28470996221116,32.00955938008927,33.60663729096289,32.000840547725126,33.02116966269761,31.07403829111428,33.85472002362443,31.593254434241462,30.62647190714718,31.550414060336816,29.654240917680518,30.831091554373298,34.66210519775041,30.432429963678487,33.22038182978033,31.055113904869703,30.58813329921683,32.575379519158126,34.500450853039304,32.34992663114929,29.7633634554058,32.69042968338903,32.35635316783846,31.878515459934917,32.3448357373292,33.66068871706255,31.083945853442927,32.502974844127124,30.480909370963573,32.95798140244734,31.598306567696213,30.820585182449435,32.952700736781395,32.6018940059263,29.989205755330325,31.092485870061946,30.584171205287703,32.31556924067875,32.8694302088912,31.214132927457054,31.833469987689767,32.079265526396334,30.869113152598235,33.52602702527027,32.41666721361296,32.098513392754256,30.205175481820334,31.617947640204278,32.43563239508879,34.22805537382695,32.62295558406726,33.9142335488851,31.312428255610563,32.38855504467432,30.436566481752624,30.78692616657431,33.73565191668867,31.061391739760612,34.656976344151666,32.164118477057585,32.12906608221319,33.12701408277597,32.52111050191743,32.402111746704435,32.66433004204752,31.002999295892263,34.88203711870589,34.73503692674757,29.97824054560553,32.02507949294437,31.086562069211883,33.00200820436881,32.070740848566864,33.86583709383574,32.34283068654169,32.34068148423821,28.70463847476243,32.27968942746798,32.11977274896298,33.42117824035455,30.523743289255407,32.700514345137584,29.827239456547144,31.322585464255184,31.14816267284338,34.47869877135097,29.656763664520522,31.99170704543472,30.80847253113917,34.373337471671974,31.304818667273064,34.644732833229,29.691724609362247,29.546790553198935,31.432368480712544,31.33546183218549,30.899982064071654,33.8977800208641,32.08919470926357,30.86019369744875,30.772899929842172,33.06011846450186,31.3153562541828,32.62798738834236,30.759236562137414,31.881670411760634,32.62063074904288,32.25706343395137,32.334220453849824,30.033256982401415,32.00564736913572,34.694271340975256,32.74102180110902,30.571363549971426,32.669777971335115,34.54122518624454,32.596774119991565,32.58231449537523,33.018799707149384,32.089047034826905,31.573141164274503,30.29438542957709,33.25127687231459,33.37178776674141,33.28481728040846,32.30829738956682,32.90105665789949,31.137329953236037,31.174372572104968,27.959298022296583,31.708101379996126,32.26516445307743,31.371507025009503,31.355743869941943,30.273124799218557,29.404222494999047,31.51125415874783,35.39583830872249,32.79387846599418,32.247565816374525,27.708492354003496,31.54821884682362,33.5719930072398,32.30331087652491,32.303212526347664,32.25200383430758,30.811535494894066,32.173426695897106,30.75294821644934,31.58177541873285,32.990165749198546,32.295442359236006,30.420687772304788,32.886958602720185,30.48059204519939,34.244237378072896,30.553298790465664,31.691681398681062,34.287320048426196,31.64845261095433,33.610043219764314,33.207440895965014,32.013444462967136,34.44038521679013,33.23174009366671,33.73641430086892,32.84256408699562,31.87503987981478,32.44133607797102,33.5901240599458,32.299702816975056,32.43483860173337,32.409703328327595,33.97210485842987,33.114576366004016,29.140666193745638,29.98442686974564,31.44446604941892,32.14693875029844,33.571962210733446,29.862248423693472,33.399147518877825,32.76988823548959,32.364744103694726,32.98496884760433,33.02867488898414,33.42660928128716,31.584919074931033,32.99845134248899,31.703310652855215,32.25483865074347,32.05124660622535,32.811724739068445,31.546080033577756,33.76677380113594,33.18710382733086,31.295233418799587,32.37996273809755,31.984551771801947,34.18185249913245,35.645591530915354,30.692438683791412,32.15378616207072,32.27995806110216,31.554140170866656,32.40475581824932,32.32750302123413,33.282572781490735,30.186069703717994,32.37740763533887,32.70546997302919,32.21557363235141,32.20648630696104,31.166378209560413,36.15855543866794,36.79342707365049,34.04884608214379,32.21425885394648,29.62073935074434,33.994437709408686,31.609213998231773,32.4443689209353,31.55328053999443,29.937704413535663,33.09216807747877,31.9833395312303,32.9380057448333,33.196604223326844,33.08043121561595,36.30469209237832,33.884734558129374,32.78276709673003,32.706095851471325,33.44537067378642,31.320940157069273,31.82588217020929,32.52508473318221,31.605176481271275,32.5816780158681,30.76644959488957,32.926384388098384,32.07862561383266,30.701618092862137,28.950534081116313,30.383681125225284,34.58201147530515,30.079326452747516,35.225509888430544,31.517792575664153,30.013503069393742,31.587935788755203,34.96881192074527,32.975821556437154,36.29124095969898,32.149131199207694,32.44086654504521,34.32574682243962,33.842207148435676,34.06099035300884,32.56492950524895,32.10044064755394,34.27053086071538,32.263657818972625,30.97991339208334,32.92620494699047,32.491246393114004,31.331015012598627,29.66706697965557,30.256511535484922,30.26034379323258,34.28039239948453,32.63241777809722,33.2002914865869,32.70397584792814,32.15890744715105,35.75901288166713,32.3278625052966,33.69428037505406,33.561432950555826,30.84487919403414,32.56920898895067,32.14184841319957,32.666075963548685,32.153888902961484,32.24001984528735,33.62052797721788,32.755248023942805,31.696243104748767,32.72801479614046,30.92946204463996,31.002345825860246,34.34655358984965,33.630940958544855,33.48308270297813,29.43706111766246,32.80417395910542,34.0746375163788,32.215157092701745,31.601709267878142,32.89018571514279,30.813894765035872,31.758589132954018,31.498540659715673,32.34396654064823,30.891711450457006,32.50015302840486,31.392369919949427,31.495691374753306,32.734962627569104,31.82750497738758,32.178370802957765,32.63585730725619,29.990200786846117,29.36890956709628,33.47230803655105,31.197747024772575,31.504477578194262,32.94215127847036,32.15283721215134,30.89850893996806,32.31683119628331,32.62611374631944,30.599434131812625,30.811834242049216,33.46137073009326,30.330347076408447,35.064896004962,36.181776566928455,32.987812201627364,31.320408730751865,33.921492205340854,31.459178479934224,34.27251379434876,31.996234214471905,31.299189733432307,30.65389690994915,37.40662344145889,31.610771056277954,30.89344914887739,33.644696650389015,30.371032951795836,31.270960110846254,33.47479648183579,35.53656604365875,32.29472262150318,32.34069730422576,31.142652592378532,32.77023728858745,34.19555404586268,33.45777237451509,33.938351756069906,35.13648265585162,29.983938086238638,32.44827626681556,32.7456435650663,33.114520402806896,33.467894624488515,33.027446307034914,32.15703387364965,31.348575818503022,31.68143393108508,29.94411435280649,29.495568771254653,30.02358458657642,32.974003332986584,32.87474128643045,31.762432582186392,31.409485135675634,33.11654555189283,33.90948496094451,35.4424552948551,34.0102287337045,32.42237284711976,35.72939898762027,30.813399067638922,31.715025713793423,33.59285694493784,35.127686409352535,30.84298668894617,34.66454401683472,33.00974609353606,33.64412367075003,31.42205827063003,34.07994836473559,32.858864677355214,34.175693071181406,32.055399218931335,32.760035356207254,32.7488113463203,31.10506783258651,32.152792209275226,30.02608865584878,33.120567027274575,30.511431945929417,32.69911655990684,31.093586961181256,31.316388733895973,33.37357004608784,33.836452597976894,32.807894793067994,32.7036075326742,33.282472515943304,30.916360140144445,33.02247312628315,33.04648196934577,31.17039240425464,32.14322290493321,31.815546486474034,33.50206428917866,32.54406345785858,30.84090906740781,30.354699678222957,34.62164819040836,33.289966906993335,34.33377558139691,33.66913161436055,30.9299714134224,29.47604333789953,32.25924663976575,32.28090618908948,33.19839157892416,32.62541467329908,32.39628725366057,28.742068288087935,33.39784269527419,31.51937650029737,31.97745603279543,31.708879629825265,31.244972242289236,31.377309707980448,32.36023346662372,34.18821882077244,30.995446046748633,28.301329767986417,30.712584404296667,34.797799346490706,33.48864614389726,31.402618321090923,31.80391019513918,32.945953524046686,31.823253715050164,36.13551169859786,32.82044177268796,31.19935775595218,32.09446706850219,34.316367944491056,31.443681243127553,33.84518515296665,31.970162890379406,31.718130753634732,31.312972074431322,31.49870245725349,30.69589538391741,31.091452808327045,31.76883818202662,33.45409076495926,32.45031519648162,32.4838138423286,33.692000675609734,33.45962598304116,29.412640754426445,32.7433923759535,32.97163751776822,32.11743239189098,31.27987118014929,33.277836704610124,33.21891503446422,28.94864965305304,34.10997513148402,30.316110856370955,32.63856644444661,33.086802650477075,33.45010219548048,31.782928382439852,32.10328408823994,32.03227680401735,32.323936255789334,31.272901714433416,32.686246600491074,26.409352329435976,30.909077476471843,31.024821206396602,32.04744634307446,33.10262948897099,33.050342699997614,31.44676762363355,31.184989406311605,30.44295911753432,32.85901081758477,32.30762901039735,32.75178472729584,32.519470389878016,29.11938551391011,30.902747628760018,33.563739089695474,29.442047956924142,32.26225843187542,32.238396871937155,31.258835489065163,32.00115390240052,31.72262825880286,34.103866762092416,30.38424243627046,30.086326780259107,34.806345822958036,33.67587774571493,32.01921603265555,32.861545441600605,32.62490456052218,34.26318954859154,32.24376652962871,32.689395741283874,32.64897565565489,32.67979687467313,33.20907063828024,31.84965391614595,33.67411652932984,30.68668063394188,29.56791075661551,31.31151887169025,32.573040276658595,32.26648485027884,32.44474199528415,33.406947229756106,30.94150362192684,33.52028923071198,33.185225109205994,31.33479170606771,30.955012327085285,30.9949208796963,32.14446861952493,33.8712780914468,31.951931992953067,30.65065993922938,33.82718949583216,32.830814117608334,34.01420177257879,34.56347175904191,32.70139871502667,32.1441489306557,33.71079351103115,32.038879578606014,33.34145834370108,33.3113216428075,30.607346303824954,30.532592856140536,35.2721173082619,27.918236944826806,33.9150454133371,33.30984338848796,31.744925698848505,32.26056884300686,33.2236170146675,32.790278574764535,31.390485368341672,30.70319707537578,32.21093160890861,32.052124776217845,34.33200974693307,30.879578572822126,33.314543275689715,33.077529760848805,32.93617612770328,34.097667427534724,30.80621381367275,31.74721598946835,32.73551729134814,33.23350898663443,31.861690882131324,32.10786788704926,31.360506863014358,30.834574742040385,34.59932661566635,35.05544499228264,31.721874704023318,30.84786465563097,31.106265580908858,29.956871247567182,31.60880313148704,31.17273328391878,31.022002555943025,29.406177487467836,30.58327136138801,32.10195610444449,31.93556283212463,31.920597819397972,32.30927999069819,33.80299364196089,32.870872336914104,31.064925091473505,32.47739229720643,33.08634528534034,33.394727225565205,32.72111753450116,31.03242742678542,28.310142131342776,33.09511101921268,33.0485680004995,33.35873972115098,32.709433369115864,32.49153864202791,31.43295092673648,29.792351574739055,30.630077962730137,29.684706051063845,30.98538933975117,30.778556953231245,29.374223979242355,33.44611853546155,30.540848621825884,31.728061282642635,31.861477514967167,32.259274975890634,32.375862927376204,33.77890757840774,33.4784152697064,30.192653995535203,30.159053426342158,32.965333507227825,30.157253307749627,31.81983352545218,32.95308200242636,31.961407395850873,33.33882550734659,31.50564537519292,32.11775254585204,34.02493723033734,32.96900743919068,33.02956324047739,30.61467619302001,31.00682184883078,34.93888313522661,30.914820051108983,31.721108949732688,33.490515405723244,32.31196626617742,33.57985171682063,34.48856942216486,29.777372522548465,32.34576971234584,26.45885722433667,31.94849288189353,32.974584544304385,32.22294809056739,33.387714035446926,31.87374057166425,30.898149284018356,31.086201835518665,33.602450866876836,33.933782169557325,33.97114648520685,33.47252304174195,31.53898752670925,31.487493905605714,31.846097287327133,31.496257973155878,30.537709100889188,32.71654697473835,31.03366716634678,32.930533509035186,31.22864747231099,34.3062431743128,29.5749226192883,35.18417793184242,29.423189447231334,32.01319776401454,31.35779086798183,31.178052112688945,28.62904023066494,32.85173759896535,33.899897269613966,33.284401197035294,32.107762648574024,32.24654360959654,30.115509734424382,30.33966053339574,29.73979707850883,34.06214886642847,33.19322579925031,36.235070965167,32.64625165860418,30.902347927126158,32.68072710177659,30.85545386097449,33.14262129075512,28.923154519056773,34.62400946170448,31.107542517840034,31.1423576082355,32.74969400515403,27.958306851157953,33.539480889066546,30.547751879712916,34.73519682526838,32.55550664486379,31.944842738975296,31.43482137691138,31.29693456137729,32.7265995243941,32.53345614850781,32.258554081714905,34.641095112765015,32.39758379799303,33.44288729347013,31.840299075795794,33.01676825189532,33.75676041753527,32.41029096839882,30.91453398403921,29.889627628825096,32.71033410177794,33.303599678938525,32.21703067780605,31.47465728592209,31.350795016106503,32.85313522576563,33.16719797715589,33.64432546713856,33.017426712270655,32.616267184584714,33.52219902084143,30.56688426727738,31.859021809988178,31.52442216051997,30.398274312985397,29.339906096090676,29.38273592728459,31.656915109053212,33.128742255803964,33.052084378421554,32.430867217312844,31.133904220968923,31.649520564592983,33.637870812837924,30.927687069147844,31.93672130351969,33.55154489406076,32.43308447162003,33.44698501590375,31.791988683897394,31.0302381086933,33.39058402852094,31.79063930063399,32.35393889243609,33.42801245171731,30.4944705369519,33.094635417312986,33.82074543230094,32.458130140076825,30.710933580497827,32.21339087203473,30.267505947865168,29.195409461636654,33.387786414441216,30.980968551293394,29.515087103576786,32.825523513301135,34.78141670181481,31.029541057321822,31.485836200128936,34.12813030093945,31.888337194270875,32.34144559868227,31.2241904698627,31.96789705059927,30.94698436695671,31.690002583983343,30.95796984928679,33.12723516198483,34.88366642234746,29.923149914642256,32.62775428795711,34.529799263355095,29.458112742054897,31.6323382036252,32.10791452600758,35.885319755194224,34.6506824202758,17.110963839272273,19.35065658954366,17.403862840313618,18.704217222498333,30.042776085865693,26.889365786557896,25.572642837643574,21.296545042943926,25.703110726133783,16.738815452190302,19.452577324350294,15.888538901401633,15.477677823597821,15.643466705916728,19.29009019738434,17.579191284067544,19.059803474278056,29.3346042118093,30.49208889329831,19.649059247540134,31.140383586787046,17.791447539239137,26.38122178767273,15.88158424261125,16.88756109660005,15.730627492136941,18.313074539389643,15.642618348509194,16.83819844099123,17.529984800427336,18.358331767532718,16.56453953304805,21.27398339351378,25.750358748505302,27.865959722501795,26.61234024952543,17.92010718157033,30.751137159827113,29.507152228088948,16.800168133637833,25.951343360425216,20.77933377988468,16.665678555217234,30.588897716292742,20.839708849746437,33.41219859012066,17.20260092723635,30.880281631856256,19.00983234566245,18.214987844506513,26.39004015780691,19.37157964158732,18.785356574693942,33.3728002765357,31.823548415863453,32.54748959260676,19.15494976998276,24.43245755333221,32.09607350787771,23.330971245395,17.385759210953356,28.006372258317803,23.297310786207134,26.43992600462707,19.206725933427624,18.398534093133126,19.554049404124886,15.630535429963222,16.22504945259029,22.707649075928504,26.00864626355638,21.67612465154545,15.49090461700345,17.457697203637625,29.73363601706704,23.352391632892473,25.0995675415491,15.873815505577959,17.99300482126961,31.239825152142764,17.793018953597112,16.736823732986302,15.360197279516788,17.39369370635538,19.030876918005447,19.28755530293231,13.908154207547812,17.054892507543794,24.785820507869865,27.442950829242736,23.90263508182323,19.21389869801398,14.837876053034487,16.173345710169386,31.269849719020424,24.85929400125884,13.82200148331532,22.07232742105383,26.466426026233968,17.996520832494582,20.983055617440584,26.192610422084645,19.63942966636634,22.854126097380856,18.982769629354976,21.800017882927346,19.44243308497219,18.538069622875543,18.535249699947702,19.481230980065952,14.912097171309457,32.102234442756334,17.872484048834774,18.209031289125978,16.286027267852365,13.155241508393297,21.651168459997553,16.268794793335186,19.928404929933077,31.089467418707454,17.53585001838198,27.15144216075457,33.281625426386924,22.112379895067416,16.52573659057389,26.17086622731235,18.819014496105076,17.450970968389274,18.120794608970314,21.860032985505338,15.019951395308901,24.26295826417661,19.93325882539716,28.870894109251033,29.003165997002696,28.86469745693204,18.4077960475,16.736490179751357,20.00343239843723,18.625886213957244,29.28109856939907,18.984104358865007,17.35981245357915,22.61056779005384,30.18173745401984,22.051393925909966,15.796114896084474,18.16790665832561,17.337831911197934,18.131478887861785,16.99739906647934,25.081380082404973,26.437433304416285,27.050427051474006,15.719683794098554,27.653909611750308,25.305229279835366,28.60535890181379,29.56346578502826,18.110260625494583,32.61204350425015,18.334297269735348,20.092298892706733,16.279997834222492,30.845894742560297,31.823825271134,17.502058431106537,32.437497438428146,26.87411945027808,19.901551743419603,25.92060007126486,31.675174459340862,18.21111630617321,22.01566453353053,26.720585155606123,15.79544366379193,26.80900124354852,17.46167579622086,26.136315505354965,22.33384223323644,30.810793475656315,18.369927632220662,14.695583127059269,19.43589277342465,15.056962023709469,23.994527215477458,25.87844423611179,19.39099649693921,14.914827606941193,16.226909514761,27.015213073089203,18.599829220321972,14.540185162186724,17.206448391493193,21.508446506864075,30.964954653025888,23.783810236266486,26.280080727797486,13.858552216001062,28.58148157726421,17.11337943138082,19.30417893931489,31.305108936507697,19.813603019277913,18.274138064638315,17.466142883008366,15.951869620946198,17.03883771659089,20.75189143931499,21.70373565352468,21.051881694653595,14.204189097973734,31.725657189957616,18.13039906715614,28.481951442580662,20.92310554771255,16.353190416486893,18.29170988775221,25.350887709163306,15.789239346468316,33.00154436770414,14.240805544512257,16.987599079107554,23.69222118053031,18.296312864466685,16.66464848699649,14.606580303559811,24.834843773841968,31.20354884800274,18.016787885563694,19.125007806656694,20.001238149381614,35.303078111174415,16.973791066755968,19.48130443350293,18.251212140205606,32.30467063072599,27.081682517122395,18.85262441142122,28.24341399671267,22.66665521018084,16.5214686259067,17.350089706869436,19.358852266796998,30.991815497685668,27.387115922380293,17.53367857719539,19.862949770707274,14.870794819521295,17.68634469093213,16.12898671232821,21.94215242171259,27.32034259826336,32.634229573951174,23.337039755298683,23.07002532563961,20.97887455708417,33.68219394210815,15.225089932506286,18.483300855792713,18.826304714688888,32.17074971799676,29.105777057485895,16.951358965261484,18.72307328973805,24.681637850764282,16.740694706206998,18.511934778401386,17.429492820997744,18.93055902175625,15.999117667164947,27.3602957259968,18.358465233497252,26.060263512185948,17.78089168965439,16.36173093989693,18.110704568418583,17.4063442256855,20.43649985092635,16.681977822398427,25.51249318998914,12.953698710454589,16.418602140348167,16.25834328160362,17.493009861347073,16.30152802888578,21.56488419828272,21.4870335306152,24.160018225614877,15.378851717149358,15.945582932644587,30.814022978048612,29.430321819674326,25.248978897752306,27.07781084118703,22.496482333623106,16.63342359857338,16.358614263028205,26.98258728324332,18.044983102309615,27.712607023392408,32.98425317379673,29.61276442596955,33.02341163373187,29.62240034542621,31.38658672121891,31.688568092799017,30.66301528323358,28.113038346617873,30.142320386009597,28.70811664159178,27.489485136721072,32.41323319305698,27.795900117811858,32.545484947525324,28.014935591416943,30.22163105930205,32.69044971520733,30.673204834340947,32.95304173858578,27.844033027261286,30.122890853191613,30.25146238916056,27.57683199593577,31.456485005716242,31.086353313836636,32.986424728244295,28.41911466951016,29.87287621474035,32.30518691384346,31.085002683254352,29.283404666836663,28.756562536614027,30.521638744724093,28.001518314534934,29.02906795192976,31.126066640613804,29.785527874356184,35.2068526065611,26.763184923396725,29.151532750892528,31.97513790364401,31.718298354168212,30.536657335072302,32.865570594549496,31.266964399446515,32.10973812351809,31.652707012139942,30.873919948453104,29.926452965157317,32.76922289341893,31.439800780815144,31.18836452590972,28.06295277605967,29.472308619946848,32.90402166267301,30.761696694064355,33.37348493727313,31.917449187137827,31.99438338968595,28.099819201420623,31.578517200615973,31.75881725774104,29.11865407804764,31.495228820778888,27.857632694188588,31.395575923115086,32.67182116051155,28.225167632157902,28.178487686581473,28.69076799325048,30.911110810748436,30.81174518538952,30.09675873543712,31.732528850284815,29.948410303439523,30.360630266326684,30.53634568205381,30.784607936881336,28.958750098597314,27.51413718884148,29.860935982616013,31.34233073622734,31.29529626259598,33.24659593580852,33.64171877941676,34.313140708724305,28.208549452119758,30.426013665538576,29.390248622759014,30.986556312539978,30.08180063542051,29.950734746855744,30.370417959720122,30.11699646038014,31.27562546543772,30.743807733045237,31.26639718973907,29.164881915463784,29.58868233698548,31.000242333124742,29.63996996105005,32.98804040981674,30.488760822856293,28.49875899040856,28.390003269263616,27.89766557654826,31.257302831778876,30.91139926459622,34.386581823485606,27.369351804265456,29.456877053878017,28.29748760105558,27.447593464521862,30.651918773952918,28.183194461236358,30.264842059380065,29.72983115685179,30.7633192558827,29.418752140003427,31.737910451288506,30.093547347158054,29.464572413760987,28.144258494391444,33.016178945895646,26.64434343108498,28.340685580158702,31.403262886391964,32.769079754245006,30.31666513737041,28.035636881032676,30.061666016343786,32.42738476256941,32.913905552809645,32.48940524922538,31.927087214718007,29.78820693681998,31.927280665189937,28.993652484166212,30.67851197431776,32.01274320428305,27.329987532773433,32.49501324591468,28.99765536214579,31.532824401168156,29.53401938697331,29.535234595485655,30.25532107454603,31.34574346477968,33.42446976020498,28.971620320950947,28.387014511684466,29.61669622640337,31.27120893492368,25.586670411379025,29.292942730254772,28.7628380118283,30.648835412277766,27.778652945606083,28.19150132999571,29.012985592339113,30.5838482292721,30.323186407300707,33.019226029014504,32.202558332195615,27.929309315844954,31.779586473577773,31.318400174999457,34.35849731230617,28.400631256502123,28.091398088269898,30.10852835549649,29.01296235549857,31.814923811290818,31.21906698231022,32.68025403866225,29.964078472995507,31.662733796445476,31.217937214187025,28.543506340547957,26.527683058121724,25.803864444358133,31.10947053599768,29.238353384676888,29.008022140020646,33.611997702667615,31.22971625793688,33.60813917256245,29.481915632458097,30.365444286929545,30.306828973345482,26.86971612995221,26.862395985163978,29.01713554592684,30.387156482441725,32.9226832179923,29.039532152865462,32.86485339582047,29.80212410554885,31.50090407176939,26.57377138122568,30.568980628370422,31.04470147256161,29.40772229512431,27.999589085069246,30.22706713195873,30.392812939137094,30.503481201312415,30.490390640064295,30.760270639235607,27.38456750083594,29.716072817054894,33.39086844109833,31.95126033301874,27.186011979233985,27.73039293273578,31.437458957434483,32.508156081520056,25.189221740510988,29.47886086923417,30.54486788539557,30.925790021807558,31.27686396422721,31.310386297895008,29.286515858436385,29.835576528470934,30.314732688966817,31.21379212377917,28.68738102012803,31.99112244529185,28.783802645898632,30.373361857037022,32.128309185474784,31.83367910116794,29.075577848733584,29.785913478174276,30.26941196556907,30.761120367450616,28.299545313401783,26.525719933377275,29.510925718859816,27.781626728689545,28.714942088618542,30.149463832470666,28.787998045016575,30.172083234713618,31.17795344917718,30.134743796793728,25.137147462022856,33.39671680669147,29.158250462512292,29.590260255978095,33.26325105759864,28.092012265766563,30.45441925969891,31.3951554308384,28.13807725566526,32.92630401900539,31.547061367659776,30.496838016254895,30.967265594602832,28.222613131626847,31.221504258738072,30.511375358382512,32.02991392785852,31.709946031500397,31.1496342259284,28.85281769211921,27.807476046259907,33.771701304603305,29.511124385998322,31.697418273828475,26.345602190914665,32.04982060025308,31.237334238792865,28.847554782910272,31.16926796220119,31.096267752997328,31.18799212116576,28.649207160815344,28.977920504149917,32.19360157376692,30.507839893032212,28.261784977458255,29.65461581244475,30.66153982031774,27.390927575538903,31.80391574553165,29.209155194539264,30.79938130703665,33.61749397346776,29.822560668750548,30.136373819706975,28.151754114557495,32.37615525836585,29.393237351430706,30.338026045395395,30.455641507604316,34.98589233514967,30.11384978811128,21.503052374386428,17.297423604399306,20.092239128647805,16.837445495858372,30.0251065847279,17.735062872843486,18.88167567048962,15.461748788532539,31.9989665919405,17.59466787423583,31.478365268318534,25.12202498076526,17.319193300670356,29.16859237230413,17.905697887848987,21.248655575513528,18.273252080363143,20.009781538046482,17.139460325083245,20.165137247436643,22.43224236633819,21.553622844249492,20.126807644026478,28.640143510284926,26.793896427395477,24.506775181553706,31.64234150870097,23.817861709005815,26.09767272112066,18.019210057366493,19.30356249661429,22.603119946783348,17.710003663324617,17.969360968724335,28.69229265913362,18.906136747636793,20.126666433901708,17.195954678357463,21.28785094334891,16.71921693781218,30.100498365941753,27.598642729150875,30.946992268801086,19.459630746341183,28.32766074535626,24.50319369398256,30.235158484890885,31.71454462987797,19.092454957351595,19.21917346732769,31.48683538773249,30.92315640538233,19.2475581416428,25.958299768015706,26.334836185933945,19.346431101203798,19.55871828540742,17.316748472624447,29.839416915554295,14.94183140959557,15.702081309024072,16.622943784165354,35.50317551763317,19.618315491028216,21.43767041073547,16.584414769235234,20.827320337982506,25.505803995406662,19.893190613056987,15.832003739504014,24.22217962594564,29.764854783386337,30.599785043640292,21.19177979001529,32.20814010755534,28.474252194955035,27.440609430771424,20.26483925261458,28.682216743844933,17.973881089257564,20.827576003073673,26.84899256249642,22.947828117425868,30.526797999445336,21.722846910964154,20.60767709044147,24.80060959260803,30.596680946241854,20.59952700945872,21.53136398935872,20.205755038171183,22.01004581118944,22.60407084547681,27.715681735555993,20.302684723486706,24.46175212046543,22.721433194477015,31.080961096400163,19.37477617739121,22.389011701845554,29.96385783090013,27.751938048833107,27.92641407994728,23.347268523528516,22.855350321861334,29.674479417759486,26.922363227367782,28.384405963321797,18.047942137963656,18.211897925470705,21.537470412584877,20.129351939501543,23.34744748289736,22.456000861614456,28.79786862723726,21.471392956296754,24.437666713963342,18.99695092288176,24.900866100069273,17.54310419724272,20.48198360014424,29.29780555885169,28.12439735888532,29.41687865829053,19.180362971614798,19.042515105500158,17.857324747142844,18.66662393023844,24.328261038768368,20.459366575461633,19.124014123790978,21.98877233219855,29.744732394848395,29.15722591162152,16.65636954248378,21.408039051322508,20.060029849739326,18.249936300573943,30.375999324071426,33.26523944089026,18.558835362914333,31.20232529473706,30.43186136920517,26.48134471492587,31.55125439705754,28.19886166817119,23.395696505510834,16.791537759975665,25.86921841000479,26.978814895129617,19.453536861541885,17.50162754976517,20.627311224705387,17.88482540827153,17.87715453805816,16.72228738975246,30.870446396821578,19.984181162636077,29.450335501996964,19.215230473888305,19.197552748501455,19.838686649672233,18.52916836956668,30.86342875093056,16.883702038754944,29.394373990966923,29.844713487948273,30.646633547763358,25.718509424222365,28.892421075064494,17.43448322440555,22.712397983183642,27.144421464928488,17.70839264115552,17.797288053737347,27.388554763635515,31.520808720816444,20.90343224427309,22.351272220123715,17.682773722861644,14.848566935171903,24.10332786898323,19.801564038027866,16.9102586602233,27.678930710803176,17.45650624644836,24.898773045034698,21.673678620728253,24.828611973042058,17.142972837903237,19.447959763013422,26.97168341179679,18.763743127850802,22.02064189530061,33.2167087754324,31.607747811565147,26.27452328878343,20.826617781232954,29.450536114030136,18.01874620014377,21.804464846717032,29.024551506269066,15.66819369090822,21.174143311218238,24.60185370844872,15.31257252143785,28.27311549530358,19.101794514734223,17.83933353055231,29.380775640679992,29.670549018881392,21.035815096521308,24.780787638109956,19.61321379284879,31.393932731576598,23.912885621976372,20.39316873073688,23.959714228090814,19.383009474030764,23.84662293359238,19.488956939193987,22.379741471339916,24.939762493733543,33.5526062811675,17.11833008771374,23.069321723117532,17.16562444226895,22.785430092388914,16.860076144835975,25.312772550767036,19.44531925356806,22.24518789335247,18.840920786565977,19.153784109712504,28.265696644613833,17.00924898083827,23.790198896602607,23.003262486203607,20.45016217549754,17.9504596563249,29.516823184857913,22.634726577763065,19.959932630349723,27.56407341633816,22.559116820872365,20.826439385620144,23.883505154416408,18.231824808234656,28.51322339984738,18.492205199073688,18.193897282307432,28.200558082261743,17.404880727251747,18.212387589148136,30.25444519215845,17.219384850591013,32.21022432857303,28.67617855242497,22.366119121736755,22.750188038800236,32.20698769292602,17.55878201679044,32.70251108764839,33.44624117493651,16.94712234095291,25.7987217798123,22.84223765559321,28.071307842035417,26.231724225636412,22.534302914652457,20.970134297320364,27.79614707334985,17.69864908187531,21.26767003475727,19.912166266555488,19.961934966584256,17.9547873139212,25.21082362017072,26.005749879876188,17.954280804371113,28.842081954514303,17.209775539829106,20.916842903301397,25.695417485890424,29.979975659438253,32.17241754155066,17.12038455424087,28.54091574637468,31.61012978530702,29.91680608729614,22.635713762681014,28.32820207716437,23.03306181175404,23.117777646063452,18.860988588718783,15.919270214565248,17.519264539697964,20.57384416390867,30.339877041213924,21.639634006432328
22,1.1536746303158247,0.9772007497315769,0.8083057182421938,0.735533815994871,0.9275206213879867,1.0424861512146664,1.0586947704417216,0.8921369182969399,0.8584632137046292,0.9012211451173452,0.9498476128724818,1.0213259611622933,1.097806397167423,1.0790212209586054,1.0582253967825754,1.1278628046748755,1.0481961607997274,0.79569369354682,0.9926575582590637,1.0738846789061869,0.9243134902803961,1.0490709201279367,0.8353661561933766,0.7381504319708186,0.7159581852796497,1.2260045880972499,1.1391736716549326,1.007339891605236,0.919974537601084,1.0000869352688502,1.0623786229982648,1.057070606293805,1.179545004872121,0.7776759366884837,1.285946177482333,1.049310062935042,0.9561273528282153,0.9214726837806014,1.012844631172077,0.9557013777639405,0.8985574258576285,1.0608214591978897,1.005136022383759,0.9189931840006437,1.0050665516820587,0.7459322642129621,0.8457960445411986,1.0626990851759202,0.879879851788187,1.0067976562669423,0.9266810242807135,0.9926127168877671,0.9119341801674749,1.124637009187985,0.908740694403522,0.8463743890015728,1.1757434426483733,0.9917211702402631,1.116315591556248,0.8958920303245069,1.1610060305314476,0.9793193046938724,1.0439325698425874,1.124891891303768,0.9108052691094086,0.8503192170203346,1.0505465453921998,0.8721524441703976,0.9707884303475715,1.0064994322038119,0.9194480153746236,0.9185722930862924,1.0109236956164684,0.9727882167618598,0.9413304305857919,0.7905534277720562,0.919790613782284,0.8784751940246526,1.0278319402206877,1.1578079820738834,1.1519305148355574,1.1780686577112731,0.8744365457537464,1.158126607954248,0.988779369111349,0.9567970129957124,1.0730434374272697,1.0242076286461168,1.13934206214968,0.9979644082781467,0.7755244896566963,1.1071601050314195,0.8543912162330779,0.9752303097825915,1.004157823237106,0.968201856836392,1.0961342539714065,1.0899389574629292,1.1671332368224168,0.7240475452052464,0.904049249002716,1.1625570165572574,0.8783534902056686,1.105619974571089,0.8937063948618241,1.0926487629509174,0.9503315974251841,1.1006526121809097,0.8105526962486539,1.0729941757341055,0.9563624501698941,0.9012725246655016,0.9707081131059716,1.0035011434389505,1.0492940936385973,1.1225727756403123,0.8710859715093383,0.9434882199542295,1.1367191197777882,0.8629409341379559,1.1685105650386634,1.1666614787812588,1.0400092628785382,0.894071084207158,1.1596237811375172,1.1513635480363182,1.1502967435434812,0.828281863487225,0.8769766379927407,0.8814263923726436,1.0098663317095602,0.7871903461173234,0.9801448871068436,1.1304620214284122,0.735393680796724,1.1618620276385183,0.9490671071148213,1.1711057886423,0.9630909415581863,0.8085966685808801,1.044515345444225,0.967677360151725,0.8648243596649688,0.9992059407844495,1.0616339574473856,1.0167672351434744,0.9228310670545924,1.0904204385109653,1.0503161988941923,1.019058110126556,1.0422435856969228,0.9360635922223752,1.0551138565529015,1.0140273832651872,1.122882267722821,1.0457063271513434,0.9567784457617777,0.742598555687983,0.9174404197052014,1.062976694452861,0.9759024629230352,1.0259164090177757,0.9250653563629101,0.97058398992361,0.9415835614017858,1.0707923727394375,0.7264604837800854,0.9037637240869558,1.0657413231738946,1.009580423272474,0.9831838084955233,1.0581733052953728,0.8874732478335419,0.9519094086955221,0.8275366453259008,0.9327666894459281,1.0286722535787212,0.8921624025646665,1.0372730180651224,1.0799797073633366,0.93622848731777,1.1137176081363993,1.0992376916827293,1.0800978620403272,0.8901596726421755,1.1216051304389787,0.7421359472724074,0.817505477513561,0.7768227639646765,0.9529362693594461,1.010094406315544,0.968979985116727,1.0266327763852348,0.9581434107173895,0.9980773813277882,1.0518384847018645,0.7324144233651982,1.1518166363310423,0.7971615812659248,1.0108206724288358,1.0856883921997116,1.0613655918567386,0.9132988642097748,1.0567489915993684,1.0814728478277007,0.977236843142099,1.0945706121490195,0.9258821037587406,0.941170527957575,1.1325425373375906,0.9210232811742137,0.9153262228487294,1.052753430576871,1.0351799925145149,0.8212889958742905,1.1631782259629377,0.9070523708559356,0.9678358960048669,1.0349479450108268,0.9250646518950145,1.0016157580543248,1.0221608292229996,0.8618085913287019,1.0048468620624773,1.210057977320831,1.0928341769421805,1.1200926750087434,0.9747658750477247,1.232534135740935,1.0872986939565754,1.2388206537014184,0.9687114027454559,0.7637862556874548,0.8999496015675703,0.9321087624827104,0.9504181595643482,0.9102507352582669,0.9252627831996552,0.9681972715502227,0.8391467252390848,1.0401263082871124,0.9780511199647884,1.1298044727368612,0.9782925781441305,1.106761488272653,1.165917716110341,0.8818530558310003,0.9394121026469854,0.943403590276415,1.0015422446675164,1.2624881863807855,0.8224081161761467,1.0124776204076193,1.0100427628263318,0.9692222803714347,0.9469098960390973,0.9596221789224834,1.1494529435766272,1.0163198873278851,1.0547321798825118,1.0278494772528268,1.1317628382173757,1.1742847113965202,0.7925912200985148,0.7338733017531999,1.2061984065629525,1.089073112664881,0.9614709145588526,0.8229714031824359,0.9791658540855092,0.9603641306586459,1.0051600278973285,0.9424857487149794,1.098102898178797,1.0152201913787853,0.9673037423741564,1.118422505495389,1.0175183793040996,0.9399690129677265,0.8443292901333355,1.131284420986973,0.821004790136279,1.0704686411224487,1.0294925885287167,1.0206270128411756,1.0495260113750102,1.0157026248634207,0.7308560101114111,1.1763694629587729,1.0903408490428543,1.0926456375533986,1.0002604043422014,0.9750221556944767,0.9712120792643149,0.991340473948487,1.06037098809729,0.9602421607479045,0.9213235078428815,1.0120327332658285,0.9921594756818942,1.057615597983696,1.2286457587726234,1.9026370487301805,0.7100581451837185,0.9620350241650568,1.0986013034257227,1.1151714363505296,1.0551341785068502,1.7573117881458753,1.5641749746667062,1.2668760179107421,1.2448770108255796,1.1584240979441278,1.7264264506616323,0.9273085378820544,1.3633068362989282,1.0973312248084603,1.7473363290446144,0.8646221751598678,1.7849032130301352,1.0734652804325115,1.8439508803685267,1.3570693030587364,1.652256811492625,1.062272458935217,1.8740289748458,0.9699094517725866,1.365058844653732,1.3530092038157724,1.0205079558528252,1.2134041264620326,1.2517160484739216,1.1334828720297236,0.906919548487471,1.770891734018559,0.9047671945973967,0.8715336517308906,0.8471000093740233,1.0727175046305033,1.562901563468583,1.5562336635629492,1.0118421244367668,1.727212907203769,1.860500799728418,1.763837732095342,0.9276101633927568,1.8664465624942175,0.9621523912642455,0.8705604102189298,1.285235297250694,1.3594351070501653,1.1366284218664577,1.6020843359659391,1.0535835864519376,0.9622485575714321,1.3540012958387837,1.1800208207203047,1.6260052335825876,1.5174246510763194,1.0778649651010246,1.4225764712996927,1.1221856460515893,1.7314625310979557,1.7805657684592078,1.4049042759297772,1.1935340870512021,1.0185656354973982,1.2019482284130207,1.5296562820319803,0.9250744268217747,1.1243693784920918,0.9825797406611237,1.5469687031493955,1.673237134095486,1.4708095660811749,1.4285721697508087,1.9774018323156084,1.25319832415987,1.1245442005667605,1.1208204030008369,1.074705303215302,1.5375349358850179,1.089086701953354,0.960888119146507,1.4049600091538768,2.149062201271025,1.1499611292324328,2.2514696983502307,1.1415225034674552,1.1580075459315338,1.7831205150077274,1.2237270561105287,2.0640577262889486,1.534601322813283,0.9147111044006415,0.8533553701809452,2.8356652890711374,2.731335613282815,0.9475041228042445,1.0160219126893666,0.9194074264038665,1.2359143042166498,1.3327162842937958,0.9873324573893874,0.9855358749950617,1.3109939786595937,1.6151830858143201,1.0078174430055593,1.155757395845236,1.014707668283875,0.8776878825506006,1.6319722357240332,1.1114645707091944,2.1493751555684484,1.1935979330789475,1.7905011160594504,1.2570699481711676,1.8171331894372518,1.2292884672294895,1.8651741651715144,1.4493860120788948,0.8602586630325015,1.0687945597820605,0.8674440020519864,1.6316758167697762,1.1398976737195605,0.8319620770756824,1.0204629091770065,1.0641700166340535,0.9705348389860392,1.4877478689981247,1.1497333456176677,2.0686153008341472,1.5648850753790637,1.660689100518164,1.6220364343673868,1.892193704278667,2.3876473232707696,1.466509992791638,1.9481703398644705,1.6752753260593278,2.394613234149665,1.1350211806099173,2.9718307468228944,0.9925239247470229,1.1569135458056072,0.9400605103240312,1.6698269243806643,2.190301965917807,1.7720885944467615,1.5382485025513193,1.7041629144953692,1.122893387134444,0.972867143200292,0.9664180585382997,0.9575628714629093,2.864742627523417,1.601617253710435,1.4867832494930517,1.6347539869691554,0.918831142973111,1.320260105328918,0.8999224872502315,1.1354635710728247,0.9013454771245516,1.5123600359881724,1.5532547870604165,0.9725386207600762,1.0559095081559389,1.6599988613693155,1.7325120758271975,1.137855675164571,1.088148602699686,1.0400334695426805,0.9377611829987873,1.5725839960202663,1.2663124157745707,1.7323985663543982,2.734460575117511,1.3326416084138213,1.2036846657804365,1.766312442703394,1.027198556450356,1.781547785212625,1.6219629110450982,1.2897301681858437,1.2445101781611212,0.8399494143093826,1.5618940913224308,1.5656653869856008,1.6936904445716685,1.0867620909458366,1.2302007238337591,1.7426696293224877,1.3858186135694566,2.736793483486786,1.1499461420488333,1.3249427909617653,1.0029056485390608,1.051595169812165,0.966652430811244,1.4533215477659467,1.0188378822055262,1.7954511505077033,1.6700218545717191,0.8713747105626859,1.5987375112390168,2.088983294896497,1.1457747489594212,0.978640690395628,1.548994217681877,1.0831529039390702,1.6458623667725503,0.9820358023179587,1.705562618861892,1.172064722478642,1.7386202633290815,1.199167745316135,1.7767684313325558,1.0054475367835503,0.8157910644485816,1.5225377404076672,1.3171670264561632,1.7065028040033703,1.6473378305866033,0.961712054527683,1.0132162316961388,0.9050374395872173,1.8024364993950355,1.5489736809448957,1.7140559739408567,2.909174892233662,1.1522519473604016,1.2105685424179153,1.171311320614565,1.310393077316464,1.1621321690448108,2.1123038422558302,2.048294843280378,1.017039116798914,0.8310902768743729,1.5602407534277147,1.0181987712511895,1.7042444086198276,1.51319656714445,1.4584541729081335,1.1532755198655584,1.7244288087011503,1.0692002858610161,0.9677665209805346,2.4933760973675234,0.9649269851118217,1.2114048489568572,1.8231909388935252,1.3450995153967136,1.6759151962543946,1.1564173847616879,1.5521014094423327,1.162476036168356,1.5182247516396845,1.0748783680712894,2.3218675323959057,0.872128823716697,2.262830377307611,0.7641546382723005,2.384518656528873,1.309647261796757,1.1503980350374476,1.0273658745593075,1.7404463443696074,1.5813010696354781,0.8821152465448336,1.448027927108905,1.813116086266821,1.3330889618697628,1.1987702156538933,1.3356300008295972,2.0682703355587924,1.2351897739882047,1.084506530649715,2.094789825145393,1.134358145691605,0.8167176741616043,1.4592118838082406,1.2345125192143394,1.1305441228281607,1.312292384488113,1.5179282405664338,1.8932498742016601,0.9858249888025178,1.3337772369681313,1.2058253672421244,1.2498492558285892,1.0381729217206206,2.138919940168953,1.105230356933763,1.3010253579096294,1.483721431697014,1.61605525927877,1.109580826792626,0.9472252799178947,2.0375357461964354,1.369959013990327,1.7242313125782305,1.1980439867632413,1.0784834473474845,1.9777314803142951,1.7623581306041702,0.9967321132857323,1.562972485838027,1.766117851106801,1.4713712169021886,1.5249521482818147,1.94794205592257,0.9689570225601225,0.8887042330531421,1.5827103110387846,1.7752889279200617,1.1033057820742573,0.5604102378975341,1.8221695479921858,1.1268454337342029,1.0926359781223058,0.6712283190292516,1.2397453989286789,1.1914221551825235,0.6730660475094943,0.6955390368008455,1.8789135365506615,1.4419790829149712,1.338746054782765,1.1933635955426591,1.286339494082143,1.6655352540877717,1.590791477819258,1.0696233653540694,1.358723597020052,1.826533024801484,1.7621336878131122,1.4832919965572287,1.4643983823769935,1.7170924462017052,0.9770896428894109,1.7571133007287874,1.491954344292062,1.5211993219441384,1.8161022130751776,1.178190814514448,2.006946516108534,1.4902666580840924,1.9780915142078044,1.797432875929723,1.203538656641755,1.8436570128040406,1.7702553295771923,1.5355860789624562,0.7328194245846885,1.1249106196147365,1.5635548219693003,0.8325599313781695,0.6430597318422802,1.3393715421015528,1.9089025630419736,1.9753216586196585,1.0780616784508854,1.3037206633862695,0.7881375635735903,1.726623911246021,1.725120220847629,1.8461622694797963,1.604151614132346,1.705555120684732,0.7270781606822138,1.42894188960125,1.4177675439204314,1.6310511796168525,1.370861519911787,1.2312028447150871,1.827710921010763,2.218096169557085,1.2520781073705902,1.2937753659724474,1.3472619780692618,1.4034853943880403,0.7839879274594432,0.9470068054823749,1.8636915732662287,1.296080985695975,1.5685792443860982,1.4582902115909067,1.4044908365489843,0.8476313153139675,1.8543878500723858,0.6300395895089334,1.4542270546608091,0.4693477726069501,1.7136140638464614,1.1134374898437513,1.6379583666345212,1.0964398712845724,1.4183677687774046,0.8119422225211719,1.1899068345764068,1.1221772802471797,1.2336550029868678,1.4833132391775141,1.42970754044941,1.2801929215124854,1.801903421957825,0.7388854950523659,1.53638789929034,0.8908047241867026,1.5938688963893008,1.8872362010849746,1.1099900846166462,1.020954606287486,1.2288576545804342,1.8995711568426414,0.9682754063541006,0.833657833179708,1.0420641607038919,0.9258954491059168,0.8834020649231543,1.2485404038273513,1.3817378194516998,1.0933075339298146,1.3661325159842266,1.7616671526313283,1.0684906915487913,0.7733680561369225,1.2854723430891093,1.419484661366236,1.6479162953323363,0.6359224350858697,0.803047683120023,1.4060134740353138,1.0153390899547405,1.4382217571126363,1.4676795123534305,1.3118164377806456,1.0822475396696711,1.9092386540829935,1.1590321993393409,1.1060645013930017,0.8904859271119564,1.448797417990726,1.7911406378451626,0.8337355773359922,1.388603079605249,1.6421837625477023,1.5441440206510997,1.048068577044991,1.206444474225001,1.6486215251403136,0.9608881350713957,2.9277128150767555,1.0241343912566376,0.889965944990391,1.8831505742807524,1.7471612352666637,1.8390552965326437,1.2348765739157526,2.256975630640226,2.223026681198822,1.049115816703031,1.1386464307086084,1.7959685680160538,1.3176826933660575,1.8740398590709795,1.284129832976245,1.1343978077523509,1.2392166775797306,1.7828790207376477,1.4213868409806043,0.7542570205849699,1.7301358257510189,0.7914730110259666,1.7221052837422721,1.0393263315040298,1.055920940649575,2.6892341920479295,0.7317203977799946,1.2449990778152273,1.7192561596115137,1.2256613383631725,1.5583989437359258,1.8227304041295107,1.2807045157143175,1.785501898327875,1.72214812250366,1.675149385101113,1.5175546443262387,1.6832859533619196,1.8838297251112848,1.1213598015069863,1.3168920645288835,1.7924329945284825,1.389612746870301,1.1543223950586339,1.9357999713131706,1.2063538738999093,1.4152910650395094,1.3790835249201887,1.0393722945740964,1.0458477786384228,0.9799196354523461,1.5148205739106557,0.7816191857908484,1.123255992501436,1.6100207826763093,1.8143087660344857,1.1896412129838594,1.1190468043405917,0.6360831158952387,1.85612864656683,1.3232458825894098,0.9418071565569875,0.8396443266204763,0.9770913853068122,1.3001255461619876,1.5159383123829757,0.6104303578291319,1.235757331392885,1.6906365367615028,1.6348170342327837,1.084047825849745,0.7733797494899094,0.9206011409248323,2.672767763311078,0.9236070546405677,1.0844426091777317,1.5751911682342674,1.2024954828267278,1.6678179946243867,1.7011309031001867,1.0835824484007808,1.5111212725291496,1.135716082144756,1.6451448299128204,0.6709299745270504,1.8514390401909417,1.8606635048799913,1.43740478799216,0.6271110328833076,0.7190387621776644,1.2143415989212134,1.5241580704131796,1.5895025067479183,1.1748554415634254,1.479823586428504,1.1469436936130712,0.818515929411143,1.6245220059455947,1.0658158128601392,0.8899043892011034,1.288210431634517,0.9155311020131698,1.7119741307326513,0.7536990174789939,1.1588171152567477,2.0014812227013166,1.4295414172071612,1.4821567840904375,1.8205954272741105,1.2623755395270153,0.810349373245583,1.065593101216325,1.0917869001738127,1.6421900428529779,1.095973599259732,1.409451690026428,2.3121262011781134,1.3050294004438099,0.873713395151711,1.8007750883900289,1.1790217573972341,0.8402985720938547,1.3848663915209596,1.2309156900879565,1.1335499454864553,1.236969275083971,0.9842067393810321,1.2741341774491697,1.5101233219382368,1.5677285440828015,1.281719421274505,1.920158437342221,1.0941494594625765,1.7234955823141307,1.2456182484970462,1.8824775546615884,1.3042774176598506,1.2191911101333912,1.846047585092929,1.8006759661378273,1.4814202233382117,1.4435870522447192,1.1874212730052978,1.807656129371492,1.8264713114297972,4.487933972478002,5.127464191767316,2.499358048878117,2.173071686234758,2.4186855571985975,4.001056513217581,4.330181370268998,2.6981853091110133,2.206179653867327,2.08223846583502,3.2329203794612096,5.841599688949337,4.607987643405948,2.263235801907625,2.8347601404692284,1.757618927109263,2.577634533140838,2.4953352601039986,3.137773809502756,1.926108265790606,2.9102297756477498,4.436750490718941,2.3751867495598127,2.085768265718175,5.158314917642301,4.193231232922939,5.37150569285266,2.3843320635571708,2.3648872111931696,1.8016083666603582,4.080110957972176,5.081166619415282,4.282783879824991,4.50226792518997,2.194645239259287,5.249680811352748,5.576360773677727,2.2203860951629717,2.3804337836622174,4.329665467778441,5.40813976098593,2.2779776858532323,3.741549461498375,2.3113266689789644,1.79421844789768,4.420034463810302,2.3313051703152063,4.597046706331984,2.5434160453602472,4.58489178430981,2.884350085304017,5.231596570305851,3.2636314696472066,2.5531119486882865,4.624279252928874,2.807209417616687,1.7645678860998895,2.9050325925028146,4.1102194773307374,3.4585195424878905,1.8232196527100217,2.798647500725656,4.4972004082501265,3.8941774388062145,5.068152538238633,2.4538652865091826,3.201980831932399,4.503468263646755,3.748843279624691,3.9359356611499297,5.081132198030083,5.0929822632877,2.3851486735666567,3.139193944136525,3.9769638305271897,3.9110623397749267,4.027880018564663,6.494790502487344,5.260125339588906,3.013935972416977,3.2637151243173768,3.483494589710882,4.626503598958509,4.195081143082398,5.1833859345901105,3.3563369897618287,4.012695105892534,2.9206966339472027,1.5966661976912155,4.069197499168777,5.3266823935844165,2.22481983990779,4.482473861671387,4.078630217664274,5.0942767739554675,2.7529374243960825,1.7870778282318267,2.3651892300421453,3.230404050951478,4.91536037134321,5.179304345930489,2.5391951608427408,3.219992475994546,2.747055474885665,3.1804947233865084,1.9594787933594304,1.7778845115474713,2.9473865369900567,5.400247882895142,4.262610822965995,2.7052673922808625,2.5281727255850854,2.4425997134096296,4.990750601150792,1.747034666262003,5.218569437016424,3.861116479983682,5.527563901955737,2.906505347631108,3.7593257568513576,1.6968958565632133,4.743517625633983,1.933806850602926,2.0316628927521725,5.270156638335736,5.248457223978409,2.5474554476513838,4.523948556018283,1.8366004653271635,2.0530496699525993,4.245847818478385,3.1873149057667245,1.673540298849694,1.8603047287812822,1.997023672018572,5.002274702343534,3.985293121666504,4.591129665714457,4.613713308642806,4.536015597409471,1.9636765424281555,2.1057117807761547,2.836407513180111,2.205642527561825,5.009304370221226,1.7370611442264103,3.1812558839565406,1.8132828053420322,3.933533209771616,2.276785015666414,1.7479589668167919,2.277861087566805,4.6813250815166585,4.391212051472285,1.8679894483908217,3.275101160329446,4.898990387541034,5.486024223434711,1.9468709964457789,1.957016625712163,3.0844803737354103,3.594576413637118,5.889759355548874,4.6309492808235895,4.587894503390871,1.8110538493237345,2.837903696477642,3.52727981664829,2.197531510687987,3.4802515427626237,1.9492668341892303,2.610367489707176,2.41076492502459,3.95334777317156,1.7692232225121198,2.347968906851646,1.6603628406310793,4.799176303507384,3.4896783896805017,4.9680543913430135,2.1769684053883473,3.121779184526447,3.9996238475752657,1.8680663338369918,1.7043367218208756,3.473766021854213,2.105112901271311,3.1511840385353196,3.309685852720908,3.8078661473185043,4.537513299837158,4.019032951994301,2.0199281476872386,1.8670944722750367,3.0788989302228638,3.277661362603565,3.5627417931850753,1.6863117191882744,4.658786064249456,1.9051212591580438,4.770760590420031,2.1875850380904525,4.295874440185526,1.9983859986627968,4.004353481599147,3.4512277068982287,3.5490547007971043,4.477189868603524,4.640334185522293,3.7873895570776646,2.0502964655612232,1.682486411407771,3.626199521769801,2.816627986255745,2.8625132951868992,2.5891854802012166,3.928967816988105,5.541599342192989,2.4528501181031523,3.612131415294842,3.241655702901083,3.889508297882449,2.419425806389856,1.7785619332725744,1.685368973871098,4.39879512303075,2.028317305355258,3.9181339257648307,6.051179981686451,3.18325606550166,6.389207536181106,1.802009648014677,3.674340265705769,2.416325903665747,5.54592864167385,4.05093884469185,5.091919769122417,4.606315371584176,4.1264886009574315,1.9224583230962582,1.8808746930117637,2.540953499047942,1.7051134790973053,2.8795969730865907,2.6434887108321985,4.199428176999766,3.0318982964188668,3.8020351894085502,4.3174904420544005,1.977911337398506,1.9308384625758224,2.4741883797116584,2.94447190832865,1.7558003631239982,4.132259180289211,2.8062212724429334,4.744350823290423,5.286321627260445,4.825376036238339,3.389205102316167,3.5659568785489224,1.8434130933571857,3.3230974312257477,4.61108520568674,3.9473542514739144,4.45914162902317,4.552968279591013,1.9978596256133492,3.6106304792378943,2.4092982551818087,4.41849622976565,2.0953337262920684,1.4935391464183898,3.0142363182589555,4.580645314712525,4.599017290668956,4.46935206050715,2.483215441333988,1.8276394145720802,3.450162613401652,5.24205385747376,2.338658912055791,3.0743715819253516,2.71901225596406,2.362667613695766,3.476669027214071,3.872138008952184,3.5555470565580034,2.9554108961643752,1.7714948502350782,4.236060723150691,3.6821625273396115,3.4349474645872085,4.352458435723794,2.625864330377528,3.8931641507313186,3.9401665034920477,3.0219038636887263,3.7970774513994483,3.514282745264457,1.950785471963546,2.411937810903245,2.260103720048595,1.1131960464526913,1.5220966051761093,2.9200571026007998,1.4717705654224023,1.7141248141447276,1.4455967294058565,2.1069026042304957,1.33685633663815,1.5446983833567354,1.871419142415313,2.2780305964036702,1.4916076544164962,1.3320913357233908,1.1768923369790227,2.3317761378862953,1.5700771950362138,2.3921903100459776,1.6619777046748658,2.4132622297518957,1.3963532778348466,1.6141809125824476,1.5809039309240038,2.3233328414070202,1.7144702323387202,1.9412735581478562,1.1530425588518316,2.026172650283815,1.7829759847452882,1.6385510825499316,1.9154799690026234,3.003705989780014,1.88752795396114,1.3025936541678889,1.9840448503601358,1.5174648857967028,1.37853475892987,1.7823083554703716,1.4848883903642198,1.2821178784852776,2.103948954032093,1.683122483765196,1.2772879299316655,1.6738302338862334,2.104592416382824,1.9557677727404692,1.2567197118843179,2.6113681384643534,2.028591285956206,1.9724008629151086,2.178376202191791,1.8476486472214277,1.6850078615120734,1.8702348892878318,1.2360542886833998,2.8889331088556442,1.732767313953652,1.3033263671920885,2.1677356277475446,1.742604177304579,1.8555535628882325,1.512854848801442,2.2868704272894735,2.124886177611256,2.2665037671525767,1.7444841557887452,1.7342494091543355,1.6898746029931537,1.716408083851896,1.7481820443298395,2.1078032151393242,1.9243350285093803,1.7698292859082647,1.8473431599404895,1.4858886791125052,1.607991456359157,1.9809444557732463,1.4964215598509198,1.0021040081915904,1.5768709551963056,2.152738747270323,1.1599107639604642,1.8632684430892719,1.4283610579677428,1.331731105360691,1.5691174530882963,1.362882874010828,1.7890179923293594,1.5946840804239626,1.2963104289137335,1.3720198165666737,2.0308440657145366,1.8219699129536528,1.897680776780224,1.329609163145419,1.9945024948934278,1.3052490337184466,1.1245658005645653,2.115053339609916,2.0674831129953715,1.1359205381310458,2.7248511521879752,2.0462700690892204,2.3073363521303967,2.7228023242115826,2.1399311424817964,1.3811221947471748,2.723134704351779,1.3815899752705365,1.8149962136754558,2.4113849338631272,2.4463971706671948,2.1843227849711884,1.1692649708073908,1.3485451710021188,1.626508623687719,1.9258689079657911,1.7548319525678417,2.3067902233165967,1.4014391747942287,1.9670642946303545,1.550779358561488,1.5641712813135122,1.4255783767845565,2.2869858822723423,1.921771705346669,2.4313426574635995,1.6551811769253815,1.9800703797081105,2.8911067501933143,1.3054666644021875,1.851951357660477,1.7107094703649843,2.306196432647054,2.1491096673824304,2.147417407335569,2.7867230766163544,1.3381711020503857,1.7188792434830884,2.8250844649464932,2.3203861111414548,1.4543478936822387,1.6380189452977238,2.0175213542976826,2.4093215681718214,2.3626750004528017,1.372099882184946,1.3454811132669522,1.594999673176855,2.2548503618259743,1.8040163562295533,1.9873756817275885,2.0918609703640914,2.804003867435666,2.480520491989703,2.83433920896802,1.5800294032046205,2.4491470219512315,1.8099408953257148,1.4687583048666981,2.337100469467955,1.7105289518897966,1.7494517648366648,1.7951392494442875,1.8819702367587985,1.7454195314056153,2.757126026091811,1.2450087984461717,1.6384470850629553,1.6569376186128257,1.4455515923587638,2.0966857755534716,1.5522818448017788,1.0068298266637754,1.5394121650926718,1.9306989001623578,1.7201734458717324,1.6949497190054574,2.1491773205130142,2.3367541400160023,1.7267096789354863,2.051919064424409,1.0519432645808187,1.57064842043563,1.4116294660613977,2.4276904017190457,1.23300553639603,0.7235763752502503,1.715416081927346,1.2481668321650439,1.2016004454038534,1.1273295421731266,1.730459990862708,1.861108223298281,1.4635420669511565,1.744310726712764,1.3905345981034807,1.5813578443507859,0.9405367483980572,1.8802395547853037,1.831555170584638,2.7969035933065283,2.34196234862498,1.206790144927306,2.0618918961032904,0.8991356374866739,1.4819413807991515,1.7801235233374189,1.9757793997301996,1.0389072077415626,1.8742541243083632,2.6036674230275616,1.3676689371581117,2.7284308313959835,1.8208302078426062,1.5236456060204098,1.6081586947504773,2.264082172742938,1.6791931486720961,1.0502689578327533,1.8778103960661428,1.3524654500004423,1.7099062508262268,2.166656482259315,1.9261261566919432,1.6681058702359446,1.5860500859358262,1.3903500548209096,1.4597870451568156,1.6875374638182432,1.8583550772007065,1.464972067774177,2.335321122212897,1.6821608019710381,2.1100647526600445,1.862215374200979,2.210066769159949,1.6178093463423426,1.6457500747169254,1.859932653827932,1.0844747509686972,2.1410361947994567,1.4817594870306423,2.1708735000064636,2.4257684011085425,1.1841792510431681,1.2458006044075172,1.9214443899950508,0.7793791454165989,1.2156543249001888,1.6146529944268442,1.8923741410729684,1.9497348165361477,1.3667490305853718,2.1565892129456716,2.0203837470801185,2.152938569858179,1.6115060471125264,1.511824423197429,1.7725455747506846,1.7549999753989813,1.9786974534431119,1.123970292486708,1.4305986359105518,2.1746292290861975,1.6005666827479317,0.925082278320007,1.2415797390523378,1.8393994568434113,1.9147260106776567,2.336133912214884,1.5606652265743681,1.9857290356979822,1.6088307620220486,2.06732049643183,1.486317692738347,1.4575613356212125,2.149534723294739,1.697539255972817,1.1652472019058782,1.9099107237777426,1.733679378410189,1.60613037850964,1.5162605771655373,2.930215402847353,2.427002714184335,1.5819012142952775,2.170047743190069,2.0675228062270716,1.7718423711959528,1.744802225972979,2.1894211744798255,1.9405099014420812,1.3017705153343662,1.34991043504886,1.4831718252440942,2.541939095929569,1.7140161861759053,7.870358737860726,7.193082247255064,6.326451711678001,7.280980184263413,6.894813351650033,6.897294180833453,7.6220537016819065,7.078439002317732,7.759326216667654,7.569210921697351,6.210668573931231,6.823312732103839,5.949659571591032,6.526093096129126,7.002762278357083,7.277740868348717,7.556069541242175,6.594015117172511,6.975259964615365,7.188284443444553,7.136538497106435,7.0481431430283425,5.32190165877967,6.767496169005456,7.836557617783155,6.962484489099409,7.320891533391132,7.329146752328025,6.527822907089494,6.200136642926936,7.296376359947907,6.933924748983613,6.217036814611563,7.618096218835022,7.8708575202261875,6.231452151777471,7.294496649918429,6.430170744018391,6.6427699154806366,7.296095210327311,6.92404677236157,6.121440238142196,7.159896595976485,6.222216852424316,6.491617581028853,6.842209592223548,7.330413339763526,6.441105925254635,6.592419553274607,6.619426881232871,6.098415123115037,7.185355643493014,6.964853280316443,7.336636372742709,8.523773623427287,7.185734671671448,6.337209506911602,6.397381635904522,7.052340230313923,7.302199438094383,6.767755906184626,7.239480930183248,6.8730633138412935,6.624004430341786,7.343065323984033,7.121760431603135,6.627248256903489,6.886926925291401,8.596719796469294,7.33862374069808,6.768697519844421,6.742964664358882,6.683392347085776,6.456274927714422,6.89361212217575,6.608250931068406,7.398429652291826,7.750089105340468,6.051147322298245,6.362349180998604,6.977884913017025,6.649391648416511,6.995564324886613,6.767531363418915,6.976938821122504,6.30519933346805,7.071460850435931,7.309239737937865,6.606452139499079,6.475938243992478,7.027868126325484,6.987704247493784,6.441779545729248,6.47040104201785,6.859278060024616,7.067428108416528,6.600940487239085,6.941357845174226,6.938765960704105,6.867829421627657,6.990018022296952,8.07967805563783,7.18451602966945,5.198848182095235,6.793805869441713,7.071258983998962,7.127684189882743,6.545245902545519,7.016531344232172,7.275999454601485,6.343016116262754,7.143159650961421,8.527232996317167,6.868696530480739,6.957693796279022,7.959507316403501,7.354271553415438,7.367452283881863,6.536164232542852,7.129008264298689,6.194947931573494,6.249698191091319,6.503102060963413,7.824488035732606,7.554825511837406,6.753654258271397,7.354498065374006,6.391392730996337,7.074569535233823,8.276096178385906,7.7973036503554205,7.602188661428867,7.030115007884726,7.141962994460433,6.956157544625429,7.627055656153501,6.850308337730124,7.344601683372794,6.567618799231264,7.498528840692116,7.4853780622550685,6.949132118173194,6.27190471483099,7.04991753905773,6.624977758980843,7.686870336515794,8.4696571581156,6.947136638611338,6.194407332291443,6.882866218794299,7.606332892669346,7.292427243330544,6.844337246718601,7.013951546948751,6.859634050691955,6.504640939813673,6.281944035103592,6.884730774290438,5.884776887685119,8.587865007765588,6.542223008541907,8.305087425722801,7.511344966130674,7.513195067057391,6.099392027336682,6.844156180890557,6.7242452450183725,6.5081738866155785,6.662925999131373,7.294011183947975,7.192207030869266,7.035183972908714,6.215449156070423,6.816935407317391,6.908332372549149,7.004683208244169,6.456923124077289,6.410006422361536,6.783505440130665,8.3930600950918,6.602381451907437,6.829059815900094,7.079060599097548,7.0503756032923635,7.84373744226759,7.183815597786377,7.235725291888864,7.206287559176302,6.954650783125187,7.428665346399165,7.545944224868312,7.683372318857141,7.602680881045287,7.017651167418502,6.911008144309095,7.087437351238834,6.996341053670006,7.228508960351523,6.9622130341167665,6.9272022432734035,6.718759297769116,7.177930349912524,7.641039953569399,6.889743592763925,6.7173847450926125,7.196753783901702,7.866304406354649,7.258549172823035,7.176784126864035,6.996079577580237,6.731476150076511,6.203545909776334,6.695115146123782,7.0006575195573655,6.007542935388333,6.660594223940131,6.977541135472749,6.803118599925282,5.845592402362257,8.483377306927624,5.244811129457876,6.483508481399483,8.173505882675526,6.457835472331587,5.5038976670785775,7.754332376234342,6.100418985771336,7.129936063295756,6.664372474262229,7.0857551123908085,6.050047858672255,7.211093138409314,7.311557950919617,5.977891822725308,6.942770916490505,6.873308644313003,5.887735435491307,7.165455816517319,7.1176330465986215,6.669999820894904,7.359127017093872,7.1653758456830206,7.577784001805083,7.894994261655285,8.088758869279639,7.828299662519564,6.628479943730468,7.773815800961926,6.185399401729621,6.694261122706904,7.673350791103849,8.41697649901158,6.775499571791946,7.806597490611656,6.47081214216718,6.817869797675656,6.319794658318478,6.19371151436078,7.7400615606465895,6.573391084193773,6.463627157894849,7.342317821673263,7.034337953845546,6.7037191682317845,6.581261456386437,6.01744806291183,7.6337006106445315,7.038772509752387,7.190586935289269,6.661492146260306,8.3220115987508,7.826435162453432,8.173458718857455,6.868988653451802,7.233439925862664,6.911235469947692,7.058050560564411,7.154217130526804,7.111017283095178,6.552120117245837,6.317313183155899,6.54520171098137,6.92075082088082,7.370660545114175,6.324930624194648,6.9463048126584335,6.642825910395346,6.667690233957972,7.964591868393168,6.872718355979311,7.103202958975137,6.588640460459098,7.721547586476695,7.773491205638175,6.899111562702086,7.107492138419246,6.4292665491280445,7.230765228489283,6.610536965841755,6.343070854199685,6.402857657956508,5.895063994285527,6.38856158472689,6.352761955556916,6.406331332660674,5.760666512172819,8.072021068318119,6.337489823229134,7.197638838948505,7.009425925405083,8.036345207718169,7.066927843315007,6.411120119888746,6.748996072793622,6.7064292045152705,6.091824723988824,6.1650485604016465,5.9821217243273015,7.59230630920296,6.28183196943726,6.074973393462882,6.352417741472098,6.091729508882528,7.466126420622872,7.8418223579857935,7.219704513207591,6.702018910502295,6.554806779650198,6.498449843872482,7.192977778972243,7.305029814833067,6.442068268916778,5.044747496806784,6.521983055394113,7.560900649514983,6.2973807853126145,6.626603021311268,6.439583131666346,6.517071393655821,7.2693245512859415,7.073147101975301,6.3833749004060625,7.970913698925568,6.547184283555565,7.436658615623606,6.4180654777538635,6.7015782504465395,7.389041658765208,6.77820402913501,6.827796308858789,7.013199135065412,7.112276576077664,7.469313353598331,7.4731699271056,6.715232361606568,5.733547421363321,6.562717243781218,7.053520318197454,7.599136117636763,5.9718907981685385,6.2797694866879565,5.2937893695191764,6.92736767320876,7.7578382453385375,6.219862510907389,6.841697882051346,7.375176858998067,7.111589646118624,6.620808916712786,6.775577777511897,7.960215438402469,7.903536990535155,7.519151668782782,5.898463598545891,7.08483716046346,6.841298179211165,7.041606959480759,6.547660146230401,7.258316899899488,7.648239057166859,6.804538460251006,7.707148256857923,7.025235383968561,6.868870417807607,5.6885225469647605,8.413246683552899,6.762431719638912,6.77056312374938,7.405397918834075,5.922034096485978,9.132402370445993,6.150771320514449,6.476527043104508,7.067562364255886,5.985827061829055,6.712468364027319,7.2636352234384205,7.458219108261144,7.663342534434231,7.64050043816951,6.732748357684532,7.534450825695944,6.638207429113998,6.239185164058111,6.850234045518967,6.572189211212091,7.5191793804055855,7.0552262245949064,8.448096891794648,6.72261249083236,6.629925415867465,9.414514971472157,6.625303896565781,6.891331377984307,6.474448526766728,6.3911347442805555,6.777764955165875,7.165447628148135,6.980407168984675,6.483173156020071,6.4253288764794805,6.7071485780993925,6.253191065239289,7.235189274446571,6.588937203874739,5.963789820685277,7.019424468739064,6.382228867278831,7.0074688500190225,6.035753585989589,7.191918932782164,7.512946681413819,7.252223144622916,7.36145045877801,7.012562145763261,7.185651180401771,7.135051900574323,6.76722894562277,6.6992254359325365,6.520011268778893,7.794865364666837,7.0635598070752295,7.2224175900295915,7.419902187273636,7.10308258387905,7.34062592973513,8.068325211787123,5.4902979021131015,8.283961144167959,5.978471645700185,7.300060430668831,7.393529457649136,6.70865400199846,6.878476985453111,6.235574269302459,7.9134810099597255,6.959889121040413,6.647826904314664,6.314086998970329,7.00553161794723,7.18985181278134,7.138633400552353,7.353090446388679,7.712156320367843,7.41844445503997,7.325320669636684,7.189343202639287,7.405176992856954,7.598770803047618,7.099510187617021,6.652920071535003,7.966227864773661,6.957891216626855,6.364937710177035,6.83300800923089,6.6160508169621,6.490654662373271,6.681000667841105,8.392977013387268,5.296688403777959,8.235635395465149,6.709751720771129,6.1069150909811025,6.8789234375886545,6.683270835727521,7.347102324119875,7.106181073078133,6.562393241856223,6.768778814248232,6.753327033515403,6.827397077074332,7.136166107420753,7.6670692316118325,6.42428835920382,6.5416303751781,6.96799998684042,7.101138808371112,8.06193397052792,6.483417062574872,5.784499614399023,7.7299344100192595,6.96339691317108,5.933651166598887,6.308794270792235,6.900771599858052,6.430286841104776,7.0173972788236885,6.513781874969553,6.467494095154735,7.105407023267505,7.634303191339043,6.2063079916863115,7.811096226706,6.722742886736599,6.855705146548048,6.80016980578445,6.756572184017926,7.191305180910416,7.168953230049248,7.93865054487761,5.771087106027905,6.122396295514204,8.83774160629924,7.200389064334615,6.51605873261126,6.827178789074329,6.697800234982602,6.660702528752233,7.0454573941408905,6.739828530250829,7.909511985794011,5.977219476299791,6.945279027140936,7.227651242601611,7.072007518122999,7.375155259610206,6.94455993532895,7.369632581461886,7.057806493034141,6.576043749884848,7.130337996081786,6.031699700594276,8.080472248951843,7.146542119559021,7.035937418733207,6.602375005251902,6.772199215227826,8.073537193445283,7.471296251459532,6.177609551665654,8.41182536507859,7.320880840482971,5.664207451644982,6.900177032913231,7.474710861413113,7.5100421163578295,7.3834636583953515,6.480408621150821,7.938146226742303,6.298874042561764,6.913974143863924,7.599568896150324,6.251470015586385,6.9157013497712665,5.656643962750611,6.403309307693572,6.935421827332466,6.898217248994539,6.880794639291465,7.598145147991173,6.436996670034913,6.998758861500193,7.4342471244459665,7.465590471653022,6.472737232676805,7.025971782317074,6.15120944892742,6.771802206998071,6.766092607584787,6.786841208849106,7.744818291852756,7.4259279812122205,6.613652744423894,6.819972918134963,7.361525658058862,7.106010645997842,6.50586632643781,7.461284192558124,7.323203368568652,6.653166579602085,7.1353403272721705,6.547955705442118,8.135461579158598,7.0977846703064555,6.82057961341593,6.549183231085169,6.410621823863777,7.894295409637193,6.389977542775939,6.797453979052151
23,1.8392766432322258,1.6613652936212588,2.0756138023651687,1.5571715661960652,1.6763082510486125,1.6046713847690794,1.4212267438116153,1.8839190413507736,1.139650133152922,1.6480575565356415,1.5350925214387412,1.4892907519902607,1.5968057146403587,1.572043825551257,1.433874693603079,1.6411679432526975,1.4232924806605687,2.0991697515663787,1.4025911571261165,1.5513807893558158,1.601550993872397,1.4655070994863348,1.8509033399551196,1.3296579789526053,1.5511657501198743,2.03818215974801,1.6434585738115872,1.662999013726823,1.3903289997163322,1.5460910950233875,1.4629416344052018,1.4896991718756913,1.4210353026820255,2.2391640472297016,1.340601275899743,1.514043743117347,1.5555883581161594,1.5257664457141278,1.5567279104869536,1.4058864598286707,1.6102231317296603,1.4516756860332634,1.4897811314050065,1.7765822722231437,1.3176244330619282,1.5611358488059313,1.9190134619585442,1.5541288876934003,1.8300665974821122,1.4855915733299998,1.5279922501982084,1.5491736579972573,1.181021854806305,1.3304569605703709,1.2662302397638376,1.3730824798260046,1.3021949978859044,1.5142697107143699,1.5749400628500863,1.8957738847771777,1.434970365718806,1.6275952365754898,1.5470142730757197,1.324766585840244,1.6450085006847854,1.3805339055018768,1.4499037937194235,1.6788833580270055,1.6961800627843866,1.5261568861985901,1.5527050842041297,1.5981757504713454,1.5077732939393456,1.4978435734107953,1.5096378335690233,2.1651564907828655,1.2106708952577911,1.4071146808349626,1.602963179152582,1.347536604778788,1.345946222165192,1.6437080547441192,1.2101905557578048,1.3443702518869007,1.4947278423122607,1.5645562939623665,1.6862908381018606,1.4496019444930595,1.4693845234747924,1.5107393127089266,1.376925081728084,1.4465528058115782,1.3807369453651093,1.6166811418006934,2.0733694861324343,1.6133246477319316,1.586844041059931,1.4288645274552263,1.445971454153573,1.5690500840417636,1.7193131787433837,1.7841237616170165,1.6900726493149518,1.923921971465618,1.5974747106038065,1.5961689736440614,1.549531102508937,1.3596193081761216,1.230045898281947,1.615274196255255,1.5781620870335997,1.2130176574299942,1.5214034061581165,1.3592980178352045,1.3805433378367364,1.592240594081157,1.4137991326752273,1.632645945295787,2.305386493788239,1.1362402313564597,1.645171232667048,1.8421603757301346,1.5594108383669614,1.5950569526579272,2.3524199660966536,1.440242724989705,1.655669836143202,1.841164952736478,1.394048219447932,1.5753721173957653,1.5343131287330813,1.3146765611707854,1.6710890931960583,1.6419248928260288,1.5715745567443828,1.3360774807538074,1.414376741503745,1.6437973514093234,1.4236992259007104,1.2216363934407783,1.6027304580739898,1.6345737403347678,1.6027668991027264,1.5820378626261862,1.573786103769917,1.449221048304101,1.431758239812299,1.4613015116327381,1.6253069955029746,1.5100042412435652,1.4276310957669711,1.584683877955378,1.6230740189383437,1.5189982808839002,1.327457983153294,1.3770493587286965,1.5300776580595936,1.5690586646109936,1.7798933053023889,1.4247202214862338,1.433403442155515,1.476501253296303,1.5555226578931864,1.6250582088370291,1.5675458967701514,1.5361592400991775,1.3261562851317477,1.2003195928655919,1.684822563773272,2.0597714308699713,1.6591260547059603,1.6895987470232579,1.5678595057678835,1.4071845798001212,1.259796272618339,1.6610569996947682,1.5788889262503696,1.261049216682641,1.5429195589766174,1.3759444216755672,1.5024438842967311,1.3095765430074895,1.5721354121662428,1.4625979754142282,1.8948078823716363,1.3270898811048535,1.5860453357998328,1.2230357611012346,1.3742349200094812,1.5536968400989992,1.5828509259593027,1.359304082639838,1.4463743112710141,1.7399714608554009,2.1324720047718313,1.4754528905372686,1.5583650837050196,1.8173996325361708,1.3414054909228201,1.5373586332931497,1.6873074155206593,1.7036478111299311,1.2196725560525745,1.4743341228306972,1.4480563647596842,1.485082828614325,1.450975598180299,1.5700161332435636,1.615017900037632,1.5434898939606398,1.8363397071045948,1.6001744874584638,1.6456466379486263,1.4778868222163954,1.2485405884186684,1.4401649925556792,1.647342955113993,1.6137851465075181,1.4795167100130202,1.3962215561200413,1.3152297090144767,1.3929102161065434,1.4001842180303128,2.145463763735389,1.7116287784428172,1.5567031362391328,2.214791980695707,2.1749128208935953,1.2971354538979343,1.5527479120500909,2.048914683522754,1.5611758098174928,2.331402311747031,1.6820761384658063,1.4037008189523603,1.4939553332959254,1.7299814262493394,1.6706281750022216,2.1715056460601336,1.5856635216024988,1.4696131335133413,1.6497671948461352,1.342237387107666,1.4482389502154909,2.159671690444185,1.4343942217739092,1.6819326002607686,1.622492418836276,1.3128198217938116,1.4514688327357699,1.3642019278168651,1.2420176749956442,1.455096006030335,1.5545641888402182,1.6545082448702404,1.6937280349211536,1.559564163705949,1.4729779831183445,1.459873740103895,1.3024183620520706,1.5182505756481954,1.5816783197545432,1.8247807365643676,1.32799549911627,1.5621993615941163,1.7135072400721267,1.4804944459356344,1.5765651418022453,2.025945390456285,1.6344825088358792,1.8125021745213028,1.515973404258789,1.5612565040619462,1.3433802638498287,1.3908092603544748,1.6576786775726888,2.074446113916457,1.5645099065331216,1.3996685923156122,1.6621599200955273,1.6447012772744063,1.2412895138138302,1.4490487238043894,1.355792531732324,1.4271853081499704,1.4404029438065318,1.518658381123509,1.337575186986194,1.8399361560254541,1.493407715129699,1.4757628900575093,1.5596852701238613,2.186759378681698,1.6343584302410912,1.4741248381130745,1.5423153679096462,1.8908288236648816,1.5484620156193114,1.5012845347635861,1.486577671447146,1.5198707271274512,1.1781690085410637,1.0529553618823528,1.3080647933055385,1.6497795366189805,1.5892723208900645,1.4301924012291531,1.5496244499086,1.048108209686558,1.142731983970806,2.0197987518831853,2.0074446470626115,2.3061755449326333,1.5279541066715603,1.6340088934866879,1.1738044931989189,1.3305743517294855,1.3715288318903431,2.3124692321432967,1.1649734243709533,1.6885310030128797,1.2598693149543836,1.5567131982241789,1.2150558338132313,2.2256849723279513,1.1574326775737596,1.2980631903754776,1.5441678571305317,1.2426353677995245,1.5831717320450505,1.2352930917111724,1.7508738333457006,1.6909572075115498,1.2421465436703045,1.512425455415533,1.5666327898593957,2.4692357828842386,1.6277889387396243,1.359512718252281,1.4876095737840196,1.1979555853053918,1.1545363349432696,1.5294597554490605,1.2063069796312267,1.4736190192409875,2.5148733089498188,1.2960473418837566,1.407049135954627,1.5941723118425588,1.4537421714930419,1.448829133829195,1.5942240239994236,2.5556112464480876,1.556992116746281,1.7112811260656533,1.560272462338402,1.584044913851729,2.212102440998037,1.8933021746722825,1.6609511928842304,0.8679918067536515,1.4070234877353605,1.2315519822630085,1.102079775343952,1.226069588357941,1.2976793867271728,1.6274222824666482,1.8141479162846335,1.8929821422334798,1.5471743336983166,1.524506926218795,1.4542774651540717,1.9173715324677243,1.359094589671061,1.2325716094941725,1.7658531893086022,1.0519468378805548,1.1333727763899784,1.7398586454039728,1.53729273675536,1.6739552407187883,1.6448538347282775,1.127029460026702,1.5507924656592924,1.2329285211466563,0.9026619523321113,1.5620878430582483,1.3083190754798897,1.4725879544245233,1.5635862827951172,1.5116783135367013,2.16192297997902,0.9955165374495027,1.6061210096401768,1.6484467920303705,1.595886856689008,2.212051739927264,1.8744384949305206,1.682638136519016,1.6493215941007429,1.6315651641034734,1.1454786192878816,1.5716126052292985,2.237547269733975,1.6416683714045266,1.6114235743880487,2.0848021063520763,1.9288328539070403,1.6948304472856643,1.3184664058426667,1.5949118477314692,2.182311309700737,2.464564850380245,0.9262562640640717,1.7513304164407624,1.3138102002817533,1.9402691751949475,1.1028526972377541,2.02902079208285,2.2793797764756865,1.3124583930552443,1.4891186742464109,1.407596677364776,1.6033809670915948,1.4584104451380473,1.3393390258997582,1.461400407442176,1.8086918368453977,1.2552083727750805,1.704573916706255,1.9276340181552731,1.0502403934039226,2.2472775840693764,1.9127272148886243,1.8243087766697095,2.5603444572260994,1.5206245147084643,0.9663827712452302,1.8405920191808824,1.398976323913762,1.546635561150855,0.6773076795542554,1.10275250793884,2.297740911736028,1.5784278836842596,1.7964439320519339,1.7126096458838687,1.3330670384786358,0.9551657381810922,1.5892822451655317,1.681767178702595,0.9372783990996336,1.4120873436640875,1.5900428932366975,1.5089306605293151,1.6058518421554184,2.9956655039807325,1.9401115251468126,1.9396143002570172,1.3643593682583819,1.6466190533175384,1.1531671878731904,1.169264658052624,1.835683290030972,1.2467061217875788,1.7962266610966926,1.3543514336366647,1.5007334432825639,1.8987857599661482,1.1594358638902342,1.5506370263891724,1.7821524841962049,1.6565320883877377,1.278135621550984,1.5317102319607945,1.323493855779568,1.2508727703899691,1.0958257427233085,1.9178156635697547,0.9523758794505616,1.6384402174687265,1.1857907534964556,1.541776044922091,1.5037583861250199,1.2494308852542333,1.1112422626465763,1.7444590248033114,1.2755240244908765,1.477473741717976,1.5009940763033984,2.1563279946418015,2.156694352978314,1.3599733173627495,1.0453574510088348,1.2443754641932128,1.8734267927119426,1.598533331781672,1.4754334982790482,2.28824321885003,1.5725984290838124,1.5106770557460913,1.9416447899922669,1.9589205385400013,1.1043534895614375,0.8872263434289586,2.2634969045169386,1.4201940724651057,1.2603239396055548,1.466682898387406,1.3570962202661712,1.890236444368561,1.6738234140208441,1.0787679682351192,1.6402886805325756,2.163516593089346,1.1272360279909406,1.2389569239830092,0.8610829191826694,1.1123778323649858,2.0758717263511746,1.30590565287548,1.8831040906996857,2.150051988854894,1.3091056592140657,1.0956683744189615,1.604969539720455,1.324037530926522,1.536672575021626,1.128460215818514,1.2277454966727732,1.158460749314817,2.975319267971325,1.338482864162485,1.6456946605641283,1.7095104406087909,1.0286927225773717,1.595057496456736,0.9408191635442399,0.8077942683250998,1.3724762289040962,1.4552663339940448,2.0212411012491525,2.012437592761454,2.654439703611484,1.2609714516010155,1.8737205145201437,1.2397004914567713,1.1583462190093465,1.3450232358964107,1.7979408684610823,0.9979161119813369,2.3231085762041603,1.371489568968459,1.1763031051654376,1.1768269893756085,1.0571121824513217,2.3302023460434005,1.2243747376991554,1.2971624692304602,1.482487023710161,1.6030188248469683,1.2571412210686879,2.3992979743523852,0.987716600622255,1.1355307876527123,0.7373106149173725,1.5799202163285375,1.5799902091297418,1.3195639075712304,1.3762410640820564,1.630682401609469,1.1886004646505852,1.715571677493811,1.1824864706921578,1.6305700866336257,1.6547372195023013,1.6164221686780065,1.1548599121890704,1.2874206014995453,1.9539343766880803,1.1869133209444445,1.6986797158402795,1.0408458640002598,1.3063981754094507,1.5750698158627332,1.8338936186719763,1.6772381027831378,1.8149109267746855,0.8793788794005764,1.1836842535548275,1.1698906879773028,1.9638206269365612,0.7644629108196659,1.6879446679841588,0.7973749423558972,1.4757562662581796,1.6729247531192608,1.2109961966361278,0.849089926801775,1.9847204121725193,1.174878232262057,1.6327049394749311,2.107346982713498,1.0457922162076725,1.026315284376959,2.2073231957863686,1.311479418505483,1.892599425081998,1.3272580741360582,1.150293883607555,1.899773180445614,1.4097906292744626,0.9956366119907303,1.218194227772056,1.9087402351285254,2.0671631880996273,1.8163864614545833,1.234649768560714,1.0273069610896532,2.6155857661169164,2.6235140381422526,1.5197158099126797,0.8311496748186529,2.1356133742444503,1.6162185712227244,1.3974883895447778,1.2803654053857976,2.1575631375454027,1.3808680056880949,1.7483713832811896,2.1144822179236056,1.2995825641894316,1.322808811297005,2.0385814419877586,1.8622906802245844,1.669710399608172,1.9265722186704641,1.34276331466898,1.2982783899220407,0.8114193919505139,3.0588318900192455,1.5637061452860117,2.408959249362979,1.1475420721148077,2.2769914027364058,3.4550238882332884,1.120687395380335,1.6481175931177658,1.1504767436786205,1.5529025330827257,1.1971549068736853,1.4034207487623689,2.1821726122174154,2.145572144016539,2.5369286927830452,1.9359508543715307,2.3287286266833456,1.7741449310996031,1.6968395717459432,3.0426580045841045,1.8977513806898199,1.262323428768323,1.275692152916737,1.6927107921739102,3.1294440100027874,3.3380498551860738,1.670241273015022,1.3749393099439262,1.278129024632147,0.9500106656009831,1.9475840026738993,1.2798273684241372,2.0910915191852024,1.5471253534374618,1.8404582263332678,1.732055575750158,2.074636047335998,1.3148896218453348,1.3721650508878729,1.7815583571882043,2.308209027029512,2.0274939619274868,1.7380939011047312,2.2858482092115255,1.730758964555611,2.551296604584941,1.1569560403666659,2.0357959452762295,2.0309586161038276,3.0546948397568863,2.1326800457452126,2.252868366326364,1.0365565223054152,1.9530168581603908,2.450501928325322,2.6373769741692463,2.488737496139104,0.8163359742434824,2.3634909210957824,1.5863777975170008,1.6721006513334984,1.9754988051661095,1.6234552515978802,2.0035670070769824,1.110559569906247,1.119423343244865,1.7085633409236942,1.707520071521976,1.4276404549340889,2.011005957219566,1.511098139224326,1.8991493259632235,1.2889902287115844,1.4225783203481208,1.3290655011317871,1.4009362454632013,3.0897176199096195,1.166812323474213,1.1020311575475474,2.913031663460186,1.027250368594474,1.9874693716588847,2.0716816935325597,2.7731629521979424,2.75834856950156,1.3678652678602317,1.2059449357306602,1.238348098900575,2.1699421539906654,1.8767542851933892,1.321767405264937,2.6980665494225655,1.8908743924171398,1.9501369556632113,2.2108135427353632,2.961456325673128,1.383311965122308,1.1722806384118285,1.4046564368853132,1.6041108284648988,1.9992449502277483,2.444076088431182,1.2864980826292276,2.2653559036483855,2.3161628780812844,1.6944961341604756,1.8523349453704798,3.63039281909192,2.1166443573995477,1.6644747820538026,1.5452472456202178,2.1317699991533825,2.230820265808102,1.0510868300824279,1.2419961105547588,2.2650294091896312,1.3421812543709781,3.2927523202524287,1.2358529110129137,2.3617440016870206,1.1513786434140165,1.7127414855378074,1.797113379625222,1.8619300933492833,1.877008257584703,0.816265847562477,1.0330441540872752,2.038059082946776,1.7613437151321196,1.3850820245982471,2.5899122659990597,2.1466814442681583,1.197145884632924,1.3674743681317838,3.6788224787584936,2.4044270418411666,1.681912782810753,1.3770616579948594,1.2037525636129465,2.2780325874738545,1.6035813609491674,2.2833821341362586,2.5004877739404194,1.3016602792712753,3.1321089255448347,3.482886025782928,2.019648396750655,2.5462752249217306,2.620457098232573,3.0340661298240645,1.4151621206062064,1.4128468042896376,1.4785960710466084,1.1235072630115244,1.420515824646965,1.1435854927512423,1.201542085220861,2.083638543184077,1.3864203257024814,1.3832750567268914,1.5716494257448346,1.4593970223578847,2.3596960135544145,1.521237803866252,2.07180124060375,1.069034065071675,2.813638805646509,1.2933151332254957,1.9360063461419772,2.4537281324506472,2.0886547143474243,1.084379262552601,1.9977288401082556,2.1140706092321304,1.34539247637683,1.3619234940413034,2.885808271120365,1.8831401962020193,1.8796852237056085,1.457034700658986,1.2157944828171976,1.2717791548131698,1.477969907769113,1.1436081107619531,1.2188460805503543,1.1919046056020979,1.678714987789931,1.9248989096204954,2.5073423757080575,2.3522408946240154,1.3297199568693883,1.705566856967793,2.2797053486346086,1.6244326497219193,1.4286760541490129,2.4818766782386663,1.529012432808356,1.5993862070906566,1.1322633681578822,2.289745233870694,1.1695401834326633,1.164666306846909,1.8022450006208206,2.0197265401661766,2.0654552584067063,2.3347474899433323,2.2781904799335413,1.2582703039659529,1.7725218048228857,1.4160241765115693,3.2117848083598526,2.3203341832861657,1.8749068188829894,1.3338382027077282,2.1912302115376323,2.4189347113512354,2.036948494440163,1.2449781088808085,1.5071572848571477,1.5425052667052306,1.8736352205001623,0.9696311635519688,1.5957002549659438,1.1798464889033122,1.10664068744745,3.116698882955153,2.537198952998076,1.352700114284966,1.9002364241636414,1.0730192059453956,2.6019237220037144,2.481058130623096,1.302121513526735,1.9335528643644533,1.182491214322158,1.0629612549142469,3.0007375262750733,1.6286828302505267,1.3179902810433126,1.451364644166882,2.1290323286603243,1.3362096146691858,3.307452710822984,1.5318441235096372,1.1164869667820425,2.050884122444031,1.2288784628125264,1.7040124247049993,1.421735838997837,2.809639100969745,1.445602340982286,1.4980817701638345,1.3269936093089452,1.104367110520391,1.854727882571481,1.268910146008661,0.8815966242249608,1.4466200083819636,1.1592228141146308,1.5131993008207616,2.359971031757998,3.0068507273136857,1.7301520829094892,1.10862497765385,1.9007953887681168,2.0737846601225876,2.3103920889231624,1.2438519617274009,1.6003573596112017,1.8773340625998218,2.2561647035998313,3.9153275948612185,0.7316307992037778,1.3826228173508004,2.1618636460275256,1.1847259513528146,1.3528059740407636,1.3339057271513386,1.6636772669600903,1.1822962881493357,1.1670465660250615,1.9036838104477283,1.4271918306064022,1.6515530254836563,2.0017846857666513,1.556655560480488,2.859721876222117,1.0158059968352555,1.4065175688372693,1.2056177815654257,2.924723728611263,1.5841150408681115,2.5666352174517595,1.2613509590915808,1.2677481592599735,1.916989273012558,1.6783250012632491,1.5223307952461738,1.7332539017177657,3.7996759053682108,2.4985164015429144,1.3543270198750763,1.3054809969749406,1.49921675756506,1.227020596967834,1.7513394503088484,1.467119742486294,2.3658524724721497,1.300921508271893,3.2775700283258953,1.3745342537475198,2.5301845309253093,1.200024577885937,1.1754085111004566,3.0766744980694547,1.069147008701421,1.271247847703961,1.0205986066209387,0.9644153254771491,1.3075913238864203,1.235217996044202,1.7194518603453945,3.770748501790401,1.3432268019974154,1.653311335217307,1.7559983660617577,2.1436942308493023,2.209945478606099,2.8940163825633314,2.6042115929966094,2.0760836619630547,3.7261273218369597,0.9036441324842566,1.4976379295140785,2.6753264485652597,1.8081366320885786,3.196508275316843,2.1626453107330876,2.061066482479954,1.601901920260305,1.6335714934688508,2.0247824700103507,2.008312212948047,1.841807794371986,3.2389175575349465,1.2087697375660182,2.524574621075961,1.6389745080515619,1.2912274716618253,2.002618909523863,3.026149637786659,1.03692777300234,1.9024814207750058,1.5600883329694764,2.0912782258561653,2.033016596392353,1.1429653374892497,1.290660799331944,2.005684745451327,3.3191605462313802,1.443107842042504,1.1380281897348659,2.1297216899012965,2.1049650471440886,2.1695669184648,1.1284933452941406,1.1882650158931443,1.865569412826163,2.2361096694097924,0.9390281440574453,1.4010039747298249,1.3570383175059288,1.3590546022385523,2.168007070969653,1.2904417087805184,2.7601905224548497,1.79446099357653,3.24198898897078,2.016406855205375,0.9441599179692493,1.1414639447878452,2.2226058492265524,1.316183917946191,1.2266375205799138,3.0903317021220666,3.100429942083353,1.6568867597903167,1.069259666216318,1.376385912197121,1.4305387711331963,1.3915324000773355,1.321121661276215,1.201104796298568,1.1197953464050232,1.0984026693131244,2.2759322720840816,1.7907588130775522,1.917535333820206,2.896760799914161,3.0106276254764053,0.9765955495612672,1.6461151743520017,1.378335356529314,1.1036579466796304,2.3630257626005555,0.9161423987529729,1.542472887884976,1.1685199560117638,1.933138195486442,1.440242053593129,1.2632842038646361,1.2606465131200406,1.772078216509106,2.1159810416304614,1.3460493132252571,1.5049538799406845,2.5400792037544195,4.321429032456937,1.2947915842329265,1.250972985866662,2.922468170198001,1.2709066246726117,3.186580843775839,2.2465291416430775,1.2992641470424757,1.011646918319983,1.4499294529733917,1.4622381741030641,1.661949738389142,1.4402903628456964,1.157205105798944,1.1580176083990683,1.1813061934352462,1.5835144746107235,1.188449931111325,1.8217090764020858,1.3781565220204546,2.3563087050802487,2.145972774424455,2.206016291071347,1.3634402686222056,1.3327411617281022,2.602982214867343,1.3999350145498084,1.128859697614107,1.3569181872800373,1.2658026256334702,1.4519826389120027,2.1350952594711625,1.4063718055494079,2.809881845595948,1.549112944529219,1.2324851674796677,1.2626370655372645,1.164424085263022,1.6002153831067378,1.577596274887481,1.135604688628838,2.064676252848384,1.4454495103379121,2.800480194645814,1.1160266441785245,2.15418663301479,1.2736272623727274,2.3350449988047566,2.090482392441048,2.0347046991438114,2.9253012221147867,2.9373874051126942,1.7773758142369664,1.4882285394216654,1.1076209291206454,3.278131321192207,1.4270268464644267,1.219203207547491,1.4745330097422877,1.4798213421032513,1.4704566923846947,2.0177231306209342,2.0119363343273124,1.353303485499633,2.1772790610914505,1.7113622158857125,1.2809218703160483,1.3436036674682812,2.325275843813634,1.4112963707849275,1.3394531423530205,1.7064452764034719,2.214909453487403,2.067716394717002,1.0621766031686721,1.4378620256228747,1.181058437432975,4.347728528787833,3.6824310042919515,3.2862479206205046,2.9616668098966414,2.550429806210964,1.2677185419247377,1.331298858538463,1.31357787144311,1.1275861741131328,1.2293120598743192,2.0233065028994885,3.487615831122391,1.3949170429426387,2.359491916990588,1.7982800856366035,1.208288856276941,1.262944153876474,1.33460145932791,1.510236939739733,1.3082757367460212,2.327613236504944,2.0654458670629974,2.528953161813628,3.0292580008446155,1.670632055568633,2.156936330360783,1.397445789572904,1.6434758618950143,2.0017181499882373,1.877059980690686,1.378318852229936,2.471589904082957,2.219148491782001,1.462765356997608,1.233220882217117,1.0450705570047694,2.3059595381943043,0.8983570729261963,1.2464662108738118,2.5111295138817833,2.7703321887468957,1.8738594763744543,2.1131984734018645,2.2993179122874845,1.1959812008194513,1.3596016073442718,2.0672658875509717,1.805076112418385,1.059299218597083,1.4879355939645094,1.1602251181114138,1.3383749641826794,2.2205454935102202,1.4408701491953935,1.4561158849211329,1.3630129607206227,2.313795058466052,1.314935025368886,1.0822654704586085,1.3462813464366246,1.0792341508883125,2.6231645748685577,2.091473950498049,1.5937666364592058,1.6591492572194617,2.6722816953043753,15.254791043618331,13.757854275822385,15.71472869635125,14.86795380963735,2.7865819483720506,5.691491840799277,4.118854340457011,8.596145192097326,8.105321655397907,16.135698475915408,13.605354967155726,13.283293004643188,15.595288698648327,14.175270206987328,14.181810462669663,13.977831805186993,12.263308430638467,2.958954379081989,3.3355156276960027,13.910041654720601,3.370743564062283,11.530351310534833,5.9718481691807765,16.05523154739745,13.972885473102933,14.412727480715851,14.321900051583562,14.916047949126606,16.034815073067183,15.456221385845357,11.180581733967033,14.721519364283463,14.649778152343366,7.160343238350194,4.371823613450934,6.646474575794892,13.07046576449611,2.940934152025799,4.4950376108412735,15.914357933953529,7.771187847896638,11.719103279106818,16.066542008034588,4.941820139493485,11.623307846497529,1.4308200613613087,16.291897343081036,3.2870156879126955,13.676748584976261,16.00444452709041,3.3772324915997505,15.29498432625058,10.690320243184225,1.1994752962028297,3.701567190838252,1.1907083932800129,13.658607602209885,10.52090002277522,1.4918478117140284,10.528340192616504,15.80877429890915,5.356121795143461,8.091970455647932,7.069207734760745,11.848402358131375,14.68636994326154,14.176850288198237,14.489491918364871,12.541301549674785,7.540264556579524,6.173698863219615,8.088339712179984,16.18938174826845,18.09502736969894,2.5398291999300415,8.06496405988998,8.031425586711485,16.0494266249099,13.000754257554838,3.363767616719352,13.961045903966507,14.397822925478897,14.573792564116594,15.731843738141482,12.992892282365169,13.202888028539716,16.225322108093835,12.444544483646686,9.329876253110726,5.407143183985882,8.119516345756288,13.2099088819343,14.276604677493893,15.303685736931842,2.3690448811585014,12.35188281426157,16.104285804261682,9.997925012415154,8.124144553459617,14.785063951985274,9.913237995345785,3.5470504568545214,13.329448869765766,7.149200907738102,14.723422861109258,10.698842352573905,11.52504205411874,10.87649898216864,13.330588169655162,11.181744774923333,15.586699891391987,1.656403808709188,11.353454001995285,15.418526568076883,16.392228504970635,15.838160154366033,9.824889838851053,14.09407767881653,15.235384740587472,2.040389823749825,16.013848994921126,5.220524147691795,1.265690827659231,10.002435836925788,12.819155407240226,6.107475444492807,13.792171775376133,18.192100572159553,11.173466181399588,11.123895981291271,14.9258401289718,10.879670191384704,13.34800610108416,4.829852379767212,4.922891112236818,5.123477443491554,11.028977541405414,14.572537834479576,11.799672275364546,13.268339453024966,3.6247065865504,15.920531161675534,12.495724474163051,11.280962532096996,5.148594460441287,14.626113219369406,14.752555876816286,13.550349207424613,13.405694926380091,13.80590080075196,13.374250286856023,6.145093814421572,5.913819195765141,5.658262044535531,14.561107320018447,4.735149816899416,7.726702268370137,5.742288807972713,4.899101109727413,11.212769463181486,1.4154710649823181,14.51242382175757,11.930398127283004,14.466542557011657,2.3716541342295745,2.7487799058231857,14.409977991980828,1.364069150459665,7.61492174570408,13.503058527780146,5.3542732419653705,3.900272776710574,13.766283521055044,10.838915024781048,6.611374248428379,15.517672858835692,6.432686370030839,18.36011768731138,6.794821679121865,13.555383216884646,1.7017983577485143,13.194037136183988,14.789341507535122,10.275956191641214,17.160563876881287,9.93152390540415,6.278826188900898,13.791272508910113,14.831967147864829,14.561408120483081,6.201061958099007,14.668278339825385,14.72052936859235,15.879985596263,11.04495777204023,2.2110043847826417,9.856690534974652,6.291730361664846,15.244249483576834,6.502705949985238,14.910924093036584,15.13344439423108,1.8080846083430049,12.487289396338497,13.316935580007069,14.196801882094453,14.539100575439349,14.858486449008158,11.37872018416529,10.851265534152322,14.824756808491031,17.176577850204687,1.9158434188934783,15.668787932448316,5.492029980768546,13.890827179372543,12.176516351122299,13.640349589299609,8.462820920028712,13.899852888910013,1.1547816975442373,17.154120456792178,11.545031202074155,8.387563638379467,15.363564969491561,13.930650566352057,15.033567288483788,9.56234243320525,2.7574235850635342,13.039552528262165,14.004051842789695,15.72687556313179,1.1925579110576427,14.719388465065327,12.947074453133,14.274654798341844,1.8179728854856159,4.344404567279066,11.138105251570435,1.268385592896446,12.73041594319109,15.01521019247863,16.54084334323917,13.68390210666015,3.525694058767314,8.369977782153041,12.11608969570966,12.936870782646846,15.917868126852943,15.302941731522269,14.990277264489206,8.886625362217167,4.70549021623464,1.1846423942888546,13.790555793343316,9.745547037577168,10.196204147979836,2.277544140599682,17.159327884440856,14.3403554748294,14.051550837767437,2.544923009748055,4.309397172633436,15.32316567498881,14.899266171615334,4.9248827093272105,13.354081308618118,15.166497497841917,14.222779897718423,13.812461401267495,15.14259338702362,4.636455039822901,13.222982087545013,6.852125831957197,15.61983027643106,13.970172086543831,14.662405696857977,13.125281438431788,10.68952028436925,14.690804905369982,6.795827863270707,15.880947419700968,16.708145604417826,14.543072263333322,14.285274830795668,15.248337202164842,10.909422089493251,12.76546983396546,6.507861802358289,14.484191265569983,14.585062681994886,1.6077272502652487,3.4852551459615286,4.629918597851326,5.352072363757546,10.907380357111286,15.43470870696732,13.788413257380265,6.217360157663378,14.202405010081495,4.745582853047303,3.2366964377564216,4.132538471688851,2.965190057934352,5.553738031484859,3.249167403174875,4.133927044498727,7.754966393437772,3.4845504701241468,4.212472065614534,4.533952630458465,2.974698717962776,3.2663896658578624,5.274634191072504,3.1514788670925844,2.4987087161919304,4.442243221281885,4.031182944109783,3.3829729796342796,3.244110795724231,6.206994313490172,3.106172060944242,4.917154873917592,5.912951510992334,5.84363526490471,2.7974060106973853,3.6822490296237476,3.9786027717071164,3.460669496123048,4.329224540751145,3.145123669303099,3.295654451244236,4.4506956567562685,3.3752060062712586,4.706251400417213,4.4637312551000825,2.985396253529631,5.04894984264037,3.0522276439012774,6.011531736999195,4.394339394512048,3.4655029910210473,3.095622294416968,6.175173915309859,3.742585724274753,2.697895865803357,4.2930823495401125,4.040684258415965,5.746142894272784,3.231603767378188,3.33028347433066,3.159176792905253,2.8116280525434596,4.82784201386566,4.6460228201651494,3.236431988649116,5.099479710700877,3.5410836762184603,2.802632134811965,3.0411847052048095,6.793756684636759,4.722412781593911,3.1596429164049677,4.461517035190635,6.335019233177798,6.204499287269389,4.357922806478958,3.311868586127164,5.937892487700529,4.655461295834673,7.9843732354634565,2.929277512868822,4.93612317293733,4.8520162349001605,3.1205897164962235,3.234625474686237,3.2444643480218547,3.6134480624030907,3.725387996312182,4.523386439396807,6.366387242745726,3.180761969667137,3.3047610525242415,2.6552525362997654,2.841848126511436,3.4976709057955877,3.9830731798863734,4.692852493275364,5.501963623358264,5.063115756181072,2.749413271981581,3.247146295802044,3.2849011214846704,3.106211070002138,4.3796386959463085,2.8946201191156766,2.9935916259834,3.2866552015720156,4.382542927049611,5.016851393998774,3.10787660453587,4.673544086476753,3.2453412672812094,4.520127806870066,6.610969802339653,4.381702204718313,5.8735123514033045,4.978631374612539,2.9996642313052684,4.046228207431869,5.838516394836591,4.619612018148628,5.830086150487328,2.9874257828129376,4.949803585108013,4.6590635418128095,3.326638435910582,3.7314736683323724,3.151367341122226,7.823592753599261,3.8363685989439413,6.11738851945564,3.2606479624191436,3.6932829809699146,4.7152125903642945,4.928366296370074,4.687465413419862,4.01053161637346,3.07725317814946,6.163924714757287,4.712166055608814,4.65972466804504,3.097485632436112,3.067097174184893,4.878417990003802,5.082796997999646,3.1515142042547044,5.77129547169814,4.70303813839118,3.195018832904072,2.3625032257307543,6.345963878664258,3.912926878461463,7.827690502615864,3.962156398456648,5.004817929446078,5.986791906313682,3.0150935556654224,3.8925233474541647,2.9034304632023935,4.799071591056522,3.981422882461703,4.338207985342855,3.0470629849565194,5.588146049552327,6.686185530752305,4.540037312748823,3.0348597696292665,4.551849365730684,5.941765431245429,4.7212329944656615,6.400328458575082,4.490199549646393,3.702691148014439,4.098137063169451,6.335875053660816,3.4132646235280553,2.972769224672794,3.644737853296678,3.973084568468584,5.839910046211122,3.0972669260203007,4.451508414620051,3.3995148895102294,2.8698111662297943,3.3459882040766233,3.2964815463382013,2.9032091258502066,2.648971783432118,5.954407409043583,4.938570218857472,5.5579303134527756,3.4069874556191984,4.10512472470998,3.300446639406555,3.9813673626453148,5.382315958682111,4.005246657228377,4.394057560431632,3.2456101915514552,3.400947351766649,5.2129354618056345,5.126322820326615,8.082690238665041,3.066278421462406,3.1722039346194966,4.52830400498334,3.212203809898856,4.33983705414675,3.292004443874546,4.908044079043832,4.2975638355240795,4.068909847686271,3.166308592090698,6.34872100509786,3.6469015873076542,3.6915676785256437,3.191164965768546,3.7901793914222432,7.6744762923680145,4.597880237838746,6.540439977394029,2.9919859256188954,3.0990745375897504,6.9732648341559855,4.718458847805681,2.9116788134716183,4.819299936746265,4.525851285104837,4.658908901217345,4.950365791630626,3.9000748470394635,4.2328601822684,4.099994929509495,4.835000621750796,4.704526538764478,3.5467940481253155,3.5310119218304865,8.039198878143948,4.764838898547692,7.654044165904186,3.3538280313825726,4.292588379390585,2.386953748375071,4.427951066910154,5.531641821560123,6.249858663724054,4.151596514354992,4.4072972476128,4.927401998950972,4.9888219139792245,5.79954208154839,2.787296283655875,4.607196758994033,4.777994310513942,3.9784767802431467,3.056243533685977,4.8727372212185704,4.520322073797021,3.0090467104419147,4.806410525712003,5.2278628716039135,3.0213956687136343,4.671822876737519,3.5946545265926586,7.339827244646728,6.428873368044084,4.365515198337458,5.550946365114621,3.2042026875149205,4.929594570476304,4.663058913350149,3.0605070045725054,5.006580780292894,2.892856372921472,2.4220848765334515,5.291426788669555,4.469571603789484,5.882663115938573,3.161927324838745,4.5826773794564515,4.803233509971041,5.332372908024856,3.378693288561798,5.374083070156448,4.544620604356069,3.091661000217597,4.383862590920399,2.8597002115551713,4.850778304265044,4.5594652834507015,4.213062374314387,5.6095719345602975,4.013632441698652,4.0159965745083905,3.3754519980089075,5.160209388109428,3.845616410393389,4.175678491257884,3.1376934077963217,4.071581281295924,5.580366587030047,6.11802381880882,4.596574155790061,3.406923509952862,7.915168127342488,3.1805961477977553,3.610493936577233,3.104927136465556,3.239453188945777,10.999569783942185,13.951060113886227,11.389454433378889,15.4834005827999,4.017511966321726,15.412337748038146,13.490224919180465,15.736642012340994,4.426027044004867,12.793456484272088,3.573288032013931,7.652852347418305,13.518423079070859,3.2052384484238425,14.591993679307057,10.375586113895473,13.030449628747544,10.936349115880565,16.055746699279513,13.19823133811354,12.388211493189358,12.660564770932318,10.62102910723692,4.9165082962255315,7.864037125534312,10.928755412838825,3.2726287560373035,9.333064696044651,6.276106462613012,13.308208903532606,13.30590988521941,8.337160458174381,15.57484348349627,15.182265721646507,7.341043403704476,11.214466037060372,16.214339306134896,15.737807066521288,12.337646364447208,15.506491600030227,3.299341371338388,8.330478217341616,3.220638888114978,15.070576639191664,6.438658997044052,9.81518768024071,3.848260992566706,3.3277573947120445,14.697074298590113,13.58238333382445,3.7563545218922036,3.459324614547648,13.983473744913551,10.252331168879053,6.958172030645533,15.015363562311371,13.387143226453086,16.988272515478943,4.474702051309114,15.611640261360467,13.634556174352658,17.93835232888874,2.9819194974824654,13.232881656830136,12.645778258849955,15.575676471377838,11.901887856722302,8.268271966268731,12.995007871065187,14.818629980166879,8.786241896707029,4.6106121602431305,3.834585608115651,15.556746076855445,3.0656064601234374,4.467279863685176,8.4523906636656,13.052591538940652,7.02999604071623,15.784167249281992,11.377835346095917,9.074292038555416,10.926580827484335,4.537236363213415,10.399907856875648,13.566876197682546,7.835220825159917,3.4822920212420763,10.479675845482586,11.392101958277255,13.160118572322743,9.419513480202012,10.873604475492447,6.311043787333163,10.97496762484776,11.957345064365535,12.02298734934395,3.7583167714684405,14.086591052887162,12.638073385169111,5.365057889765503,7.76697908353336,7.107028564620372,8.320202851206117,9.671240119023954,3.729408802088054,6.2426058192481175,5.781881607119635,13.703946986232333,14.842419636634395,13.333301366121892,13.679214458344301,8.700885423506692,10.820257096403889,6.19699799575985,9.904644042040655,10.929792678365876,12.454390284878107,8.895499658278927,15.3304496764344,13.25192843153972,6.516558663682099,3.5769989857703153,4.027107767560584,13.381583770340495,10.93462943496817,15.02131209942213,14.371623660098141,10.158825669485898,11.31791315719347,13.907414726718315,9.478074974152742,4.041777568631418,4.15130612501274,16.416600199452933,10.580697582846263,14.023561385722497,11.315244068460467,5.943398464286201,2.953973790475234,15.305582108788668,2.9892845336778597,3.545710017370376,7.949113291411159,3.136370879509592,6.10030708078328,8.639976268730917,15.92761207990132,8.30398406113591,6.382330740633497,16.056761086402474,15.725804364004096,11.039091099888221,12.065205503101915,15.79525243933485,16.354764169128757,3.3060465540232906,12.195505670522154,5.865699631681216,13.01680404194901,12.196539303531774,13.013286194784564,13.07269533440904,5.130770006675692,15.3428567702338,6.003778607293025,7.780772735365734,3.4933594133348187,8.37841083230155,5.755726603460932,16.745124152655325,10.455154786124734,4.285460888114851,16.22746960981647,13.80765636160662,5.631956602310762,3.883955767087928,10.959123733425571,12.011722643907362,15.099951262849892,14.000173930534643,8.51532789519253,11.314287307428971,17.92824439262944,7.971055203940724,13.03041343280418,8.683234711134888,11.846048296256741,8.620507089751596,14.772199697274848,13.857635374748755,6.329331023277461,14.028872806335734,9.052671240575146,3.2543716594182963,4.003133665434544,6.9241517208855745,12.72280626653611,3.152658186693888,12.714946809575682,10.910463382375697,3.4193180567282453,15.00248942775422,11.439628905399914,9.714947571816822,13.178761071998206,3.9940654812316754,14.106483941801987,15.490267166781905,3.164969580838793,3.7625870214925996,10.906921299029454,6.802440478122518,10.805596833263335,3.1411811936249827,9.333718511158231,9.882367600171952,9.77386179658008,11.979844059803018,9.184570864133372,15.022666470777802,11.141712894471475,10.59518964157107,3.1577834222376207,14.661195017077953,12.339460699963137,15.024683875164705,8.065706389594414,15.054322077322608,7.700833450450396,13.78377869211706,12.582605822448247,13.107838043146739,15.179435565758057,3.8783489396824806,16.231553270265273,11.891959312105698,13.069870961962467,13.571213235240247,16.030442733482506,3.1774163367125445,11.510727437272367,15.287571450803156,7.069410380017261,12.223022165331065,13.972371402507669,9.331565877062229,14.735640517201967,6.913467532552022,15.126007052937883,13.56429050786077,6.092320938832474,17.545328807076768,14.599975413958754,3.3084182714705603,15.948355616819311,3.8789731538675736,3.77042625766664,13.421849565198041,12.342902956903842,4.008434286073984,16.16166363472321,2.9747034792170464,3.128531007077755,14.543947409536807,8.468711731060775,10.566821215501188,4.812791870848692,5.795985169215268,12.495845819660946,10.987441769258535,5.286136013216419,15.413427452545179,13.075659876365524,13.222251376613471,13.207934164233112,13.582871235566504,8.135737377477389,7.786114544164086,13.680575143982548,5.407508720241065,16.290436774192507,10.679990694163447,8.636879162569288,3.29034597850171,3.003426265525839,15.672830023118431,5.003502822572862,3.2206607547172346,3.1717516960484695,12.444708612682604,6.864549330203202,10.526979652212408,10.311288562646714,12.61307347175237,14.117307291684371,14.346869544672339,13.312992678721251,3.6824906845571683,12.066802863335468
24,2.7059342097697425,2.5138810771038216,2.5147670744098054,2.4213948241368133,2.9273018114273257,2.7008382311007426,2.520196267379572,3.1090119974349215,2.671984108523806,2.5875806517689206,2.6795641018714345,2.5938504156302717,2.7378008235927873,2.7342784880144406,2.5422320184220193,2.9971647492303974,2.511053474097939,2.49717667938822,2.6142295022236435,2.442032439175686,2.6192786311630223,2.305954286341507,2.5766382584332845,3.1740823114815266,2.381649919147349,2.36883178350202,2.9802872347924256,2.510994156717993,2.3647560815443414,2.6217777646970135,2.5811169920604895,2.569554243197697,2.1033156870366465,2.5258104253544302,2.9307359556386303,2.4369983684051975,2.6527030344569864,2.5445251250959298,2.5307245444291753,2.4799574714950516,2.6320521996070276,2.531626297156275,2.5814938822474707,2.9666063008856667,2.479137472492905,2.4223032282066583,2.5984403341122873,2.453780361494616,2.569567153796687,2.55443906916945,2.5154615409422325,2.5785621902955445,2.512426058419681,2.636357669343032,2.649292089386457,2.9323415730596722,2.6288998999787814,2.533446474102412,2.769813441545916,3.1180990516308467,2.130965457915232,2.508950556476086,2.4592368842709496,2.7930360208693634,2.6009862548572,2.715609987767304,2.629266075460613,2.4505303397878273,2.3871704471885047,2.534088322857506,2.581312732906901,2.5552020570282252,2.5538688296111918,2.581212500668113,2.7081801214164853,2.4883434509663886,2.584377179050459,2.6895097894086613,2.4249442353395065,2.7688528669476407,2.6431964033213298,2.9941956229521685,2.413169734342995,2.7744915994260126,2.557369212408858,2.509662032295649,2.714479845226178,2.5739404506252406,2.6114969268783415,2.790155664684989,3.227464873097773,2.4584625016220327,2.722200374568038,2.5127109684603037,3.2969424809658148,2.5373980149566076,2.6686323339041205,2.4682815953228254,2.1269136630644327,2.3889949832467265,2.9223920478482643,2.6741110615967862,2.487428569721687,2.3235817062235657,2.6311706232965832,2.724607578584689,2.645043771726622,2.610238965194397,2.447716822444853,2.7575625392727967,2.637724166038709,2.479280718392288,2.679974423689543,2.5682541937442003,2.2671237776717352,2.719165186698071,2.7612381525715928,2.459660391199074,2.1542125418353106,2.663417681388059,2.9317461322356397,2.431955511440331,2.45916775846486,2.6319815862429907,2.1794916845356513,2.1612940653455346,2.8545045070299433,2.5655457172214358,2.7471788960074597,2.4577853323898617,2.6204766644979087,3.0079890167058414,2.5533862533511646,2.9900038978051873,2.414652786137623,2.6307939154887974,2.4693307882779902,2.97154003802009,2.530484438537748,2.431462692525536,2.810700698373716,2.625378144712002,2.4515798697919156,2.5860275259863337,2.447943640160665,2.592012184417121,2.719572856362356,2.5121906781364616,2.5949035863124,2.5995619561818777,2.6369484128430822,2.58146106952387,2.7345046627886767,2.5418332180015613,2.7380661966840054,2.255496931570769,2.5806096199799478,2.445099757675015,2.971750605553594,2.5545381009490464,2.5916894143263574,2.5473580290271616,2.5914860255452012,2.7818422177258184,2.4215474012583047,2.4684811132153426,3.165563280909024,2.735651281824655,2.7196649240312127,3.299041719714724,2.520433460768205,2.7134590711479323,2.459898316809721,2.47984703665362,2.433478375090273,2.4721860597977945,2.5631742768485997,2.653177440461593,2.41701136285946,2.571153302076928,2.536389121291936,2.717990889689263,2.7335818629509503,2.4598291470485645,3.1008494246301637,2.6305515805379653,2.387254301716953,2.4371414854786617,3.2279778171738647,2.613415523325383,2.586181696798017,2.5878874212211644,2.52263522363089,3.0518391578805875,3.103510899045153,2.5453524236516847,2.411183412538405,2.6661145688601056,2.17459037074321,2.4829836451797127,2.723236522595279,2.6476940135125644,2.489362331520713,2.5705575742121014,2.745725904740138,2.573714751309609,2.5552630463320556,2.65516888049951,2.451382915697364,2.76394968579846,3.0849199270053025,2.546302577511279,2.4107279799006505,2.5592128821199513,2.4337613581445106,2.2912489646580183,2.595985272688887,2.509374994841531,2.600272246037972,2.4023520869357573,2.501710902657484,2.6349674154021603,2.720642452309944,3.099400734680986,3.1618109200719764,2.443982441287375,2.2258380891600384,3.167809342187353,2.549999253821894,2.4383798997875115,2.348768420687713,2.40030586454134,2.514631628444402,2.611026170454752,2.4029389698414363,2.5690178347720782,2.938607752305879,2.472631424654794,3.057198182724709,2.35239077466465,2.2856644589702317,2.5356861035123117,2.64419161670125,2.6232213995447227,2.248048747236947,2.280300659055825,2.4838803509535605,2.8348356226157607,2.7898175447543037,2.7387752498514795,2.883787626938862,2.440676985966915,2.5830322547544307,2.58191492189359,2.4570081048614965,2.3687877092200007,2.3335907673832392,2.6082209471548925,2.580123338895791,2.328050965618428,2.4868071265251,2.723722013322147,2.684751532468703,2.9944817461659756,2.389801931031053,3.1469580411436846,2.464183027952118,2.6330345268300723,2.5439736619871707,2.619179012371414,3.214299570677621,2.584382565321663,2.4508824607044186,2.5873136424461523,2.6271228967517675,2.4370376791025397,2.2648248188774502,2.6091104953215636,2.434168845375289,2.3845197657145905,2.976632747078232,2.5645337570793583,2.777563328570564,2.7624041364780463,2.506919858161966,2.5245124843968516,2.522727204144381,3.220957963024346,2.732622811586561,2.476932507531257,2.5128430730073834,2.5545606547421937,3.1537701151867945,2.4825674160451627,2.6129996940228484,2.459452631765379,3.279261078314383,2.634652793262128,2.568787450290454,2.658512247736849,2.279846004449391,2.70204807122126,3.330638854807495,2.1190837398298203,2.9879217009681893,2.9336201569422444,3.1501723312388603,2.3993738083344733,3.7042806709855096,4.854111597023483,2.4652984060237544,3.0092250239208123,3.379089380045976,2.760674449302151,2.7708772663472745,4.3073391914492545,2.850465026447529,2.807416462223545,2.661271976177347,2.973650609504624,2.9302900305630626,3.3495275605206887,2.777272715449647,3.2955240193413373,4.161560081111341,3.363032016880886,2.334925525255508,2.7881232165444136,3.3194441752122463,3.01026996794941,2.650949279675946,2.9221269355568578,3.0895084923848817,2.5080979528124514,3.653668647536366,2.7217049880056656,2.443134450471356,2.707067146826181,3.0857694777752354,4.260566233863073,3.271375966391926,2.944338041283001,2.758010636473161,3.149961741984295,3.6021653941325567,2.3973580491136732,3.241580466403041,2.574429506529485,2.552245796696885,2.960286885259967,3.1000108630531984,2.9876312081707277,3.1742724521979855,2.6683962651183277,2.874995309579856,2.7903898603785873,2.6298832835275667,3.973041206981821,3.4593676566010814,2.7127993270760573,2.962570719535584,2.74444596439574,2.8185608681994054,3.4488334433842227,2.867495820181815,2.8566116777604345,2.576824171450144,2.42209682560814,3.7209381911655814,2.8054280813400196,2.477975103249682,2.5706094432445146,3.819537933162089,2.9213886024401665,4.506426070415603,4.343307324099579,5.528989123853322,2.7624306557852796,2.776210233345348,2.480170891091547,2.5654951908508465,4.001994312899988,2.6343277851925895,2.9277835013319216,2.895018957362676,3.7930300558516814,2.5242115368793545,3.5822792058016706,3.0634864257046366,3.4287403453435137,3.6319688099006004,2.3764848193080566,3.515423192996152,3.6163326909952174,2.8790399376523927,2.6990291981118024,5.388196929770276,5.852803222955029,2.4552853255610874,2.5974546714527853,2.946024337045099,3.8469349202912255,2.7864568524775764,2.953306206158742,2.498059912176918,2.7879847483889715,3.908188203310648,2.7019021829542864,2.554837069005999,2.7255218746304126,2.7260799116920014,3.9801879475801782,3.4729418259459104,3.708172249928011,3.2726607136948407,3.4976612991818414,4.0416248545962565,3.392468807307432,2.3329926816428874,4.05066453527046,2.9208329243354205,2.5558948196161504,2.647291852154555,2.5348655043381987,4.08887834558565,3.940664306416162,2.5187930183299487,2.5290313552549457,2.484037670123094,2.6261420016119366,3.3996387102206804,2.6270129466610674,3.865808932212878,3.325065789059245,3.990516335843409,3.175795705238283,4.408671902894317,5.030770814499702,3.074568556995357,4.378639638237485,4.390610804650558,6.935278593596862,3.0144349880904855,5.354184217749118,2.7593289393435283,2.6921290822810593,2.4765812219213563,4.632870082191314,5.32451959327676,3.6377701716609114,3.7485883049317468,5.712741922740988,2.747473086073308,2.7787635605908525,2.807740683811752,2.7070666825563348,4.258957372450886,4.183342627644141,3.3825390003876787,2.929408443378832,2.780104860618248,3.9967526828164774,2.9074868101033404,2.116782214658003,2.4296602764751842,3.0085457623985596,3.2496953508440716,2.5184166469951674,2.852249470970826,2.8276075723895633,3.5956632424610424,2.835916129934916,2.4932383947350765,2.4981518204189084,2.7617405514449325,3.2621861686348996,2.94842594114879,4.2230832896759845,5.754063126754366,2.741888753893861,2.8346167301741856,2.9624833776742965,2.727265323184201,3.6396804454609937,3.2617552858172023,2.858433362041459,3.3033743246569602,2.3216814746580337,4.265015463427698,4.289132362522906,3.9055187338704593,4.068295919476536,2.773694724209168,3.753432198625164,4.692025330603353,5.864092170851765,2.875558094084115,3.136396833816997,2.8419756734452433,2.966159452292282,2.5539366639740524,3.0210337326613446,2.7784331093744172,3.457169895386698,3.449575736938158,2.756144418775769,2.9440224662299808,3.2078979959414635,3.090258001836349,2.5444369159739635,3.2912777694193465,2.7021527092762407,3.35091582781352,2.4948630667113028,4.007057941097283,3.0748157584266473,2.83533561530087,3.7192173111649858,4.54581591815303,2.5493689274152906,2.100458883693748,3.689799430305712,2.331040681113657,3.23797645556309,3.3908151693829227,2.7086556023222683,2.7216684034440757,2.733236955574245,3.486651434288356,4.662003359042453,3.350006967322263,4.329393490735484,3.937219870636498,2.8273561646154657,3.0294144244609607,2.899282447904269,2.5930302575579796,3.708845535399098,5.741343201617191,2.5592599298145235,2.5281588948677256,2.5903836045456963,4.13728674792026,3.147260786527999,3.4376220584201516,2.9781127727020267,2.7069585010443813,3.341124155931008,3.076488689193586,2.4821877678518818,4.22218054265907,2.754117336003045,4.595456677249684,2.917766045507917,4.221810620615975,3.2261136274187163,3.3920156497120155,3.296780310919054,3.9537006554050587,4.277632304559477,2.8732547120601466,3.6390619520866525,2.7558439243039423,4.023868278017499,2.828140939056912,6.5836512166511465,3.5011812435565512,3.0218920657816843,2.764287389230461,3.8690348239200922,4.093651075663488,2.931210234977593,4.3694865664290425,2.937563208269021,4.83932937562631,3.007238388015264,4.869826245843531,3.015326275544397,2.875438941448353,3.7999372374167266,3.0335918372204795,2.501319968403356,2.985723434977449,3.326574005282466,3.5753341466377098,2.4181807824028207,3.252572198162806,3.472566698805784,5.702500496981531,3.169497285203961,4.4359416230927975,2.588635769459675,3.2913533439446687,2.5330103300903652,6.064522457270588,2.498064878567867,3.2702260639087326,3.236610331525696,3.2371868423180694,2.8738410958951714,3.6345038732222354,4.166112493726771,3.823890801261787,4.3172385486096925,2.4529679843120396,3.362274799727364,5.089417995550028,3.6620404033247227,2.783854240856492,3.9135081209153757,3.696157366516751,4.07003320768735,4.390387961599218,4.880442569590056,2.720994037381372,2.901911945848341,4.329544800774051,4.358122480316062,3.7978699285002953,2.246463879838336,4.274725737789818,2.7061495119641616,2.9174449067599575,2.4905745870755096,3.374530362032996,2.64046505347629,2.438402398108395,2.0030977700392856,4.19623881823753,4.045636045837069,3.5647368137666624,2.5252942377584944,3.175871533560824,4.828637966879002,4.05911611828486,2.6555587416606157,2.756358123448954,4.436306726602798,5.240269250643961,4.337380366738314,3.3913389851947815,3.762021697567274,2.4284547179024507,4.551857379030661,4.567713222538826,4.020781928106618,4.5546925942848375,3.3265164214217458,4.079262292611453,3.366844026694906,5.086508944618867,3.989475556081611,3.1070931521741256,3.8696732299502457,4.109527790841057,4.336394376645797,2.5103960228575275,2.6161961898061286,3.951797672584883,1.9016905151941002,1.9893758814570246,4.304009284126511,4.275477946642482,4.236352994657683,1.5720636587217403,2.4896123475596768,2.353848310745864,4.501750813469475,4.735819126685085,4.042469021465145,4.591607941511505,4.813551067826095,2.2609877896606205,4.202843226722432,3.763718216780706,4.461878882324849,2.7344915112622425,3.339349895861086,4.894781469119268,4.803935436815312,2.0350769753671902,2.6479162483267684,2.388321627700573,3.327190657562151,2.193519418785835,2.136300323762309,4.76441406808795,2.646654953721791,4.555046947043566,3.3866644241511916,4.235799447400299,3.4862096486874767,4.939055595046371,2.014605050608066,2.0882193049910436,2.190360944688809,3.894529251675283,3.023193047378058,4.473982976031742,2.894511407412592,3.846425229626362,2.4422809937706704,3.1385545115546902,2.9046892622553706,3.5659250601022743,4.287109013999627,3.531496356351038,3.326719350784315,5.059937701359003,2.10764550647426,4.120105728579716,2.793587652962726,4.357260336314439,4.721166108212663,2.535081665638075,2.868478217884471,2.523383949203959,4.093048534383726,2.545631575990434,1.8562370289881602,3.7304519330998933,2.7162085356641477,3.326462011735227,3.1592976526021945,1.8117828602328994,2.6245306116146128,3.8482789789094,4.610631595111679,3.0085328352846132,2.3641664954646058,3.1963968440091124,1.879471285225927,3.545134003100529,1.9952312632073461,3.8713373415637835,2.858033487836642,2.865291863667529,3.9172935043336623,3.585816273499471,2.295539536219723,3.198337911797722,4.000601430918787,3.35997805788172,3.4337585902054584,4.249857985422078,3.925552657977189,4.738805498641506,2.6313043615014218,2.9535287673090944,4.598499153748759,3.4295222230871754,2.962897916250119,2.9350995059468525,4.419457051933409,2.4845869355392103,4.692842281484205,2.863297172403471,2.7537730468840746,4.738744834588801,3.412799914084068,4.36549801286051,3.2443910997284573,3.3217262327066606,3.8237577777518625,2.3904525053454937,2.8060286517602693,4.543286892940354,2.6443294777225117,5.075578459736534,3.0289093656101214,4.81725770962528,4.055702591150438,4.904113682347791,4.2133121822533885,2.388183507399511,4.334880701573164,2.1157928459709567,4.128267750868888,2.567234936932129,3.7796482803108407,4.287886449225377,2.486965754055048,3.380468122196869,4.76729012882449,2.5265452280780742,4.011082478656955,4.012344917206123,3.202799695182815,3.821933438432218,3.985705860974968,4.0348784671947255,4.56633295561646,3.663967373052068,5.0296689196279365,3.6629156040865447,2.5528142029709677,4.597964169503673,4.125300278799927,2.4914932737341746,3.8192963819209655,3.1230724197266477,2.5224007170328067,2.732193872553051,2.8586343265307037,3.0550786884465104,2.5475992180174205,4.30119001765845,1.3873532079483244,3.1569544112829186,3.9142578518039124,3.8432456249921074,4.007024983668331,2.876140147212168,1.8451101322479382,4.679003179038676,3.798855189235275,1.8707478222610332,2.562931222836412,2.353732400125129,2.3262457044367073,4.5790579077844145,2.1794301218389203,3.7249578013106315,4.267542321701548,4.292185405021122,2.5937673201631286,2.094946198952235,1.489943963446696,5.123335529122071,2.607875333668818,2.521328369816832,3.941385078214373,3.915095889699724,4.58261772315846,3.821577175212334,1.7785026118028266,4.762083448690112,2.9169355595159043,4.362279865626482,1.6936303084937343,4.756816977862273,4.757204829360572,4.04099007190972,1.9848830232191437,1.922624179572466,2.0634503128967157,4.103470163239394,4.234911250113108,3.054518799124105,4.059219997205209,3.005897964248632,2.7904312214570712,3.514628934151505,2.5546336751684757,3.3164261003190494,2.2360478372509416,2.8385684499439665,4.456965386782847,1.832192427358668,3.2900325663909036,2.3645601870571142,4.077749986097405,4.275403779898251,4.520974155027039,3.6210757236757707,1.8722163693597922,3.033885449807314,2.5899133972349184,4.600542183600769,2.4549664841495518,1.9297389548132204,4.773882447382428,4.2821183381417764,3.4239882928658987,4.426578163079796,3.85608245603726,1.8833017654338127,3.725906068406682,3.335650458901306,3.638068901791985,2.0768887930120288,2.8064374857140715,2.43299180312832,4.049342716210869,4.34232246640902,3.7725519407997252,4.304780658648332,3.2555937992585604,4.05398003888054,2.6177664365905504,4.647045132203196,3.719469198360184,3.281851800632629,4.563865777871265,4.719350986423775,3.8955727619773888,4.279925590249204,2.7150554912916025,4.5570445207516705,4.824454857411032,12.877087314581061,12.419617405327532,7.406404038834958,5.56888792587062,7.537029480306015,7.151780239081615,11.705865208516975,6.455870041510782,6.936305993688569,6.878257424548973,8.21534906792689,11.631499317457157,11.027664569494602,7.271055547817889,7.602423685602737,4.142796559409363,7.094129352452285,5.520778073489993,7.205975087281777,4.913903309380212,7.999432097712356,9.835424158048315,6.145212622011936,5.504101499122619,11.665635926798327,9.869864324040996,12.602062726679994,7.208883602304032,6.525261436720917,4.834236499878625,10.37392127359951,12.448960502282517,10.842377807717009,12.588659708883748,5.386571499731444,12.294120801118467,13.198915571773611,4.925862247835142,6.736359768664367,10.667339610870393,11.653959966146328,5.621522861846117,11.727494085600693,5.738209683812786,4.344964975902208,10.955126343622599,6.277365713197399,13.041831668125395,6.952824528061117,13.05719473590881,6.979069101502411,14.890535510697196,10.19256597412198,6.938498486986672,13.33444768976701,6.9564495743814225,4.7046816036776,8.452912111376508,11.490549969192589,8.915029232981741,5.391690046358748,9.02940955180089,11.547707057037913,12.571509553262253,11.369162214284762,5.401799933183349,10.690195112949977,12.471100421429737,10.522915817237527,10.964621619692677,13.421533117565252,10.155524522617807,6.877562663028793,6.91810466816788,8.537060855100526,11.861868830323777,7.756303421041058,12.283227311035555,12.32124011422349,5.685596222804212,8.917665639979566,10.592776559464266,11.402905872184151,11.130218089214948,8.807907228812901,9.777987428729304,10.195650932408396,9.506948460890715,4.474720466490162,11.420783142677879,13.575070147433344,5.429492525228159,12.901010478234564,8.641553493871616,11.49877937169671,6.494393148979475,4.690265986170312,6.392370557388763,10.350736211292812,10.522302540760068,15.33549872853623,6.729746260764238,7.354950857336411,6.919772092293095,9.137974628595138,4.690051968406492,4.7621567769047966,9.613797675957478,11.02055732961914,11.854879918319748,7.599198945122628,6.789882276039107,6.375199752390903,12.576281358704286,5.248933556927271,14.638137424022812,13.00707256002217,13.490187879441082,5.929790884420686,7.730006567489416,4.917965714239752,12.638266439359617,6.005703051038872,5.9563935748098045,12.278285380359288,14.21703832354208,7.41011049285178,11.003743430771054,5.105927259169057,5.938076918890966,11.937260144900229,8.52010496146821,4.575229731069564,5.0104197974695985,4.680013891156488,10.13522035371557,9.580259122133736,11.343453062615561,12.220969059083867,9.628253129848357,6.368246609295742,5.270698063936276,7.827580134432459,5.606292084249775,13.019276696740198,5.995953835734429,9.531767932137573,4.731278232288506,8.79261692366644,7.764913890473349,4.523753058648636,6.275901422214952,12.615113663397826,13.43778790179405,4.716692950155728,10.276304077427394,14.16655054296953,11.978727085225879,5.563062625994461,4.978411183539061,10.162212695423376,8.684341187124925,12.32995861931757,10.273365536600052,11.45402380532968,4.322005798502676,6.125608794001908,7.041927567216986,5.955562841818891,8.545579768924352,4.84033193636974,6.878822501604892,5.819093575747242,10.051330925582286,4.527348836641888,6.564458623252439,4.714898502261482,13.350495671156457,11.36661200762487,13.090853976306397,5.310403666646113,7.4467877287571405,11.665005628318191,5.0879729721321265,3.787345602252441,11.125457447967804,6.879820652665936,7.609843848906717,6.4931210043785015,6.769025599370246,10.742770536508788,9.463325811216096,4.919079692206411,5.418995815498883,8.890958557130238,8.199249185277562,9.195976756810154,5.4118821701746835,10.968429381746576,5.917148997580576,11.52352246643583,7.16987288167656,10.734113629494834,5.329204993547634,10.346446523060063,11.830716433906126,10.092226456841074,9.737158841420092,10.478743935121589,12.690031817901048,5.8125474348809805,4.523048066190171,11.999505345688574,8.052103325081537,8.412867361743322,8.04408829898552,8.574930689743102,11.531236553208842,7.628868918783593,8.311866909581692,8.857813953685264,11.508203441756649,8.324423163207738,5.0022834762696995,4.771385691532848,11.45952223179113,5.2415592242264095,8.507740840837585,13.12962192815732,7.695814157275414,11.18932564405044,4.456820588895941,10.813956698540725,4.849977749623192,12.182766166174458,13.117106186200758,13.19699387548385,12.347860581687298,12.247646360780015,5.36499823497853,4.937162672011548,6.4645553639107245,4.606217586499603,8.380051920681142,7.148998963848668,8.420447544414495,9.315313329796,9.341308750756138,11.743195713823123,5.040413203157452,4.257541572481559,6.01256745562841,7.68703747973526,4.873205250244179,8.794065546125879,8.333994672327888,11.316582960173838,13.566306241460062,10.522266803216867,7.873284226094801,9.59335572527241,6.150091099699891,10.544351673042224,14.194195059479485,11.300572233351955,9.636414941940847,10.973421182984753,5.60355746715988,9.78918879043523,7.538262764791027,13.32853058447695,4.791541125698868,4.831922516415715,9.236448648686133,14.005699000510276,14.13917644910986,11.034920443854205,6.330619401051195,4.696974473560255,10.350085862529214,12.677634710371484,6.431526067177389,8.226324826519837,5.996292507744435,5.017023061764832,7.289046712202802,10.185859062008467,9.195194981561093,7.203162708065148,5.090067228446028,9.968439180714142,10.535702575985814,8.625060107632423,12.41317429679789,8.11747225919938,13.487877578514418,10.299845418770206,7.342783034384075,10.469069212397672,7.938018535717702,4.5424477690627985,6.636819643612246,5.377945825875396,4.677278982944106,4.426790455254637,5.547443020193447,4.408807691055763,5.601403595933714,4.661313407080754,4.58634094735889,5.336962129769764,5.355278914329355,4.312546703427044,4.559977131621989,4.042527018451217,4.445251353282452,3.780283679244135,5.067495927083543,4.240364968374524,6.604632084882162,4.714761832023381,5.93679263840881,4.336561317480144,4.0620881407481235,4.920016546674041,5.590756442206066,4.348539225404578,5.038895492350775,3.319347163015998,4.439201843573124,4.937350105552316,3.5896855835116686,4.494652678043313,5.686948921679347,5.122464215598204,4.998096298159896,4.621414022661698,4.555050114312498,3.7688571531884985,3.7720745940811886,4.671872651912252,4.546734347530566,4.678398681834199,5.456985699689094,4.558160987443732,4.3958821250114415,4.306794393917717,4.695004999029325,3.883955974749972,5.403593470127131,4.274377844658296,4.654194355219829,6.117154460759833,4.435126180047376,5.4795365964407186,4.181315835275376,4.084637598681731,5.767241406906597,4.346816937379285,4.983415464595615,5.735267633658853,5.689926224944101,5.452992296925503,4.689770348855506,5.771613055166821,6.2715380237075395,6.302719328227907,5.328057868940978,4.802037326660461,4.76953405635056,4.095525793717222,5.222153029599542,5.529052871071833,4.551876950462734,4.9869046242837936,3.2771944854829704,4.507588005238815,4.038812458137694,4.608055094516558,4.036827950778162,4.036585395829269,3.953586578052493,4.598182526355984,3.914406061052318,3.55275110259662,5.068400317552472,4.362822496490203,4.661688080787745,4.752681543185865,5.025400518973843,4.707744746580235,4.08261366522097,4.191297360477571,4.422012269346153,4.9160111789909084,3.305389861591812,4.373250865092264,5.912798398704712,4.907920250054065,4.209868313325024,5.679579150680505,4.232996343380143,4.50460051235549,4.828634870009631,5.9048906838806925,5.461978528891593,6.592991476559623,6.116259787594096,5.100327497848168,6.345731908824728,2.4828320473461467,4.485361385258337,5.994155611016555,5.145792076339733,6.119744865320957,3.503369895725247,4.787393955765978,3.4620064288323915,4.88780575665317,4.6459745058347215,4.500473147855012,4.420893104913647,3.8029688521781724,4.155524657676781,4.851631135833188,4.307548065462023,6.709920554879202,4.45634317631553,6.081119291529797,5.548604359373157,5.563537037309675,5.8537518099114285,5.248324462841646,3.6388734741327475,4.113749853246043,4.18164783132237,6.110655399978053,4.9193974981360835,5.588346178890962,3.5758734381845483,4.382872037612588,5.529059420474576,5.66292221103256,5.766038406300715,5.463387686456888,4.130221303811938,5.63996302043929,5.854340131619278,4.052681132824488,4.8441029179083905,5.080597694045584,6.10321677969779,4.42581390093654,3.8767778904458288,5.121695003273388,5.253886848972923,4.625905449824398,5.297678641272134,5.137604656835294,6.02877284318064,4.9892699908623035,3.8049797724504097,5.1543286747260995,5.358185151781097,4.80201070309697,4.1475441523507035,5.9213301632232325,4.594462309370987,5.32564217225928,4.554300502567531,4.245472540833974,5.426137734852109,2.7640136362413283,4.575206493405832,3.8492924567531306,3.1884859534712318,4.608594284766704,4.493129084161345,5.999597357497432,4.842777997707284,4.867097224454465,5.95725308455948,3.728014472487096,3.9484917801923896,3.012844094963556,5.478377225471713,4.24910667985738,6.6093579174694455,3.095646660541083,2.4445068075030707,5.888002254892289,4.286533970131348,4.186609729678206,4.022148573714263,3.873041301521141,4.7429836934398555,6.35241936162553,5.040613496677225,3.5285651993292855,5.5964005368314265,2.9465410087537243,4.544397650968949,4.253922725644297,5.623648727349962,5.934897590266632,2.8160339868401447,5.147131079837805,2.8708682804241965,4.7635399988304705,3.8731326584372145,4.365061500662709,3.288056582240929,4.594075796112042,5.283587942023902,3.824006721145445,6.3761720550497465,4.829591407531557,2.8166002861781028,6.330672904337695,4.387033291770185,4.731512607098808,3.252159417647475,4.932517656648632,4.822697807577374,4.6509092590213035,5.507869631930465,4.8595304601594576,5.027462088314775,4.345705052934917,3.563614761540568,5.313865326680856,4.234568423876322,4.61888420303659,4.110154089772612,4.6338153635281065,5.556266072409352,3.8883777111346514,5.102722492599258,4.270613498541821,4.487494669982135,4.908640033069144,3.9086079547111656,3.539517929681549,4.898129466788412,3.9692837129590623,3.3322021645912208,5.695499586720398,4.5900247106196215,3.7715817752453558,5.151060772415743,2.4170867460442245,3.9092977793453105,4.298664774446431,4.116315218541773,3.806294258605286,4.390316809829641,5.789243753129475,4.8689529272188485,4.179250059099146,5.52170543033507,5.312930905430128,4.2072065709453055,5.2937059137859,4.5907236443861805,4.610616933783114,4.307489582730636,5.564823177818179,4.7132101678491685,3.9066396604227154,3.9685678777120765,5.223761747782706,4.855265811944248,5.927759622541795,4.455052395345961,4.466596485865891,3.539262768017197,6.2035591995599315,2.922320386448158,4.295125450603689,4.901632495217225,5.018513010808128,3.6309572095110707,3.9697427106099488,5.288217634328581,4.235927996756671,4.991970031302995,5.581925885442682,5.949483521318443,4.501692089556807,4.600751192991222,5.141716224957296,4.748204606106237,4.811921896138506,4.325168663205937,5.074478589656976,5.027887042049571,4.009594838240884,3.6267787980263595,4.8111803379487235,3.25107013309864,17.431090471668117,19.564082027649338,17.561537509138887,18.762867663237625,16.06335297838579,18.147573512521785,18.691207465735204,16.014675376770946,20.4681771745074,18.845169939642307,20.029523969646966,18.66749116513603,18.53329565417793,16.203693830867884,17.982625277589676,20.320608634096313,19.58630551704941,18.756317975537076,18.3197723106746,19.63701071330138,20.47209250791287,18.03780867894602,18.57217143707858,18.542079464510184,16.812537604265827,19.77153112033982,18.685885798793475,18.083473493216523,20.148448241364235,19.435947092176235,18.921848543678188,19.825743561841374,18.886749268636976,17.606420338928103,17.217259302944424,18.708083440980378,17.44137094178481,17.308536019897915,18.22909270636362,17.079685271234087,18.53310837922045,18.408832670518553,18.691531214206652,19.332823895767586,15.834111618875594,19.863411215425494,18.98113425625511,17.7020452956712,18.697193403200984,18.62933832529104,18.337596751031988,18.838541371387805,17.18216490439146,16.83338443994805,17.518853864041315,19.64390288538056,17.525703927543763,16.466758563263184,18.874877576045705,18.10878565745756,17.188774451365013,17.40097794999216,18.087303279339118,18.45061537637457,19.41232368807863,20.460857875958762,18.367034888629703,18.07176669282988,17.26845646392921,18.148820470675776,18.82366552872871,19.927401008461985,18.508317624644693,18.385064280427372,18.379805781521643,18.652683419378604,20.007016718883055,18.00754166266046,17.332601031750166,19.124670756187054,20.27556191078877,18.662041538143693,18.346005960694733,20.00496091832113,18.951347601727843,16.173414811047394,17.65535880347085,18.142935794245403,18.971986172868835,17.261998961438852,19.705547254313263,17.522746520184022,18.6642394049922,19.039173922442092,17.12820822568762,17.136207091412228,19.841920594111595,18.219201822758556,17.51230480390295,18.871761895908477,19.787718963525155,17.669145976012015,19.562240150066835,18.594573865553798,17.58621037044409,17.563956743562343,16.64700349169899,18.391632840377245,19.64462676326199,17.555700805708135,15.297656404210032,18.288966826675118,17.4337086591195,18.760526148520146,16.644055935627808,17.20046569998669,20.725644376566226,18.73968097316832,19.921924952772887,17.96537153043994,17.613017903675644,18.63119946296979,18.64004418123778,20.641620250640504,19.06825218928142,16.868162197758505,19.696393212664013,17.70476885338079,18.498331603073996,18.681816735128738,17.356875856398077,17.37967655281064,18.525073191191407,19.025735283781287,17.453998893645437,19.90880029629016,19.113695561791936,19.64492300437301,16.55470046476576,17.590293648740154,17.971436585564817,20.19660804104651,18.755422462442198,18.18467566350052,18.532163588824332,17.31560228735522,18.062229963491166,17.570495454729926,17.609353716762328,18.683483408712714,19.376115067832092,18.120978155169066,18.48049488634956,17.663664867405014,18.25860650278981,17.74218026019912,19.997691065212514,18.22156301283134,19.885875854906914,17.285595346545986,16.546684095831495,19.151136086439806,16.82014917363122,18.22546739850987,19.54437148829888,18.958285118110755,18.28582259113287,19.00009973907758,18.305637112586403,18.077938520036376,16.52838230676143,17.991185038280825,18.723845497235676,18.32280158503403,17.207225252680267,18.704302304857027,18.628511100668433,18.748816849431133,20.024331692603322,17.411976282904096,16.801200227616764,18.579905098433652,18.446996568206647,19.213661900821002,17.4575942084635,19.628725578761614,19.116671997671737,19.5524471863693,18.81894536835428,19.999079912517256,18.64741503044656,17.824547269684906,17.687077407506436,18.196195472699724,18.943303920029596,18.57535592843692,18.42506225005268,19.405847859649768,18.37532164475858,18.03198978028729,16.87350397636572,17.191064707601484,18.15812337931811,19.097115453384607,18.75195660222932,18.193646527349376,18.110764438896584,16.907774011260145,16.9378712522223,16.039992522146097,18.242979480420704,17.084797704882284,18.777991116402053,18.3236682461126,17.450640580256724,18.486165194038797,18.8118514448839,17.587876560843736,15.622810112661842,17.599147709644313,18.60347681264109,17.70296303964688,19.065616716277216,17.62972968592968,18.685132613504774,17.42641794728177,17.62396928314711,17.096902724574004,18.940965435181724,17.33022754878932,18.285114338286036,18.465016324219434,18.974098806853146,19.268685406194674,18.471259320653015,16.1669372828985,17.280940071500023,16.852240214100274,18.082391034336702,16.85096326168114,19.307448254728207,16.469730672697445,20.810247253730918,19.87810609518334,17.460316898784995,18.3520016042156,18.89499848912268,17.683362724685118,15.779518049714957,18.773793069654563,19.94292451287837,17.072305243493307,18.643429964480863,17.35267535508017,17.531835393306576,15.99588520474291,18.89678971900358,17.26772134990153,17.579132714551484,19.658997076326923,19.338434805195003,18.134478063535713,19.513278637748513,17.586088410873504,18.209142522735466,19.327847060109825,19.009583457151273,17.76173454480206,16.659062132326888,18.43326305862924,17.451067264582417,19.74861685491713,17.274920963837943,18.85443007883099,19.127558667001963,18.033246056213745,17.64806531955065,17.08370058921232,17.693879320697846,17.908187084483746,19.08522463099263,18.45123640613979,19.631171143292804,18.351864298319573,17.46383757186194,18.385155629115612,18.387141622766485,18.903662157012754,18.032557106793103,17.957348619247917,19.58053976843089,19.398644422611003,15.952000815148526,17.378372685351763,16.846765570111387,18.190547069080704,19.741468238052093,18.244185931477627,18.217175507467793,18.850673337458275,16.69105445238364,17.02576877256638,16.43356589549385,19.993883025920347,18.97713689002163,18.375588541198773,18.340451647004386,16.01217389531237,17.30028185075002,18.370068091673026,18.466588558289633,17.283824418872033,17.799554569734816,18.303414844020228,15.983930081448248,16.869162293388655,20.991956235400988,17.10390320730392,17.414191601150687,16.367920813968414,17.06495711247448,18.756270685281393,17.88471460623069,18.41239973730349,18.18017190740762,16.72557357582655,18.641326127469227,19.43884290035042,18.63319945732844,20.32880227469976,18.54715857218442,16.17154165448008,16.484528398796325,16.51644904883303,18.168945330181643,18.043277038096946,17.38621437893388,18.991841485600208,17.6340339117897,17.72894760867895,18.70599605754333,16.741229396457868,20.545350913851824,17.621108742123884,18.43374195166324,17.371942713827185,18.730999757079402,18.054775261736314,20.342984583303902,17.809239615092498,18.272842939318913,17.549620847439908,16.325122520488428,19.14779777181731,16.96196625436308,16.495550984932976,17.1995794310844,17.640564856987968,18.112710818585366,18.037899177448985,19.848542383672548,18.237417682455874,17.686252242634563,18.806124466881176,19.13565949291197,18.99542356833195,20.80153792958579,16.45065175492603,17.550928220353303,15.985673554626695,17.8313896344861,18.130704378021175,17.498455351882058,16.54116252736989,18.916947654987204,19.447230256321422,17.91513547649472,18.69641582474436,18.990736839269726,16.38915018553395,18.330854006478273,17.365674428247903,17.436285940986807,19.06004094642809,17.351949606665173,17.9169962624847,17.59914071752979,18.314728306151174,19.732163051344806,18.679567153205628,18.561977612561556,17.527916301512743,20.19288314535197,18.276830845647513,16.710581379302738,19.045898722684104,17.547744996938572,17.505058610751647,17.560094449413526,17.914452321860043,17.816280997713935,19.75472485738418,17.070588833068705,19.11854388062208,20.629245571483207,18.805032270331015,17.793388609800218,18.34272115874166,17.382609425706857,17.81591159747491,19.462081974816563,17.332905105349365,15.624784168026917,18.42140070933403,17.97468012244119,17.729270487635155,17.365592962136695,17.78266197270575,18.253462969968528,16.56279915739949,17.751523080318165,19.40479439190312,17.079419790739948,19.060500167604214,15.644129615074402,15.562624594201981,20.574892322012136,19.811489279180336,17.265402116688872,15.229327900950983,17.9598643574288,21.043123636813764,17.166263780191013,18.91153821851124,18.02511403204526,17.054840435520102,18.389403633890197,19.253534509591393,17.052822394318785,17.579147674762417,18.920024718728307,17.60513933593145,17.25989187400673,19.053091137740108,18.228050209574057,18.629149674989787,17.736532233331936,16.46317665994271,18.28607736386705,17.94088048010648,17.629863895676337,18.71950682658105,19.000688154713888,17.07832486761588,17.23075075912021,20.491232398842577,19.34780687332129,20.64899777791299,17.941432033061854,16.459302461618947,17.3592100485554,18.029252964103772,18.732075198865434,17.36398459115063,18.163167916921424,18.61525159843268,17.76968802090161,17.54563685940046,19.287550247091108,18.996534923460526,16.491522655183164,18.354853188854932,17.294810691939407,15.925136905400171,17.15030060728921,19.48404273959354,17.69488243164427,16.53504627232253,17.85429947703857,18.294372404390337,17.96438616623551,18.581382093774863,18.837755102024555,18.062332868516503,18.87817642910523,16.780564720188607,18.696437390530296,15.914698364703865,17.637767234992793,19.23242713484634,16.183043241743402,17.977595941175746,17.01258020562661,18.361000587469633,19.472088444232405,18.256542427422353,17.04326714700068,16.756106244063606,19.421856317432905,16.89177485382725,19.5153783200642,17.801885677295903,16.436461827549603,17.971274631361073,16.662329638731187,20.311827763270223,18.64350502772152,18.11043949666713,15.375871655118221,17.790158263002745,17.400743173618537,15.635464392717147,18.45631670748475,17.38271151755232,18.625225972806724,17.510100749697852,17.121622862746417,20.844450915460957,18.392879438971466,17.16091787814367,16.501837495084185,17.366928787090036,18.8194202768693,18.2581130439634,16.39675070320218,19.395203323619715,15.715321051866697,18.079231792365135,16.85212226325208,18.52804617186817,18.726875283707233,16.97389953526697,17.651209305617535,18.217816751236278,19.649848047797796,16.822562387580955,15.97483246737411,17.19294959178171,19.365333920169032,17.94506984339297,17.657452180665153,20.29676803715797,19.78261589792683,17.11706995719593,18.305580481306354,18.236643878660367,16.371636599437753,20.070331307213834,17.514951626422594,20.282631237117922,17.285609056597753,18.660953410987812,18.436354087399653,18.27475232884233,18.906895749636167,18.60025931686993,18.891456597740845,18.574620115737655,18.584366512845907,19.542102750947755,19.138693726784265,17.80946071865723,18.14219995485158,17.034839522418853,16.286137072931055,16.655066025084864,18.387151276466447,18.468650036776413,16.717176930805895,18.167778171817233,17.688532323628454,17.758568009865982,18.777883396040778,16.813045266844632,19.89129225593598,17.988688410245786,16.947489779615594,19.96397866676607,17.851552187720333,18.40077040938709,18.293647621700675,16.66177219773576,19.981267493991826,18.993653315544684,20.498280157345928,18.912057288976442,18.140460560454642,18.402752954483766,16.796855683870117,17.195599384209807,18.298057951296855,16.846130798962076,17.813463834352728,20.979756112541438,17.602170628508322,19.14664472627394,19.087775792324067,18.383063024291804,17.777942400501143,20.22590029830782
25,2.052790105488618,1.866442356889009,1.805616562369933,2.016833994658575,2.066924288409327,1.7640730608398398,1.6727426027065668,2.5783622243176985,1.5398066992421624,1.880777875148923,1.8833790264688204,1.7170545593749418,1.6945337275535073,1.7211339262590937,1.870232946696274,1.7283711309528578,1.6791794994116216,1.8064823821318254,1.8764305939061576,1.919834356900742,1.5894675371747755,1.9471989274783452,1.902032427653744,2.3024447879934247,2.028426487771913,2.09786707553248,1.711411517193573,1.8399952067258574,1.5511966201019298,1.8695426849744083,1.9410275698179036,1.6948723829898886,1.9913035032136677,1.7913359124470993,2.4744245386888326,2.0219211641000783,1.8009314475565856,1.872787697309584,2.042076188318538,1.6177883400848014,1.5890763215574153,1.883466896208754,1.8350096530921662,2.35601168491682,1.8414847643238135,2.020927185974768,1.9060660301452332,2.0412021068240493,1.9236005331965977,1.9828739572643257,1.8745701573943048,1.7284344585989078,1.8074442444537657,1.8248388985910369,1.9063739553259778,2.0767920113366967,1.5240683817075282,1.9954991904521522,1.6533921816368753,2.6001008879936007,1.9400399346310717,1.892499298850006,2.03515355277607,1.8839066179632828,1.8767610428758124,1.897324238461856,2.0461220325176974,1.8108718226314615,2.081946193692626,1.70258412995027,1.8345257251688836,1.909261196999858,2.027641486899427,1.6591048321459676,1.682701732911707,1.8034744908893292,1.8867272877926589,1.9772526060175173,1.5580688183318647,2.0522274600017414,1.561452631777181,1.7157287029513102,1.7775382005958071,2.03434507833528,1.6629190290068052,1.9287877692625555,1.701392072148567,1.856408992366005,1.9539277045778207,2.1047366221198236,2.212007982513623,1.9388402153392863,1.8945544621924983,1.8509384699062956,2.1546218123423824,1.837189875131281,1.6683241181957804,1.6932723093449935,1.9913432023259598,2.0247308426130535,2.187362210039567,1.8059523542030864,1.823628095129517,1.5321094004864555,1.5894995321345617,1.6986091974187505,1.8128610764947353,1.5488457376116744,1.7092722098867343,1.7887322422585077,1.8107782721780785,1.6663003881811256,1.9255923870106795,1.8255632753774007,1.865987709937295,1.8199060648655236,1.9685867883165795,1.7328152519395215,1.433021834208333,1.5409500782445433,1.7592561891965754,2.1006988439520575,1.9523705807740834,1.5977789608956696,1.4241726170374556,1.94559902161161,1.7220767448058207,1.9060801149067292,1.9147844234651434,1.7745620922199021,1.8481715437278188,2.144456382627226,1.8958093865743466,1.7159791398658422,2.04005005065803,1.5524566784947216,1.6050197703299944,1.7430127986033168,1.6273995914386992,1.7285075869643078,2.0872917479176003,1.9107310935917963,1.7827647469476715,2.1155980226758833,1.8896286657763246,1.852081161783076,1.7965065218550693,1.8943284262912936,1.789452972647059,2.019447677717518,1.9789136506519296,1.841750390913026,1.7874176346649704,1.9743817445428054,1.818549695805691,1.8815546688055154,1.6353977582858428,2.002810393660978,2.367103657192127,1.7046702034045527,1.6354649077448467,1.8334235605671294,1.8277704599425717,1.9764430803128652,1.814698943880888,1.9461188733356698,2.2871366309278547,1.6100402228643311,1.703940667931852,2.153211922701364,1.9181482611058522,1.7040675953981284,1.7590123513353944,1.6230133219557166,1.6552543332267062,1.7694108521805987,1.811704504198026,1.924591530982583,1.6306151465020549,1.7647021588542087,1.9885758582192095,1.8335652984353978,1.6530485045524765,1.8495692076241197,2.572195853579405,1.8329449450361663,1.9590703908763312,1.6987682331129579,2.2049139727800378,1.7777845510972323,2.1129335132668987,1.8903964072267314,2.006835365572915,2.0339242773349846,2.190108840021311,1.7368166913206768,2.032613726734606,1.9123426142256554,2.0394869796728137,2.1734086594598954,1.6962204905684974,1.622179148747482,1.652254540605014,1.9530613978708717,1.7869608483564394,1.6782785407761307,1.8482532714068154,1.7856871770237157,1.7349347568814557,1.8027808778361731,2.4959252831145005,1.8997445018072607,1.545343492344021,1.8423306812361377,1.6705671613304067,1.949057721730183,1.8703112308025092,1.9193064117213006,1.7208854024876015,1.5659526131647021,1.8574984003327535,1.7672863747322645,1.914062186018306,2.1959278831444204,2.146045658418837,1.9047106151409676,1.4806262114056365,2.1663885201695754,1.4899169658018534,1.9083839697632725,2.077339115274425,1.844941607476532,1.6793882940068894,1.8749849729642964,1.556733479372852,2.023588243694462,2.218051142137797,1.7621043115850064,2.161945975884532,1.905527068928646,1.947142030173759,1.9025452271047196,1.5856946000936045,1.6463437129969396,1.4773782932895019,1.9185737140694306,1.8005991500439233,2.0090649395120908,1.6484040256773242,1.6904556957329195,2.492490267944885,1.6875526809997778,1.8488637580173115,2.142579364376477,1.8638941941261482,1.8503628520963982,1.879583112493249,2.073076660206744,1.8545933435495108,1.8864616772283287,2.0095016037481424,1.6804873079185203,2.0037332459312167,2.129399356172289,2.032809919553908,2.136259074875503,1.9255049437861347,1.807177231895432,1.8614951844751224,1.9004647318389252,2.0440431556700003,2.0031128072224074,1.8046711620884819,1.82296725636912,1.7761045965220683,1.8553213226491547,1.5067287918015155,2.0778516624226957,1.5708065095924946,1.7987462909997343,1.7202470931984122,1.8533251137897755,1.7966298067821653,1.712546462295278,1.6982163001591142,1.6810313130172025,1.991468796599478,2.2827556556788573,2.0569830263272775,1.945788195014689,1.9243274600336957,2.204567555189418,2.1728852348263388,1.8266663318108434,1.906070587781139,1.9440717736505564,2.0763581202453176,1.8010209740387633,2.012158936685232,1.8969242435906344,2.0871825189909736,2.365922375218555,3.03185877892048,1.5284428939909172,2.1327592945789577,1.8433946325325286,2.148707751228476,2.4000382263849067,3.0735628282894307,3.271790428223936,1.9128642142328016,2.313351837111848,2.1504991529105455,2.030023448085152,1.7149485493015437,2.0141028127208758,1.7647210016579304,2.087217114371744,1.5540700887085368,2.500954708356663,2.253800573362874,2.331701369040096,2.2790921087842615,2.418726631900718,2.172688123843911,2.580471760811477,1.7161761866476009,2.2711313694460453,2.273888370414995,2.0145694719746965,2.3264563211369,2.007647117686665,2.0648365150344095,2.081091668647793,2.260041869596757,2.1407664498037207,1.520473214955879,1.7781311960605815,2.1795624207653446,3.933562338882641,2.980106139317109,2.702341945947027,2.0289023819063607,2.4517367116723987,2.2213328000662536,1.573887565371351,2.8410309296451275,2.1044072297878516,2.0509195456807525,1.897518865531559,2.0420299441063983,2.103409983561067,2.5432069466913023,1.5759188682184673,2.2250389986008603,2.301844120393468,2.028081851845429,3.324434069383152,2.648913254855823,1.5706065771878828,1.4419170122589178,2.0906889394591586,2.2125020060466007,2.584972459295673,2.0716179183933914,1.7706247520020149,1.8580668374209826,1.7056261191028017,3.4403328554384567,2.0911251673091384,1.9915473338323106,2.1180111312588306,3.3958613693609134,2.373298640505387,3.1246418112356067,2.632027031864214,2.7245054109861595,2.3935298716494544,2.094772412179123,2.0070447133070073,1.6960465566884246,2.443113571764431,1.4508124016811892,2.105338034312767,2.0811806237942947,3.6905787277417286,1.9859067718887038,3.4119278499152714,2.005376511425593,2.3513109002400108,2.2495371021138433,1.6600593235463572,3.2331951852278737,2.4625407502163528,2.235170995318657,2.1795362561925193,4.075514879420687,4.795761083793266,2.0639642483360023,1.7699840168852812,2.146846161550176,2.3589605227962402,2.3244381148580615,1.9305670049460413,1.7240719284651325,2.2432790635921824,3.3870333888466986,1.8151363707032122,2.669852056795747,1.7299862956039207,2.0364214161029595,3.3003743021169583,2.12920003370565,3.5819016662040197,2.056730912998543,2.2378310502765197,2.367728866056144,2.596058807697012,1.657534615451709,3.457026485492222,2.3952231023997035,2.0770812602496056,1.94092525280633,2.048112621055734,2.559155994069018,2.1134497607647966,2.1040557153956327,2.0722713596829103,2.114605852823155,1.8479290821650423,2.757367320973337,1.3780817022951926,3.487606657058462,2.539126266453734,3.3821115860439597,2.5504981855717643,3.099962563517254,3.017270194505463,1.9084232289501912,3.648898214279065,4.081773698310239,4.341834098276768,2.744882881542721,3.9414096121684277,1.950068905294548,2.061210655234055,2.0456307723660347,3.7487373207681802,2.861958545206106,2.1833804646534056,2.271688475655149,3.395531409300113,2.0942823300356634,2.0501115907503826,1.799121846828065,2.0723608254131047,3.465711762668185,2.5588758696157767,2.751886148095823,2.387044556489617,1.867514072868794,2.7486007949800992,1.8805978131467305,2.298050672348462,2.013362457953412,2.0427573048465746,2.2141629829743743,1.8113557878735722,1.761096433956841,2.1659653515320336,2.150354948871081,1.5857863786617772,2.084678340420082,2.016778105777516,2.0697562200568638,2.3051258396204513,1.8324181096414915,2.432957669099078,4.611938523321244,1.4135664503079468,1.9913022182568234,2.52781212142965,1.947644497710265,2.2427536755264765,2.3986544029205366,2.4076169633466473,2.1319245683814367,1.8783393616524824,3.9292657125839963,3.982096933988678,3.32564169630016,2.2553227174971058,2.080251587570445,3.1069107165899252,2.059250147509772,4.76894756021739,1.9641582654563718,1.9566789754709333,1.828482794798616,2.1312111815091437,1.7880982931757083,2.0157967904279226,1.7756714870443213,2.6019838278446854,1.6512059084452428,1.596998658089712,2.6288586251186734,2.463783380442348,2.0044329822417044,1.6274670825200825,2.570297596022383,1.564124845055801,1.8471366158004532,1.7228030964448218,3.364117782640067,2.7905989140382292,2.21585062092838,3.1627056964763387,2.487895673690698,1.6444364604048423,1.553339799523064,3.459251610612391,1.6680095576192357,2.2405233468998937,1.8625809113092655,2.0820369513389942,1.72641137631898,2.141092205121827,2.609170677043012,3.220811734191762,2.4703172765149377,3.480130329773539,2.1028938617116544,1.994559451049869,1.9951660631283799,2.736998017620353,2.0234644291996613,3.6011013593996837,3.7617550039283794,1.6810008127802154,2.119068759123128,3.149631803928996,2.200186658155232,2.624352542425274,2.72231748283544,2.0080586853614766,2.3125383162009525,2.4759948213371255,2.1822354900833605,2.003161278961797,3.1224152581489437,1.7991101916244054,2.2073248793219236,2.484621127848486,2.87272519334407,1.9526767943376944,2.1440414180627947,3.014501628469249,2.188928238103887,3.948210242161068,1.8379924721838317,3.4003071433363545,1.886252103025304,3.1194281601770664,2.2052888653169593,4.299226785803777,1.7283436949665363,2.0540510768757527,1.7375185059288947,2.838175372714278,2.4827325594891394,1.8496245366014212,2.7053061267268617,2.4749912158721283,2.4559079026249133,1.9654972083517344,2.409465233409162,2.4847279996738187,1.819018675778262,2.1245288482349483,2.4913515608843007,1.7315624517200567,2.301534280914491,2.575587769780474,2.429719945482601,1.5629208598393487,2.176973187286406,3.077338345410874,3.5590973601728133,2.0182997307886996,2.043144032188789,1.9762473409340247,2.7080224083859568,1.9028302806080393,4.1094020877746855,1.8317290044465768,2.171146238568642,2.9953252976461644,1.5471439470885229,1.8289354313643917,2.274467633557568,2.8658178867476427,2.93786038347211,3.1063178412982513,2.2873391550000526,1.894949409797851,3.32225704251013,2.2942005449130067,2.231528635860536,2.6949851470863786,2.3038128451345488,2.954897688058451,3.366308005975493,3.2284199753399627,1.5531474220110473,1.3892506355279863,3.2037803255405723,3.1649577610080697,2.375854389981488,1.3658467207532543,3.1720079343897836,1.6957748905016379,1.3823656487861318,2.7196428432868887,2.2979661366236077,1.9876787147120818,1.6036056080598424,1.5594514088267124,3.30360621164307,2.6611477705652633,2.8157547259230453,2.6557201367977297,1.7964354119602606,2.804420571833686,2.619986058234728,2.1357800876318405,2.375043112109064,2.9518881451941286,3.1754578543353413,2.71101154986351,2.058262679208738,2.97552978228538,1.6614929804326628,3.2963882917987988,3.197017210669423,3.021085594086795,3.3077530873869527,2.352556969004871,3.142983212752403,2.3063416339865714,3.2215131125797907,2.8451709844180595,2.0892238922948123,3.1144834989226595,2.852569076421138,3.1550443590251396,1.5806887354521064,1.9105871832444643,3.148028034077398,1.1967317088858787,1.7032381859628014,2.8095804250812466,3.077269621098962,2.790513070603313,1.3147971392372027,1.667780171410224,1.9534617616144818,2.9834436125440282,3.362416774844382,2.2943169184071945,3.174653114053151,3.4145827461665235,1.5555925488012965,3.5062907916773356,2.30453981293706,2.8243420801272627,2.161021275194713,1.8826952571590974,3.1384548027774204,3.2582478283724217,1.5193497346947247,2.0549087088007276,3.266840021102952,2.547344923731574,3.045303796302738,1.9116511172266277,3.0375801682181804,2.0572707619661688,3.111840844632692,2.0843698303737663,3.172560803793998,1.8195539235221874,2.8007608934004935,1.6643421690851534,1.5380719833730474,1.2506837663189945,2.5406142640459604,1.452083443391491,2.929517276429786,2.1742399908720595,2.469360568146912,1.8822354122859932,2.2269930279391454,1.5556954749022545,2.136213723912666,3.437933549707024,2.326287653970814,2.520840286520828,3.418739683854506,1.4870063219261294,3.1026658561430493,1.897755408673309,3.3319369239509227,3.064860962354687,2.138716445849396,2.2224467287446874,1.8342012295354606,3.0727262308206797,1.6213797195574704,1.2849175302294733,2.345434612672171,1.6650914227100304,2.032656247778433,2.2480303414766336,1.3947530032884505,2.008049950714921,2.9945147551221813,3.3201761478842946,2.003018066013506,3.00819640442275,1.8604936426167642,1.437725221024669,2.869376169960332,1.674550842836538,2.0064327007688654,1.7736527657783454,2.2224026524653286,3.0814899292552274,2.9236765155871858,2.085065705293626,2.2294015693433513,3.3457805956803446,2.0381744919978586,2.450484253785486,2.2353697049458323,1.829938278112069,3.508454125129675,1.8170511551754132,2.517755067245006,2.9792806918118235,2.3641298425905077,1.960768813229,2.2856863396450073,3.266138158664115,1.6078630203655029,3.9923725422069305,2.0287958757160762,1.8716530701833671,3.178356338652111,3.095763720443333,3.2502449890718026,2.434274468556612,2.1640979760521604,2.191470443505504,1.761565674036541,1.3277476142685407,3.303954691457536,2.058483279608055,3.429712087450959,1.8554319521735816,2.754067435384692,2.0955759566932826,2.892705678665212,3.5080632451444056,1.8233769835995373,2.9334495657015878,3.0038476392866027,2.6849413127123536,2.196028784223284,2.218470932982868,3.6004877596131286,1.6170803818549746,2.1378649901203284,3.3806412745837173,1.8147033335552054,3.034754855482812,2.7753349325248937,2.02979582292449,2.716643724382552,3.1034219349016343,3.066993000824273,3.6966363421694197,2.9046283239969473,2.893787302481716,2.2979425615411486,1.4344296380608208,3.3289471679679425,3.070425829884096,2.1477025644218646,3.0548715323239937,2.0752660198375255,1.3760834797236305,2.0577435101473123,2.15453081196752,1.4881262825138752,1.5985663754470762,2.9566861793271837,2.0674407141582765,2.215693044724919,2.775394243610299,2.4358785917249315,2.516303995286884,1.562250151168511,1.8344067312899868,3.3994619929042624,2.9310345620264893,1.4294069160054572,1.8765663416544418,1.3286459348108541,2.1322512799109523,3.4405917780411204,1.123405145434494,2.281298188819315,3.501723737305274,3.342317627697506,2.0761013292147683,2.9710021491936027,1.1922928139524263,4.104679171951544,1.6004843144202727,2.1467975852945074,3.154765744054576,2.6807622181653996,3.4554415582221183,3.0497280307861523,1.5062370297671464,3.6249891097873603,2.1736971799464126,3.4043901892434585,1.6264537841837436,3.229965895141313,3.2391887204219527,2.6751672641390187,1.6513629152668963,1.593016720052706,1.4658945531840177,2.8639487770106133,3.1797487455401163,2.283116772537053,2.972491298309777,2.184321619223436,1.7893377712693668,2.889840936857927,1.607094267568906,1.641464901921973,1.4772251748655998,1.8896483178919057,2.999508845840331,2.7799290251262847,2.6040293228301126,1.5774974818586063,3.2126606895600065,2.656482977160137,3.3079686770708223,2.156011188169023,1.132837998773928,1.9771420200179515,1.6229674128684977,3.2371783739125206,1.4727833733239852,1.5022083911312172,3.879826992379847,2.7115233758248025,2.0933579887456184,3.2390529011056195,2.4435469614751977,1.2042396808868574,2.55668222879984,1.888044852757043,2.297906130969511,1.5928345182721553,2.238151566040876,1.540392160016608,3.11535777633737,3.3994316664900275,2.2077599208547554,3.1548571067898266,2.3411911428648073,2.606952197239472,1.5793182657873512,3.0289576379889604,2.8842091995193178,1.7834400309644804,3.2364009322388405,3.481688734421111,2.6821097518636328,2.632917443142297,1.9764411953763277,3.3122669611554736,3.276968663582512,9.842941835391903,11.542223133251102,5.604390179274597,3.877005417403778,4.9503523783892165,4.471731216630248,10.662855175527518,4.32222246592172,3.988722324943259,4.776832053574337,6.069020350933856,9.193102878079609,7.88846029657528,4.8962445472976315,6.701795706816968,3.0492488144902024,5.495331928169633,3.44215015323276,4.732849654927227,3.9573929523861193,5.280149786487525,7.202634718384638,4.125900586542227,4.667334353890214,8.788551507692054,8.85072735905036,9.25587181464651,4.795713436935465,3.763546908693307,3.0549944158556963,8.906544807253853,7.375057648159095,7.167200350971949,8.767356857395871,3.6910244801401424,8.420625483570788,7.968476613417496,3.9136832884098802,4.1731473509715205,8.305438877629452,8.241423259621383,4.851293368597593,8.81993112904438,3.442695079301661,3.4180342838932276,6.5730955233260335,3.93253263813909,10.039935687138819,4.828861826093292,9.9353891915864,4.8516033763614415,10.930492576856494,6.404976037422827,5.234240158155204,9.849263708939715,4.381567049636697,3.265544530061307,5.432674933000489,8.330191529889925,6.770153679316403,4.253362410787791,5.354526471817579,8.231590530780357,8.742638363684561,8.591686799191672,4.61045984111294,6.09740374597698,8.09699907804765,7.842949394788428,8.702073372211308,8.095800472370676,8.742670071413025,5.42053171925141,4.905852408418345,7.46244076887494,7.329290061645606,4.624977761911306,8.965781795008663,8.017102501642652,4.437573268816775,6.38290314939452,7.1385494914515775,7.001262465814741,7.014370439319297,8.276810991228345,7.6185637737351835,7.196297428469137,6.396413677708779,3.36473530848705,8.112161565065792,7.483089165010892,4.517955634562806,9.02224677184519,7.607900008373748,9.587703405550755,5.931205158318107,3.4136806371710726,5.001113894292129,6.68474285186209,7.518447362939044,9.685551583547753,4.859356715630887,6.002938887169124,6.518661213471589,5.993297305844829,3.513995851756654,3.5056785077909205,5.635122033670018,8.625219761630028,8.568562768472656,5.887146311370301,5.39056277372434,5.012493219975137,6.010732371464132,3.7549406148446636,10.30388294127567,9.088834357757053,8.72431999467483,6.405179746729117,5.315875218409794,3.2115977770883686,9.873283329151855,4.008833482839815,3.641040730101141,8.596216231171644,10.2151387078018,5.607277876396507,6.337890782317243,3.185119624934633,4.546908114802717,8.693663081950298,6.921159145266666,3.1847051685329424,3.554772428086944,3.4075117796314953,8.84759654276753,6.729883233569622,6.936863502267249,7.357642509351466,7.233844970764271,4.214047557702034,3.89960266176743,5.62859985227752,4.741567009893091,9.921641469466747,3.706897771990575,6.816830797004848,3.302989177612751,7.747708521606877,4.8672524914784825,3.22176556894676,4.501040634309798,8.737940511579186,11.591969189650065,3.270082795384255,6.141765584806198,10.927741907667247,8.425187787454474,3.218152770823793,3.4651307852116777,6.530584307606206,5.930996668075489,11.576672959958788,9.148875458697793,8.66313893647356,3.1121312794389584,4.345672171508602,5.589736025038374,4.096255385397494,6.111697046583513,3.060971493918372,5.50383084490791,4.36179992238443,8.17810563919827,3.4841641232212455,5.034209230067707,3.549543581277378,9.411754346633206,8.508991354924333,10.214934683473494,4.159523666736222,5.271451588785114,8.984537521987527,3.7796080003139547,2.959898463145427,7.34203955673564,4.444884979387619,4.887986918631101,3.8741725828893965,6.546978029903008,8.070071211427654,8.293388107762391,3.456780969995232,3.740623092867367,5.418852246260819,6.102631553369648,7.7131813563689375,3.5741598208542764,6.891861803160533,3.7279711926949037,8.342299710264287,4.235146019119632,6.896860207120702,3.531207528934429,8.869444268181953,8.43574547964599,7.290030352226668,7.929677536527388,9.423862641401554,8.854353024795646,3.7513982245505764,3.3343113629331396,8.545190726365446,5.493433071692496,6.560855059252791,6.066068766533528,6.897461555269474,9.969643978885536,5.386489837514863,7.046018374698336,5.944169230498069,7.605061854236443,5.810022149382356,3.6594763710602445,3.25154772081094,8.278130666186403,3.744397233955143,6.568888047144422,9.234744160210735,6.642300119614345,8.410218473244502,3.3848143853387422,7.321494164864426,3.582588972464348,8.481981684546907,9.176403998050263,8.83379149042015,8.34611869240012,7.834982279298679,3.7714494246981056,3.707238857840446,5.42171590653637,3.1780454653956776,6.5935154810712655,5.320635805447507,5.229466889767929,4.792581433457505,7.379719097257458,7.91564403791357,3.178996633349204,3.1999761523949615,4.540148334791838,5.955054450018455,3.493110785154988,7.201356906864263,6.384365790119057,8.832031251117856,7.466448335235276,7.790840590756189,6.803429148238286,7.218181280233955,4.133288665711166,6.056200606808789,8.978803178154898,7.722347123825788,7.601334801855442,8.310965475957895,3.9780642878074652,6.297934880315239,4.922788474625532,8.431180383111325,4.356353701765317,3.300805953067619,5.787570817339379,7.519273924583425,8.981613124748822,7.770010078953634,4.509496363493851,3.3276398590477587,7.559541851772467,9.766017230894526,5.030332046478112,6.551271545907504,4.385777708351516,3.648530728534533,5.97803882518932,7.137973341290895,6.384027833231182,4.953769987571813,3.0951661065509644,7.727511219264465,7.614528813673853,5.77827695024759,7.5189851874646445,4.3946845355349105,9.294769781640527,7.822587414747254,5.394351874553207,7.690231141917913,6.452223549317633,3.385692382388931,3.6417819244615135,4.961674819390273,3.143117655580766,3.226533917040115,3.207340305823824,3.297537764974812,3.974691086031173,3.282616231283,3.744671252665642,3.6333085707829205,3.904055304319995,2.981391434876796,3.776020158525374,2.9452523853930783,3.2169155637403217,2.0013712681636164,3.3566581306448984,2.848628320973,3.5463658609021778,3.9658429463401923,3.871757077190294,3.0434499977608516,2.52729028633587,3.106094930786534,4.002418033378965,3.239586667479335,3.152046431666748,2.2119411908857103,3.280745129320336,2.9441063147154454,2.800750195649854,3.509648671748575,3.437480938109645,3.174369385157892,3.8662863256770184,3.473255494697914,3.3724921226785693,2.678104679631011,2.751562298235812,3.2699634848127475,2.8597733370649636,3.7965012104184144,4.044817191697902,2.8310688645883024,3.1396155347630432,3.4527038180225196,3.296183825146898,2.4492623304254084,4.944278463838615,3.74767860350011,3.7988842538656673,4.189398589297398,3.1045836249643823,4.2501150223872,3.633961983502948,2.4631489841261045,3.1188063767532372,3.080045817220945,3.7606152251878058,5.123647735125475,3.98832663144611,4.007973368026709,3.140863186584813,4.969171485172398,4.47405066350734,3.356444394036395,3.551188496872165,3.0920340970155844,3.643766905166496,3.2704179548028796,3.810744591809549,3.0129686932439306,4.147713223205286,3.203216083290926,3.2461447358742666,2.591944397983284,2.535065052480875,3.4808151448487723,2.8349535038155547,2.550451221350375,3.2303899490611703,4.208771180530134,3.531049962485679,3.0990899390641538,3.6234405741477023,3.1532888683281444,3.650399494313466,3.511589135457068,3.229629198167766,3.441140702705598,2.344831745672658,2.6061458129388635,2.2948402695044434,3.2009085622372666,2.7421812510887946,3.02018583692098,4.84725156764079,3.3610603902834555,3.1070146764497535,4.027168347941148,3.7604672168601327,2.798129977564735,4.324835989383687,3.0742558826026976,3.642230725812799,6.076609124267753,4.236293615697719,2.9079518260384334,5.9853259719211565,1.9779667922625335,3.3592622782278614,3.8575801230488596,4.816436402785757,3.0733206209668973,3.1444914505980774,4.114709651256251,2.299892771871026,2.9673034635123003,3.5833440257601357,3.7800168610965295,3.1543679367757873,3.3282057619668115,3.5290902827594732,3.7075301619090744,3.0422652641035257,5.122796477774213,4.122059758708331,4.014576614588089,3.4312212353240605,3.5795698267313734,3.1102969486242777,3.760569390535071,3.038489198119338,3.2157050770057243,3.294165750465755,4.262110105325777,3.0945685975541632,3.913470169846982,2.4754802266015368,3.2922074155524057,4.80179952370537,3.671823478242827,4.091166520467854,3.945019265083688,2.6252184782249337,4.271829767373472,4.64502727846097,1.7683934917255264,2.7851842788583756,3.0786817783024163,3.6633812302052755,3.03030449784763,3.219965148418624,3.153442014963323,3.2667868253656724,3.37409230775119,3.3165304524844657,4.000818671473431,3.953975047432715,3.4943645014435054,2.5778688556745406,3.709989126588036,3.7234153392000784,3.663650403915145,2.98006430425062,4.018229424885662,3.3094372100292775,3.051081736386569,2.508546473500613,2.925421707087865,4.180218524236362,2.313474938912908,3.5740665711252992,3.1718443942391787,2.3390030798253516,3.058188679445268,4.136963960090441,4.096688436993423,3.5753005841645358,3.320980002625628,4.713215876422898,3.9247588489919987,2.83774911052244,2.1915456254549954,3.4122845230158427,3.006848754383304,3.689421663137224,2.456594177985783,1.8124351875154552,4.087704284496272,3.0963636759238704,2.649495886739347,3.6086381352505383,2.8510084241785947,2.951274064988113,4.171304181086139,3.3747986725625947,3.519404349881817,3.7126986215776188,2.300261377311783,3.6564467632348063,3.5437313414643317,4.179731271188785,4.676005712816624,2.273969166990074,3.109975208414171,2.313987389125214,3.9562750613023856,2.90210060213966,3.4014616437863956,2.2967175051234885,3.061023777205734,4.859533734689032,2.7270459059652894,4.82670445583259,3.078083138272268,2.3442925085365767,4.132642512478258,3.4838938812602844,3.382493510083871,2.3001147545799747,3.192241277651929,3.693272410788946,3.597093135705298,4.037877132975776,2.9966645319788396,3.7918994034488764,2.831667394347902,2.5328608068540133,3.5441378521211466,2.2767248335784047,3.454552200671894,2.8488670942841665,3.431954815643295,3.4561122976372975,3.273926730940252,2.9634303686852794,2.8727647484820555,3.538333174185908,3.599932137453525,2.8552434541437024,2.1998712301155385,2.4849492713812813,2.7995335097830827,2.950916899991085,3.7049895440462532,2.8086700242929545,2.517212206713347,2.9053702226130924,1.6140880454822941,2.6179990052062303,2.8983631402140304,3.612526048323987,2.7229509999315398,2.915622704396401,4.557542608435989,3.4028327143299824,3.5447412502812576,3.518569865080611,3.525329521465983,3.0028704596214406,3.89507115317137,3.340687532167795,3.107902114356416,3.338200431257925,3.6416813514496207,3.714305699285047,2.5031705424849053,2.470496319604964,3.2319344048770566,3.3617348379110426,4.719172448348326,3.622574071361851,3.2113213401923337,2.2392392832766075,4.312994532954888,2.1799145099885653,3.5298209591805914,3.064705890097078,3.417851105939764,3.0803897719062356,3.2389893659924205,3.6799737264743757,3.0663856239631118,3.306900948213601,3.5779396215690213,3.8437999594495027,3.252812076425019,4.20336013846405,3.112878138999717,3.14719691807845,3.0236501552323123,3.7744885134355264,3.506943322865447,4.036461785114998,3.1974231825037362,1.9880989791731951,3.3949675716335252,2.812111935154488,13.188807176871954,11.731282990851119,13.24277634708974,12.776346936467174,12.180196799508266,13.19709199164609,12.402488712561759,14.278682135301965,12.116268963406956,13.610189130340888,11.19395214150955,13.99722624316895,12.898063782066755,12.83325742747635,13.823930609556125,12.039927776560692,11.437755857267364,12.065191296598313,13.689738411893924,11.882547666083484,12.249195795299539,13.384045646898041,13.821302593654467,14.017111875021804,13.694122694279002,12.726607623596541,13.267683036753448,11.479810185695882,12.264717737879808,14.129169222105288,14.144103781888655,14.720613303027744,13.933007030370309,13.765971288461346,12.89090682325272,14.151187547930743,13.835989703594334,13.74580458371978,12.718294283500141,11.05730801394404,13.298442807397306,13.031064209771852,13.161356620655596,13.729726117272627,12.074392938328751,12.548739265554467,13.897585020848096,13.334126438556794,12.648391046569754,13.188727701115882,12.535351586026515,13.996437595764478,12.16296342085735,12.329267498360554,14.826797860770604,12.02001048612337,12.762142629813038,12.541819336711828,12.388769338465105,13.034375797780895,12.924832899664652,12.397484362755065,12.719818143852244,13.98598642713146,14.145488175587271,12.257891742306018,14.340488330648746,13.45374354529794,13.088926633870871,10.429467067553002,12.401820348426853,13.005009054169884,14.204009144816057,12.524420301212103,12.744049581927284,13.209826605045002,12.401338238817289,13.603181888684428,14.025271591936322,13.946402100030866,12.291203997851786,13.34065972792377,11.956655376815066,12.473197902019928,13.177543699895542,12.21217045216531,13.844487158774456,10.663198374762828,12.939355022298903,13.832220240721862,12.611037801067878,12.673189943835853,12.926241356900675,13.660654018647174,13.211487164945705,11.989833091905433,12.998797901703131,11.925186957377822,12.814234901798498,12.480249785419137,11.947255985872852,14.231988699813582,11.714136011335512,14.484099402930354,13.055845962698452,13.111218582460483,11.838038097337085,14.220044213962339,13.291639155205447,13.970528567723719,12.746517220903423,14.053670492526022,13.290620356094268,13.978205420575037,12.310392083011257,12.916980125886148,12.358739084328123,14.056535536445821,12.97019388705747,12.461145177681315,13.680716366524663,13.355888688039236,12.766811601699855,12.063584848758408,15.88965051903026,11.661536833202215,12.040585075840617,13.870691167522736,11.814116914832331,14.292926876469773,12.841320502305647,13.873590569071467,11.758652270490874,12.559828687270668,11.82059388363052,16.086408355860957,13.760769685465524,13.906341785687907,12.780106834505329,13.694743687381793,13.966534594663651,12.283138959543452,14.130769293068877,12.790635144554328,14.290813838288106,13.822390209438918,13.823857512498254,12.772996733593349,13.919928249437094,13.367082671559146,13.029130357458351,11.494188997462174,13.27419686881216,11.94201007721398,11.386666434689925,12.901306514306555,11.093528032939224,13.926834698344752,11.472964757245254,13.112185270639104,12.760518519452837,14.382402979752042,12.451453217817656,13.204194901956157,13.958771428440459,11.846655896561847,14.251276715337637,11.659191832476896,13.265030308084391,11.44007287260362,11.879193684616453,13.366771137227001,14.124531522948782,14.207713008208705,12.040965610958983,13.757015373937968,12.919191400515842,11.788018691393921,12.425310892266598,13.108615940579286,11.428688583715823,12.272497425931757,13.945912042882307,12.298476174068217,12.966790755774268,14.55985637223171,13.893713704379858,14.578651391094958,13.984696466609426,12.381685236472237,12.006003093002679,12.426886643970626,12.441472752573516,12.087030631358877,14.02930858535854,11.596798650616654,13.010221795896049,12.640761573009,13.998060034427338,11.985179015543563,11.60306389704086,12.513639841880645,12.758716749857143,13.808860618137226,11.76927488977453,12.663407476257472,13.580800702224593,12.539394702361532,12.03919692736309,14.227672671532998,14.30379999421171,12.778404264122067,13.347116290173728,13.008233835687538,12.838659189674978,14.30519722793265,14.429946602652652,11.694323867669072,11.99892594638739,14.762164281737125,14.08164320803375,13.05204503538969,15.674198199403248,13.270950128880772,13.586512215506387,14.002548462857384,14.664708976590523,12.870329017417124,12.562997225412339,12.23424323748946,13.397453319789946,13.631190743582616,13.89158603054064,13.9887309988692,13.144879530508568,12.23335728541379,12.197341254848629,11.949484713808218,10.552460526818496,11.52413117666703,10.76644686235344,11.646844240191891,12.356755873730572,11.957173432363303,12.74024764104988,13.595971205118225,11.602862096889387,12.264424544099047,12.315761776648849,13.344671730809418,12.487427910570442,12.546379366705285,13.320768179925906,12.772334960777519,13.443916532071203,13.949231292002715,11.829477500153361,12.268519957401695,14.251824461690866,14.610322876257879,13.470123758209017,10.461181960807282,13.339189572921509,12.941760402247567,12.22204957739027,14.132150779581167,14.141494735081102,13.314577543023026,11.927833034683324,12.762940094241353,14.78206480453558,16.21066056566014,12.837400621981157,14.28954458543497,13.883603418949942,12.787494145497785,13.608411810408494,12.049847554793455,13.673206519035535,13.228760035317459,13.901833200505251,12.337103347833276,13.882483667010954,11.176440244926688,13.176992854839536,13.680435473140793,13.328732853091955,13.461090981040071,14.418134433152495,13.953589923389895,14.443873166366288,14.221236532109494,13.909926085995632,12.730465637482668,13.037739706019225,12.01033335828374,14.70834342899418,12.659692988455618,12.765710280648602,12.759297706236378,11.6917016876029,11.824113311322591,10.483152385755721,12.843361026245725,12.409862467451704,13.197007315078311,13.397383556079314,12.403757684244113,13.53482067408731,12.711690433601087,14.006015453520172,13.610049357199914,13.26122337935228,13.970731334419563,14.795377387913323,11.45247596162513,12.328371467648813,13.53430794075838,13.0661993867763,13.989972883972769,13.059889093676794,11.51098784384667,13.289283999199016,12.678102033088077,12.893142884381326,12.654178840466077,12.955418176501627,12.927275854926753,14.322925443125309,11.467082583943338,14.854070713252131,13.538462622192238,12.57074368015724,12.062790769773498,14.134837769182866,12.902304457927178,11.368995606870355,14.247592061959605,13.885270664728361,16.00088173745912,14.370365740167655,12.456532516513317,12.442172454229464,13.247798368269493,12.67512145102838,13.467795981819926,13.423405346172949,14.494233179276454,12.210004262712435,13.65380945600937,12.0559602421753,14.103318685684853,12.106839430340699,12.186820633183489,12.44483224103253,11.285371313918894,10.628349849439555,12.1717524358074,13.526533457636349,13.446929612363634,11.989605518696594,12.697360055788751,13.84904670510096,13.370923470011379,11.552025973224223,12.018219721506364,13.787945697055942,13.313047629597705,13.670208571652465,10.063970324794425,12.46416674735312,13.837114083935852,13.1927973028555,12.521299482228734,13.1162482129805,12.952569254247932,13.464999963031373,12.803519520734852,12.751789269013527,11.678631970041222,12.136230810620718,13.424063327734686,12.059643415981972,13.68107863146516,11.974178519436038,14.118503248596891,13.018904850900926,13.307342501208007,13.559893545580351,13.336821626218407,14.8355996628675,13.378482108118911,12.926593634475308,14.52430299352387,10.425660241268515,12.99019279767279,11.663002966066033,12.255337985503054,12.152246687995506,13.91077660687107,12.822518478437319,13.01223740904049,13.972223583366485,14.602148145691254,13.30613061462072,13.977361321535769,12.557441317116776,14.343575639670677,11.971624275338238,12.096957148583627,12.10954258407282,13.604505054963953,13.157028475946806,13.34911501435606,13.423527311720482,10.661761988277856,11.053576866739641,13.281118986356521,12.88566017589021,12.6493898422217,13.964139162931284,13.439667732417915,13.328635110738126,13.943220272823805,12.746412961710819,11.041422902778352,13.376626184888861,12.846995778463302,11.96458471530218,12.158174403833026,11.842961005303568,14.162367021977367,11.947047907382013,14.365255252851235,13.142648327748535,12.027696068682305,11.953162146379569,13.388996536787408,12.253794973921554,13.838808776853675,13.130478655447915,12.892462481823513,13.588806146820895,12.508087317539292,12.538749542918191,13.868240163170084,14.962556629084283,12.763836578214532,11.415347762470732,12.629688623817131,13.064491347368502,12.913130173969858,14.523309709404277,14.54265877888213,11.711008432539858,13.61586743751118,13.864496950416958,12.177132671237905,12.845463269458156,13.160916646834773,13.02580185401978,12.79505977394141,12.89329034896947,13.198400786279855,12.552248122837518,12.664734644671894,13.528669144737373,13.190054878648642,13.962106488903697,12.201978412440235,12.136148825616484,12.941359361207219,13.282529439242177,12.60477787631588,10.526576945981779,12.923003940274583,13.838608161573003,12.160209095432153,11.13151577852277,13.049928911518538,13.604854777427184,12.502449529030061,12.284536388465849,11.986039699675871,12.384948275710466,12.946394990319096,13.419761030892921,12.097385205842134,13.383023576938344,12.116986213803322,12.049539048040458,11.949157840521055,13.171772222590056,12.596764768906723,12.337270409431738,13.506432940894479,13.224259009403056,11.754463080515091,13.831205235818043,14.718475141052108,13.119487765482802,12.912919634141527,12.407460764179326,12.65695639925777,12.967002323831506,11.400045963859549,12.831481130274895,13.287367343838284,11.774261531380855,13.453402437709078,13.26654316534974,12.27383288701686,13.541583847097089,15.34870201788611,14.02117881408921,13.051676480381321,13.296056768299717,13.08418904044483,12.863172249168565,12.419791083277849,11.343268591561385,11.518236108746938,12.642682958232422,13.406228287842287,11.78318830183141,13.355899403700871,11.621153819600126,14.918567632051124,13.170741145023557,12.551189381102471,11.145966183794433,13.064987943668292,10.529727547842036,14.099561379233563,13.832682714595283,13.334601273696885,11.53730961213637,12.863028539284166,12.417186213882017,12.0863073589817,13.508040438382963,11.910003418025905,13.37871399227301,12.503159980930882,11.966460842985567,11.729332063387057,11.698507946613262,14.208549282643414,12.61356065012144,10.83380479887848,12.44373713317866,13.858061394543688,14.855521993192767,12.4837013595358,13.239650112778945,13.531895777687215,13.409511175674172,12.848899697462375,13.406438316593805,13.80076458232032,10.679838491404938,12.686717221670362,12.746933175400914,13.652779328958824,12.551205746750291,12.563667992673661,12.536670203253669,14.735610995541819,14.235531767514649,13.14606837133271,12.275663183497056,14.123790504022855,13.689941728881655,11.812525763593023,12.260889487404258,11.78212213060779,12.625774462751755,14.01938190619238,12.547466198978972,12.92582007588172,14.204926043640127,12.868494264628072,12.98000580349956,13.007979977591571,12.467722177980399,12.999084137182244,11.069201599632223,12.59325226465438,13.194927069962853,13.313277518940719,12.638529522873863,14.143965434359991,13.263002362301807,11.987190145077541,13.430865966084655,14.054029670694705,11.148692966699981,14.8298491658248,13.201471827025097,12.932814368918105
26,1.2279509026115867,0.8913080636707663,0.9472677006589004,0.947019991720613,0.9186429132807165,0.8453673756192631,0.798309702889682,1.013729964498224,0.7744587550745528,0.8433439479727778,0.8695352716930024,0.9751656275104844,0.8349199833278351,0.8393760964929103,0.9942832354429398,0.8009038247929023,0.7962012277809369,0.9454352008220508,0.8556616909002639,0.8364713005763836,0.9359971589919814,0.7978475703241786,0.9192521845834156,0.9572682717205616,0.959229554496418,0.9811873856305207,0.7951504551646759,0.8827061363467651,0.8391705090800462,0.907300580585878,0.7152252304404174,0.9789876799456073,0.6939846968243073,0.9624241506430546,1.4223430658515905,0.8050809249865655,0.8250374609758224,0.9178937209763677,1.0888974034246635,0.8484400039147086,0.9457918532791568,1.0026733496115925,0.8276191162570746,0.93805053885049,1.2270317926932686,0.9734776620105915,0.9138808173490292,0.8120251013053906,0.9204727990842382,0.8421685169212344,0.9270755491084401,0.8343736216208646,0.7184765505652295,0.7253015536228015,0.7630267479228671,0.8575531066110365,1.148573925393262,0.8338597373542946,0.8964764121990059,1.0145235620849307,0.6865242369206694,0.9067709468518815,0.7826016650182832,0.7344520032099638,0.837123326124164,0.9675298820851412,0.7084464854196184,0.8884867335253652,0.912052442708775,0.8828838183496007,0.8919010756203942,0.8214635558240934,0.8467937101029003,0.9024426505540871,0.8843053594549911,0.9393073518609898,0.7130093411245262,0.8403331760997942,0.8473857153683662,0.6876878185937763,1.1789314312160002,0.8076333445339379,0.7478652672418491,0.6877133348882819,0.8727279910373077,0.8796147138793249,0.9173623392911558,0.894072911609347,0.6066359808967222,0.6693130244901145,0.9288063587467028,0.7619526614886825,0.9650295464068008,0.8255358233575093,0.6100964884905176,0.8882899308626819,0.97247974133096,1.061478572134671,0.6805543689744368,0.9499543173216711,0.9293617802730508,1.0836767631940247,0.9012947111198785,0.7938692266351489,0.9511148017814565,0.8206650576722279,0.8186663152614698,1.1623001606612264,0.9891824346210109,0.827745676322507,0.8764441322339682,0.8504003202780012,0.8381250752450007,1.2103636417265995,0.7643661354704216,0.7934747223332499,0.833942957390811,0.8881206954493477,0.7573565930162174,0.781412419753425,0.8469828951918696,0.943744460283106,0.8468372417142253,0.9444272827206537,0.7726753128696061,0.6638864345172304,0.8665269992014214,0.9304911584479308,0.9466344104470881,0.8473022766476663,0.8012285996828286,0.873936027269123,0.78278391958437,0.8057687833301751,0.9492587721950726,1.1639449586503814,0.8515595928856402,0.8134860153979665,0.857752114478669,0.9994929771242366,0.6667667168531617,0.7491437038493811,0.8481932633089946,0.9680357087035678,0.8400010401469292,0.8949837926101187,0.932302639560024,1.0010305531541208,0.8871406018599205,0.8355535552267892,0.7116775872644481,0.8203248226360078,0.8374455230178982,0.8300643895831366,0.7234508479437519,0.7656000846538943,0.9221649698265088,0.9705536604882082,0.9481533032701771,0.7909295431351311,0.8835144840133341,0.8705368156858228,0.8872671536230897,0.6884921551234741,0.8007797293516228,0.8211614271323336,0.9485788545985943,0.7798131505848186,0.915930236927449,0.6117050023926599,0.9260332053728586,0.9153728229839438,0.8267450663968995,0.8453680500048638,0.9730179008601219,0.831849123679819,0.9173084704125045,0.7527321497525971,0.8482689944342251,0.7833020844640936,0.8370365135867107,0.7148401303514627,0.9581907836800824,0.9474158567676699,1.0145671310060163,0.7232024295022077,0.9639589934018871,0.9840188469666119,0.922027510877734,0.8369722423407102,0.9679519656022149,0.8218490054476085,0.7765266593543413,0.66023680216798,0.5821129877930072,1.0447804236865508,0.953514439110108,1.1995583232606077,0.8032140382263008,0.8926130541363155,0.9185571292240373,0.7656437162501881,0.8455263966290767,0.7102939271596709,0.8061165819668901,0.9050553788258489,0.98516912357539,0.8245587818195756,0.9004335934086329,0.8076200156308295,1.002088614176656,0.8232156973551676,0.8205944631431533,0.8739390437729395,0.9783743991700482,0.687096951120302,0.8397020295575486,0.9022674671505589,0.9698157096321985,0.8453137365357359,1.2074761409406733,1.1274707391069294,0.9398776484533261,0.5799827676305482,0.7420137662977522,0.8428299958857249,0.812348737477994,0.5917859705994798,1.1494464350497302,0.8469575504655312,1.0103485146106896,0.7998180429643714,0.9646000810293888,0.8454492524972153,0.8408536420373525,0.8345190945453317,0.9358717207246209,0.8310344717761533,0.5722797630755174,1.0080392144463368,0.7973399978806219,0.9234893507618365,1.149119064298234,0.8865664472025406,0.8223901042076142,0.685765466017255,0.9104371077829928,0.891272612594683,0.7504120335788761,0.9254817552989563,1.3682585400258973,0.9779558766724386,0.9011174259413822,0.9308875384803027,0.9443909026636156,0.9573022959152041,0.7431104278884527,1.0399753396146827,0.8943801674961043,0.758154042060149,0.7849621503727392,0.9202227228346238,1.1848230587565487,0.8654672676961899,0.958526051161441,0.7407004513816224,0.7656384126722761,0.873796257736853,0.9257879758402058,0.755669500139981,0.6622414408336798,0.8420698902101688,0.8116650897115212,0.7634254419321358,1.1230048214695798,0.9580936978027045,0.8134825833502831,0.9405565704567094,0.8523591908261838,0.8777228305455999,0.8006354217510182,1.0028649290242513,0.8160932559221478,0.7973367437992419,0.8528409688812056,0.8059370672239194,0.8022812427033511,0.9519139670954586,1.2048647096143903,0.7836940426350631,0.9921229868789987,0.8970815585414614,0.5887856536358963,0.8348161414320047,0.8932738513207815,0.8010505159001718,0.6466578217210222,0.8173319466905477,0.8517016904519281,0.8307239909896543,0.9216700209573185,0.7178796543997698,1.3505301429702539,0.6535690000242808,1.2401394408532789,1.0415184836693492,1.20595567687748,0.7715253177620461,1.0859031476311118,1.1636472861750053,0.8745206562074966,0.9128184286116736,0.9782596547142569,1.1761011318966295,0.8934005581297974,1.0093918861508866,1.070445213906836,1.2815271534544375,0.6353240475517393,1.5326369936566446,0.9324035302533579,0.9392334667158793,1.1104199573701965,1.3972186519944552,1.1277688109272317,1.727133695219443,0.8310322121220143,1.1174519542436063,0.9338258521186118,1.0227300863615088,0.7116514369332425,0.8295260737243878,1.1110727005207028,0.9057528316396632,0.8698084559597093,0.9205410363689905,0.6767149498451933,0.8354407515364889,1.1851927632639216,1.0821588986966058,1.2977131432038491,1.1204803328816761,1.1847666054556658,1.7257990240156191,0.8530263577630119,0.7237344989268466,0.888851993858097,0.6742223121806871,0.9924229105491106,0.8565817204012697,1.1078203232467438,0.927568511591167,1.0532088077792567,0.8004486948974382,0.9198880964063945,1.1118497054281933,0.8605066622948055,1.4631772291569252,1.2109874051178138,0.8534473017751426,1.3275001467213214,1.293008534478536,1.3543742035607897,1.7375159509656213,1.434362769765748,1.1152082948486355,0.8359255362929824,0.8731082774645853,1.3673803029099179,0.9049532070424967,0.8611175729104027,0.7042907429692409,1.3803112667136384,1.1310636067059832,1.1823578606397736,1.276094705684666,1.629599647074077,0.7008843626902983,0.7446200068447492,0.8585658317700376,0.8908494436767238,1.1414845352694611,1.1870827046913486,0.9355486923927278,1.4429570957052293,1.5828577222662892,0.8662413128944191,0.9257526621897336,0.8843481623213834,1.1863551827444792,0.8694575189212607,0.788198217740567,1.4864378442034465,0.6765146520711053,0.8314977043284224,0.8043481192665466,2.039781377668748,1.7841110461364358,0.8886609053820687,1.015118374171091,1.2196209182723408,1.3774871040190204,1.1208501859813798,1.0967180562356635,0.7735520798627842,1.0081034600740797,1.4333028812782609,0.9888491947309479,0.8360110995984248,0.8967152434004032,0.8306923660939759,1.467530887023869,1.0315793308988184,1.5759789051945077,1.1600927344259964,0.8788077513931153,1.12344169857594,1.7054040856529096,0.7993147974566528,1.6485950666622284,0.945786169312422,0.838514997442128,0.8955804731384749,0.9897140715022948,1.3747713430239061,1.3787172345861203,0.8634951860279978,0.9088857430210674,0.6822132043103648,0.92835993041894,1.1905319526021934,1.2064451738091642,1.7268580074365505,1.2487020975016085,1.2161921386822885,1.0545129567473333,1.8486108560046755,1.8282465997536477,0.9660954305756149,2.261327372916901,1.1625643549433344,1.6973356970031244,1.1266375183035011,1.974438911992076,0.8485126651414506,0.8741545677697893,0.9233827657008334,1.1470025827921646,1.8300260553924919,0.7954601802924012,1.0803182175575627,1.0427055134955114,1.2941427937776366,0.8449903905297628,0.9069515515841893,0.9434725467679095,1.3716794900407219,1.3131839622004362,1.1890043554136884,1.1407511603388685,0.8820106772299285,1.2614874473928335,0.9103878998732504,1.0705101728404616,0.8763532036019234,0.9028623021967537,1.2371857178475916,0.8862017740147543,0.9996805510104041,1.354943001454306,0.7848058132466531,0.8971712917259828,0.8987685093365733,0.6651184026779655,0.9156003482847335,1.2908278294626279,1.1829155284823347,1.2275285681254349,1.9032460810419327,1.2680726294155096,0.9156838295465226,1.56428584257869,0.8506470438999257,0.8594256064015311,1.374541961892531,0.7025631195219023,1.1652573253230982,0.7561703464989271,1.0884023175155302,1.0948173357947322,1.4917593917379797,1.0482145500980316,0.8128176068961405,1.0899507037398992,1.1652252043048155,1.7922181445172904,0.8922690270952557,1.1014333687650513,1.0663864206944444,0.9358245046156899,0.9444771286566245,0.9456164362143981,1.0410092846278092,1.74121783010627,1.8706045112999632,0.6259622721211456,0.7706595348357305,0.9826944867549386,0.8855735705505726,1.133247619944229,1.252745686198057,0.8572929484544795,1.9979379969609123,0.7647498124516433,1.4823462832611431,1.151790230978283,1.364358304473309,1.5676538081689178,1.317961275025947,0.8558155323899922,0.6926350691757176,1.3727149374709815,0.8159047058925419,0.7871328524292428,1.9882278056500144,0.9386655932003395,0.8817229238750921,0.9196249285777017,1.7722902504069473,1.18464359543175,1.4572448144994912,1.4106394881925686,1.3798051898910306,0.917595540939743,0.8416036581036844,0.7646024455815674,0.8624759105517011,1.5588704629478551,1.3278476980331793,1.1286747095769116,0.8675971568338962,1.2990934177976854,1.254956719675552,1.087831672411164,1.0453418566469512,0.9275923398596821,0.7162969465140198,1.4773771163751817,1.1860545755671354,0.9020963064106107,1.8028359925032986,1.007908611081325,1.290375572834953,1.5180606113914,1.224051644906309,1.9863685989667963,0.9761719235648869,1.2187093583248574,1.4104456177248523,1.0810018304736277,1.0157760682279644,0.9077404258518049,0.9746940795248602,1.7831662958170234,1.0018182433895217,1.4797281793209978,1.5205699470843017,0.9022723163340499,0.883698347313669,0.9264503540512685,1.1729191506388275,0.9536853750102662,1.2977133026509116,1.5127318910801433,1.4385338298270844,0.8094927924213762,1.4363335015110297,0.8848255686724396,1.136719362126977,1.3736908071823204,0.9200523061970868,0.8953910345701449,1.1015169666353573,1.0560043058632609,1.2704633162073884,0.8184710559525687,1.2697541547288156,1.1750933266800212,1.1620299462768253,1.130017957027888,1.0453687828310603,1.028812417172551,1.4425555732120294,0.9894879423838763,1.433268614691558,1.0528995753333783,1.2577237710565714,1.1373684545486478,1.615423983977963,0.5432390660291414,1.0149601190896411,1.4714441167253365,1.6858229080738933,1.3995590341057382,1.0124656526260252,0.9442496934341604,1.6510867487413052,1.802518791105142,1.1152568143025299,1.3540658676405462,1.7966202052536013,1.4569668631067976,1.2981596580154144,1.6759890716145778,1.1713832318433526,0.608235432894665,1.1724042858032733,1.6289748368307513,1.0663536528938418,0.9013724959666415,1.3159672049433988,1.1692545432424795,0.8979908257531373,1.3147741730491969,1.2478065790172779,0.8622770241039446,0.9764073309685204,0.7471612175731378,1.6271897742603993,1.2970793607666655,1.7306767431314662,1.1262055517121352,0.9651620353326461,1.7409262041236748,1.0429725032658481,0.6788725773972138,1.2492142719428145,1.648724837865808,1.415742901684776,1.0047418400922241,0.7960711907862806,1.0763647344975311,0.5781944319710771,1.545878955503831,1.1731865186294863,1.4442866567572765,1.470088381610155,1.251821105417997,1.7193740474356,1.2901320393332996,1.5628019292051443,1.53539389854912,1.0470471833833184,1.4131965732417726,1.4760172866138186,1.0970252208551865,0.854582019073143,1.0441742015934738,1.5882114649994734,0.8127618570347497,0.7415851742799058,1.6958233247189956,1.6318818212677548,1.459732343435488,0.8431547493371722,0.9620248163674319,1.1361594383748288,1.4870589110337604,1.6259665744505785,1.0298952485421609,1.6388344670172774,1.674606525551228,0.778376214063497,1.5458052234820385,1.2303826343771223,1.0315885812779515,1.0955252062551317,1.0542409076636403,1.4326253954989596,1.5682267358473756,1.1743809338974938,1.0539012031120274,1.038409198971722,1.4655315516065552,1.1691183983218154,0.5318275264422303,1.1915565373021397,1.0698541129920083,1.618822737039154,0.7877926433505595,1.6279305183510304,1.537958991292536,1.176951746621445,0.7299561319733207,1.2088435046655743,0.9250995530470507,1.6540211066007537,0.9539052783840792,1.3308508766104072,1.2317617951658069,1.296311768456615,0.8484725900267431,0.7961097325861307,1.323876823259659,1.1017942053921088,1.4941957246839463,1.157914138599113,1.074116061587286,1.645307299845928,0.7399894904381656,1.7098685658173758,0.8516799736421157,1.4326112452790363,1.301354365434192,1.047605801095527,1.0963144143437478,0.9084713838146969,1.6702178628110786,0.9385543786841519,0.8040266208073674,1.0397228241020016,1.057890568635759,0.7972920411604738,0.8310302835838008,0.7870746178123429,0.8313802880227924,1.5120177658705043,1.8342838154155463,0.7744199779324437,1.2706158572540707,0.9324886338523676,0.7686608556636076,1.3482766399281036,0.7405505553554362,1.4961554450430883,0.9877471730878377,1.0981351623071791,1.5254572341141184,0.7472872618039554,1.037480500359851,0.771241608069971,1.4404020815972118,1.018161734336292,0.8457046247395894,1.585559590906133,1.8659502758802697,1.678130965217243,1.0227403343786414,1.3953928260063886,1.0396913144897675,1.311416398767349,0.7813216909797331,1.261855149563242,1.321040953408634,1.0052129038233792,1.639239603595393,1.2838303321971354,1.0432141517661515,1.550042498464163,1.2463199159206244,1.8141098159286106,1.0802724449150953,1.4803347070411685,1.501000021047566,1.0082133854269988,0.8784776216157968,1.7696120900181518,1.0491497796185427,1.8514395902123815,0.9155690655092834,1.1595298913993413,0.9581697950681545,1.5509601036472371,1.57719476760347,1.100771339899439,1.82464751670662,1.121519815121129,1.1978113515413171,1.1064014189282296,0.8205756414149343,1.492528945735018,0.8400270650396647,0.8309267722188302,1.6494801378794361,0.8904013074239919,1.4686508326032435,1.5796891684842684,0.8936061123009831,1.697764674278811,1.6349221007179806,1.534353407078592,1.2439150770455507,1.4943587282927928,1.2364600282724263,1.0419181528945873,0.7729029931294135,1.544151792584992,1.3548767782444198,1.0219545635144118,1.5454596242440335,1.0862902364064793,0.8214561640728069,1.0674553100457416,1.1391075006721687,1.4711940715741398,0.9048410594741024,1.2690558638024363,0.7652143906476959,0.7350236029973387,1.4798949134466712,1.7629610069429313,1.1744758754981215,1.3096133140127146,1.0760383025105176,1.5786615145411633,1.540381335041053,0.8707928088979195,0.8435916168884866,0.6850912692855124,1.0158783582996214,1.50727204171515,0.5161454149687872,1.089558147170564,1.260338848308833,1.433287695374119,0.8897663075732156,1.1067486426082718,0.5555717310064981,1.7534443446334804,0.6002661005699406,1.0617551906537122,1.5815684223351085,1.1018128320785427,1.6155583033661727,1.432051001449806,1.0182000699850133,1.2344684810075675,1.2365297023968107,1.519971003172511,1.008610335834222,1.7687475024132078,1.7793568083719644,1.2861935218132015,0.7460538147052909,0.7400524414331889,0.7177308429462818,1.0401231357672476,1.5215436568422909,0.6795011645274983,1.4515006200074574,1.1258991168701111,0.9732466983026432,1.3434267986815867,1.058881363018574,1.5945400448484965,0.7627229841925363,0.8661194795685226,1.4253701518477389,0.9583833134940334,1.413787921587696,1.020418041814677,1.3533805142773117,1.3250521959466965,1.4167429934368074,1.1553520780243478,0.7829625783681968,1.2242379588615873,1.0801977021962068,1.6448325798634988,0.8062027943035911,0.8109313427512106,1.680982203159761,1.6846813063676556,0.7753981070198166,1.7527624332456935,1.1133032708587338,0.8087797151933663,1.4102861025736304,1.058189412623424,1.0746502016457424,1.1291578309153032,1.1311450368256593,1.0276066168202043,1.7107739151829748,1.578796330972044,1.273562550522056,1.7606860348244124,1.1328773352040518,1.2004737479127747,0.9399682479122651,1.278515512414698,1.5324622007274944,1.033209372654777,1.4837609234374414,1.6399155807080468,1.3810535150459435,0.995072414283212,0.8804188417714596,1.5576993153720167,1.7621491217458742,4.844368110864979,4.362399979481557,2.591216034358184,2.1610691236330393,2.659216112373025,3.142580646607177,3.9143570428760643,1.7917731372316745,2.2505443703363976,2.629850231987463,3.248226851051021,3.8913381439218346,3.840390455590733,2.2315118648248418,2.631066890177004,1.5569429615407475,2.043348121194851,1.685006877978529,2.5715001600346508,1.4755483044897146,2.69724074173984,4.4448605552102025,2.2557939594095098,1.8164933764039037,4.228859756782812,3.9038152185558292,5.114335720381028,2.189426096912047,2.0638199171413723,1.4866262052188706,2.87400666280289,3.915429898314459,3.591138832442293,4.778820980120976,1.6506575100886156,4.312700870607523,3.6628663383757587,1.6931178204851611,2.2780649521630383,3.667592296271373,4.073089750978851,2.567794955683873,5.151465028228714,1.4236395520923324,1.7271345597335588,3.882239187384262,1.526251704592048,3.6324287347481286,1.9170036119320522,4.6481427073491774,1.883105367838542,5.174917846088308,3.645051533789691,1.9724320753203164,4.713956795401576,2.0976781621137643,1.453907367322182,2.9229804457180655,3.277402596798611,3.0055185088032146,1.4255488006070405,2.4154670676068415,5.230187605355382,3.9881109779472474,4.791526456068483,1.812757108464588,2.622094218031116,3.6323472490698054,2.593845122269822,3.735510374944042,4.363695347349196,2.8969303119456784,2.6380599648348784,1.8699234363111026,2.4827090127429403,4.396197279281974,3.0493753985429355,4.43361886678152,3.8826362817055995,2.3744502104037832,3.309120279050861,3.2579153347984007,3.94651144431598,3.5034639880119123,4.795049357230229,3.0373730007769755,4.2016091489710385,2.422373681115884,1.4701383267817165,3.2051096316321264,4.816731697350708,1.9594173907361718,3.5225119775342546,3.697883593155348,3.943712907657619,2.156702231636535,1.6137707082983235,1.8493514211213355,2.312580864662827,2.8776438195978686,4.108541647324001,2.178228988587702,1.8989753421334723,2.7966848078143487,2.3553562506561385,1.545450227532364,1.5408623215882968,2.4961185107612955,4.349401718879347,3.349278517336812,2.4120256747271327,2.0717962144330344,2.550211711079761,4.404247743206673,1.6747202982863203,4.936705425616993,4.305194799371622,3.854953601796025,2.4027503700751667,2.6646839930077233,1.4734059493036629,4.363580702067015,1.8788346842565675,1.809199533959711,3.3492698836487054,5.016316067927909,2.504746544467937,3.358264619343055,1.4802508459602568,1.8442436988549364,3.742838882820487,2.909721360322574,1.6573168785363366,1.6156665406889574,1.755534746083135,3.137858583628765,2.7961543460687217,3.916805474893825,4.190809856437441,2.6893246809118567,1.9319828395399274,1.827668871554928,2.3591394458302215,1.6536502226087308,3.56728512424986,1.6686790850103594,3.1345466909926634,1.4602328773301663,3.2652646166242056,2.406409349996335,1.5897438882193977,2.252333737353031,4.742285365911062,4.513028409915591,1.7262737441768274,3.3945715761524364,4.1300782953861,4.608886531121928,1.5505830535747192,1.4969847204637583,3.305576381480938,3.3293892001026957,4.440642690419211,4.295786415393284,4.246925241051842,1.6769938535593913,2.0957713249508867,1.7692406144955688,1.4925671437641768,3.3948579000698422,1.6788229014557894,2.1993542843277933,1.7415599494236602,3.0056097760320406,1.5955313036490841,2.569952795136128,1.6280119388543872,4.711527826488485,3.4480001887141483,4.362223614687697,1.6699791996737154,2.3549548378327247,4.2240535838062385,1.6041921831253239,1.6664810463978432,3.7822826613627454,2.5823059974495832,2.9922780581400765,2.1963072840831988,3.145038524869958,2.792592684230433,3.4961636009895822,1.454974802819612,2.0881489007919902,2.6875880848502414,3.0955948089237686,3.221685600922267,1.555087023214391,3.70285765742082,1.6749872301350728,4.0807693522658415,2.307375084642091,4.169735071259913,1.6718936732439857,4.247148768965843,2.7997313622134086,3.5458234511669833,3.022098008700463,2.7387366435178704,4.242250967254891,1.5625062251872432,1.4532266751894403,3.9019171297685076,2.9909184349626483,2.278496732533047,2.6299083787314372,2.8413273445681266,3.2219337986626266,2.8092534470748265,3.347663712941579,3.5908862814324594,3.7951133232601264,3.078490992011348,1.8050466131455283,1.4828457126213788,2.473514938693959,1.6824759912889173,3.102117001496581,5.142956084821107,2.9338017519519277,4.102471326063951,1.5458102664240172,2.776351959921422,1.8527943362206711,4.678022592083257,4.893423119883208,4.341890182836618,3.6606025972940963,3.746621971534504,1.9217169994199383,1.581094151878819,2.1055746691070407,1.3379431398470734,2.3056835635196187,2.2350219965957923,3.369332983590693,2.403618811550808,4.746929313005378,3.335981226767748,1.5894058887979472,1.5098947834225618,2.121104682258028,2.6453806826594635,1.567329787726025,3.3440645936569307,3.0568153725218115,4.92768040267754,4.825029919603113,4.059658445909248,2.89480438764798,3.9156021046570557,1.924806563732414,3.2334979607168375,4.243997534717317,4.7018704911573925,4.398899838055957,3.7725725286172263,2.2868820029720967,2.983914402393525,2.3006234359771534,4.084186568523371,1.9266142814305305,1.730849923448975,3.1591398842143716,3.8187288477255867,4.252661972652427,3.6992383845631167,2.4612374588894927,1.5986775996792464,3.0997506765437057,4.014254227146915,2.565446752141315,2.801572881478691,1.6910008885701047,1.5432652127507063,2.054267726862511,2.827437149792337,3.251985628999114,1.7467936605916223,1.5876043065079692,3.8168889635722185,3.165087986560349,2.9811647503382956,4.4882753865333855,2.6544199872527985,3.752840033595973,3.262806749996136,2.606346055212856,3.4898970457167757,1.9868044648887413,1.7392155174346122,1.844019181506606,1.7822658492555288,1.5395816346008238,1.3719694434542635,1.2167495428195656,1.0394907456177906,1.11410969892818,1.8771543959790675,1.5815976087792745,2.0071934359529657,1.420131463573786,1.5322975708960622,1.9030746760097546,1.417239511877641,1.0294529769880085,1.108589746802992,1.439046718187558,1.3861464583644358,1.6919441298770286,1.829317099192086,2.0234095274553425,1.3836188343276479,1.1911262071000002,1.240658173762669,1.3132227686676416,1.2956318758459013,1.7858722760915968,0.7559991148693844,1.6757270980867147,1.3627292990324988,1.2363809649046338,1.3134532714885983,1.1523787713603542,1.9191319878341588,1.8371251099062347,1.1726955124521075,1.2876144455440028,1.4166112494091747,0.9256818304375984,1.9342055124909392,1.318426955363559,1.5782179545548447,1.6325146189389694,1.3049316705416645,1.5908237262919276,1.280811520985722,1.4053400853656668,1.1057023713316338,2.31659944771126,1.4104642758875487,0.9716814665977228,2.277399924504957,1.7010242214843942,1.726656823714731,1.4337796841567363,1.0230508030611598,1.7947308939991664,1.457388513424716,1.7256653891683937,1.37649848710852,1.1644064399159948,1.6405807961382095,1.9789694443472603,1.8064540304940662,2.0417946780634884,1.5868920071768302,1.4041730229304907,1.3669524690908805,1.2210744396631508,1.5832674521951118,1.1392088216192233,1.5711157267462725,1.0680810731189858,1.4282709508089027,1.362125756636976,1.2428732943854452,1.1887221195610107,1.1746903763837226,1.5806862853927164,1.2306297069451506,1.5681850841218903,2.2201735841648604,0.9537334719724142,1.6262684758808583,1.2699241927771492,2.071675180616009,1.4712669821843005,1.708934434207517,1.6159184069232362,1.5419481113880014,1.7201538895920416,1.0902324069543836,1.3501998752569293,1.580868388473567,1.5614272275254193,1.9172648457879538,1.8948557595922115,1.069722054702772,1.6702229616672457,2.271553984251523,1.395540776134735,1.1804772191205166,1.8962162878023943,1.4561569087941886,1.7725064788024956,2.4062866087794377,2.2662608804144897,1.161048640257983,2.295806688413469,0.7956364100137674,1.3835219933643554,2.060747405147153,1.935359258332537,1.725240688583964,1.6236198934882888,2.0033966669594405,0.8631924610528929,1.822880168727221,1.1378298032942546,1.1451974701737717,1.4497335350015084,1.545719434571665,1.6765816275619332,1.4455878148786148,1.3895846671116192,2.4728833736286506,1.0860970950069417,2.161918141226735,1.2426363368680406,1.5508683848020317,1.8049218473162885,2.08206745629331,1.546160727257891,1.5525843113455124,1.3531591435589738,2.2684319460873943,1.0809373646868263,1.0674891374395499,1.2026942854169702,1.5036707478771003,2.4883776809169915,1.6734966984696262,2.3580631713913727,1.6117605365698762,1.675591433134802,1.3770657229676673,1.759040915817142,1.023875016328941,1.1323656845340797,1.1696244612476323,1.7372924469892732,1.6642799752119475,1.378057300035643,1.1165995836759794,1.2690204687292639,1.4424877205369415,2.027452387086958,1.825939148881286,2.1513337904333674,1.5224058294925549,1.4860396998193195,1.669007317174313,1.887114598101635,1.0503194242351173,1.4502358844195296,2.03909988679308,1.3524573094086993,2.0622653023811437,0.9286844478562154,1.1660433788899696,1.7232312107842425,1.214993158464178,1.364470611038369,1.5368721680889232,1.2889596606969351,2.024888202815727,1.0789422442465302,1.3670705898797038,1.5215603802929072,1.455884344744694,1.782207838301044,1.6222973725708953,1.0440637547296172,1.2066973972896822,1.082553745001486,1.3676037334143745,1.8571618393576053,1.204663658860478,1.2984306234863174,1.2315099983159659,1.2981607327369784,1.0345480412164187,1.0297083025131626,1.5100967459418633,1.4860888589972407,2.478793645262844,1.6049915243622888,1.5812229905632498,1.8239110290370986,1.2760492337466212,1.0648110462884097,1.318097563102605,1.2728078578531201,1.7891460250596938,1.2077605068654444,1.1409126209598386,1.306879166525122,1.8333801636540892,1.5153564613485442,1.2691181395239968,1.288111463199886,1.4955516831637463,2.174995307716079,1.286272950746137,2.4841126203579464,1.4115922986697484,1.2258675300255446,2.3124809091013487,1.5975257609604783,1.467907732705522,1.2990559671357953,1.4530790658199435,1.9624047193503402,1.5074712508646742,1.4099886609228318,1.2063664760603559,1.7816052205289123,1.4293526348993355,1.363854818928636,1.9170792961051217,1.3299293334093523,1.4643188262242781,1.2954322396207147,1.5429916276267914,1.6415209567179312,1.5077166900022685,1.5702473788978402,1.107662465835223,1.4138372254174916,1.6496058002372305,1.0471879395951877,1.1797775515175666,1.4263175877537864,1.5554120953054897,1.4563449890220894,1.7457014258451284,1.1867180550399312,1.5889265424536858,1.2383516418332345,0.834613503120217,1.1882243168462696,1.1795712808587344,1.4708611470090638,1.681775622741747,1.5661493906023567,1.8036458599979266,1.677031794358824,1.5623444099315404,1.7292813285173372,1.8477465729597984,1.4315840166004898,1.057347942637765,1.773150100023836,1.3682321314038854,1.0499078353694178,1.5479601271899905,1.4733845528685938,1.248731570002327,1.0667276567934947,1.9794331183913014,1.365611862894213,1.7893521384434485,1.738569533187242,1.6838013911368404,0.8807520799152839,2.0299257198999947,1.1212534656538082,1.7010908881496816,1.067224154235983,1.6436344396729936,1.6180352442354204,1.4780519408956483,1.8651966308995025,1.312361795372101,1.6282364238569176,0.9456031819442975,1.7327479247602706,1.1932099288730618,2.2711932812729527,1.1432641843458666,1.3236764153609453,1.4381461623803162,1.378899203883487,2.0219822199430157,1.651401986984269,0.869831790495089,1.0087734558387411,1.4017426925059773,1.5600089787231755,5.5487175863748,5.853642726262169,6.641603352232085,6.227655152501437,5.422772644019569,6.882593042095571,5.260777752776606,6.574636366737901,6.274989229720553,6.267585349473017,6.192608662116671,6.078692803866656,6.592197970874658,5.7391337429775895,6.158903801235601,6.05603672885331,5.054487095107487,6.225179225151563,7.321144684971658,5.948313405834448,6.840202060630962,6.034953747440215,5.9198415780424885,5.99256100029307,5.746370555918946,5.277063119510348,5.91409693278747,6.16700672319494,6.627810033030118,6.728942450820746,5.9053652595517425,5.591628965678903,6.861068526990246,5.60483162202635,5.957203822605909,6.680414407062329,5.6207954498681865,5.7791001030648514,5.765044127209676,5.816865644585873,6.196255440690141,6.402795355961967,5.661486535878766,5.512516312289728,5.885523998057778,5.344015295387766,6.788956237749606,5.853207417693047,6.308781934568331,5.224936353876258,6.445820502186278,6.156467143986044,5.492800820884068,5.0811323655863125,5.032633208408742,6.00173147438965,5.696882987629191,5.745688121268482,6.219905083810037,6.092724661275396,5.436441524791611,5.91783839905303,5.889772032620129,6.8236289032713815,6.838036472336718,6.843730579170091,7.242287277375034,6.082851713922605,6.1461960332786605,6.585791928810014,5.818074525531291,6.193533940867879,6.058065244158042,5.449602876492486,5.846787886268351,5.2243505939733295,5.222858991146439,5.691674047869442,6.490180516586831,7.166046800105807,6.730962226283906,5.22480634033858,5.523918032780627,5.367751711122162,6.207044481923621,5.783058706763643,6.073030495000679,6.545304243257452,6.3137679897066326,5.581291711852744,5.278012755681444,6.110429024071284,5.018709001436359,6.141963990287104,6.19509693798389,6.579512143637472,6.131593830396803,5.508702401623806,6.211357854161712,5.425618750600691,5.721373932063752,4.964376680736204,5.869142759072951,6.124069846184615,5.291156474867067,6.2342364355393896,6.4973629135724735,7.472219999765317,6.237653844412574,6.093667731960861,5.46028605055493,6.395430710195806,6.33502508330299,6.032251592148638,5.222918579327744,5.7650084322723725,5.3947896403324105,5.218000738520083,6.002887551780116,5.955357774058304,5.766696459400756,5.521990718144838,6.743033762059062,6.228831361690983,6.079256415063412,6.651960702441869,5.2303123697198695,5.865087583056043,5.8213281946444155,6.562513351387333,5.992337134229612,5.1556704079560784,5.747575728074027,6.152731206044933,5.852903147840684,6.706558643467033,5.841643751249418,7.244609627365671,5.699495613486201,5.646139337063062,5.645968080793573,6.678372571137765,6.3888080821966735,5.941681942359837,6.974059158293727,6.138491547907879,6.639323409634653,6.512960898810681,5.70967565654902,6.285179402337039,6.177686540774322,6.161489258805196,6.325285045073726,5.699533374497686,6.1081463381796866,5.8928084826970615,6.190402056471144,6.594355999008283,6.204652724358132,6.202694328617135,5.692735280445068,6.732996691631392,5.879973845139918,5.694489356892256,6.807511885943339,6.675389844625899,7.2164796365897335,6.19508421156638,5.958462065739179,6.228936090546387,5.864799783948808,6.010178218000085,6.674110634511903,7.243109671289961,5.611844526019229,6.182898029510559,5.00052974633009,6.265289176581675,5.384344520817794,5.937267641818877,6.611277521849887,6.286363084539254,7.3879541437204805,6.269170250187849,5.673250516300883,6.395565948072665,6.44858900245395,6.367029494357157,6.364996770272524,5.224603026020802,5.7089599294466575,4.883428369386327,4.766817740202941,5.942650865127935,7.514474672069211,5.934735192626212,6.160439480985755,6.09975993015128,6.703697414212205,5.526734146861708,6.6020000246587855,5.082515038098181,6.288964087379648,5.78521270466264,6.761543372457679,5.823759066396534,5.673705657481281,5.28635013138797,5.516193288735523,6.4401546813635715,5.627815853360615,5.610096941161718,6.648950970483098,5.726486344055944,5.525264152046685,5.701238644887873,5.982924283182275,5.837523215219513,5.790275259243703,5.053183412664389,6.054744366185068,6.488818994358428,6.530760191444439,5.737494261918312,5.9471787181284395,5.052755211803954,6.426159703078764,5.648268006460553,5.704327469988663,5.84212005979471,5.511525770006926,6.170341403794576,6.766357289026085,5.867346585084067,6.181935181817235,5.375334853837933,5.573227636535127,5.190684222836349,6.16906049981791,6.617713636564219,5.027785428225648,5.999073917227396,6.448117331000301,6.334400102079104,5.928682048744216,5.851551092472394,6.07233261424889,5.992200939153477,5.468500882374745,6.6349893622399225,6.18375040751423,6.824090143263412,6.608231209496749,6.070313401284011,6.824513300393186,6.041553901050936,6.845585793350113,5.38775444342213,5.992284450983837,6.359580261850019,5.626840684811123,6.630811449674689,7.720300497162165,5.546333398972569,6.179330726183485,5.889180260486792,6.625877028439006,6.344475297300508,6.359559500047336,6.230951268482099,4.992957713516002,6.782916266161061,4.9644844757894,6.446494083639951,6.442324990961225,6.211119918479162,6.927844519783594,5.121404666130426,5.70886850981111,7.038427824825564,7.171878422647892,6.109988294218366,6.68566179704876,5.9725616703515145,6.679021308703405,7.304817196582013,7.137589265593402,6.165282688044933,5.128673183848795,6.5587013523578515,6.457505255169314,6.721518515276496,5.228660780223759,6.126587090675534,5.700742106141903,6.003768546503369,6.505124253996984,5.833241570183112,5.707256241123448,4.985526445163244,6.297039550773347,5.401463042435532,6.030726182909269,5.746740434253393,6.111005616970588,5.319835694623293,5.3205981780226255,7.34248323248001,5.8972439940607355,5.119051954785566,5.899986564254889,6.120125476940094,5.425175313203774,5.477594973521362,5.062799567615664,6.3068858790970195,5.437576000564261,5.425411848676965,6.372311514345037,5.413601122735141,6.098764533135106,5.642399816875269,5.612930706791188,5.951925717258698,6.640029192904102,5.839651410760365,6.473616271417109,6.244386895803601,6.064639010775082,5.7535984171197985,6.473066274849094,5.723334544163978,5.6326622416330485,5.863481909884217,6.283864239243907,6.107717116723439,5.2454016763111815,4.400285444857908,6.7769746279766725,5.575989236603502,6.227328453770732,5.7845100038330335,6.2671536327799995,5.851693698501105,7.3302738081307774,5.67573228391865,6.063896156040797,5.462710730394613,5.136808994510184,6.371804381111627,6.225565031321641,5.919511144083838,6.165542960446989,5.262326635550439,5.7235979300504916,6.568056237889236,7.02471893777947,6.2088656657647245,6.2550527633443895,5.714515753260124,5.803788375694768,5.640772774930282,5.8566420647909725,5.308340933437144,6.738013733457565,6.138939253224378,6.2919629446534415,5.764535947957485,6.479136078022442,6.686688651638322,6.034606615822077,6.0329732824568145,6.410636301942882,5.732139783736067,6.211684985127406,6.545732114040196,7.402602678076031,6.90196166515657,6.213307385212229,4.675392104047697,6.362160381761348,5.944592041914637,6.66247872078207,6.652576171871237,7.526514605205834,5.615510170994373,5.462444462414076,5.836154960746937,5.1565625995352065,5.741135732952077,5.994486402898374,5.55415868235248,5.707954941226025,6.091341705565792,4.799552365332025,6.6712344993208585,6.209232721255785,6.023216768211043,5.121607394588933,5.082116722451776,6.0160903984488225,6.776818174981259,6.272481313994636,6.069715142809536,6.403583598327979,5.976400356865547,6.007259265636134,6.165726066844181,8.011598880664573,6.593227064189807,5.776450243639274,6.11463260253926,5.8797354959726915,5.546446621474053,5.5062285231757535,5.961124182519106,6.343496962900926,5.836169715322019,6.238022897172265,5.745606613946289,6.849000709153978,6.324888474501847,6.5232204258522755,5.92848378236821,6.812399276493057,5.594517871542974,5.396516850399632,5.690171172016162,5.365114237498331,5.285466826378855,6.213519800138954,5.782307702444353,6.0901083938365765,6.296688280283007,5.0403193812707405,4.242257781822189,5.162775650712194,6.540508304794553,5.603140820402109,5.686440290752611,5.278025136049592,6.002749646044638,6.180763118219379,5.265757727567672,5.644951670142044,6.112346471817274,5.835476575263548,6.407597214003136,6.349564766071216,5.984086255016988,5.679407967385624,6.771409002956656,5.799349326232395,5.791201364303395,5.93011512451829,5.6540238651775105,6.212830518453052,5.217894390592321,6.167792931734562,5.703352395751781,6.342511754097056,5.935320709694439,6.5397747786500755,6.224321977520783,7.372658071203487,6.476381300723941,6.222430729555591,6.423285719314395,6.041153026817447,5.820910372804772,7.13256129965329,5.571481237061215,6.301052924476205,6.68851101767729,6.06354700769126,5.203626241381461,6.581013516768659,5.983956621871758,5.7806820403610875,4.745232661696671,5.6031784248219205,5.746015149312695,5.655863731691043,4.7652437808580705,7.2337737846587995,6.025290145120306,6.303943224228385,5.25871441283402,5.875871683191712,7.011091285341321,5.453037173342155,6.330428588505006,5.363151584787654,5.52254228170404,6.1494249933753276,5.805027858587817,6.191030934906307,6.297097902105684,5.843080201320858,5.916021523978034,6.885796881996111,6.103474853618676,6.311194716199123,7.139327928059342,6.166794642581768,5.885289834774634,6.511119493713912,5.148590847979772,6.309134312867469,6.326516320847847,5.971028015119403,5.948563263978247,6.803876454665822,5.867625744419476,6.4867482947066515,5.7730817706730075,5.558659887723266,6.725081449261109,5.74339734222127,6.137088932353125,6.578516059442616,4.834642125197647,6.210630137572688,6.178015123860516,5.914118474070072,6.4820810246890455,6.28529874268478,6.178318798736368,5.366691737550217,5.772823413544961,6.251893540852364,6.050633223262174,5.8990775299811355,5.755898805742502,5.964772437064816,4.7016413112432085,5.826709852855386,5.193699678276774,5.259459566967087,5.463232403641136,6.120821250357969,7.01978398526879,6.4318198520140415,6.484501136819333,5.569462206539885,6.4448167352874535,6.770832530350797,6.0152908124664455,6.233738625832717,5.808201170692028,7.908308843465931,6.114356199373147,6.518646254525829,6.4821999327512705,6.423877179334162,6.446473181031732,5.909639750327171,6.378539373020573,5.413664492732503,5.316931413017888,6.0869045175572944,6.20406986909987,5.852639158506467,5.941000289447385,5.820263290779407,6.451775162018769,5.966100916485575,6.081218564885875,6.002506651515193,5.802757706584608,6.744634208181886,6.13201427266519,6.415963219282549,6.009506711174263,6.857260237473662,6.341315318717393,6.42320963278742,6.321386827134635,6.1398215575974815,5.91231424568002,5.4727478137564,4.319131038849418,6.233578974396336,5.461383886508135,6.430866778765669,6.039425608021008,5.589038311968672,5.920027720822341,6.14748384566719,6.221369126805533,5.258406617923398,6.321482681085415,6.005256229183186,6.2424043090718975,5.965367982775104,5.510884864747737,6.028799464647664,5.400205683930045,5.859537043784132,6.0394130550365475
27,1.1337011213562949,0.9189892857709936,0.9405598329083477,1.0067710838446657,1.2786720478773217,0.9857872891522234,0.9422050750634835,1.388404128203509,1.1659400664155493,0.9028088263058661,1.1427609572792463,1.1933180235433083,0.9724563328934779,0.960920361283688,1.1741536203995284,1.295714278000454,0.9423699377830184,0.9353699087212402,1.0214513497837379,1.0060218618429995,1.0787833349200338,1.2307390349939387,0.8901950775781687,1.1501260101238064,0.9083006401652499,0.6821897553173737,1.3106921235196942,0.9413646371009069,1.1508840428862903,1.0162189268963613,1.1037463192721615,1.1119993142750895,1.2314008913012868,0.9104284552276312,0.8714168555341543,1.1588670339419669,0.9870231754293167,1.04847237178738,0.9753165101865845,1.0919523381419545,1.0188408434922565,1.1738886413952994,0.9102521850682458,1.313894448498648,0.9064882066771071,1.0094134188409019,0.9087728750025912,1.0924243031010328,0.8901387749697931,0.9825940611836206,1.0602026185866453,0.9541075690221843,1.00944924209666,0.8373788013984803,1.113389183670343,1.038605014421864,1.0111902253894993,1.040298221820007,0.9757419910329103,1.3873784135976825,1.1895917416056627,0.9184970467756284,1.082197806407394,0.8665743605693104,0.896094279220768,0.8687740331963206,1.2019732476909346,0.9638988219612837,0.8366178499864207,0.932802942478368,0.9861145310958761,0.9677611286955976,0.999508409948425,1.1160795352114243,0.9805962291710247,0.9342494226186511,1.0664020668360306,1.0577388633198057,1.0389450746812412,0.9315107540248686,0.9253726565206677,1.2780485005087345,0.9390813117902512,0.9265445391613656,0.8892387991228725,0.8967237430831578,0.9539750301744442,0.9729490718004865,0.9736159416569783,1.2507320822642414,1.3049781964361309,1.099939567093778,0.872186489167956,0.9892955475296437,1.3561311395054059,0.9118463159129064,0.9664680852804326,0.8618383057515411,1.1909391524442332,0.9543621048305205,1.2751776214100945,0.981232017008605,0.9756398307995254,1.0745040247909838,1.0321698537862574,0.9675792791874983,0.9904740713719453,0.8645836207123442,0.7797914478866455,0.9813564486827197,1.0038103721533185,0.8570398367149247,1.032219665352965,0.9141100342205988,1.1842586229437408,0.9949360521026211,1.0638280490441727,0.9654928191374271,1.0726657631170915,1.171138091738145,1.1242978764226972,0.7306278575828168,0.9522199023519202,1.0092052233136917,1.100298997574972,1.1730062996826014,1.0999365726377022,0.893122896901177,0.9014699987207931,1.121775750540863,0.9133287959434183,1.0386930314529466,0.9790835689932964,1.2879756237892754,0.9812878571000107,0.9411044376954053,1.1008558173232954,1.1998599065846802,1.0834095394963625,0.7911476798313742,1.3015073226322675,0.9669204539610262,1.0796020866475875,0.9580366229459467,1.0071767132335177,0.9678469175181981,0.9550368125934442,1.1895269780368931,0.9269465348343928,0.9475780905618195,1.1303818615095997,1.0143552824718742,0.9902178242614923,1.0531517355139093,0.8347857485069089,1.1922220811472086,1.1036296561310064,1.0119098727756894,1.32462966179751,0.9214648825099606,1.100815005412766,0.9655701857944827,0.9941473802398206,0.9290077434187117,1.3893967209445641,1.036332315095538,1.176774919814834,1.1927288102340177,0.9543523091218643,1.3414410784525008,0.9300889188236731,0.9476693866166787,1.1803473076067228,1.076412653637807,0.7855574824899774,0.9532974329128764,1.0158375025751598,1.115300938402354,1.065167698774781,0.929097071863211,0.9634090733255365,0.8373286145543517,0.9621390282820584,0.8615022519649627,1.3960985469230782,0.8418503496679002,1.0155333751346252,0.776397990039117,1.3089302085786478,0.9783456707843754,0.9555606980504084,1.0559250520535661,0.9916122822145623,1.021545445324113,1.5664948882152638,1.1888111996119914,0.9984219566277831,1.0333447341452513,0.8069540003028465,0.9598888919236477,0.9416306445035341,1.4911028822594012,0.8700497112927311,1.106731243714731,1.0431109607514557,1.1085780518819381,1.1766280253539358,1.0518964668490232,0.945170123066293,1.0361766287143181,1.4173144243386904,0.9601321476831243,1.0452813450666392,0.9493572766998131,0.787857653700103,1.1194937196306842,0.8972360687987897,0.9119533421493103,1.1896322105279014,1.1135931770280774,0.9289398107677357,0.8734476466343203,0.8818329324472224,1.5651833311022685,1.4777936252231427,0.9944378475315241,1.07369346288287,1.4885643175222831,1.0530610518984758,1.0025386607124493,0.6352974402449846,1.4433359811683548,0.8900509090818118,0.885332384185522,1.1155539530541367,0.9453753167445118,1.2685674064711654,0.9623243252566985,1.5816943355234483,0.9637012594983421,1.2134802744152158,0.9259778971640815,0.8913227815204107,1.1062976408361243,1.0759941606191084,1.134899029389971,0.9822411602730051,1.237877100804817,1.1344883775598882,0.8598501346645991,0.8574469922666139,0.7854269430050211,0.9677270538693638,0.9319559158210391,0.9997363813669436,0.9982195111851638,1.5391109452731402,1.141457649962427,0.9635104890270544,1.1344228682764088,1.0700292409335521,0.9967621855795622,1.0216982712235452,1.0260243303415337,0.9505451518993663,1.4733293107403937,1.0810612759792815,1.007846813777364,0.9430471819080619,0.9758207234970153,1.0955178940145625,0.9422986488298908,1.3760860876074703,0.870838421893796,0.8800267707401552,1.0080407870174581,1.0986930624335125,0.9602300232516456,1.1114948628499077,1.0233273713864672,1.2994101696644313,0.8483946745336454,1.0615330211297325,1.058180122473355,1.0188495729263025,0.9519542878605068,1.0625316671322518,1.236061323172861,1.1079359352893186,1.0464116967877457,1.201727412707606,0.9588493030986766,1.5181021456659105,0.9868611346617181,0.9586637652269492,1.0370786800480363,1.152343421819733,1.1066816982090915,0.9690862923130777,0.937905547193081,0.9419512571536558,0.5790537824649197,0.5295214749495134,1.4105425619691856,0.9749165303798338,0.7535292671767139,0.8696776954722077,0.927829838707805,0.9496080515963136,1.029379926618276,0.9224783900297526,1.1630845242713206,1.1334438886437008,0.7641493546101359,0.9161781138151441,1.3477570403049177,0.9892703320869196,0.9341713415541755,0.8847349170834959,0.5925597875378841,0.9235256760333342,0.7610561253455329,0.8483121775953784,0.5837815428482482,0.654151300343455,0.6073803654244931,1.1133481356602215,0.8444098144030026,0.9728561164944174,0.9687470721276426,0.5721672637446958,0.7426062247997953,0.9182191767989756,1.5111359677718381,0.6721190839010854,0.9680099611380037,0.8921431762878776,0.9504033594332726,0.8748552862521083,1.4458082497232343,2.0783996155176228,1.8678089224044148,0.7698203818423451,0.6702628140029903,0.6622113854956491,0.9713593085179094,1.0397944118078692,0.7568712613074114,1.2913370417373284,1.4191651649910169,0.6920491687289398,1.2847563740780064,1.2731310559362463,1.0487718910501715,0.9359004898629911,0.8387263146459308,0.8676232032688171,0.8649651673957488,0.5698376762149812,1.073790939612704,1.012685390384586,1.2886474991547383,1.1161158659557064,0.5135986713655324,1.3924218966181212,0.9871712603890871,1.0159546835865585,0.9954842603791867,0.8822874695997412,0.9411864812490245,0.9886567000340686,0.7980441980282157,0.8503131062560004,0.6606401748741704,1.0870974632524295,0.5430772631571988,0.9668419119434939,0.5678244388108746,0.7346531731275363,0.9945660251578798,1.030256600365692,0.7848228764296777,1.0898045847387265,1.0763631855914608,1.406740723196732,0.3616542677638347,1.0110026651061201,1.0320923738509624,0.9454702385181138,0.7646145618167213,0.6590460306903938,1.0092943673197843,0.4535450288776488,0.688083544156541,0.9608779838522309,0.9187240689180254,1.0493162141320758,1.3990276607431815,1.1905292788770223,0.8182273037503052,0.9707983207146921,0.649333916865402,0.855384335780562,0.9206968487399882,1.0676080480001198,0.9064772069479365,0.8117630288002537,0.9549866291552517,1.1027446920696486,1.0573440124995084,0.9204307272806529,0.8677284301508864,1.0877703636285718,0.37251273831883885,0.9464495183320818,0.7338309657703296,0.5911498264335738,0.515320839890521,0.9829390645782881,0.9294286629611523,1.0873594656677505,1.1130711110081102,0.8264895395412075,1.2934698886974616,0.6438515080370528,0.6289225285026927,1.1451202850527147,1.0260386733519509,0.6637431486659737,1.0317168426896002,0.5670027530008795,1.0364436846247893,0.9441509142993673,0.6044950199205515,2.0020452167911675,1.2615590788936342,0.572166791934364,1.3285575226393664,0.8448225030623223,0.566601032857878,1.3827188635291123,1.0599253845490912,1.9626241704186569,1.0091013766982186,0.9941895744725586,1.080373752008532,1.2069029619817269,1.1757334399490342,1.2153793049595065,0.6823814001582147,0.7667358823566767,0.9560472262303923,1.2867985552871837,0.9924382932955372,1.0044483662563561,1.0480182606678208,1.130795234888462,1.0374578565857204,0.5696239064231673,0.6602593131969551,1.0099625995915031,1.132933301784465,0.9174405995146754,0.8792832029225919,1.4814959638451808,1.2160766003016066,0.6556576060928399,0.8764666445522905,0.9976746433871814,1.1658448770457017,0.6975052550491491,1.1522540839152304,0.929424351498984,0.6562601461691164,0.9420848191967804,0.6389326511032966,1.000539188730103,0.957850465404874,1.3751520583054717,1.0343312993966491,0.7692983712488812,0.6079684387697738,1.0646442398849847,0.6590144841436881,0.5905536012000795,0.5455908148186112,0.9490830094880194,1.4748279429446856,1.4399728560141012,1.4384784243419801,0.8599809673644319,0.6395313374353235,0.8833103424835391,0.9587289080273713,1.1385378806053328,1.402201112279276,0.9382657922518077,0.7214725714382655,0.9248769566851276,1.247176439219551,0.8908612481239689,1.1657941539108507,0.9533116908008764,0.5049120297740421,0.8793770314997916,0.8675560070078194,0.9816731490096484,0.7224828525320574,0.9363769912418348,1.2175616196629622,0.6164962735683865,1.0689339747206872,0.7923628420605925,1.0613010839595018,0.8571949275108374,1.9919307001026503,1.0949895059130828,0.5736376388725385,0.9751522363054282,1.0037224226492847,1.3900227935562446,0.8820558920548532,0.9754513596261857,0.6935690417287114,0.7721629261005593,1.0661827908348802,1.0665563592074045,0.9703172465780221,0.519769909873578,1.0451129737681124,0.5557180061461467,1.1180254271457528,0.6288386190299653,0.7722763970861853,0.9287576168350647,0.4667270584743946,0.8676503893598367,0.38358379410785254,0.8654355267582519,1.2505586057169609,1.1508109549360412,0.9161531243651575,0.7011784965842301,1.2792420808833374,0.9766335449975626,1.1590907685065577,0.6129953142400629,0.5589812560032847,0.8664233867510329,1.0370327450315846,1.2914196273253793,0.9464523718620231,1.0674132094685034,0.6084898292390142,1.1033385751407347,0.8064793375954451,1.1383870849280964,2.1034574283339467,0.6141294185002767,1.429630073465523,0.7746536050084196,1.0570224671306472,0.9447714884901919,1.3526829780104783,0.9440233131788232,0.8908944765293605,0.6073741892788572,1.2799622776456097,1.0636198371091474,0.7959253668330505,0.8804737258016938,1.010536419597911,0.524279828907627,0.6168855745291877,0.9421178240710482,0.9233007956624659,0.9558538246845355,0.6561499233616754,0.9711191510462711,0.9025334348714923,0.6643087317737222,1.0141874157868018,0.8680046597373269,0.998647851063631,0.7070456932524954,1.0868518447989683,0.8983646804119794,1.7769463259758274,0.92320312514311,0.8433447621770851,1.3339571027638382,0.8061845561893756,0.6373430578100618,1.0299593644269005,0.8431222928910914,1.1492144368742778,0.8984892367617856,2.0956593671629253,0.9848724458577672,0.8175169020854165,5.1379482346462515,9.569481812467835,6.3163904027741395,0.673734418601356,10.59259016165747,9.329948450017104,2.319660384095031,6.446162019188437,9.683693264576853,5.267550641478437,6.483284777639931,1.4497250057984385,0.716676709512663,2.6337804233496795,10.253157145890016,8.840156526826386,2.09422259727185,0.6580791240811436,3.5723412737082856,9.168062558135931,8.604257195875153,8.27492079058915,6.648304580007738,8.593665300027855,6.1292405635759515,11.139653775427266,11.222268248613688,8.238057895646241,0.8403156691833235,8.190691804255238,6.683229843134966,10.175291430407224,9.619615572942802,8.474424973121188,6.851126405722934,8.951653099717689,10.309296717219292,1.314977704933874,1.5331673710497546,2.8300542539349784,8.798016792008093,5.0394847110616485,9.789437836504632,0.6554576699104191,8.868786671674211,10.344565281536191,0.6543020037153495,5.755329081184558,8.96150973541357,8.821858866026622,1.8965682005009292,2.4300134031251743,5.430610211924271,7.321419184884673,9.327962375412916,2.470515899801019,6.728533904530878,11.245755935073905,6.461237334864381,9.684277776252777,8.802704435441871,2.2178088380476293,0.7887069662302665,1.6239572311001835,9.117216586579724,12.089200355583248,6.654513859900408,0.7595075245774204,1.0402679430908761,4.0303159480724755,4.383944807993125,1.8510128944938313,7.253876878048903,4.318238968306445,6.67211577379461,5.671102434045744,10.180619902654884,9.996831073525813,2.761568718177097,6.5790656433090335,8.440451583951987,10.126343221310334,9.026938000178903,9.95670825461996,9.094426308885936,10.368337280640104,2.190012495535268,10.160336478910862,4.545646725276002,8.73710502454342,5.767748717394579,7.655328943554397,2.4829416872097636,8.79442766957054,9.889800081043175,10.206161702917957,7.939932817847848,6.359749966550947,8.11463199785368,9.404112242037378,6.873535761159654,8.09345427448034,9.32156127465413,10.195470879901507,4.060322728292887,1.6537832016869025,7.256370614853621,9.84935353676313,3.456242512547216,7.551448337015059,6.002895824014035,8.069749393169586,1.318171763954807,3.350701788773385,9.584820624326316,9.581249726101662,12.465829353315156,8.782844883853462,9.560881628383349,9.62685388269304,3.814791049799888,10.337964545029221,5.289376206694245,7.494302475219508,8.811096737334838,11.164293702734751,3.269753054011522,1.431995054377853,7.5799854290368645,8.968619575232534,9.61856146460492,8.752313105192586,8.369998805838083,8.773459323830085,7.090243234361333,9.560428456631152,9.619258275369585,2.9636732297407224,6.391503953414626,9.80804752535255,6.558733495417411,8.481110294084996,4.668624654319411,8.685256604522934,6.6025107370084255,9.308649107799463,5.923559851209463,9.075941428266468,10.015657793345625,5.231180277617882,8.553734054785405,7.608204747386292,7.360183811438651,1.065140639832685,9.360224122766972,4.994909382607689,5.329873471760186,9.444246565838583,0.6398876103575828,9.090812403024064,2.8339221767178526,10.339990408692959,6.332307535556517,4.864388630221824,7.961455927187407,6.869063596312628,1.39985150357354,10.144923013180197,3.3833354598123737,9.509709865681808,8.944576036116647,7.429204283498992,0.6559974982814243,3.9776230593038875,8.19762388376333,8.994024010017126,9.150484940185372,7.667651989338569,9.742275555691588,8.420126695319219,2.945945221617176,6.787930869306973,8.718433303394306,1.7532879160862451,12.461926338410153,10.293936503886654,6.411745427390644,6.297785420561305,8.128992057457806,9.862732503128644,1.7729596854897052,2.348933203412015,8.77260924250217,2.1263455049024746,6.2283894348484745,8.575012418459012,0.6474194699726147,4.338742592443382,9.416379203003936,3.4609092236261114,8.212230184157828,9.101588078292345,9.297171469711511,9.415205780886518,10.384102570713084,9.462962223501151,10.797079106886205,10.035990284395146,6.893616420251451,9.455005861873389,6.183297291490443,2.739517090917409,10.208112688074214,6.9995844523719315,0.744822897374951,3.690262578231912,9.749199980425407,7.995121401459526,9.349506794475275,9.481955648822288,0.832786223061857,9.608980674981972,6.841241002903275,0.949129963329784,0.9945722062649889,10.914746193935784,9.168549846983426,10.469719411858215,6.132372960582198,9.240363696815642,9.557040112027543,6.486611774664545,3.5618822750770325,2.3809122428648815,8.184951939262316,8.877678656889762,2.8259655852008243,9.327768479374644,1.0625886430680844,7.725218539544785,2.0516074218866027,2.0476082746193445,8.250751474227036,8.903457421071009,8.217017237007875,10.301147354998127,4.124628348855673,0.6619845334744411,8.28236899114906,1.4223368885021068,12.752078416603293,5.929699178978332,8.236651413913116,9.080201392190562,8.45758916121436,10.091931615220664,7.973328899745678,0.6595033528797892,9.771519076865975,4.404528851301857,7.549322675781041,1.972622500481032,7.253395140356029,0.7485440464131061,3.8206601791633146,9.545299670744665,10.227690629024695,8.89219882265447,4.135468591328597,9.29315131782676,8.79896896282413,6.690542412077626,2.7630148625554556,5.617636313612927,2.670207388888944,3.221579266831376,9.727938064952813,7.166638363588444,10.00794131328231,6.2469931961781535,9.904326286168596,9.69612901874368,12.078349274942283,6.16590991298079,0.9674914855808232,6.416969768044932,4.0074392711340465,11.020367185062526,7.858835596489421,9.859728527396749,3.420391800112257,4.113485893380742,9.681022796771034,0.6527292734693072,6.020381637545207,6.2719332758666,3.1520449577512655,11.07582126916472,0.6489474897410143,2.1393942426976333,0.5610886240077153,0.6737255683639928,0.7184034881024617,0.7283909189791218,0.8657418038507257,0.3844466349087582,0.7295256174534206,0.676882785944199,0.909006246437781,0.799190335958932,0.6491085066985783,0.7406463014172057,0.7907719892685798,0.7469521376765822,0.6581544073422735,0.6434682461218997,0.8106608995202129,0.8679372712137616,0.8680224909445885,0.7914125619650421,0.5271043518747757,0.41942157361775545,0.7665991976745319,0.7876401614811442,0.5308160342225055,0.44498020160336166,0.741175599837238,0.751927388017718,0.8283171280436199,0.6682274855679939,0.974314494685459,0.8473769328298328,1.2369430635538705,0.9268759810195927,0.7341976547956889,0.880763378066389,0.9468354992907868,0.8820079580789181,0.7606654088977238,0.5816869147987553,1.5244083311231356,0.5962638928580121,1.026041763035899,0.6960286067585825,0.591071239054089,1.3101612515536465,0.5926247395103423,0.8775330868453226,0.7160225345969997,1.244335404327244,1.1344836527877407,0.958089479290259,0.8948776239152688,0.5961654299868405,1.0842641274035194,0.736206244526493,0.5992095051284657,0.8299748557755722,0.6232947740054039,0.6538434373624052,0.6886984708589337,0.6294165560782203,1.4857606446731715,0.5769632157740809,0.41936881283255806,0.8549959617727865,0.6974602740595283,0.8083581027691755,0.7603361972989908,0.9820578873415999,0.5308923567773388,0.8218349791069535,0.9055380386526635,1.213370206969965,0.8915021116121641,1.7397060968687512,0.6890535462674277,0.7537733277518228,0.8823459880008194,0.640154048111441,0.8063046666534234,0.6202076394822584,1.4449404701543858,0.34462408184434506,0.8717123198428232,0.8259079928198823,0.7031961101545824,1.3329735697360623,0.6377939236165285,0.5215605582323696,1.0068707551065768,0.6432672111371968,1.3739421510363259,0.5960139081278424,0.9221179929266575,0.8180799741985059,0.6739030031691067,0.533436068635587,1.1083431730853601,0.6748807073078217,0.8705047354820599,0.6572803919795218,0.7103466783557668,0.8200732316178965,1.4305133224924897,0.6477495768047207,0.656322086208381,0.616640878561177,0.7873052873119125,0.7136205169317914,0.7635219290665147,0.5371961742525758,0.6625129733475009,1.0210405207907445,0.7527240808135397,0.8075714451549424,1.3364130076751308,0.9504400990565298,0.5687441577642198,0.6957374599587883,0.7096421484286811,0.9434557643962773,0.7050883413907919,0.6059900133469925,0.5829841310846042,1.680772063895052,0.7295477581673805,1.2325658003997222,0.6822338811776518,1.059764965438277,0.8802772946134534,0.7101451128973213,0.6687837837587085,0.6381847789311306,0.7226466644015359,0.7399369397186794,0.6497332123918792,1.3942961241815914,0.8565833045290008,0.6714780699500857,0.8512664931051325,0.7695453287664528,0.5505407544219673,0.5381621859804567,1.5422564780186792,0.6595200763337742,0.5864501564317887,0.7090977885382291,0.8168309227167296,0.5630536615717171,0.6630744096255388,0.6751224831650605,1.0498725651879228,0.653251017364068,0.5908226955987116,0.7621132237289536,0.8802912095448824,1.484490089526713,0.6173658295323597,0.5828933279599158,0.456512015630048,0.7760190664661089,0.7557851171559907,1.1534414995747397,0.44317616619635364,0.7186447967873452,0.7780218025089676,0.7791604889296126,0.6186430228006001,0.5720446407606135,0.6838977178389587,0.50529075142841,0.6279142772742059,0.905009365131469,0.686203750493149,0.5611596541970031,0.6286172101892136,0.6726003118997153,0.6381912316408948,0.9566728878186611,0.6781838589107013,1.0808687696614376,1.1869312897834694,0.6477999547036168,0.5950393065977257,0.6994724442439757,1.0747905315671258,0.9633311473786632,0.7273066734070928,0.8388845369614086,1.9480790052474644,1.3810404753828118,0.676860428720318,0.957985686921178,0.689479213352789,0.7443207152916568,0.5295616100005388,0.7127396630346076,0.8353288484374786,0.5751368068897115,0.7921990120660336,0.5830172503598351,1.1912642308348051,0.6392771525231934,1.4648096394226675,1.9982220592195246,0.8763621396195195,0.7069510891578317,1.2890058203969637,1.4012513305786165,0.7152939925963417,0.7460874231529641,1.1092725029709525,0.6193018455349626,1.1634634662518224,0.9137156472780891,1.2928446242058438,1.0802296756651764,0.613644623266565,0.6754241953082079,0.9926141136429854,0.4829925725899586,0.7780727314526922,0.5950041963815738,0.7040056073443854,1.0412715743506216,0.6863848176659333,0.7932216950621763,0.613738655794811,1.4851187246724233,0.6763994366429714,0.6663267338717679,1.2006388872569052,0.6295899206924132,1.5044443344173106,1.1402238197870627,0.8866730744240525,0.41031008235575417,1.0337289568055101,0.6708299692045993,0.6505214903234253,1.105961974471578,0.6588403190537468,1.1738004891056524,0.8516695853067701,0.6777521240869047,0.5443747732616685,1.3635745404761035,0.6140221325921482,0.7822324960083438,0.650131496923912,0.722637226159976,1.0845576811279676,0.7186416385646748,0.6331839908882901,0.7347177067917028,1.2431646058773789,1.0050256013173107,0.8796248145312,0.5372193516671367,0.6414394629301732,0.7322222303197179,0.8232537656933824,0.8582193749811353,1.2150306412550995,0.5436497804671068,0.5849334470750276,0.59115842841115,1.1284539482667137,0.7252938908119819,0.3536337115737559,0.816172801772291,0.673231467810858,1.234201674589111,0.8870657831368134,0.846652432466964,1.2274719239926304,0.6517002667181231,0.6637427356714627,0.4146830066919432,1.4386843427782854,0.55567623657287,0.7285649410938266,0.7330055955903093,0.9369416982838743,0.8341985312010639,1.5592051680915302,0.49665775120749955,0.48529857284488725,0.7371709592648329,1.112037367577901,0.39337913532968366,0.5517293682055637,0.840003752761147,0.7546095404007149,1.4011724969781418,1.307510904423707,0.8157252695736985,0.5542305123614002,0.7637957119841647,3.671793933031692,3.135923480491888,3.825436497077551,2.9813912880686773,0.6841500063754717,2.432931152333062,1.181134459162723,2.9224154059573975,3.0660241788399345,3.6612490360044982,4.18092510799898,2.174700603791176,3.6684536704670148,4.322109581553523,3.466488281928126,2.256557084893021,1.6562991987251563,1.4068820178791357,0.8058107143462,3.2865698310753877,0.9513406859361089,3.210528262189171,2.6960215626797694,4.095031114395902,3.359554309879799,3.0183410626151352,3.2121354414286407,3.812574796672023,3.7297610061526587,3.6576076338302492,3.8822662274057564,3.2233484141070257,3.2919678514374224,2.7524960643218104,1.3996088682203576,1.4537610518851065,2.2453973538495773,0.8568263922891837,0.8354860086398945,4.237366856763724,3.0396800537007542,3.457231816149601,3.6817093803539813,1.4336915320621675,3.433147960662515,0.800859825637658,3.7507411458665585,0.950543060612011,2.4149870197538803,3.5827933760968227,1.193897989510303,2.7830593909102097,2.693376845399043,0.7108949216741117,0.972573568662448,0.6780321451485601,2.265989416561246,1.7894016056445317,0.6224184337644021,2.7635622644315916,4.244135748573771,1.1901675344152909,1.1260111250288507,3.011230055136588,1.808833342327871,2.537650941653933,3.233199177585471,3.131616786423447,3.866008072320688,2.536449608223615,1.092719525138702,2.8338062965997666,3.2536024669486947,4.082414212921762,0.8360104970775959,2.166274773232536,0.8669028686657219,4.100949100172333,2.1844265695578313,0.7398797567779338,4.0531879489707885,2.7127828911682306,4.2711156758026405,2.2816214384478664,3.2719163030951743,2.364432135684787,4.874627448663771,2.2152210695170194,3.0131482191100165,1.5129169380240095,2.0033803648017376,2.6217936111263547,3.9109396395016622,2.9023337624965646,0.6696482824548292,2.083107427269287,4.80657655535191,1.7148269642898253,1.6329263980959772,2.6773851074163972,1.956994920550773,1.2642075552716123,3.711333237472211,2.1520979450086792,3.3006134738778434,2.75585078451235,2.234017501305177,2.6688790862185736,3.198044927137378,2.253714024733159,2.8386210206992137,0.6294593794337501,3.229288482728769,3.5386887724800475,3.0276568151589562,3.9119206991244853,2.2895685089413216,2.761534018840039,2.353473465551345,0.6256927199667724,5.07627589165206,2.493603229607885,0.6312612476364813,2.524804796802789,2.2769000101583483,2.7077170654930907,2.70411428749749,4.1074259932616135,3.0069121644220655,2.4539647731708256,3.2819787399975415,1.909194170478368,4.274471105087026,0.9160365426991769,0.7802309580693927,0.9216471146172961,2.6973075017968613,4.171946678702246,3.655334904504666,2.5449045372131347,0.6298261765324599,3.3251528202271077,3.33585987918663,3.9462088827092616,1.506147610539001,2.4404242707109343,3.188079339272465,1.9405066144259118,1.8773978756161622,3.2889428110980394,3.3859850264990237,1.220106420148869,2.06290520529838,1.1221531400168325,4.9120558647737536,2.0871685135247664,1.424825138467649,1.0174117098329813,1.2152795880243974,3.033163927590079,0.6308694912742424,3.135473192150143,3.0507470107315866,2.9376303814907225,0.6883504661256641,0.6849278523535319,2.638695727963891,0.6242482811366817,1.329195387785459,2.099609313769077,1.684541750233405,1.0101321900655131,2.2978509792074697,1.5149207125522366,1.2349363227106334,3.974606079658611,2.9068918177637273,4.091747566542961,1.2512136377741865,3.2864854320243415,0.8530933195992301,1.881187076193822,3.432108369264957,2.948639615150945,3.865658691107825,1.9639974388922632,2.783331607896523,3.1683352286254336,2.438922264077209,1.9809961472871624,1.2327993676206044,3.343194128783281,3.761274849123982,2.5405231745498806,2.887921749035236,0.7553151078044129,3.7271824587188056,1.6169983024223638,3.785059957025443,1.8558252806080813,2.205914044250081,2.9173824951901586,0.5817846858412365,3.922399767979636,1.890031380396398,2.3107096393170234,4.735556465316125,2.1608393623183386,2.58817534791577,2.8560423783947813,3.3084142481795773,3.560349070499441,0.7460946092093805,3.57449546946948,0.8958526501387154,2.7227483666200425,3.8178130510870854,2.321632103710204,3.1449952516697675,3.8577005950713525,0.755551953591196,3.5684227654321834,3.8361667057320883,1.988130156810986,3.6280493440202424,2.7597010827369988,5.800455115508549,2.664493170428301,0.8251624578433436,2.6241970388545104,4.059142053984558,4.13132360145891,0.7128136876179978,3.0359686259835192,3.1382628385376092,4.110658218162346,0.6101141909604125,0.9467713411727888,3.2178103234795645,0.6976731202751699,3.1716758410363424,3.9538485362291533,2.7042271228693,3.978394565654503,0.7574003453526634,1.3363882036881185,3.2442473992853955,3.6023203531713737,4.129043288122597,3.328749712338304,4.673463952452091,1.5881712635841043,1.3379210137088093,0.6775832179761757,2.258005385965075,2.725276928998874,1.5341008533148597,0.7981964382021576,4.126674551274736,4.118652887812181,4.094803630748379,0.6846724570980888,1.0345346050405027,3.6507671330242193,3.131159294693989,1.3190786411312647,3.2742679950368228,3.517952234234222,3.9140687931503866,2.3875228824835077,3.769481148234967,0.5388246024286559,1.872153952445959,1.2180037001121533,3.6233272037793003,2.7355633039421807,2.577916365355316,4.5460721883722846,1.8291294149105686,4.273231186394674,1.7619298393718166,4.161208313524618,3.759255367113989,3.015718205662279,3.227268679434075,3.073069105972679,3.36930844050949,2.8216729832942984,2.172335287617018,4.269576802246011,4.765749159078375,0.727826873920258,1.0662498212362637,1.4107850076175417,1.7513207870900034,2.676423292461625,1.7865607944589477,2.615064692543536,1.3011487794088659,3.975596846793292,7.441686029669407,2.3440062761425438,3.545130009116066,0.8699469652279814,11.027330296223084,1.087354045553174,7.2330374473969306,6.869080665088399,10.087490028803744,8.547695844917772,4.546121742177713,1.0801408088043272,3.288557460473417,10.971791256702916,1.0318027870184046,9.683144468589292,7.2299300236247985,5.98598303001433,9.216100274727177,2.226864546605678,10.678550546533348,1.0906651615091114,5.850943746316843,9.290910024786092,9.672688396089173,9.377706367963492,1.638034969906147,8.524498127481333,10.346150029277942,6.163758676953898,0.9665627680304363,0.9847337922949897,5.3483960328080205,4.096927713967061,6.825545613827409,5.170484334309108,2.907436078160701,9.186608375900217,1.1610948119144073,10.323386682699454,9.340508718011087,4.092845343503965,2.8048622246243315,8.52963091124414,10.415429169008165,9.400417864360138,9.627896844674584,8.763171911316778,8.076919874460044,7.235458260194062,2.3309634620116095,1.0429811872854613,3.2715671588394546,3.7359527866614854,6.13283474124223,2.120373621002638,4.9575628822800155,10.47854876713301,3.4377959126855475,1.0140026362909023,7.719440237377966,7.399700902682959,1.864894690090491,6.528949234272492,7.208369806696806,10.685325971510464,3.515160379077117,1.7474752704732845,10.898409575874249,9.875957327989632,8.496010349553876,10.433825180998635,7.576039484911671,10.817828478843543,1.6639318410053534,7.230143543271913,4.837516669048669,4.477101492201135,6.622132049559638,5.884793972828025,10.813201771705835,7.415622691671492,5.842780088715974,9.471403682399956,1.7211558382670884,10.728579206683609,2.7886459777291215,9.76798969627898,8.106908042748849,9.066495680118843,9.223585753121464,0.9962962159639364,7.931704346733301,5.969508273851268,7.152017826543726,0.9968885836101329,10.861883932143073,5.7051871966127585,8.00340169561552,10.522172494212624,6.826794351261133,7.0032028371019335,2.353543376064234,5.105652312145104,7.52094500318973,5.76178138414127,10.167692317439588,4.372851715486026,0.9844347003085531,3.215385633639211,12.009758966911697,5.083750957914403,10.643251351646034,1.0217820357254226,10.379542976991042,7.800052100531529,3.6700112549604547,4.370908020949537,11.08834164008988,7.900221163524206,8.43042258240303,9.312776861013928,8.990672746164059,9.92839740177685,9.153805850035617,8.220769492123475,10.77095434479672,6.310725019907764,1.1847454591816566,8.918900180618664,6.877339549113438,7.497289090010821,1.325410399396523,1.1716099179836974,8.326533069094019,8.21677403164117,2.041937949335748,6.2326215951555435,10.269748500658624,3.497422187722733,5.583334787579086,10.806668607861102,3.9014633771450264,7.672005060818737,2.4816746444654103,10.044101454983576,9.358599638696166,1.1729498383411234,7.922315694857386,1.4587814968489508,4.467995461613809,8.47877917738087,9.677919439752493,4.798767102815288,6.576033060393529,6.145988687827636,4.461388106463583,4.716597381404461,5.167355702211171,10.818644333477632,10.374114179149185,8.796233391911152,7.414498580757357,2.345993310652308,6.030770651437392,10.675478557978986,9.060897996106991,2.1538471432362654,1.9355063580929983,8.65298963344324,11.050973577121535,1.0801298726420177,5.140340519358905,9.035527579347097,4.1748242735784835,1.585058282679807,7.9798230828164,1.5061601299942644,9.437096727323949,10.893937913170069,8.333165669069656,5.260607464517834,9.083102618953365,3.617305702847242,1.0476282563467407,10.455894182397568,9.027187899911626,10.553316735724465,10.588301878450745,4.842382204901059,2.9644005557075896,5.454128581251555,5.313842456336856,8.483527367332247,10.54133388489728,1.0461270021835307,8.911777446052438,1.5324027769404494,6.860573104853078,5.559978068862381,8.26704369217413,5.787021621828017,6.228249697970722,1.851926769672784,10.576849031033154,1.7450926481106124,4.539688108335106,10.023471029153836,8.287334032676673,6.853943037273073,10.042800895325753,5.694624046755968,1.1362484084654498,2.59687180373074,9.123639622232558,9.770295033454333,1.3845068878555213,8.616988069465153,10.811536988611211,6.254624357400912,5.639534624570177,4.622349439479619,7.820621989703194,8.923807973263106,6.424852185989435,7.432544934219707,6.919292262038624,10.475791846042522,8.566479217846238,7.918142335479745,9.0611983108863,1.0808495047824958,9.643640768356377,3.064197101887448,9.202859198910645,11.037391391152482,5.2898318730497325,8.53609352168906,9.576180853385683,8.277815893625617,7.939623512914623,10.768574823570477,10.172087440648014,5.964493335583248,8.254502427739595,4.818841549535667,2.46846535086543,8.786743690088434,10.932848654407492,1.1373144487556446,4.995473169526542,9.105000949737878,1.1168387340355423,6.8331556575848165,2.057400640870404,6.5245782042043015,10.408589673083952,4.868747392002759,10.240510676748464,8.912898400614088,8.668958594389762,9.882826123631862,11.150772486597436,4.571366020031746,1.0738368014870185,2.94024736327171,9.754603295613103,5.547699726716288,10.181229636248107,0.9983984244610703,5.939553260645831,8.211163710780513,6.446641503147273,1.4563465245232199,8.983882842378016,8.543264491120212,1.9012797222186038,8.04706014952888,2.2880986962564815,5.145142517029578,5.8153148802672785,6.663909073167233,8.526151929900822,8.662902665567007,3.2859920952639117,9.276643673978594,6.136987344533283,3.054062202913816,5.188872866396113,4.3908656604334375,10.335684702796016,8.27881158259565,8.707097636390184,6.855240367814235,10.407918439108187,8.190341719560118,9.282123765234298,1.6462831289247668,1.2290835921950738,8.271451336103466,0.9358867753922008,3.2438558050872115,1.653112221954235,0.8279058290886894,0.8831491192744129,1.6828335643539347,2.361478898399492,1.8182522865333874,1.0501622465720932,1.9609969248304873,1.1701017357245613,1.0786460052501659,3.4262340622459524,1.2029714810513692,1.700423623111724,2.038295789587132,2.5441195426907015,2.5729959983918635,2.748393483506196,1.218414900067452,0.9339781475388884,1.6292539448943042,1.6897073640359757,0.9556459355661773,1.3440177551804269,2.231127263951841,1.1775987819955245,1.254773201482911,1.3095067876817967,3.0529642953088447,1.9882465172286654,1.2738768608336914,1.5285806456501603,1.8402958547731798,1.271819014997244,2.088268696690961,1.0941226270557676,2.3974670363242416,1.1587615493687964,0.8313644889373353,1.0291756834489338,1.5666563032670673,1.0358223159345716,2.020809188103437,1.0288064813242013,1.807125965860831,1.0293021138977454,0.9658097882079287,2.6740487895450866,2.438566026962284,0.8880361514251657,1.1256976048541782,1.8570329727282564,1.2822637783051811,1.418489102857888,2.274541807810764,2.301548803923182,2.082887968621773,1.061874308245502,2.4553182523313333,2.4368543936770832,2.091722902838171,1.0071207189688192,2.043442285032516,2.1281145748769323,1.7350801331287888,2.037932515758531,0.9859228063151665,2.4616144686385586,1.3086398505114736,2.102640234091013,1.4749767706030399,1.0257894071759008,1.651931402225567,1.1384438998489554,1.4183977568024464,1.6476761242785545,2.775702393542003,1.7325859911442392,1.589343919669913,2.4764027490260867,1.3130647613305901,1.8647059854822412,0.9894661710612682,1.2668737318013519,0.9445461232530123,1.2265833871734744,1.0878749043872797,1.0847633676761874,2.3250955852044743,2.0164055052128376,1.2630493859675371,1.0344971477978668,0.9342550797478868,1.7471242327786374,1.0379522127668372,0.752807089989808,1.0375434151849627,1.8318791633879061,1.9754164620410692,0.9953881602465172,1.310546457706562,0.7252753187214677,0.8419279342883147,0.9536090125082268,1.1497745148320222,1.3382685004665338,0.9334121849302164,1.441822826673923,1.371364668980004,2.861582145023833,1.4255555630208883,2.3619208016435187,1.5065831744978557,1.2398594152054885,1.6600142591055183,2.277851000930269,1.4852420288916373,1.2170576583925277,1.9026958030621135,1.210961639216898,0.9616835429821373,1.0460523655294174,1.1407724957341012,2.0191752145732975,1.646057954561466,2.1856649080443784,1.2022750798557373,3.1269256307675617,2.506150128708316,2.077514694249727,1.4719348022188645,1.2308858405582668,1.088740749853945,1.0536827004476084,2.2896033831802143,1.7130116429979596,1.7379339316248867,1.5054758583212706,1.0522816010347025,2.957931264219021,1.0402140984531116,1.2247725334339825,1.6630714914691256,1.0924801284483872,1.116045629527497,1.4418627875349699,2.115579387059114,1.1357226155765698,1.5872967367533766,2.936127847739743,1.534153678512244,2.095390012894837,1.8161304963323244,3.165365818562264,2.3312373731309926,1.0816978263259176,1.3737077159545381,1.256063530365994,2.9700896029980526,1.6134086699811585,3.053461253043729,1.663071062270878,1.0117585458197496,2.2819727832921526,1.1209110169223324,1.3141410038496448,1.0232897775264487,1.023902985228971,1.172887463267638,2.111745366755068,1.9867558131760923,1.217585754427621,2.3424865276040916,0.909427509986452,1.2247522317808492,1.232084591116224,2.816105973913991,2.277845481928047,1.863648339337586,2.204435628681185,1.896166819119926,2.584148340698401,1.9170244051190115,1.1043062096841227,1.4626470033304213,1.6370352310855458,1.6365389498376084,1.1507400200727087,4.453002858925097,3.273416054182695,1.9177791109610591,2.993309194534047,1.3417386286417023,1.0740704317183392,1.4180548253211582,1.3942712595583524,0.6375227620624634,1.0405855523955814,2.4680213713293604,2.121691222955587,1.0207915975999562,3.644275102226421,2.4173806140580396,1.190834282977962,2.2295527762890286,0.9829321329832559,1.3639933951604613,1.4003565434473222,0.9903076407046776,1.3012992417026754,2.512101880683339,1.2770179960365602,1.9996356534203115,0.9460124630987009,2.621884942811775,2.0263877471712823,1.6085928665368174,1.7098390953915914,1.2000140944792004,2.2837723957072598,3.0051237922328213,2.3159530571184495,1.1472381576832547,3.0733652446069306,2.0816510283845435,1.3072224390976783,0.9139058461758461,2.172670164652075,1.7948046248939902,2.683202612445402,1.0255814653007775,2.248695169217688,2.425072652890218,1.1870882460720045,2.6752864418395594,1.1539362905739539,1.5371444339553633,1.9677281529484174,2.842423340083228,1.028418257931993,1.7570116108965057,1.73261848743128,1.1270300700859217,1.4429734922072965,2.6270026020622095,0.9478406959567041,1.9660312579421493,1.4604788413921754,1.8292031135042082,1.3985413201741106,1.12165323664094,1.6584995026198448,2.2979305891383834,1.0182160669443918,2.241291209417479,1.2634540423721405,1.3010395263106205,1.7357783197736194,1.6535347792056658,1.2170393123710463,2.5669221825207598,1.031565405449232,1.091347572567653,1.745099331379898,1.669951530674156,1.7480151086636824,0.9552076771530048,1.1070045940760045,1.5055768407582686,1.5775597042759049,1.3640426142719728,2.938351214857731,0.8907915245159774,2.000536462446814,1.9533757410050556,1.1141423675622688,1.9753061377089336,1.0134240559114929,1.1985464164063608,0.8136385126482961,2.4123088797342236,1.6434182241236395,1.5480084942291714,1.0212000420478993,1.0752604287023073,2.4421158516460815,0.9601685739120592,0.846364462324705,1.030900745388025,1.7877030602284223,0.720885045226445,3.1733355936003944,2.2091634584512425,1.4495676216757138,0.9176458487368555,2.1103056869156123,1.68908410619845,0.9434810748202765,2.867748487777782
28,0.8545834693935195,0.9411681022886261,1.0442356218032893,0.9203333209489483,0.946260804955261,0.8990093860780207,0.9743150680592717,1.0859768045999503,0.6788498377740055,0.9222479091922086,0.8673158341060575,0.9372526504670577,0.8809008324376154,0.8656960112776918,0.8275245260842548,1.1410479589958393,0.980667041461061,1.045891539920774,1.003361209542894,0.9456194768654622,0.8687805511807364,0.944359502393205,0.9484062393077957,0.8603898901612892,1.0218848572841277,1.3759803425529935,1.1471225352443017,0.9249665161828151,0.8758258940495919,0.9156646508498425,1.0822830639750811,0.9603263330829981,0.790135160775028,1.101796400385941,0.7273571633126419,0.9034278902224273,1.004272100168804,0.9541206382593813,0.8612437793847822,0.7802814356850098,0.9144302156197868,0.8309007952475818,0.9275627128539913,1.0247518653173158,1.1099049048608607,0.9100656143955788,0.9550997944795552,0.9273374490631099,0.8998124754485252,0.9086900584052423,0.926361191161893,0.9012667830766309,0.872732306585666,0.8469575186654154,0.9503250996592718,0.9345614569037681,0.9284877047199744,0.9019842580444402,0.8882057650659015,1.0964085967971262,0.8385048136790805,0.9072221045885862,0.8990464122949576,0.8232370395805856,0.9128684165811584,0.9296019279429778,1.0968086344746188,0.9683740082346262,1.0830276588799428,0.9176469155710998,1.0008920126523637,0.869668584588556,0.9124620947618483,0.8150866701297962,0.923990915478758,1.0824008546342474,0.8931858637612395,0.9878877926392033,1.0721842343285282,0.8390870956625209,0.9630593229372334,1.15022979795338,0.8973339883763953,0.8335424849193713,0.9134345740249241,1.0103201050470758,1.0190215439357821,0.9185951279151986,0.8691111479843917,1.0153393462699016,0.9023718853477122,0.8939354934622598,0.935928800794372,1.0260408509080425,1.301410441264228,0.9843589368765633,0.8809318347222698,0.9829703970555452,0.8412058161043993,0.9674294628617885,0.9321208225260107,0.885001630496755,0.918688479015333,1.114526707740369,0.9085178216213603,0.8874932789435102,1.000104672417906,0.9794437390773335,0.7159018955726987,0.8909621403942778,0.90127938229194,0.8528424703603866,0.9774970041280493,1.044348686968273,0.9422904298658321,0.9038732691694549,0.9953469334106021,0.9664367543657144,1.155401070093845,0.6856446367057434,1.0899712903241316,1.2658495490257253,0.9663056375791642,0.9227492882027741,1.17148371913743,0.8441229512122217,1.0898913920807338,0.9238677125102477,0.9472815039827469,1.1079149060588662,0.9317701864629799,0.9246714057114078,1.063207139382713,1.151634988002395,0.9589365919104332,0.9489911329437707,0.7879568249207032,1.1529188183177113,0.7823013405554028,0.7216138631466397,1.0148588562023175,1.112327750318133,1.106077146827188,0.8769353902787212,0.948542831041885,0.9208788150018522,0.9649791334721303,0.8295373182379766,0.9416552017527482,0.9417358762773911,1.062250627370996,0.905376939600365,0.9006166920453355,0.9035789269865139,0.8238867257536968,0.9325315507651519,0.8367398847820854,0.9104962612558855,1.025689873406887,0.9468878690540976,0.803926533150652,0.8981488589202088,1.004347459691979,1.2353465676244684,1.0284256942775616,0.9426724867495976,0.8531297107834058,0.7218894802559646,1.0258891638737129,1.2964076274254075,0.91885837934046,1.0293318710353525,1.0978640868900718,0.7733065861873485,0.7033877065452668,0.9705334660377801,0.9297445289681648,0.9318921936889278,1.017470301340866,0.9042296542330663,0.9336994178125835,0.8331770668929028,0.8959718703516715,0.9981286515415703,1.0832751100313833,0.8482861912317842,0.9231092411192531,0.7095795310995563,0.9082082519767718,0.856690349888648,0.8842500020150009,1.0118398760773992,1.0193787555179867,1.1817724137406045,1.4148849452472747,0.9129274139055386,0.9429061494300569,0.8277856970035197,0.7969054377652992,0.9235180010536539,1.0064390555757134,1.152218712908209,0.8645896943521004,1.0798804284803567,0.8295117054236678,0.812175277933327,0.8172469431976062,0.8491961468392893,0.9687109994030091,0.8829779606542805,1.0328110326105544,0.874545623697811,1.0967047758721065,0.9097098230328131,0.7015134103351802,0.8706855242650955,0.915912252161852,0.9040116204824671,0.9332413211049333,0.821546860820091,1.1189994308837063,0.9632447758204931,0.9439330744963563,1.4271027011019188,0.9130725464763866,0.9370640014612005,1.1561768882281362,1.3696475837840105,0.9423995214964681,0.9515221181928242,1.3863959235284247,1.0492529865790503,1.205151377172786,0.9313243296334536,0.8230844336159295,0.9589384546597323,0.9347820704352398,0.9716663167329092,1.4390661269269547,0.9916385143402986,0.9426792865188299,0.9271310084040572,0.9791439887079908,0.8148295040040849,1.1448852707173007,0.8799874235794201,0.9141403112271789,0.9040041779022588,0.7708546353209315,0.921730131996334,0.7270090364626991,0.7021986217374826,0.9160819639260033,0.8906544889213736,0.921853327608065,0.9828834363969396,1.0027277096119567,0.8874161522664443,0.9185717870158174,0.9178359772293495,0.8892679767422135,0.8922741475982395,0.8478939041324454,0.9259324692713886,0.9884114946151046,0.91832256967,0.906758188787591,0.9046030511180795,1.006736659748653,1.1048865958395655,1.212702968736517,0.9353369750575433,1.0528044690261393,0.8645081420269691,0.9760487342215035,0.9389287090266624,1.1230818681769237,0.868866824065275,0.8139919827613664,1.0204386082545358,1.1529407131338691,0.8069479586712558,0.8255674146261812,0.8067069454532116,0.945692276372075,0.970873836475676,0.8926009714285703,0.868592186725558,0.8505677894183903,0.9267927980426853,0.8165105982181131,0.9105775926918036,1.3765303609438628,1.0133833898617202,1.024969058458195,0.9224991399056479,1.2173940175913416,0.8625030911640944,0.9117466313048431,0.9007190846627287,1.0041349063616982,0.888140775897294,0.7091338731437729,1.099050355327655,0.9636987460586981,0.9138221692972145,1.4060465961687258,0.8991301775455061,0.927364946793208,0.5915386510261988,0.6304510238925912,0.8390139891516964,1.098742186982772,1.4880524987617172,1.0159941377969848,1.0295001743698455,0.8636906090673193,1.4181998365226915,1.0739992744447098,0.6696391952456794,0.7985006135598852,0.9215670871341802,0.8584920080704102,0.7365816018376424,1.455613107530481,0.684989490920671,1.1069794288808004,0.8517074279594815,0.7697870816078223,1.1705773113762457,0.9216118788390634,0.9985680155486825,1.2100531336695715,1.0082301007837475,0.8729634038050057,0.892803757940874,1.0733092394151593,1.1494631935934403,1.439157403296248,1.0895853868423204,0.6784046746382244,0.9057034408264021,1.4676656960813308,0.7429628843825568,0.8853809602953353,1.0994884353409993,0.4820361199198528,0.8152615325531232,1.1378023494604033,1.2003434412407756,0.8477596074304645,1.2703134237987395,0.9867653156700217,0.9121056073897864,0.8520469148365184,0.8459194132737733,0.9019504597330956,1.1584996381881771,1.6053076683623293,0.90316489867891,1.041845453247958,1.2681042071256907,1.3391845377204925,0.713520742623822,1.217244291505086,0.8273529829464861,0.9443033291961731,1.4002073512755417,1.0986295225141423,1.1013815471604391,1.0070054259210617,0.8193638050645667,1.11702878793639,0.8214990334845689,0.634888758941429,1.0767543595565414,0.675886269793253,0.8833220450014184,0.6801827452152137,1.0035081668990176,1.0454550319020701,1.7619429104533184,1.105925070159269,1.1339896374177636,1.2162596700702941,0.5951789930402525,1.0240631546392929,0.461562082532888,0.8754112898586518,1.176526017911388,0.8873934120815834,1.8334023905570722,0.6453532261472676,0.8476276102049564,0.9486977187961935,0.879655464770324,0.8336108885678232,0.9688827758568678,1.0205521203720664,0.8564345419954787,0.9680602006712973,1.3000461375025456,0.8403012799965921,0.9923247486502836,0.8349060395197199,0.7501885362490818,1.1657036738435798,1.3124640849734133,1.007214910675934,0.9570365248425683,0.8943478192515654,1.1673917728888132,1.070137376254732,0.6081945698275205,1.2800104398996637,0.913865856749997,1.265157163932371,0.7251943738170774,1.6842273983031224,1.2212924780350185,0.6011986532055962,0.9579850737824585,0.8755765079400865,1.1187238060841098,0.8991059430519951,1.1852334968364129,0.9428634017499562,1.093627643289473,0.8460319395533042,0.9324681598239984,1.5568999331876914,1.0907764418613306,1.1271406191672364,1.6101806756976922,0.973117392484123,0.9856495492028002,0.9120142988364563,0.7081687652671895,2.0151166343615916,0.8512901543140725,1.0701722367469158,0.459968017101801,0.8777356638705651,0.8402396241110162,0.9623626236578232,0.8726925342037217,1.066615122545837,0.9251056932099603,0.640831497101312,0.8785253138203912,1.9411355002906547,0.45541649469577755,1.2690436305201591,0.9583749221725617,0.8738603452504378,0.8803722554147768,1.209004326341564,1.5622249018402183,1.5649239649197457,0.8043052295546455,0.9414267412723418,0.6914697766068003,1.2302146375175946,1.0557868805371227,1.0065604947818099,0.7396145370551785,0.7430645248414033,0.9931197270858877,1.2149900576621684,1.2290227103634253,0.8258832643143176,0.8845057501497653,0.9452482656269982,0.8786126172981015,0.9998020736888275,0.7173398667097499,0.7748293866954584,0.7076894693659751,0.9933012232768772,1.0039928190856946,0.9214188385457723,0.6798984567187435,0.9029765507693152,0.88949316571576,0.7421041793450717,0.8797071581544642,1.2788488400180813,1.04959450016137,1.1024670550351896,1.097911090060781,1.1378574750800998,1.4271306762549043,0.8366475273756891,0.9276394711814477,0.9102493272182144,0.9765072169893203,0.9729187739803682,0.8672202642639864,0.9636328412385858,1.2612773086620854,1.007608015807853,0.8227702892110283,1.2674353573064676,0.7071215236269521,1.2088219419564215,1.0340806486191183,0.5520563233750873,0.8437037096452196,0.8765980709990953,1.2927067122414775,1.594654801995868,0.8920469593699343,1.246063105891489,0.8362237729364745,1.156005464609461,0.8810830720846147,1.350855890400158,0.6254697284303615,0.6859205951815083,1.077176071562094,1.153834654418731,1.101095572086103,2.05353975675411,0.7685844494044584,1.2264847434106003,0.8866104065450969,0.9404444158438044,0.887566520091356,0.6989579787946898,0.6062926741033098,0.7184587257066175,1.1768951002099364,1.1839236123204815,0.9092612279914891,0.9883355432464805,0.7689704501745814,0.9220772968048189,0.6107188121429418,0.44120004199264473,1.2395593751988532,0.9529579477459732,1.1449017760788454,1.3466231463883769,1.0340107774384604,0.9193120142034203,0.8008467700263213,0.9052946141820938,0.7102091099098704,1.442116711418978,1.044170224239293,0.6951982890827515,0.9913495835486049,0.7945143535201481,0.6825799364648096,0.6815389038220925,1.2734173461810434,1.0889042381858638,0.7014438231953102,1.2358468455602354,1.0484593130143312,0.8952636984140051,0.49122446899742706,1.0516005454364294,0.6694468572506552,0.8060389930658045,0.41168588798215705,1.1701244518865703,1.29352268785614,0.9595256489023767,0.8877339088520266,1.6100192946350997,1.190382413432514,1.0810685310570098,0.6856229034641341,0.7352548935668592,0.914639956019792,0.7558357254810544,0.7864492663202656,0.7955401431970346,1.19988786827332,0.8068989754448351,1.1926175032622361,0.7364743542913603,0.8645846306077314,1.1103284496986887,0.9131946544110814,1.2929048652439294,1.0811978601157282,0.42544120724058127,1.271380391445025,1.0173358641757926,0.6453520699050271,0.65325758614185,1.0453199220435023,0.41753341606114003,1.0854746584231012,1.3033107759353724,0.7066217696279378,1.1873569090403684,1.0036395397070246,0.7943769959283764,1.2873774835730831,1.1282025927881592,0.6180495785749949,0.5640290145050219,1.1724521572945972,0.9251585439927856,1.412655648038373,0.5019769186619824,0.46739382849255406,1.427662422849699,0.9851139139555889,0.7363044856370154,1.0115811053657464,1.0056758874525589,1.6265495485500547,0.571759652279287,0.7341015773390677,0.7383706613540336,0.8788336022439831,1.5596620278583295,1.2097955738719648,0.7643659018591067,1.517011323865105,1.3490763100241703,0.9004701979822785,1.2334583629730582,0.9863826816411845,0.7207285765068561,0.9902220061412054,1.114032533600838,0.5739244550660658,0.865861005023215,1.2876115942222697,1.0611035883018005,1.0703722603222288,1.256336004734284,0.7070651670310363,0.7501104213161409,0.5066968771471262,1.3340929648342543,0.7629401677243328,1.722470570842799,0.7885559009197612,1.3437860251608924,2.4116206318468665,0.6957889505152495,1.2657546549131202,1.462012995900725,1.3965218997474573,0.8830046495742205,0.7549550463507945,0.9039568153178065,1.6255092293152849,1.6832734190567364,0.5808136390592522,1.4023518524878047,1.139513557251571,1.108087499394185,1.0915012658974148,0.6871407760184121,0.6638546408041476,0.7111272516106827,1.1889572782924425,1.2562330645519406,3.0167488053240192,0.7884928751845025,0.7108249806366682,0.8636526395944528,0.506122839309582,1.0274447058056095,0.9703580464461191,1.2351920738698152,0.7054810598198438,1.9772198032698272,0.8020012037005034,1.3127954819403191,0.9650816731814087,0.6775636373354808,1.5059337522087803,1.2733332367954089,1.4924929962003257,0.7051621130610726,1.445789290815063,1.111723483282724,1.7701531124767775,0.7162400577646781,1.4675694281254494,1.0448117300269986,1.3393186923409777,1.025378443667839,1.5477598785901732,0.5765771624355649,0.6730051339571546,1.4127787208829612,0.7867066271259485,1.5954287558493714,0.7590496385078507,1.374196651133992,0.596506279383855,1.858039809321815,0.5130145419838975,0.8651114775775671,1.063181470778654,1.0820042957962235,0.8240558282835636,1.3539548463282933,1.2329322227651318,0.9865200405612785,1.1435637887113532,1.165738458586208,0.5409420529477513,0.9319493321293462,0.6146439679056936,0.6015713834777188,0.49990450919982,2.54997401815237,1.4299416018762843,1.1733144150090793,1.1205091962564055,0.7272423749191883,0.9807744935860253,0.7963996481281912,1.3556823718792892,1.3650362199075934,0.8117089293071199,0.947382326427067,0.879687812696119,0.6437791616203674,1.2464443083507633,0.8136600991673165,1.2876008804071308,1.213772180441628,0.6821591889047691,1.6032716540773069,1.149718692496548,0.4900737427975281,0.8850418590461577,0.7673654267106937,0.7196242504289665,0.6504202257154614,1.2172821341951927,1.212604919566556,1.1373410989302406,1.4913794171500212,1.1309142769627112,1.651663041030361,2.0131048625939365,1.3492763143328868,0.7794841653779065,1.4321604773926817,0.6154213334511616,1.3872521398098334,0.6839626139599077,1.2430340585752202,0.9549979871655727,0.5194039435723901,1.7569066537436293,0.7462176674694708,1.221655411590766,1.0597057017726732,1.227771120476172,1.094123301024884,1.2118327791357284,1.3693485062725645,0.7609289391353197,0.8140117870708319,1.4166527360699697,0.6391553776269684,0.8663916479491431,1.7884705371419556,0.7503035137820697,0.6708166414368433,0.6456247000657652,2.212114269474363,1.3362988100630566,1.090238992191508,0.6551948970406711,0.5017458915909866,1.0263882447957762,0.7578880965817363,1.3701209435111903,1.2099797145795088,0.9239408390980826,2.608663660015874,2.430929668959582,1.3350358488031284,0.7511206785008614,1.6476729445609384,1.8599642950958752,0.7620773933181884,0.8438415261968752,1.0866518250845205,0.6297005800435234,0.8170749924688868,0.9706014258799605,0.6684500142559104,1.0963064128350823,0.6196866565864166,0.846075518172683,0.735010292007217,1.542571484996005,1.3224430699136012,0.5603986807162521,1.1097112436961594,1.1410632032420092,1.57204609805675,1.3011051208523983,0.6147237373360173,1.6257555064877907,1.1402038584690561,0.736264362571793,1.0591365574440241,0.9207037577926755,0.7084590609964272,1.0263861009095077,1.171242296761032,0.4849493865846276,1.0202861663297687,0.7333160520472546,0.7155456264850037,0.7166703526158241,0.830345883120865,0.7959632090763296,0.8013561901346997,0.6892939981371243,1.061702731037806,0.7619069683017365,1.1000968385020178,1.7752657713772835,0.5965833674487577,1.116990631931363,0.9051515710316982,1.1001389315711485,1.230924901781454,1.1582233863181999,0.8189099338126994,0.6139593553275903,0.6196361141408044,0.8395549041119662,0.8800020754429076,0.8805599098442868,1.0673824329129746,0.6772053246238636,1.0095804626632177,0.9296572186607922,0.6158465398665578,0.8362882585327184,0.7221708128097682,0.9747900035022075,1.9268673302916537,1.4504319991948682,1.1993821598468724,1.2431533635500018,1.4358450002210326,1.0100113887296707,0.5763178747164288,0.7070158003862764,1.003058337392116,1.0663614009792304,1.2181181297371546,0.5152450077338089,0.7332067196510241,0.747482370989526,1.0862164765281506,1.0358409430096216,1.3699305784869003,1.2655154962849275,1.0290676148520421,1.074233221285543,1.2570448483061003,1.1174099534763595,0.6394499050645077,0.7374831928525913,1.0476324716722314,0.7556898189599964,1.0860235484984997,1.7809978476050172,0.9682754684498168,0.8182753678106724,1.3437101676141232,0.49647430071313636,2.9925941543323704,1.123424616549786,0.7689653677968755,2.2094591871314906,0.9513268087874248,1.1663585900622784,0.6006302812756614,1.21456768510609,0.6210882001339599,1.051979884827501,0.9222914946018003,0.6926461438917517,1.6388609011176942,0.5185896985127961,0.49008733060695236,0.9328074243734705,0.7722770550637894,0.61881899797398,1.2464425546240845,1.4656957083038562,1.1792001274674149,0.5788554468996823,1.3356619696274838,1.423845514211374,1.1587602209147894,0.6472951880464426,1.113292388320691,0.9858644379019987,1.142471842275342,2.475327128135081,0.8528081471973492,0.9492326592098016,1.2277028148493385,0.7244390045299653,0.746152631207843,0.9207163761559346,1.0183598058247347,0.8282232072948531,0.8102025690597238,0.7450553504359043,1.0564543172807976,0.7715683237144609,1.295402206952216,1.0026507059382384,1.9716610724824035,0.6309092163139528,1.1475788303263785,0.7515259393267902,1.8174852192855224,0.8750252411139731,1.1762828965230514,0.8436548665369633,0.7239750547029457,1.7294871939457672,0.7268777422212458,0.7677249445377133,1.2519744123855157,1.7261413335843363,1.379746440287616,0.7121098797271868,0.6412992542861404,0.8177375843264423,0.67979936936498,0.933265294955989,0.8493910526177026,0.96560808722488,0.801621322489793,2.0774223023742344,0.9873138671045759,1.7253570887261396,0.4800761566815106,0.8036018863297645,1.0227110640046448,0.5920544973239442,0.784746808314888,0.7943562943273715,1.5350349256902442,0.8709358176703957,0.6957651103254442,1.6311055899771403,2.068673929694703,1.0223179134778062,1.2266071574901596,0.7787018598471243,1.6618449256423684,1.3198043304145393,1.1448919057223619,1.4113747577681008,1.4834393041395701,2.2751376176763602,0.5342795542303571,0.9395458875830378,1.790780841823288,1.004175993227162,1.1453145346277867,1.4542257575851367,1.1122061753007457,0.7659768758962319,1.313505899068892,1.1323489780024167,1.1949828616857765,0.8015459263749578,1.5381906264269323,0.5220576543177193,1.2015105304400195,1.0326726146363947,0.7539494555659929,1.1366017516753575,1.5740209575885324,0.6532223756683205,1.7384273433044883,1.003670502713232,1.6237044517764292,1.111656336343544,0.7499374524208552,0.7954579802210613,1.2741104520197633,1.5098548931643767,1.346136185310612,1.1569827448675103,0.957875085167738,1.4938347590920202,1.1984128728447951,0.6988604988218522,0.7160497337316865,1.64536225882974,0.8102685097273453,1.5427463207997754,1.061319686441891,0.9038605072058957,0.6967562922877186,1.3647844993676308,0.7223235679318327,1.553801837160973,1.1186726571324228,1.4814688874748339,1.0537700936354604,0.6379969855888524,0.6740868064927426,1.0302602202391737,0.8236298636081795,0.7598236748780121,3.1010849972326646,1.7463339951590924,0.660744241402218,0.7847719314627274,0.6825457569797403,0.8991264026083448,0.5502266528171601,0.7213231141510361,0.760302179090624,0.7408882999900185,0.726640896194678,1.1145866312105859,1.0838287232836135,1.1189783735468273,1.7822901372229807,1.4630282656666769,0.7606016189164191,0.6793439908996968,0.6280565876048764,0.728067847163675,1.1252586168253793,0.5822019043635241,0.693626519769802,0.7265385813864129,0.7304611487628704,0.7798162683785325,0.716696846200544,0.9773052393561227,0.7976939528313083,1.367127441817751,0.6660926549288985,1.1274346014022774,0.8453043693379853,2.174787046842209,1.037802075629031,0.7199133586034732,1.19697402690895,0.8385445395861939,1.3642738355703967,0.9664445382497228,0.7030350934451466,0.7996980063474558,0.8226133576115175,1.07530586641771,0.62507043715483,1.1484287411371668,0.7585206364946214,0.6627286501005071,0.7507171411027476,1.4833522001222565,0.7270147294329536,1.0938704635741692,0.6567872627321508,2.4829815165028455,0.9127454843732927,1.070275504825074,0.7738079357211959,0.8754553367191439,1.9366315952788542,0.7383943421895572,0.6975074579402482,1.0559575437838669,0.6159286495056425,1.151787235415919,1.0602218717717569,0.7426509091821485,1.4763416894692465,1.867166514968177,0.8265459859211537,0.6252578765779309,0.897945150081767,0.7351522931990665,0.8243592777683363,0.8551400410170308,1.3746885590955866,0.859690846395853,1.2451988372390643,0.6640466153860726,1.4779787531122126,0.6425324517410738,1.8288132516682318,1.1862390760042278,1.3255887699515037,1.7654672001645622,1.7135091528051318,1.1314534395923348,0.7524955557152982,0.7528944468684966,2.1326805256239996,0.7088112883896396,0.7246172788304485,0.874883961647044,0.6641014886485009,0.9515803572137427,1.3291271984117283,0.9950727961779937,0.5799132190752188,1.4869570256378244,1.0367203301937187,0.5519640071557799,0.6955632717628769,0.7232153030334884,0.792658245289798,0.9801538486320945,1.366022378416739,1.2615868881269499,1.5168325015933788,0.8457685711209861,1.5830093451937421,0.5890860463753463,2.2207428102536446,2.4790346410940907,1.838291064319023,1.665392658491571,1.2274502022483622,0.7790749821804298,0.7507205872315463,0.8546956767470314,0.6586324804029289,0.7257953282583662,1.6537655679359173,1.1609093224994838,0.849789652513842,1.0601882578181008,0.9752734864898573,0.6836876324064814,0.6840098709386552,0.7896849372258337,1.2237349858267175,0.7200404604023717,1.105512493590489,1.0658089259975203,0.9684205725548118,1.5528271267411358,1.1982645285871871,1.204549585428806,1.0922198082328352,0.959496673889329,1.0832779883860755,1.2822446933209743,1.00955019594771,1.3303783772551,1.150254353320063,0.9906716098624162,0.9586120980341359,0.6122390838749993,0.9090391099216604,0.5766226254426253,0.7208081779448013,1.5501021985764152,1.734675243840139,1.2723135815343418,1.5128334662402432,1.030624637702257,0.7394466921913487,0.9046471545021977,1.2851905658586953,1.0502114387184007,1.0417118505191656,0.8025738007824742,0.7502695911553802,0.7499498505224637,1.29141313755953,0.9374161102163926,0.7252878126290707,0.7387372185444506,1.4942676096144227,0.9126078700759781,1.2916321347528044,1.1914692807881124,0.7024280359477324,1.9931583991208273,1.3762935501740658,1.6707440794854482,1.9327125816852984,0.8137206093647582,9.89733923081187,8.960608642233565,8.520304227975974,9.39200343103766,1.4209757159088345,3.68282206433406,3.217914079936979,5.265121889404164,4.237854888083522,10.08186053310861,8.082934084740243,9.70981913325028,11.09508934937217,10.01501594295775,7.851130948704622,8.031896355589,7.1709336227102805,2.1531015136034135,1.59181638602879,9.106530309987148,2.1896393011820408,8.758948065021933,3.1104450812895004,10.111565918362722,7.63274990530648,9.59934055111198,9.227145074882653,10.577793291920392,9.016061211560503,9.941823349477158,8.941379138404422,10.210093588252409,8.100789486483183,4.199248656054803,2.7538412663377465,2.90918963641013,8.001737904661395,2.332913957820782,3.638416989096233,10.139428700937396,4.148200198801765,5.709483856832725,10.184367733182413,3.427293766571944,5.6525666196717,0.8465823263460065,9.01825327189066,2.0451126837221083,7.689946357253412,7.0995647822196615,2.5678620141482322,8.678880793432977,8.912121763154499,0.6964173597850235,2.072016683917983,0.7459238035374091,7.382893903360086,5.754590339387131,0.9750548599879867,5.421091587227436,9.908789794549062,2.254609516911224,4.415567760302681,3.9241893947413264,7.08071992872916,7.590472977114124,9.321019018670473,9.527060900861875,9.211084560337127,4.760239606802422,3.5749710423857612,5.139646956251837,9.942980503194446,10.107083455380378,1.4437737736583205,5.20807835775868,4.237672535087298,10.094976752544918,7.963994140998882,2.456351984697553,7.077625484656814,8.591138958738568,10.17401693876377,9.377119884080876,7.955270982699409,7.280682042518266,9.325211187045864,8.921433916829283,4.740308471552845,3.438378086339027,5.3005216568228,7.481239834849842,9.338685574432944,9.090542730902806,1.0704763123775578,7.108651205838413,8.999935585768547,3.694867555108868,5.34035503237274,9.083536869496989,6.528194648681838,2.7342214860512675,6.62877741419956,5.511944296459308,9.227888104445372,4.958114909090421,7.194530127151351,8.952034196103916,9.09923941721469,7.061849275064801,9.325846401041433,0.8816206483253795,8.778223702310058,7.634139234371367,9.640918291082748,10.056335606186831,4.866602518481006,8.622884425403157,9.560706663595125,1.1050258354899083,9.081842971229857,2.611158045940854,0.7868469735070815,6.510376712160345,9.269178240732039,3.146091411418645,7.57301979750809,9.931204347984224,8.94489672624859,6.525004732678371,9.32175703021338,5.8190422609355705,8.048151003352467,3.122310090738846,2.8664513810554073,2.679211303324445,8.983464876943298,9.684267869862321,7.166774983655156,8.197997673245455,2.477890888713379,6.588685652122123,8.787493630492659,7.053662495298169,3.796208258336483,8.78983376175314,9.944451915325144,7.892454039039347,8.226673396164452,9.155235408974088,7.287086878346447,3.908305217533061,2.8916036048732794,3.8687208138128177,9.370957387301846,3.173704279611577,5.236371999096773,3.099505756359694,3.2496130235870377,8.873236517990447,0.6362724342928673,9.193821692734797,5.790088187062495,7.992330600572221,1.3602400076948293,2.0246477190739434,7.685816984157333,0.8231604786653958,4.049992554607875,6.8942291759355045,3.5185721939402512,2.2502384581714554,7.552465281783105,6.115664291907491,4.203072346460663,7.811051191601663,3.7163802626236553,9.97381544785051,2.508802123796942,7.46066744818756,1.2448391230740858,7.66287531478034,9.363014759287864,7.4830925080953135,8.098524855910087,5.914720703343949,3.2625720939073832,8.899527170929506,9.477214089704031,9.498357795196197,2.4440774323894363,8.789379768047263,9.557287311479481,9.324060109819658,5.900960811103174,1.8274229968263573,6.686916441431461,3.9187940115218156,9.822840835367858,4.680948014222093,8.833356221572421,8.72127967219398,1.133598201366453,7.658876459082207,7.788697725264349,7.982269037507083,9.509096266654687,9.062596209508273,5.785877272402546,5.77147651799989,8.513066765974694,8.336626256225417,1.3605130557568559,7.203916343163699,4.459276177062799,5.356381652201868,9.073726561468362,7.440012658170489,5.9865876133076075,9.955978827279438,0.7431876709709123,8.334170135600228,8.972812316750533,3.8097457383655495,9.41955345225028,9.28701455321418,9.706149783934803,5.901319244512839,1.2468988078313656,8.494518110050747,8.109384756517041,8.328874087080772,0.674529844030343,9.31016762154414,6.424389342700997,8.482431742027025,1.1637683766612925,3.3415675354924597,8.155044458395448,0.7277871171897984,7.360291536353594,10.106439012816702,9.163861320541727,8.677545168953028,2.645234456100168,4.957865652596676,8.877393111600574,6.250782689261355,8.63150593569907,8.983165669202297,8.137969869589476,5.124017584682096,2.9845083196923006,0.7390587665385371,8.365304881233005,4.57007586219437,5.824643327368219,1.2308812807744387,9.101215758662367,8.367759266971868,8.301877456336474,1.9308630282091592,2.0209260937649662,10.037817893122243,9.20368769687025,3.6496698533431067,8.963736927464243,9.053520195211439,7.264578849041515,7.488592399740606,10.041504792546899,1.8997526155642392,7.683207179538517,3.2139402861484117,10.04118967724061,8.465951889347807,7.733077191978796,7.541783733169165,7.084537016752314,9.656379987992171,4.362703179646108,10.50176566274485,9.843667569958738,8.1497801950064,9.219865671278907,7.883620533206363,6.427802218618739,7.62652172305637,4.151234710760281,10.204850912115505,9.484964606741269,0.9061711707998478,2.480515012336972,3.312391871451734,3.1410719577466577,5.716677342818935,8.202979461272918,8.516956901746537,4.566680662061589,8.258689961391998,3.724720785319725,1.8357151657959117,2.4630322200056614,1.8978723798406965,3.221053650362412,1.9740387525893046,1.798553351896362,4.017373591275855,2.723693755919285,2.183910045181336,2.577186188180147,1.7548230813193775,1.6553676319569666,2.0766479170622913,1.818058527651818,1.8978315113061828,2.1078400611707706,2.340325673817238,2.3639388320848265,1.8233379340312292,3.1253922221680424,1.9740831617593972,2.816962341111056,3.1837493537735133,3.1857717469021507,1.8937123635922157,2.0440064079809477,2.009210988340024,1.6540280117241324,2.4255037090544205,1.9214436283705045,1.9529445506070227,2.099305101542585,2.812585345940496,3.068689973843212,2.1175783403010597,2.5017711604162725,3.0253518682008087,1.9682648913198815,3.227506409167609,3.7078123595478343,1.6370342377062745,1.8415341492319477,3.315934460305351,2.6450840145810144,1.8130121839106,3.0341288939407254,2.33396166158924,3.398172324527663,2.2873112779726927,1.7437920524290436,1.921281429064138,1.5391904745616432,2.6481542620502547,3.4105085170886977,1.8286623083526041,3.3507959720301734,2.397397709024104,1.3966764019510958,1.890639421609185,4.064249857956009,2.2994762448899024,1.7763436886001867,2.7288567704886644,4.459148929532933,3.1232781746395375,3.3340566878124887,2.2683041230552896,2.7904669355784075,2.896776811899761,4.808125612199629,1.919071132017134,3.2107356364208917,2.3310712698184983,1.8121865933197874,2.2891611123471063,1.6713048633629022,2.8900479519045073,2.0184007025768236,2.0041701349032772,3.2367444674170254,2.278303005470167,2.0266033331102036,1.777398194560999,1.5400868194811599,2.3375641870910906,2.2092683139986353,2.89891033585492,3.2277454462893282,3.0315194228732647,1.9152298624319055,1.9056617083916831,2.026685245091866,1.548860620395217,2.4424817710829436,1.9125588193781544,2.03216560564636,1.981590636593809,2.8937490386659657,2.330380242935672,1.6160147305321697,3.6201563228342883,1.8344307137461988,2.7865984882829085,3.9338197703570725,2.64256619557061,3.6011090116326505,3.8771738578764494,1.886546565904951,2.3080975928406304,2.3080291007448843,2.906894716015531,2.745919059160867,1.7583085443918336,3.134528755600829,3.714291561121419,1.4453360096031123,2.654977673592633,2.067344747564317,4.251016805965783,2.0886479897921384,3.272432463152894,2.2720615548434524,2.812064230506386,2.0350145106564357,3.0613863473074345,2.1186429825824997,1.804081711792657,2.094227859209498,3.1157830797375548,2.974162775742334,3.6916584527135408,2.1019208993435683,1.8914641290442178,2.379694408313141,2.5682123197440374,1.560675484849495,4.482618113578198,2.1322650683857534,2.7543627291006127,1.804098106781396,3.308767987843252,2.4355517317779882,3.9600925706196173,2.735414039176606,3.31866796233491,3.052657804375567,1.9711228484461902,1.8893791965663083,1.5946843903212078,2.5593350468750296,1.990809768526877,3.6418020285785375,1.7344016955313297,3.6143827544892035,4.0412727779318995,2.5610878488127042,1.5252777660534391,2.41743279103493,2.77879951834344,2.1341571326106332,3.521686871439687,3.1983738541362263,2.2521279205062728,2.2413488576237923,3.842817679946231,2.184877861149987,1.7418342395947084,2.1078596490840944,1.9817684347947444,3.334475541200339,1.9635942412409821,2.111547764239403,2.1868812383867713,1.5967871684077246,1.8619667521484091,2.0187742107263538,1.7668797450810774,1.7745187379406866,2.8900419782741693,2.9958567406788026,4.3419112708869285,2.285871761158067,3.403704776368142,1.9287016428833643,2.619437160238198,2.6238680591751375,2.670214030286413,3.6047771367112706,1.6823313394649109,1.8298151142769912,3.5846115268382754,3.4555534532871017,4.750170684004939,1.548743175180333,1.9832891332970857,3.6269013414063838,1.8392548671090057,3.077058234596833,1.9469162557271658,3.043339011176891,2.887805803712591,1.9103605302196307,1.5862359471870542,3.8860169534787716,2.237723315374315,2.8699845635746817,2.5416758718474726,3.133794416682392,4.060587737959371,3.583675659402961,3.9805879042000374,1.724827787881171,1.7963009587432408,4.1693690555648715,3.4633985660696958,2.1229760615129383,2.463275602581042,3.6582473379658915,3.3907414422900026,2.792580936384848,2.019759227064943,2.6960359927952204,2.3361740134144586,2.8045188030125687,3.629414503426727,2.0527531702782578,2.4536771930024623,4.756656266951551,2.3597014793160045,4.694309397695067,1.9334764081864444,3.0358954657491957,2.0876661042478974,3.70538241924642,3.1948849629257516,3.929331230096405,2.8490540100854496,2.4711998325224145,3.028190310783505,2.2529972963850535,3.4182059882021827,2.1947236681222067,2.653730740530684,3.6418864449197943,2.9247344636272534,1.7715109494543486,3.779857588003468,3.6718126594813927,1.7332673572737292,2.671073164977126,4.240116049624338,1.7531906862163067,2.92221961805924,2.378575272772122,4.125706892048551,4.001056425358888,2.876734087371365,3.2623616267472335,2.1165283873935063,3.0268123290014493,2.858757806891801,1.4288599925263135,3.2048272817203687,1.8318284807015854,2.15639966449614,2.5748016465545964,2.726923484738276,3.5587930338280045,1.779380317577533,3.3524067099657926,2.6146572075081567,3.78969132692578,2.170758290589816,2.6319584967860408,3.315539795356144,1.8275765551576308,2.9298659336083412,2.1743688438422666,2.512800587982216,2.01232972281657,2.5389417225824653,2.8563863783004133,2.1210277911940945,2.4011297135902083,2.360709809349621,2.419019355347301,2.248060589182403,3.0778181742733706,1.5775158845411257,2.537496940826675,2.9673438254753326,3.3726351968072272,2.86884306495434,2.3441603114087077,4.442772356559429,2.0071586717491954,2.2437945969358895,2.002918156365272,1.9400937165241061,6.862750424721232,8.688053552343554,6.398002526707191,8.40276270517935,2.9657726452600657,9.405429054280296,9.07798230031007,8.720121041081272,2.1911514588132204,7.641807452012778,2.265228359670807,4.583834024348573,8.496096067906521,1.911247044591128,8.606690663695318,5.782814305833508,8.463204558876882,7.119221271831572,7.9751514769676195,7.6332181725724135,8.491726055817761,7.957462547193589,8.060617630157266,3.3972654674499085,3.837891175282913,7.052695038984593,2.033030016887248,4.965937041511936,3.484978573700422,7.715278163705825,6.205908245462644,6.316045208113993,7.859000619229339,7.936734855753438,3.767392820557963,8.581912841391025,9.738669819635634,8.562229714174322,6.265482705263285,9.204263450122843,1.959721224366981,4.546110440408685,1.9160527385425306,9.38479024877514,3.961209414175099,6.392335300384922,2.5018335224816974,1.8392533709609455,10.109799735818903,7.60662856588495,2.0321449856075673,2.1798690169904518,8.286296842250138,6.3076853213925235,4.153085872798682,7.233744994029606,9.197464763667973,8.369850702917258,2.7722608679520624,9.43274912760192,8.47474601371376,9.282715760824214,1.9018249714285962,8.027617962787316,8.294159796634341,10.133402456009012,7.621227792937966,5.387338654796996,7.131122376452348,9.013565205458647,5.6765734344796845,2.4471931731890284,2.6807639603662516,8.761351597881514,1.8358954248315915,2.7134862583441426,5.379815275951339,8.123492384949504,3.1665782976883636,8.589639284864912,7.034935208434131,4.821544757055844,7.236200791851299,2.899338630545058,7.152779805336193,8.162249812306126,4.309959575713497,2.209773266553923,6.006726367419654,6.033521895229738,7.997560175547396,7.0358983543388405,8.358007554029617,3.6516276662143023,7.775685885562495,6.378296345102737,7.210048295374307,2.3356491231106435,8.523155421424374,8.456601998478993,3.005351525713463,4.81949794352324,3.292833063567257,5.728277540114393,6.9726921389626835,2.039883115174904,4.383994575264494,3.3111089118885237,8.183175623460986,9.72390375521028,8.416003945511926,8.651836138506173,4.68702258748335,6.864569983839904,2.871374315219782,6.554308311531334,5.050853200040302,8.512623644454115,5.525320966421629,8.508962850404592,6.647079135455191,4.795193593440714,1.9522012291841557,2.3385945153152186,6.8729485719301655,6.633495857482026,9.760299031722893,7.056958583027863,5.865802886046242,5.612275647543547,7.789110873115686,7.437672586906601,2.437817486132091,2.7990239910115116,7.874404334355663,6.4799553837374875,8.448185587849654,7.815232767929069,3.044011326121055,1.7430848742150913,7.91468635256862,1.9217171402094941,1.9239274674848363,4.604518527358543,1.81840111270163,4.192163979955137,4.792707239001571,8.253537363699978,5.4548601424336125,4.800573611471918,8.808655596743995,8.945539959467796,6.169698549741433,8.72060671050124,7.488664640983793,8.256159004096231,1.8220118144145843,6.3659308549570275,3.252362862657713,10.41857873722587,9.38238246833357,8.994627033260274,8.958517543607982,2.9413838637981775,8.736659839060056,3.5258718717891324,4.203694780261215,2.4079743221685064,5.348383888178447,3.1155758467158634,8.253640139643162,7.024376893427645,3.1336428490754598,10.792537484131087,8.409148745814566,3.905600631883562,1.8747265494365393,8.11132854898491,7.420582217299093,11.120342307042081,9.44025662247997,5.716003466305589,8.208537378365774,8.666821004242337,4.0978478216140015,8.152172083124668,6.6143979942650795,7.864152346377533,4.069300206218121,8.943950830890046,8.976535617440422,3.2672019027111614,8.026813754115631,7.606342256631568,1.9517257716040703,2.5644319939781166,3.5335127101627988,7.816056035935584,1.8657989628090557,8.20080727378057,5.212186942452631,1.9444773077901751,9.980062484021577,7.07838971993559,5.6791415335098465,8.163878824848716,2.432257505786726,9.565957687323396,8.610775528088343,1.8045598951946267,2.324254756641115,6.852722205561129,4.05358367958766,7.506154058693355,1.816777698158247,6.237484626410392,5.333600561939792,6.787500984573346,6.802524197902547,4.797599737626586,7.211969721921542,6.5870320998831975,5.37570277991321,1.8780261720131017,8.642305694684827,6.049255492464761,8.769842614021316,7.2742174138683415,8.488104479190552,5.027586918066218,8.088019217036248,8.72168222068362,8.214516076741655,6.789324006196395,1.954317179216503,9.361711505498635,6.445689536937711,7.5669776118189604,6.030535721390312,10.750417263857223,1.8928278797600768,5.604472158043562,7.912745531172274,5.011697877855746,7.032050482701793,7.4669144762401265,5.152442660437704,7.92866213192582,3.311563951442664,9.031721722083018,8.022553252920034,4.182894032255805,8.870484563931075,9.456292100117391,1.875550910025021,9.727332686197327,2.211041063958116,2.166755261825937,6.460169591119358,7.7650665418074745,2.145662775593611,7.802868288869279,1.8420681387834057,2.0088229701947777,9.84536205144514,5.2352449123238305,6.422153944990845,3.729234206166095,4.946204898128271,6.16174516562258,8.522060278140197,3.0936624531566257,8.86336812042137,7.905544173682878,7.651250782320181,8.119763211423752,9.630116062072354,4.402679536724611,4.915668316069566,8.550282027246269,3.077237161817327,8.61658063360099,6.507074087937785,4.129867212248534,2.1276247213034662,1.8764883660093856,8.269241112058802,3.5204554608944965,2.1843159826357628,1.9602992672811301,7.521142132513427,3.1295175688432106,5.5077781902852765,5.060987821620266,8.712168917515546,9.630278142555396,9.302328436595445,6.590055816157082,2.506732453566692,7.898361786395173
29,0.6343866096185283,0.7697581660421011,1.0428191948152248,0.917376199117307,0.7778245707423856,0.7748263025433753,0.7374702244871457,0.9875665684093843,0.9104453451192932,0.9735402912644091,0.7926882233875061,0.6883788331049158,0.829229518485045,0.8292136901229471,0.6495912976665875,0.889364185831074,0.7382828117344437,1.0330571379320863,0.7043953962777607,0.8446230943144665,0.8845737300345609,0.7080300664522631,1.067987362542122,0.7457774975360024,1.0326269505482197,0.7015860433016498,0.9375218858460822,0.7880952525330404,1.2297431399425864,0.7553749448413093,1.0780885169683259,0.6903678448417196,0.8846246164934778,1.017578099909821,1.158328053114655,0.7600998063026819,0.7971806850572191,0.9666106306672662,0.988965730847939,1.170120789906108,0.8901856028938566,0.6579326653781463,0.7078843402942574,0.8468211420822049,1.158689961269876,0.9144943674908728,1.0555359817972285,0.7685180569223864,1.0346791004780556,0.7954739358658081,1.0080842627556215,0.7525606650311477,0.6102532700724901,0.7076319509120226,0.684888572809451,0.7327154380860955,0.5269397172879271,0.8052531699645116,0.7701630867309978,1.0011919291090998,0.8097724496337686,0.864022837192966,0.7885513284430758,0.6963173576768759,0.976263323466729,0.7326117019463658,1.2367110462345026,0.7009113786783909,0.7250012993134809,0.8450830912048709,0.8924246494015534,0.9265885792677552,0.829627726424637,0.9374075706533516,0.8216386505831411,1.0381457707355006,0.6451295277998721,0.7477795413899924,0.9555418130013587,0.6764160431661287,0.5502749220589304,0.864363916345165,0.5834703232179004,0.682036532990469,0.8379225371435454,0.7351854293562183,0.8198254664649895,0.7608633567552759,0.6706333390912194,1.3347195476628548,0.8069333904605722,0.8770769055416519,0.7235942812488186,0.8280887442449619,1.0070311316908902,0.7587015755598139,0.7018825373303159,0.6290800981287769,0.840369820263485,0.9897609689363089,0.8004831554089853,0.6493956879378043,0.733923481943344,1.070706819741825,0.890820445332983,0.8263290935702609,0.8022785348490602,0.5586261287134683,0.8171824229508978,0.7760929319539401,0.7270696585579759,0.5313268929601205,0.7894208012896224,1.1439558778764347,0.692773789495791,0.7367391754542904,0.7292741501330878,0.7945444492433736,1.05464773290198,0.8962964630034673,0.7560713986373155,0.7015095835353541,0.8527294469820966,0.8846302192126226,1.0439293577257698,0.8262958259631636,0.7516865822600611,1.0626476281206998,0.732209402064208,0.7865596678685909,0.7290605390509303,0.7681826833222963,0.8208341371265355,0.9095848184700476,0.9386321281249463,0.5567290251566414,1.1987547724663214,0.8082751759971554,1.1085975449086285,0.8066409283100268,1.368033225277787,0.8159604094330827,0.7463160607826628,0.8091661972300833,0.8443908628434763,0.753080291604051,0.8121123378973043,0.6686017790589166,0.7769439540252544,0.7821673036783447,1.1155740465782882,0.8123851853514871,0.7872601204979502,0.8101329544908021,0.6896123363006036,0.694068780793675,0.9190369749572316,0.9165787454160079,0.8497199201488587,0.7307721946153015,1.0446133628205088,0.7725027360493595,0.8844040523433848,0.8443051262739611,0.8426090521190694,0.838569830774345,0.7428606902127073,0.8807884591215138,0.8174757924816297,1.001679695770817,0.8932063348865011,0.8111462109874183,0.817861577879851,1.1660589863643671,0.8107145545400491,0.7684459040404177,0.7351908414166827,0.6779007323819447,0.9058612503371699,0.7259820347844637,0.9238516697282375,0.6869786952531914,0.7267913343905732,0.6623744870271149,0.9797301943493266,0.704680652212125,0.9177143304648053,0.8115577136398969,0.8127813535637947,0.7878495274017069,0.8181349941691671,0.6936701252522923,0.9220670646416129,0.8616415069983867,1.1550090462356513,0.6719642023119313,0.9214781782049764,0.624918280700622,0.9059898223957535,0.8622029139186109,0.8116574526382899,1.2482932854233455,0.5278940327623031,1.0910165211234089,0.7801786465054277,0.9594553778238775,0.6440393006738198,0.8140931862515749,0.8132096064606043,0.7455177197590838,0.9556267394818694,0.940182604884601,0.9953713121240837,0.7681304935342915,0.8080382756008193,0.8700175519256426,0.9822429950210122,0.8660720399721068,0.6898941775299324,1.203605856491245,1.1599100134458837,1.0940662737360058,0.7564657743575248,1.1453769491591157,1.3934621630016573,0.8428197664886988,1.0567805822388412,1.1102893630178836,0.5004451150925001,0.8417834552708318,0.701988686676032,0.8716998052265289,1.1102758436900528,0.992005488017227,1.2165775522402222,0.9136198929421044,0.8066928711554118,0.7711373484000493,1.1266370228789955,0.9215113806160748,0.7084301376291497,0.9027628805082983,0.5567061292002285,1.0160184821678175,1.0509694491913961,0.8622239646038667,0.717946386840141,0.795357781051695,0.8156009481911168,0.9500137986725543,1.1214430834039257,0.8326293700766028,0.7599625085253296,0.8233756948303497,0.8858691774141603,0.8819413723164842,0.8847471998079621,0.6343063891124706,0.7534522760802369,0.6763511708337112,0.78751734313943,0.7418242260919417,0.6085656735744761,0.7726011618929866,0.9463173899804116,1.393744119021251,0.8686992548332874,0.7318039442628022,1.0697355076821926,0.8162676771318932,0.893943865086273,0.7879920424521497,0.8490407938847988,0.7263808024733699,1.0967725144079892,0.8910132112604309,1.0721831729027127,0.8051277760917942,1.2023671483399543,0.706415202449504,0.9318906661984971,0.8253433103560123,0.7898543750163911,0.7999824584075407,0.7982944491458999,0.7355644120929302,0.7887131039036707,0.7863805230809466,0.6182443898135074,0.8235616501305593,0.6598909148056018,0.8411777702106846,1.127153551623592,0.8208580312088436,0.713873081057175,0.8248194515629109,0.9019602180876584,0.790260948945626,0.7910832647723878,0.7567490283695264,0.8504224258911405,0.35145277204034797,0.5019014388667361,0.940406004567924,0.763337044964783,0.7413377730377139,0.7452378776668088,0.6505247968606307,0.6380006380383302,0.5625755038568375,0.9728957917446479,1.0191389785661662,0.9213844642989497,1.14928863498454,0.7829567127452367,0.48507121371816436,0.7196410607062449,1.2441297164557574,0.750315295729565,0.3529530491123008,0.9358827671082158,0.6947645850088865,0.7287194469866451,0.5119718755414941,0.6939218485472491,0.4483100828435374,0.7464483160550631,0.730451725377295,0.7023057996822095,0.786184917948278,0.3538072802284471,0.7561204660121121,0.6889824255845698,0.9078654424127299,0.6042678096788929,0.7966551144562398,0.8043473839742581,0.8901562289890301,0.7398375334564725,0.851732961567479,0.6313208924128038,0.8418106233191534,1.1372440312112069,0.4497245893332503,0.6067125533586517,0.8213007689222861,0.7695973877209464,0.5700539988140884,0.8518259802692484,0.67544081561537,0.718840104648893,0.7886274981361494,1.0770094826643226,0.8432598838666402,0.9537424132430752,0.7319113368440647,0.7816677755351168,0.8775558383420156,0.7087378578422927,0.8442195306090708,0.7484485043654415,0.9556858518752709,1.2833838142533593,0.5236741008690852,1.1962651917406446,0.7251268368080012,0.847362032966039,0.8091206930938383,0.9755141291099807,0.8382577846228951,0.7608987271227862,0.5742167393993156,0.9277770203710495,0.662940533187111,0.6234382425898851,0.5281285676673723,0.8065250523981151,0.3502018474725055,0.9811098435044867,0.765978718188053,0.7604923626301219,0.7381159567169484,0.7726748656389477,0.8143588606035291,1.191166469131661,0.34187516786097283,0.7599223339832736,0.7691036327790847,0.3767728504487651,0.7029982388533287,0.6081320229094871,0.8736127036095132,0.46018081817974077,0.471161981431968,0.9675687309324805,0.726598797158415,1.226149553633329,1.2820537293615433,0.8417511006028124,0.6886724624637963,0.7892676273431065,0.3356375558252752,0.7412146009442344,0.7820271427794284,0.8629382316884613,0.8029233847633098,0.8644360472405229,0.6074056724322145,0.6415236419429132,0.8774982667349164,0.7413792370780425,0.8714922883757615,0.7794726016540406,0.3787512318161016,0.6968129539278647,0.573730882484807,0.5536166724457432,0.5282242982947073,0.8532877454138074,0.7807499994790842,0.7768782384120213,0.821955148284636,0.7824122137353734,0.8501186003582135,0.8527507146841684,0.39965520993610637,0.8323914143402058,0.6911212935431004,0.41403512612737026,0.7770300789447029,0.6680134810564947,0.8058264822638548,0.8819197346304647,0.7228495397769726,0.9819490019704353,1.0781664302494354,0.7422539111119869,0.7358902815252815,0.7333737867947683,0.6121953583385598,0.7983073275158162,0.7638716560188109,0.8106216417171852,1.1350210777348662,0.7971828731962232,0.8357276135016528,0.8333121482754174,0.7648796782678371,0.7677818736003683,0.7337597527857621,0.7397796564900072,0.424897207677617,0.9585149324872873,0.9938759327725328,0.8264761789879714,0.8442842213364783,1.066776800444501,0.731463297692484,0.6695457651159746,0.6883724391609574,0.74871315204786,0.6350120950977218,0.6810730346559101,0.9220429531398964,0.9177869276164262,0.974943662271449,0.598857909774723,0.7039702427600933,0.5268717267376225,1.3343691826240973,0.7507411893137125,0.8286647394608891,0.81748880432404,0.4241332546807424,0.8197342047231326,0.5456946940002845,0.7216242510718988,0.7678648704455282,1.2592532506959118,0.7541776487384946,0.6836628343262843,0.3670226428031079,0.8232048298838341,0.6072613274190863,0.517722713309768,0.3407223765807626,0.6902254304328559,0.9296827203438478,0.8434263575896676,0.8464599537150634,0.877778965555018,0.6787034209981346,0.8009490567773807,0.6364452808607615,0.4204140465260852,1.2848205409056341,0.7698111540088073,0.7217321988291582,0.7708914223857646,0.8306790529551044,0.7408434963206395,0.9977356281064133,0.5685485963269308,0.5191158927339721,0.9132769631265748,0.7068330419508144,0.7450077617866432,0.6944745292415457,0.3787823594831032,0.8236137182631874,0.7359818978728118,0.8416171098790535,1.0224152177932155,0.8703970036723939,0.8429668399955842,0.80395070761165,1.3045421842138174,0.9937025299973415,0.7757395609403956,0.8702597101990043,0.9416491779753856,0.9656363731946517,0.9094741803514057,0.765436433174923,1.0441590552252382,0.8368567115398604,0.891556474862719,0.8029650301928755,0.5188766773092809,0.575099610010053,0.5109915014902214,1.0514644006780518,0.3972498586012163,0.6875381591467744,0.7860546397531125,0.2431060055277535,0.7770419342447706,0.3933447281963109,0.43412590098845966,0.8079380519646923,0.8231883507939716,0.9167556060515253,0.7784867284646161,1.0974345697441528,0.701362571681421,1.0011974917262512,0.37793290795017587,0.5076788602356872,0.7457401941426571,0.7079640066000515,0.578609504383465,0.6964635476757882,0.45299537382699756,0.3874502600436328,0.5970240718965276,1.0040848763982735,0.9049573333903458,0.6464799341528501,0.39665355896972837,0.8575984549728097,0.7619351047166893,0.8031907084522196,0.6880559541107024,0.5342263734280271,0.8952170333403976,0.5794398446907953,0.4996106865505939,0.7812811754230504,0.8788757695631222,0.4064031518439202,0.7571594087376843,0.7514313585151431,0.5300974663061755,0.3823348859286753,0.39333564652582875,0.7755661858117044,0.404187230013665,0.6438561033347688,0.7301803962867995,0.7938326320722761,0.662627993518808,0.817964831445689,0.8923542307797782,0.6963717708964434,0.7278378087427323,0.820292345867095,0.6966515264036823,0.9509836528668171,0.4458170432534466,0.7051164199393568,0.4658292256928513,1.0817176895509457,0.9822634871087519,0.8226186775843403,0.5112307833128513,0.75133990405974,0.6893168244423371,0.6733494301091532,0.792454936974035,0.6146240009044592,3.959702274040939,7.845921659904253,5.371522951567561,0.5879580060209958,6.718411744480114,6.6935298531152165,1.7781594392071185,6.372127849119081,8.316079521065088,4.227885619301181,6.390011186467021,1.4250218792626799,0.49514055353165093,2.038659398298496,8.327287159712114,7.009780466621389,1.894064113499728,0.5336621066363585,2.263086803735919,7.583544180627361,7.544385851577721,7.667736764782578,6.372880917962242,5.896264983196887,4.556763425828791,7.96084451378844,7.82458916472102,6.871878924700204,0.6009148803626113,7.36002282152009,5.6897034181106365,6.50679309945952,8.26357600501638,7.673564432756895,4.7524426125301,8.093701431368507,8.36773684855175,0.917475802673505,1.2747089193062544,2.8545673502137863,7.828097079564933,4.185823992633181,7.517818681797225,0.5269088025856623,6.537199209648465,8.621799386643296,0.5490738691680176,4.442355376332754,6.701388926862853,6.619293558627441,1.455918380421987,1.5304345758795597,3.9558709780199046,6.5971931794876975,8.112351141019031,2.3137470027720703,5.68836712615882,8.461592612883559,4.267210692688833,7.724631281163829,8.138582610269086,1.275134346950948,0.5546581422003231,1.5913536799116683,6.584502246919518,9.040492483861637,4.869632183071009,0.661197693245623,0.7420918564594916,3.902486134119341,4.612236712857554,1.1452475034441227,6.0081488419620905,4.210081636778156,6.1685573662040465,4.001326598496226,9.176602062192885,7.383161454308574,2.5576792846392227,5.158178599080634,6.895779661870524,9.17006350400595,6.192102359704989,8.637165236263469,6.189216938679108,7.785759346458825,2.926328536638763,9.062041728575284,4.782588234415348,7.798473754202549,4.7772092884454835,6.616595688168521,2.5361554175624152,8.13069427549318,8.477900928537952,7.750618790783138,7.4941980531462224,6.1718777229897945,5.839636777924809,8.651884767464002,6.303515444931879,6.778007917902882,6.603436358977354,7.629090910845705,3.3035844981134797,0.9183481920405523,5.191984227917984,8.242330248288921,2.187932837485853,6.042988097248082,3.884404088259028,6.433925296106583,1.0098769258278881,3.198129607703204,7.712496782393131,8.477568070947681,8.889385449647325,6.462632525440052,6.992808399819289,7.422574844053764,2.344070717429924,8.483709229651874,4.729299741312475,7.520855945167982,6.6458750700244265,7.74593385295038,2.355210082121176,1.0759281794687794,5.9038147811376875,6.098610547256512,8.258282871504955,7.026832858531086,6.512384783401123,8.153566010072366,6.2852530768681945,8.410818326894374,8.42274824454749,1.8019700268308436,6.394810526152357,7.571884838695853,6.1801722244543305,7.61071853152769,3.8098872995902373,7.794348437425993,5.8182951991933365,9.138018085557992,3.594222184355235,9.375008307986775,8.346835439337696,3.530210320449751,5.998383121622196,6.084191082107162,6.914748453593579,0.7274243898783082,7.2283090478273815,4.641696998465295,4.157454739666634,8.996980409363868,0.6029419833171714,8.351198221963704,1.6479599158209648,8.523532304933452,5.6432651848733695,3.9893914369167005,7.171512397931296,6.431656013168451,1.2386190571066953,9.030254489575384,2.3634468322459683,8.828617153741794,7.0689451509352805,6.435760451465589,0.5615930289682577,3.910370777948666,9.502769826102826,8.061304657440193,6.2013335533381015,7.2163665079090995,8.079857468546377,7.189682496441565,2.618330512033162,5.7263811367439965,5.99245019220502,1.0907222434516322,8.845485697871977,8.59453065473026,6.07080638510619,5.0523349272316835,7.875585328904873,8.147814600527827,1.431597495147359,1.3335790040399977,7.551906291927796,2.1295679146473803,5.028605597775121,7.683612308712715,0.5766324081903403,3.4159915081488967,7.670558873714203,2.507230384520209,5.609109164882301,8.598179382697895,9.084817222404812,8.417008881852695,7.190929102021336,6.845863283379702,7.224623384291527,6.594065452933831,6.315941170067152,8.29443381820937,6.316718116504337,1.8660014969677068,7.673497545098556,5.259484610254705,0.5246458318768341,2.761655184172613,7.582753418502453,6.55668752010663,6.184228148573205,7.5737055651521565,0.9750038897302681,7.1253287906033504,5.399748551564597,0.766278598131021,0.7492320056870148,7.247172057049762,6.233515349156819,8.75855263295383,5.541269583382542,7.2759087196254635,7.9104205841302875,4.294841655219435,2.686346175396031,1.908799730285041,7.117216826221396,7.257214747044193,1.677136794149508,8.62654982244846,0.8838159684542337,5.310542802027112,1.544440214524055,1.5634762231950792,7.399932431963653,8.19145674165083,6.6905304142640905,8.7163537945523,3.5508639917781526,0.7589833980410216,6.583754670930206,1.395882914453714,8.617238797696727,5.201688155888646,6.471828100373399,7.463427831291725,6.666293839793567,8.739185904026634,6.350925545382404,0.5189185634706913,6.2962171605470525,3.750363703248608,7.0350376449959295,1.6017322582507214,6.40154201989261,0.523862083862189,2.9984951394423107,7.7952333646080465,8.94383795334451,7.4965709178259905,4.450790630941006,6.668349003047695,7.223718836065927,5.976031104445883,1.4033871641520648,5.2976084898395,1.6404151821286939,2.023383849911497,7.634454860606933,6.455223803079247,7.392718791211374,5.108407494441852,8.480494868395743,8.341008258597988,9.123667587538547,4.027108991104745,0.5853915490959715,5.9539966115965575,2.275393729675533,8.41788616251433,7.168348425533262,8.473610100555486,3.23874518995852,3.152084556968347,7.694812673620974,0.5511784534581162,3.666980820125456,4.809656984728895,3.3384354435078336,8.073730263698657,0.5575220567528555,1.663995226739264,0.914238607795205,0.9396133523754259,0.712366602625713,0.4572592643647958,0.6202165581625525,0.4974321228085629,0.6266544564767961,0.4846663118886321,0.3819098842358357,0.6800935178517941,0.7734849109719107,0.5086907014153194,0.45882099252669906,0.5734859472790065,0.6434923785577084,0.4803549891447969,0.8383922956412269,0.4604954991291615,0.8263315727536015,0.5269314937280785,0.534442551873851,0.38815206035859967,0.5944417065093857,0.5637678973519816,0.401914110992443,0.6253204794216048,0.41309582114139476,0.5788730530656457,0.5246146686297571,0.5136252284125259,0.5043864723571784,0.5206566357374632,0.5826180968178366,0.4648942153599945,0.6546929832617512,0.6788121918297921,1.1220660964958364,0.5586857693261617,0.479658658328085,0.9496471878550137,1.1424044347063178,0.44961434508840764,0.6250709658347612,0.6265509687550406,0.48545617552978276,0.8236014500813158,0.674785454699281,1.0963163781506056,0.7287096144883624,0.7224377770475944,0.5229152579144134,0.8539767778857924,0.517241415042794,0.436727994279645,0.7367745916188012,0.47706923799381545,0.5220369076780886,0.6528342543721594,0.5783980561646734,0.4349885516648808,0.5454806152306889,0.736573662775458,1.3197468179569973,0.4436160402960964,0.6502171768700158,0.4148725991010225,0.7463204958336302,0.8949001800508426,0.5322986593596125,1.1750593048332603,0.8451437956247294,0.5728673453346415,0.7561508100329668,0.5917710979421144,0.4843781710933461,0.5913606693122935,0.5107245825169966,0.3832097559738212,0.6855321969572077,0.45829368197366643,0.3804304384871223,0.9990346845898964,0.8708067459213364,0.3873853774233444,0.5410419538534684,0.6533642866518294,0.5642138903376335,0.6053446415691517,0.4343682145368972,0.7446285778813189,0.5200002618232383,0.7093830591977429,0.8024847735893608,0.44301360017974484,1.2117040267564914,0.5184219763719061,0.5724687566088231,0.6389174072020869,1.3556155075389547,0.6655459782979314,0.6916360127965939,0.8315912645882266,0.6796059572660323,0.5316132666788634,1.0650252452493523,0.5434330225539495,0.5564648082372889,0.7633828960818821,0.8472650020471542,0.6071444160103094,0.6577292284799406,0.5979341920321807,0.7050162436946915,0.6279203851168617,0.5067986031115266,0.8060717176835129,0.8273890418401766,0.6651769672501807,0.5632872683119202,0.49851803765341407,0.5690147284332345,0.6569544032072719,0.5675886712777742,0.5316792746020284,0.5640792446050729,0.6033837534751572,0.5840874329485894,0.5627011704233592,0.444850081639385,0.6816778131071327,0.6250048987762549,0.7324128219083611,0.6009601485836318,0.6046281966781913,0.5737180058649108,0.8042274245264813,0.4677040182258271,0.84034216301794,0.5519943671000612,0.6946668371794267,0.4098658695070729,0.6168904187419264,0.5584958735140775,0.5001208136389926,1.0280225074007807,0.7202273059469203,0.39719440003259127,0.5249108329684783,0.3973503204195921,0.43070376553208956,0.49436243332573804,0.4922940058245319,0.948755810007315,0.7190630151469016,0.5956897803715662,1.0178692837620908,1.0587191049380742,0.9612816619117698,0.5326294459002571,0.6047572752387359,0.5320750380163768,0.49234732602104175,0.8509874329852471,0.43224997790079367,0.5372068338316723,0.49688464314395725,0.507665723881521,0.7143621156221474,0.5005439684195201,0.9726462604699051,0.5436721541802049,0.5073786649014089,0.5192964035718297,0.4544794701906147,0.5698398051364095,0.704103193205605,0.4666307264942052,0.5580840990803955,0.44584128190612227,0.6373023521675394,0.6014822828027312,0.7059707460117395,0.6465641050941248,0.49485973068370437,0.5641126160646751,0.9011510539043813,0.664623168098,0.4944425904935607,0.4499628976422453,0.5365574034092035,0.9776399165524877,0.7341217846188437,0.5035761530135711,0.7011947235952793,0.49073231938512785,0.7518206120748506,0.6548091308578091,0.6747158973362993,0.5162237296266972,0.5682060698126981,0.5918648484252863,0.5128718524855266,0.4653314962377021,0.5776473427146844,0.898296292779082,1.0780708636095861,0.7047089872623951,0.52907927957271,1.3910640832466479,0.8694526716473726,0.49863901222162177,0.5730981157877617,0.7617397093212752,0.6477243120071,0.8515865526273816,0.6825834777041699,1.1644215741921013,0.9260612367619335,0.6693788427104799,0.5934050259479826,0.7754023673456231,0.3884103680172558,0.8770067921453607,0.8303552250315314,0.506336008852344,1.2588070517762606,0.630794103274421,0.6443493722886389,0.5627717553219078,0.8425305642234184,0.31990869623743257,0.5687611341262081,0.8784798014508908,0.5074798523869779,0.9471004943857987,0.9970282620005517,0.5898682040037576,0.6715551631062492,0.3942674597135308,0.5893662693128304,0.5333796737183982,0.4217415179798102,0.5234806621458448,0.8701407516328279,0.5296773353945349,0.5298081084820372,0.5304193689059081,1.0316714776954727,0.8411961340360693,0.6821742050991245,0.5089827871534403,0.3899414999600459,0.45009013164792677,0.5289031744630969,0.6263808501611291,0.4530978417770592,0.29359427115796377,0.530761131149446,0.45533927988187833,0.764213499979808,1.0310996201531153,0.5803035632923762,0.46686536623585667,0.7943774624143648,0.5111459365156318,0.3897728959390489,0.5701859534378472,0.3981720508270911,0.6222060944965413,0.6328469747213761,0.39669966281268654,0.7890097516841517,0.6286596068208906,0.9403081787506222,1.1134285249037206,0.7907616786901881,0.7838318028835796,0.57432505497715,0.6119828951346268,0.24834670075491283,0.7837063629866251,0.6927888963180685,1.0122957202297425,0.675561635952963,0.5799892104188457,0.5153953558738205,1.3077353018338704,0.5767108329712767,0.39848568303821663,0.5142832953238999,1.1215224625362121,0.24395426241517307,0.679456857421884,0.4450277912289603,0.4642165265653532,0.4500687548174342,1.15229786169577,0.707402087205166,0.3001317948391241,0.8875780998616186,2.694740148625353,2.4279765468862093,3.9516115032340116,1.4485918100051711,0.6428568079747679,2.0968249693413625,1.5491134469408572,2.8498474709933603,1.2269034976835698,4.421043805572161,3.639535099210883,2.0441667582383807,2.7650870400944716,2.8941852122954557,1.7466349014265825,1.6039644057865916,2.4810700980916587,1.3495927834009493,0.5529089983597621,2.3751207912416286,0.7394438840048265,2.7471815012386673,2.145538412574169,3.7969158126933635,3.5582185264298887,2.7044987337969504,3.5001851771291563,2.8518751852661164,3.1505554631328403,2.580159903670309,2.3268600142695055,2.2778588136363904,2.9654671647948274,2.21782764266429,1.4882466554368534,1.3720766777792692,1.6580320218952367,0.6720186139415821,0.5462813583538454,3.2476396989334617,1.1574409565792743,3.7685121885839905,4.349519703095138,1.1024490176992812,3.6539715845417,0.5704350917764147,3.738906239763014,0.7106911583353975,0.9755884389672345,3.5559965822734934,0.77268414091529,3.224893060714984,2.600719127278692,0.5236773903174649,0.7209466566026151,0.5095755874430153,0.9431909290711648,2.5560429466136716,0.6518035630173991,1.487911281094076,4.227559093378661,0.6913867047556997,0.8935587267035556,1.1297353573306248,1.2237750284701867,1.6034632749637763,2.4150658549747765,2.0266654868626435,2.8096250343396543,2.5904131121018437,1.1848797785877818,2.779075832098502,3.8672133010352154,2.5427097078813152,0.6955280906037151,1.4163918433124363,0.4690359506560846,3.8077363233941193,1.6627663376730428,0.45489110418226786,4.353169619415748,1.344630521846081,3.050861013210553,1.904838555938091,2.530323545829397,1.7362451111992951,4.170731235284894,2.0205774063261432,1.3291149131247488,1.7355795092965798,2.2068511011130276,2.742359891724004,3.8002095958267175,2.0546917673952034,0.9285352194250169,2.29629384333086,4.083277590145115,1.503963947531562,1.8823136109699299,1.5963120732786054,1.6535033941623976,0.7767529910857981,4.276821247078588,0.9275068959185406,2.396027889650605,3.020960499498277,1.5519926450738084,2.677945570600721,4.161878711283827,1.5164687531876033,3.678914170865378,0.5240145649377475,2.7357485370529298,3.212788085201459,3.4766494196722033,3.1126550352768594,1.6583798372650924,3.2262131340833706,2.9776861676936393,0.5793643339539323,2.5192208876785984,1.9693039927845932,0.512824646788237,2.477741371440088,2.072652166469182,2.1854279012957725,1.7322679251138493,2.623813635384252,2.7743005073552656,2.5577779687223354,2.160185549015824,2.636063484803107,3.563099613588,0.9839814723074689,0.9943592928094276,1.3247587445685653,2.694383398408194,3.183725131281216,2.5135560225846425,1.1351584479867416,0.9677403153714325,3.513018981931436,2.3995664241739454,3.153803111082919,1.2468056253013342,2.5952782848336966,3.273931743114684,1.3929905887977296,2.7941949668566126,3.8394512992263414,3.601082691087679,1.5045300825120156,1.928766508846726,0.7648450048481104,3.451827361472523,1.8542339359939974,1.270229210455584,1.5441955005380803,1.119844438635456,2.79396840848229,0.6527845958113571,2.4455798666933974,3.436074005778126,2.391715192530557,0.60308830115979,0.8256467443579479,1.724982251294551,0.5592593219666473,2.0565230366567424,0.9821480030637441,1.6787154981554175,0.7824592846125603,2.5506561149921687,1.3341012103788477,1.3500715952589646,4.447994495865617,1.1112748411333875,2.604245765828563,0.8686465928482441,2.803383348744396,0.8322481189389975,1.3299292707780521,2.0865931889007814,2.178860794792618,2.930549611524458,2.2030071416023027,2.2005560397037702,2.4442000364165613,1.9642280442004783,1.6237103227641174,0.774274944616252,1.5016461691322172,3.846851070293319,2.124248866211463,1.6126521538482514,0.8962973445635818,2.8573610952711026,1.9972356760976961,2.54612154064104,1.8097840057008017,1.9308800076794828,3.2545181185902154,0.4475236727417817,2.7125821005194286,1.3513277227584528,2.2470778409838017,3.5028715460984814,1.9468769559881145,1.9431458671387343,1.5643910784367465,3.0161303376799964,2.8821833222634394,0.7085635259677603,3.4644565922916195,0.8124372711195046,2.3204503377723884,2.692020118963752,2.6135940751591606,2.4614648687464005,2.84751872579226,0.5497986246746226,2.907156402024653,2.4721576953805178,1.3997307423571714,2.5344628339209385,2.0024622135589327,4.0290390407795815,2.171437791794663,0.5194467458645959,1.1822182818982137,3.747666575163317,2.867245383995809,0.5157075896167599,3.290814381931745,3.54667286476507,3.8154794473764384,0.5302887407751221,0.7716757612196691,2.3935350419797703,0.5409938096206783,2.6582469190132865,3.2799031962335565,1.6680786255994824,2.0050427813011096,0.47467673404111244,1.441812346153931,2.5595125436044612,4.1667944415909535,4.024808949398026,2.360980148129938,3.858077604309316,2.6782205508965915,1.4828117666057876,0.5265568040670224,2.4506712414446463,2.7830740982973308,1.1647338132641563,0.6213001355751534,3.614931521561753,3.8481729436053222,3.778636769257451,0.8067329161956973,0.5811540159242607,2.85159453232222,1.4383425767387452,1.7114340175188218,2.1080600461810284,2.4977945337897034,4.405851495963809,0.9566050155819104,2.8937403161332917,0.504398249447535,1.3283610190560378,0.8883780368399157,2.4889796470583034,2.9993980510561964,1.5921094549078192,3.5104937004654375,1.2414013017374648,3.33730575315646,2.180701935898581,3.42052464968035,4.511673410614339,2.481269081337309,3.4735177059558557,3.087848263125047,2.5030105817636734,2.758616258886661,2.1499075878792917,3.0464219708564917,3.506935548729697,0.6316352874978364,1.1761772763207787,0.7748095623531924,1.7862102667548596,1.6158855584434966,1.6590053677187893,2.811413149553563,1.174277070458812,3.056051096867918,6.967242721553927,1.6465431695131139,3.284354239908382,0.8165700097462724,7.4019858883824154,0.8472200441794947,4.864146189055761,6.612242619589952,6.655636045892105,7.377586723333253,3.6832774913257196,0.8993720306930597,2.315608411084357,7.2034904796631345,0.8150930176241993,6.717836221057303,4.384575815406839,4.630931245125332,7.913026850617132,1.55873966403372,8.162562824145057,0.9521446711330648,5.93998248992289,6.771623449334803,8.586635580981687,6.591082450515842,1.4077602058360674,6.410168832392874,7.6692651613506735,6.32717230463568,0.8746877223915098,0.8400264204178012,5.414698327531596,2.9203182936856615,6.020658482623615,5.371643325384816,2.392320596224558,8.260690505617815,0.9171176044581976,6.8367081635657785,6.543902417616044,3.3672627508121975,2.3310556113867356,7.652770583380743,6.1008857230068845,6.6085520916247935,9.652742683142668,7.140078441564249,6.284458613263536,6.236557569026304,1.4701503214930212,0.9179204023494894,2.2940556646089796,4.250422546635849,5.3256864668058865,1.5114922171353014,3.5521410554581414,6.5885197793868935,3.7674406325923697,0.8398866454525499,5.3460782503904625,6.195434981081169,1.5312543317587115,6.826291405534395,5.1853510169388315,8.169262420033535,2.8425773599295883,1.314686304007729,6.521472575228302,6.4806144661953455,6.50696796371529,8.05521433728337,7.547379096007188,7.737407759925256,1.3987590454563015,6.212220313277613,3.605660750179494,3.092319333372948,4.310990244403892,5.798095002964411,8.257320941226345,6.485610654544845,3.3610292878535626,6.671504350378161,1.250470667524088,6.563301123669185,2.1398264480587197,6.569677261430124,6.245444126942982,8.614519500205088,6.198873304549349,0.8625837278555863,7.00429718424076,4.641397388233594,6.29551821468435,0.8210677502062244,8.025217539545299,3.28973687029856,6.629879921568285,7.663877620516171,3.673815280566378,6.108325819414522,1.6280940546287463,5.454432369033057,4.989719034167916,5.213044919698739,7.037701062707334,3.407910264067101,0.8197311017654072,2.374861435064437,7.869047669801132,4.850345835927576,6.584743794465275,0.8626621176354057,7.328256495519526,7.058928261360091,3.1821426403987805,4.119095825374474,8.023059932161209,6.945674734288329,6.889378642052194,7.221856950982307,7.816417466521114,6.568300920172931,7.245642605916521,6.7094021289907,6.750921925960713,4.992452518251388,0.8321298196421316,6.435779747768482,5.922865898532114,6.4422517022717205,0.8604204177427691,1.0281326755120004,6.402347228377309,7.053540744970146,1.062341604845419,4.772998809345408,7.158564710882848,2.6939623128755796,5.813272769291192,8.318872651886707,3.8455242878427187,6.453881679265753,2.041003983313534,7.556520389546571,6.450708398883997,1.238850278710501,6.237165028384563,1.0736505761106032,3.53792763187473,6.355138277096132,6.869468649580092,2.84783404736945,5.799183948999372,5.20356247423174,3.664693853533263,3.4926278484520794,4.162755587396032,6.5333798938052166,7.149421920907461,6.031717527128473,6.298595488414495,1.9215610522387463,6.217333659025307,7.469669853381023,7.813964280791732,1.42197523819957,1.5198501702398384,6.470980754468481,6.933624385340706,0.9729262716706542,5.376139223423638,7.864004633232164,2.612564494254588,1.3014024084209954,6.994178485096242,1.0719747902464536,6.7256537884457215,6.602612373534429,6.738435261925072,4.593020750632595,7.891210326524738,2.770344828887106,0.8673611328995403,7.698520519404584,8.06538150251875,7.746311740179051,7.013604450382019,3.6279799463839133,2.262523511055329,6.015022809332076,5.808310713414958,6.493852098804514,7.400115441738423,0.8401207994870951,6.537181737369315,1.1728771780733267,7.003501180942773,3.083648765395179,6.700068235942145,3.4782076223827216,5.7895505503184355,0.958602774478574,7.297137637632701,1.6089219502127623,3.1754520982174714,8.133033458864809,6.162343542776079,6.503846307744008,7.29096494954044,4.748643544922982,0.8698753513137416,2.174468326905664,6.413917561104092,6.961361383148633,1.2088809159334368,6.416313734141536,7.7584624422554445,5.386228596196998,5.850792667802354,3.3297597209096748,5.777356252588187,7.155867912693753,5.897840205542999,6.355151085765318,4.710255086803467,7.377898588897402,6.514383234433492,6.210802937620865,7.0136693855654535,0.8465232863812305,9.640771275170954,2.59644022214845,6.533987317247994,7.386567446494979,4.308320862406448,5.028926325808632,6.844877188248636,6.723280359720069,5.062794346780664,7.016828085019579,6.4816588320507895,4.805961222129604,7.183793576137045,3.617220686368653,1.7380960994662282,7.217059632207534,7.784666647268332,0.8760983290820895,3.9830816895704166,9.27384237112966,0.8681008227509286,5.857040832478588,2.1800852856564745,6.213942079694108,7.108677456599969,4.260639910137403,8.571716118665329,7.586965100001096,6.1272684552955035,6.562386707589161,7.471263111400898,3.2926689059660195,0.856883949997079,2.4411430426777683,8.27150474791834,5.1320572593582865,7.081086430482468,0.7759918417104047,5.205299760388629,6.282152285805324,6.764587784178122,1.0618366462462294,8.05660396205527,6.538700114133824,1.2799497804884796,4.601701663090556,1.909045287774783,4.0823198751001515,5.650419540997559,5.619778091559596,7.392840698239848,6.757919700515688,3.1836874940088373,7.910114060713558,4.827320928827821,3.0527548815796255,4.857155190490981,3.2154850706780675,7.600643780587637,7.066686184229945,8.467886417616707,5.827018352590002,6.853972490471747,6.876449682624184,7.539776100141962,1.485110018764003,0.967534458514189,7.118843306172136,0.9038069265203039,1.6421094543175394,1.1626213810913164,0.9970098038934774,0.8462806716203416,1.5922291366355206,0.9912608453392816,1.1597898166038767,0.7535811729213644,1.4379663779074257,0.7749612912689372,0.9551706737515664,1.6180467590390706,0.845656887467635,3.058144569183984,1.7941765000894878,1.6063388123738418,1.4341580521384643,1.7820230339358336,0.5401880810506776,0.6193314976192417,1.6510397348162356,1.4161074172105976,0.6475089246511009,0.8096605531850899,1.317286806345035,0.8434780342860563,0.9876092750371466,0.8072518565341634,1.632974821637629,1.0908480165755572,1.0648834535054408,1.1019709622354696,1.475974632131849,0.8231610561049306,1.863709287463913,1.3576912998721844,1.7111345840783927,0.8390340636136522,1.0109035401119846,0.8929488404589494,0.834338511664344,0.9063511101384204,1.8727739298941308,0.9884528871470006,1.6378017661586866,0.8467098173471228,0.8244926768561739,3.2097302437335062,1.377136773901726,0.808426974927256,0.9667976234804989,0.9005041323690137,0.6868013388818776,0.7643530175690835,1.5967201101726642,1.7111864797728344,1.151125484389569,0.8108882172792872,1.8940602347777082,1.6844641709241177,1.7998600150571455,0.7455786247440286,2.63949592541416,1.3111376912422104,1.56724867018108,1.6913933450734917,0.6874655600951232,1.4244832304602586,1.0119057720533593,1.2587841108132667,1.442189961766169,0.8209451175187309,1.5986503044377476,0.7737248199230161,1.005409771475045,1.3939881432986578,1.9826754036943923,1.3705572675269586,1.7479260764443774,2.5101510343680578,0.8265804705311519,1.7624025243331025,0.7596138080813953,0.7270293076837975,1.7420748202986445,0.8679411852912137,0.9736675225207192,0.8866311878795311,1.334642884081427,1.2496435040870348,1.2423397246746786,0.7484562913863435,0.9874950770988719,1.1986170931244053,1.4520321066387043,0.7816323979275801,0.9496995572556612,1.081735357521957,1.1857005979995836,0.8751550453971119,1.0847803686531747,0.8849440634234746,0.9710838123240977,1.5745713522618645,0.9103164649530903,1.3715177282307112,0.965724930248181,1.2393634223197745,0.6771940670828224,2.4707445151699314,1.5407416796051505,1.4602445359774785,0.7015450732588233,1.0544339890181746,0.9268595117200371,1.9101361095013865,1.5675770919874492,2.0519198655303144,1.5121970032119831,0.8555349416517468,0.7268291233079837,0.7170147202052959,0.9007549639980443,1.2869680342177903,1.2730820783201393,1.1643617961813661,1.0050602465589094,2.589620687575126,1.550825086079956,1.0949547415166774,1.226871946631695,0.9549387760713561,0.7622050999949169,0.9944284958832975,1.6231762491059023,2.0932764144518266,1.980165388103604,0.6944830171733409,0.8044679785528196,2.4858209788735928,0.8198235476387709,1.0021600517625404,1.3331937059566563,0.9246172542209005,0.8662720446023058,1.4400972007707407,1.3223342555310527,1.1728511628717295,1.0159364215999451,1.700614123792533,1.5743344608107201,2.3034204443752913,1.0073513546299395,2.455030163549542,2.0022673753757347,0.8615968449553435,1.195440302938157,1.3203622106206918,2.3829830836379102,1.9387362908616868,1.7846286524046497,2.0935358982725614,0.906832677036629,1.6858502940517244,0.843696103853121,0.7244469525407808,0.7846303992137369,0.8699291910446186,1.0154787501073774,1.6444441222708552,1.9993059068795083,0.8649744420675389,2.1011183567722767,0.8396180028376606,0.9666758874444141,0.8499136486989773,1.3660443571107743,2.828108660277665,2.147179673444001,1.5812323688371195,1.2562844806243776,1.647014890315085,0.976046965676592,1.077579007195436,1.7809026027355455,0.9756206240905048,0.8524611071779686,1.1412077202013138,2.119490469519882,1.4137027197342453,1.3308802957111223,2.6612779327344787,1.4394027820320698,0.8610645188712187,0.6695036362869681,0.8577121874980165,0.8489808310408159,0.881458805169386,1.3094389466149299,1.427091180615317,0.8209733107075583,3.3233822499226098,1.7361861387634647,1.0053314437523446,1.9121203249427676,1.307980273519568,0.9520371635424281,1.7027577466636101,0.76758491326765,0.9914868668900882,1.7239361885265405,0.6875401910062476,1.0947660693615469,0.853207221900145,1.814529421511931,1.4866462962174374,1.5799460900413278,1.2010379786538987,1.0239145095872804,1.583132118796779,1.9430721244387381,1.839286862674376,0.9577682677767556,2.19111797763049,1.3981886572866067,1.7305061900125638,1.2803520248878693,1.796071994372246,1.2856167285950784,2.900807241024978,0.6747930899202232,1.505876271936932,1.8770989991849842,1.0473908205371216,2.697400334235591,0.5586646952043528,1.277286500193177,1.5922143821268706,1.3215209276092408,0.8420568452573638,1.6618121178090015,0.8784818729669067,0.99145978636466,2.4666634541912957,1.884046769468176,0.7935694763365754,1.8315071968057273,1.330344423876679,0.9872850972975089,1.2616578176916444,0.8619226628789015,1.4053022120490883,1.5593965651248567,0.9320826040468125,2.187427561443351,0.7929767390408382,1.1350635758747163,1.1078846618555924,1.2435952552624119,0.8737094673043511,1.8017715573791844,0.7581649781464562,0.84351644752424,2.2953519379400245,0.8146985965783339,1.4210407762908406,0.833400752014524,0.7262292912798844,1.5796951562477248,1.6605584987215716,0.8890524867325581,1.7079536945621427,0.6144958707308905,1.6616046779603952,1.0718568637669563,1.2408649193902326,0.8646229213594314,0.6831146542671634,1.0584217328904184,0.7749128334188585,2.912787119525657,1.880775674204676,1.098802376144349,0.9912486716614706,0.7641979154086244,1.96989677230448,0.6692133413368445,0.9019591098249006,0.8097475574273998,1.0806659338482565,0.8415989790504508,2.7637022098792294,1.4984146864793175,1.3300975744410963,1.0385713857250485,2.3474673259632413,1.7649388324474486,0.8916953494507476,2.557692206723206
30,1.851570382493388,2.0051475929575293,1.8501481105130093,2.2273391406313503,1.9173699712637717,2.0846109913722075,1.9812985531773064,2.0975907400482545,1.9028558999021556,1.8529135664118863,1.8676119215584968,1.830101686374274,1.9290149142728155,1.9320726831441208,1.8716289957882564,2.1275851551955127,1.979788004055878,1.848334240144728,1.9249064569553078,1.7798449792394424,1.7915206343947783,2.326398375929057,1.9151283525731753,2.149233261072665,2.2053846685429876,1.8097362429553594,2.160645918003795,1.9985162393236404,1.4264993671034847,1.6937324579991802,1.8443154973620204,1.7486182645493353,1.4148688820685775,1.8280232809570638,2.075475498939601,2.315862350277499,1.9242008117445635,1.9500686107393954,2.018798058946605,1.5482121988310897,1.8357424707922758,1.8736842475548845,1.8687364264724067,1.9173409135943535,2.282132286925292,2.250546991601722,1.8705781128390204,2.333878624246696,1.8985410913137035,2.225053960622365,1.9485470819045758,1.9254239050586224,1.888128001978591,2.1193473889627246,1.8547601312496096,1.9562391303562965,2.503346590235889,2.3291855301875937,1.9469060176852475,2.1351888757529336,1.4251454576601144,2.019440067903226,2.351187429411738,2.0982413646348594,1.8574347855659465,1.7303577848238487,1.8898852073362014,1.7820204807953217,1.9210566930106496,1.941477006734308,1.9351871079157954,1.8659354821325846,2.31080547633484,1.705454309691382,1.8563138620893185,1.8334292504845493,1.8717397356781962,1.9416191976586497,1.8626940292393972,2.0321784086751578,2.42866789206158,2.108345772841634,1.8948966028797318,2.0318187657208195,1.9508414954917963,1.9946286633031667,1.9792770722919746,1.8508209643235287,1.9124290662880659,1.8490256537472571,2.167566163865336,1.6200384932987313,1.733590376534683,2.010517757306952,2.478040057222016,2.0280778147204996,1.9397165117430601,2.122965815778358,1.4311637295439408,2.2260910817688075,1.9060015330452154,1.9917493511385087,1.8134089277461127,1.8534861815929502,1.831243009773673,1.9299878095923837,1.9294688494213124,2.3543913730876325,1.4199203500174697,2.0885756985897843,1.794892833033189,1.8912838342115477,1.9490005017313723,2.1519486982937526,2.2841155613089565,1.9864217505657273,1.948924857583584,1.8584622424666306,1.7204404411096403,1.9075034327715574,2.0665332390932316,1.8609212980920184,1.8332817265549286,1.8431300059901903,1.72537812991172,1.4199625581675293,2.0906496624677406,1.9126012112547826,1.7884389239118028,1.6413884139698662,1.9305453651360605,2.0641786374767435,2.065991136738802,2.135491839359644,2.2068168225578932,2.4305563776032444,1.5404541869384225,2.1106347695305034,1.6028230733653632,1.4263289082867396,1.8833048171597422,2.06240210902026,1.6725540882513565,1.7944603533803298,1.8238868740539633,1.8593702930686842,1.8669731367428972,1.868270094977617,2.0319099985770674,2.167447907401776,1.8623741286134552,1.8599008870755682,2.073862954759082,2.3096008238464374,2.1252421810405138,2.2989056102532848,1.7356237414328533,2.2335269813493066,1.9313364669012776,1.999238059933693,1.6581568067746841,1.8752738908710278,1.9362625241082634,2.138293895659009,1.6891755427061197,1.758494079408442,2.164408200879767,1.9243102322387389,1.9781008778370501,2.47726371843935,2.0389843556657246,1.984768306397399,1.625878470077109,1.5543876794575595,1.371951977926455,1.8341890301626476,1.7227972067620922,1.8403568559745302,1.8519434134012949,2.052239834812738,1.929481007477553,2.1253979536224246,1.965016237960565,1.8793759821100344,2.097661837826783,2.1324566978599377,2.287963033483431,1.4024451758825962,2.1708856911901555,1.9098563374869302,1.7932930410059131,1.9210608815925356,1.9059561642451246,2.290737946427773,2.4660374391739093,1.916211283325369,2.208170324019574,1.972906618039031,1.7033557433067839,1.7569089518446854,1.9803895631059616,2.1039315079845813,1.9153977022866246,1.8422469667457053,1.9033319253084144,1.7082514344154742,1.8718788424630621,1.9096905665543906,1.8491515701609644,1.9334097324485409,2.017598674382121,1.8679739661736416,1.8798417666945493,1.885348061003992,1.373637577577284,1.4661516164895625,1.854918474351679,2.0147172091941576,1.831332608304252,1.455947430657973,2.2831336359685754,2.0747474094828586,1.7609669825875005,2.455833488908986,1.9723076890565756,1.7910380244137596,1.779972320538954,2.51978961325787,2.6015882045111005,1.791523509223626,1.7502314019118719,1.7111490686748192,1.8826224489027468,1.8607909780724092,1.4359384812440972,1.946484617956208,1.9072412258192395,1.8277599994918377,2.4360756928683927,2.2767978663512807,2.322593661582397,2.0405043609633746,2.384206368050362,1.663001684175764,1.7939892752964308,1.4491533201445872,1.8125009423731684,1.9027632191106303,1.9097010233140275,1.99146214118518,2.078787171530418,1.3987409258031267,1.860381194689644,1.7946164751746376,2.0372114347757657,2.0551142799162387,1.707461610808692,1.8417820600214512,1.8644069531817822,2.18593534727293,2.348766375951613,1.9585355599499825,1.9385613219249909,2.050792576174687,2.1916441493578285,1.9600905136203846,1.6273807280108847,1.7973884823023265,1.8740008193546716,2.0465596305297704,2.3887019259779465,2.1771347567931545,1.7044419178909604,2.1156889885580674,2.0893533698257802,2.010658926799853,1.811630903082042,1.8118520999036165,1.496171690752971,1.7378644070376459,2.138744359004516,1.531974918937652,1.9003428987683446,1.9065644778626776,1.8599716455022395,1.9429913573442887,2.3123034215025733,2.162943354563326,1.8958863536845874,1.6927787253369555,1.8773143594916857,1.8047097836669415,2.535327442205819,2.0013760263959606,1.9441461210760176,1.7305808529168472,2.4551358642683083,1.8897142756622374,2.198122726125787,1.9521014064987436,2.081613377012494,2.8190896978180056,1.9325347948769902,1.964320573375223,2.025912659833473,2.025295100758613,1.695359120086272,2.557816512440293,3.002956770538664,3.846752039398791,2.1331976563598003,2.6021942680686694,1.7482030160501634,2.6507799723720917,2.1012534894820503,1.3002388551391688,1.9602579759668324,2.684093827829132,1.8595632089241836,2.434940120959347,2.1979942738457265,2.6176649014735185,2.216730083115158,2.6534072422494166,2.2890825858953514,2.588591970133797,2.1080133153931437,2.201026145976144,2.437556490486149,1.8055420255195278,2.70865407464688,2.049912151716377,1.9114695379782911,2.1175013738660384,2.591644287623359,1.903865770456529,1.7617764443902573,1.740572088144776,1.6347124291607527,3.8513387880669323,2.16198451029895,2.309558099482977,2.660311967369789,2.543849874001211,2.572614505041556,1.8126422264794677,2.38941978254523,2.6209306844576257,2.0742598535308203,1.191441939411594,2.2390721634978625,1.3969495357169184,3.0577228184941307,1.9347124416894592,2.0986832918199276,2.2124095642450072,1.9746706150950961,3.1270653617833375,3.1536818850392283,2.0135290087612137,1.8582683854648876,2.121241197767942,2.4450706978824046,2.7309261949831427,2.1001387857406155,2.157802598333489,2.0336478473012267,2.0071753479991297,2.9635269033280287,1.7025793782279994,2.0274753192118973,2.5888159559575086,3.021464067420058,1.9970673802166778,3.789298319357477,2.3283730953322914,4.071657577221917,2.8570170558848034,2.468692663408609,2.003821849637563,2.0012695911852836,3.1035520553353617,1.8246149627185777,1.5758815775873407,2.102988716074524,2.0216813239791955,1.990451765389303,2.638808015678099,3.044362674527968,2.556045014881486,2.5863479286841984,1.9698616217030644,1.9568107038824363,2.6571807197721347,2.0967842250736823,1.6213333545609494,5.674605161167385,5.294273218670686,1.9650924122458977,1.8484396274092438,1.986360155730889,3.194024115918708,2.2012978973209854,1.488000210901726,1.7494943077746112,2.269603983326354,3.0834957039510096,2.5643215502837773,2.549169416571204,1.8569312046585866,1.6052811950228318,3.1390380058489478,1.8373251619950761,1.9987056797649705,1.880290686739652,2.5337381691827723,2.039011227579659,2.724746395659427,2.001685365129211,3.479594860163294,2.873806991443939,1.6456404452708768,2.0791316984642054,2.0670681610736974,2.331604917717632,2.9147057179069353,1.6836750019195308,2.0714470797824283,2.340438324909421,1.9563011692302799,3.1956785584417524,1.8401912735865085,3.8142606975923936,3.0959653796225544,2.6718178818922933,3.06437228762222,2.7761996481745537,4.346505356030882,2.5297943863927963,3.162974692775421,3.9710290234422176,4.36349156428865,2.3038643835038677,5.591591733475375,1.914268933042177,2.2692860528565966,1.9921505411672582,4.520444381876239,4.257115966369469,2.718789969920416,2.917321686047456,4.027876610068394,2.116857188568291,2.077902170053713,1.8289169275413355,1.8649181380252124,4.840733948167829,3.5287441138453475,3.198744903911835,1.985424699764699,1.737486766946244,3.467078819089094,2.157988448923592,2.117504012122891,2.0883682970694064,2.404362808082664,2.4108067870252192,2.0143540201017367,2.520467836464303,2.383371887227385,2.7015639354333434,2.03393536420634,1.8863232830272358,2.298942881529251,1.7764667732735095,2.498444508204737,2.4637172415664903,3.4023084821834173,5.374569789699064,1.7534726494638073,1.9168643882223664,2.4196413984712715,1.9436664561714552,2.568881666315725,2.6282886737548554,2.8151300574784415,1.8868461950652633,2.019243598995103,3.8473400316782493,3.8474224213977837,3.1887164468625713,2.164577656154151,2.1186509244155953,3.0045482738204043,1.503950496012373,5.3346057085473575,1.9439448998561328,2.18012286907801,1.495321234929817,1.4740189951939913,2.0394052536897624,2.2789467977036137,2.5343288603896155,2.725350442044377,2.0602571821095648,1.9310472943795036,2.1824149522605896,2.5507426016045276,3.0311134296068762,1.8101961416994647,3.073802328743415,2.0286379863269137,2.2624441038763465,1.7481960665669853,3.269848854637569,2.2962314763758283,2.461037176022935,1.8484987103833073,3.603505605947176,1.892974061103397,2.008355730955272,2.9577920722243083,1.9832800535519381,2.536702010913086,2.2451191862720052,1.851266242725143,1.8785978978723479,1.9172993303578523,2.6965096742522676,3.7986450278162587,2.7591088926311436,4.904697479785003,2.9178656189758025,1.9048416196209093,2.136346910128869,2.7030628866740787,1.975931817344636,2.0032602650445615,4.38965224024598,1.809537202041403,1.6899741350267816,2.6531026924440737,2.2929696761178704,3.263065879056641,3.1241185410114083,2.264017306440556,2.687847243522326,2.7450037699241023,1.6333018704610336,2.0086170123627927,4.609054260536718,1.6389077727314056,1.5839711652236463,2.4763978298024116,3.56608067351097,2.2839434758885786,1.739577712467029,2.2264125331353,2.98102498360893,3.8426620995452305,2.0187207886200507,2.5722683129822683,1.8056110929474187,4.819022937227887,1.654111993685868,4.37270300234725,2.586508350809162,1.3911979916048076,1.8469903151597369,3.1471352210887464,3.4710652536330753,1.9479119523081625,2.405236508835568,2.473848694437809,1.9247518558896457,2.2835682580923375,1.861892375158737,2.4033568817481448,2.3603675120232426,2.3992042878730886,2.4428867648032755,2.0048485217767964,1.502768204896576,3.084952306444191,2.7163547964432992,1.625296651679906,1.8794374463758092,2.4172587094282743,4.178794019691664,1.794826621924073,1.3208177347143262,2.6329531474082564,1.602638127704049,1.8104121533234914,4.348567352674194,1.9184793908882367,1.870836002359724,2.2754367596537786,1.8591585190664741,1.975748512444997,2.623637301522201,3.6880752799598904,2.4900677292240725,3.389427796763417,1.5715632340480687,2.1428455205394887,3.5854977303661415,2.511428053967419,1.599044197880782,2.7589983389496497,2.5014861216243998,3.5411618294084746,2.895185869685069,3.2512275390989416,1.973118813127101,1.300555990096729,2.968049828165883,3.188012444952497,2.96454969778269,1.9244801776407159,3.117448029330582,2.3248732705893738,1.6777080595534155,2.642518995454738,2.383369869673371,1.397447326652993,2.1337270818631935,1.850520372796099,3.3745226108350495,2.343542717566906,2.405057104454073,1.9621798689572731,1.617325199728209,2.819482884893778,2.4998941642871992,2.1128095176629142,2.6689079957697297,3.4168107514206136,3.1562530323600875,2.608718716415595,2.372663689972544,2.3981654326915103,1.9670844879869795,3.0786265559424892,2.5348145950616066,2.74084361342751,3.3373682791050654,2.407405375578619,4.061401141510301,2.4294679117743314,3.5321067954819143,3.276291600124944,2.9451219767525103,2.469921332391153,3.017605326911849,2.833447897949195,1.921277611635025,1.3942856780736521,3.5478642038662374,1.55102468479185,1.8806003538806602,4.2700148112126,3.435290161011616,2.9502277431855015,1.623100731465819,2.0316942831031417,3.1429429765382486,3.0986468256055844,3.3770630933750314,2.53613753183263,2.7635899260508214,3.589143233323725,1.7566766853813374,2.4276544588698425,3.772282176365146,3.2828361020767995,2.5177759133753437,1.7183563161621433,2.9162313984925805,3.6001859929027376,1.802970001126941,2.4172229300690806,1.873988047191834,2.723611659331371,2.957970514615431,2.1333937442729387,2.735798514897692,2.412607525186788,2.736114930337721,2.379524916477272,2.5652481003619325,2.434006816104973,2.9055496833430206,1.9378442294072207,1.4915755215288937,1.8940420061633736,2.8709415362535484,1.6931135370463672,2.6029630006221343,1.586615042562268,3.7793226685954013,1.779290716902708,1.880237157929244,2.1741410700820136,2.4880234482535304,3.162990606260248,2.4623920778392225,2.261017612647658,3.6755179406895597,1.6908974269458426,3.63232329857481,2.0284922250599986,3.250863212331877,2.8934409153114684,1.429146562208047,1.6490121050389779,2.2191469598334117,4.0101642796029475,2.195846204132846,1.6564296330295845,2.9200818680852425,1.8253775999996333,2.275601891426707,2.5363802346555366,1.4601019567393514,1.3940447224329213,3.0246899949278565,3.3095118437113604,2.3099462795763595,2.8837829277117257,1.596026537615289,1.5028728264398408,2.1235353412232105,1.9302568962011508,2.3597269062187913,2.088716954713729,1.6471453591388063,3.0677899839535616,2.0356785431665454,1.3342255058786185,2.2174151337877364,3.0834332038397907,2.431446086501289,2.4665322608785587,2.493351879691428,2.673600374884767,3.6982393224955312,2.180874005143185,2.7049856683257905,3.389862589100254,2.4658669887863787,2.2584672802018257,2.4678756639178228,3.306862119552721,2.3104553622042947,3.529738933529997,3.7276802412130734,2.300255017479905,3.236428286577872,2.870317987969254,3.7164272674575076,2.1442978956777945,2.0267179300849767,2.2909661727025044,2.135782819616495,1.5947111482448482,3.2209633842708993,2.4259237577525328,2.853847723979776,1.899813515727326,2.0587324609783826,2.7549650935655974,3.613727594147375,2.5143391608088046,1.9738437811606575,2.93507877093414,2.937304403179128,2.032203341362411,1.4380776817053726,2.4472572450530587,3.29760803860894,1.90209463762851,2.0938849490326152,3.53873933823543,2.189607257639596,2.751682795830056,2.4374619524255583,2.8081699471271975,3.0535084759871145,2.9707811660406707,2.7726854272972146,3.4137801655751225,3.038353211514766,3.015392325245632,2.5664737012682473,1.7570704761776081,3.284615696752286,2.1103971984033976,1.4066689542734714,2.9563316202051935,2.070035580582135,2.0021611578003458,2.1501292798215643,1.6449366372757885,2.4440911732876502,2.1962077805592366,2.3326516403642694,2.2600138122311138,2.1645291612860964,2.9248797243151197,2.380302171025499,3.2384466025428322,2.1666465723563566,2.768640891844762,3.2303399595935027,2.961163472769295,1.7442458740806275,1.7771074474233945,1.8817614640085276,1.376204777282984,3.375416462771674,1.4395843290434451,2.5077028018767153,3.2297249817276388,3.1961843950756057,1.457711811473872,2.9075566858410227,1.2606213302442186,3.708902112318816,1.7849317440877934,1.417807416359235,3.564737302550554,2.977321521990904,3.770590816030543,3.109483648047478,1.992415871442869,3.678910132222448,1.581896091484115,2.878264139594981,2.4494521536145695,3.3232970772988035,3.321955330904603,2.3657196734082135,1.993603949374335,1.8202625995384922,1.6625821470872773,2.563262685472823,3.5315264612225943,1.9417090827168255,3.5337815062501554,1.9226653535624574,2.0758642628058346,2.112027125439012,2.3446966433412975,2.3993113159009174,1.7641974338078859,2.105229209705415,3.042593288293396,2.670671024184867,2.4120567355077864,1.5894259318760597,3.113113753429668,2.206160703061992,3.379877582626994,2.570352481144459,1.4158804018878843,2.6114038659813,2.344948477070849,2.769638105570073,2.060305404409204,1.536535066136892,3.513660105902085,4.3692461879687245,2.3057500343507784,3.7147082461782857,3.1199794310268114,1.5727214572912782,3.7857223481620927,1.7228520410435757,2.5688565619728516,1.2589492099969861,1.6141638920250099,1.9478509890839542,3.6546088697788788,3.196159647789454,4.003008848934467,3.7189126781556854,2.1900539791396936,2.0086788219278837,1.9389048867649978,2.88089527796855,2.9990222119292205,1.6292106336797083,3.31919623779894,3.645125434278611,2.7307637104906344,2.491096535407832,1.3711879536487808,3.085162569473596,3.0681376096865542,8.227204936989088,9.923413693944966,6.299050246364276,4.012339068091443,4.509168998665936,6.537198059913475,8.505918649863721,4.842459490442177,6.627182165309089,5.725967325798741,6.809865130072732,11.276828991731712,8.436062357777383,5.532911033064625,7.1384440319117,3.513221399444243,4.694586880985018,4.263242295625955,7.086855325417371,3.7827953499673836,6.885733287266651,8.690114744472032,4.406201850715523,5.2029057423527885,10.718774189327261,7.165031829317168,9.096700647164173,5.357855389100804,5.278219383249816,3.5158482249964647,6.710530405787338,8.51098990291698,8.565062410904417,9.722055087170475,4.039865925718311,10.295780805052182,10.46651465611266,3.8438012999083013,4.5342605236466795,9.394688947790884,11.056192679332224,4.599526261214033,8.444402701166071,3.9622980730693533,3.4910468570345063,10.158738804734995,4.1164636340748,9.155354993820287,4.746303183876271,9.920999385918172,5.598117045873293,8.542981876889824,6.554350893268986,4.441085953821274,9.208361879530202,5.819180120344975,3.154154503099346,6.327930177992958,7.874435661457433,6.548620022188442,4.0605018614203265,5.04525400155464,11.216990422603493,9.106539394522207,8.91234436774097,4.211766382024344,5.411757352697301,7.79064189488959,6.679720658184971,7.943242995403366,9.28863622559501,10.371045497561406,5.097072399553335,4.479716662364835,8.362591330953386,8.873588453923341,5.898241433997695,10.184448985850501,9.069168034863837,5.016276552416815,6.911514168123736,7.004753274453086,10.83007227058525,7.03126703059385,7.129387646099078,7.73109513270852,7.626801496994497,6.694245575332239,3.376582139269755,7.708633161438926,9.26892832368072,4.418980562513592,9.28282410205136,8.591468105023996,9.16789855845504,6.048712574222163,3.3182692845385606,5.054979909625126,6.41715831823267,6.808858072516497,9.382842260786155,4.852137580980722,4.632738587514128,5.8816450569936185,7.053263436896129,3.182719207462976,3.3321580988556603,5.234857670208051,9.282944475933412,8.205134988357498,5.977855789917355,5.244499514860545,5.23724404771202,7.95258256072744,3.2432079921601837,8.392682347285435,9.275448241639369,9.70309284969893,4.493898725247852,6.648816486995446,3.3910164903661775,11.252197807813905,4.4325106440656326,4.156870484403939,9.55834312683471,10.717934492034829,4.792884673205047,7.196154159563391,3.4835134690865055,4.649745723851196,8.595357628005653,5.979667462055259,3.365696403208101,3.3306184092505893,3.517491482846927,8.321258135462402,6.870384012575826,10.689056763705322,7.8478203712472565,6.224365777172345,4.422174715676998,4.535377906568353,5.9089867744150855,4.4941447201534634,9.869267537997382,4.404484420334185,7.803606232847414,3.461565343286111,7.279121779932375,5.698948149951543,3.270257105280958,3.9054341272017936,10.929995947006011,9.90599454469221,3.415227796648631,7.4364546901110655,10.22160524666979,9.754666161897957,3.9304468156642325,3.5384259124384805,6.426683615924719,7.427999553337026,10.152230840330635,10.999062589080733,9.780704694427454,3.600529930121564,4.519439745869257,5.315445260184809,4.375426719968428,6.9388081734354286,3.476836328449486,5.722189919729626,3.8999123470213206,8.7546386059401,3.3735748178641853,4.884427028797776,3.6955982628417807,8.877123438693182,8.780718832993276,11.402692161023756,4.116447952762065,6.0080891271393,8.295740436454205,3.1414326002983137,3.145969113099248,9.67859950535681,4.671100601372027,5.2099436452847625,4.789961549409913,5.964155380253789,7.993596118686958,6.182918494755594,3.4638351506149547,3.6751935454706506,6.523383116949959,6.745419063621984,6.407420728579954,3.599285588821394,9.006206770789301,4.297100731973824,8.541623181168621,5.496383467821178,8.333115572874345,3.4069532447946305,6.481147348521591,8.309330479485535,7.229557114788576,9.021235304997415,7.650564258055118,9.091696078351228,3.8480293561187913,3.3000155469888455,9.52374813858449,5.2755245097775605,5.53971055264118,6.121078281055437,7.84914639609725,8.961291895419105,5.618797966493537,7.0240097908528085,7.170983955163704,9.39512323550493,5.3384327965447325,4.053920361945216,3.3213458148825006,8.680462213757329,3.9612989935411536,6.632358118561141,10.704983587498994,5.4617635448179405,9.217149650529285,3.4452439249956104,7.685135572579897,4.04104444584675,9.869088167707018,9.619465344908498,9.638350811230897,11.467612935751513,7.075944784094868,3.90213101348775,3.4833324611330636,4.597896022217002,3.1795585783121716,5.597669545510866,5.947908537075751,6.443020299547213,5.591182729937864,7.598457986112329,9.556656799455178,3.765770778541741,3.6923084001147664,4.4762754533310085,5.386031705604886,3.5631735614388362,7.716270859676941,5.308029848131139,8.808812551824436,9.20780836977233,8.903714632970392,6.156602917760214,8.19426308700979,3.8863690016678114,7.097676196675043,10.234425200892435,7.6318190281715195,7.9110691403842495,9.05471624060305,3.928712538436855,6.920670708620377,5.500578628861254,7.992198390367949,4.031991546593753,3.306775498277063,7.5517594540344914,9.803666043689446,10.199327045274712,6.617918715369371,4.906181147917743,3.3164126328799566,7.918779010925493,8.267168487090593,4.827326919673738,5.775032381169419,4.767276564998714,3.4980553010189688,4.874721322083677,7.165288046558437,7.781912554485047,4.8220840219905625,3.199544983306912,9.909955965647873,7.963918862961994,6.083913578378559,9.832617109164143,5.525482755516816,8.406092527609951,7.833178059854478,5.821435587048976,8.95714235688994,5.98649841681089,4.4279101898249635,3.6344936595626325,4.582978344130314,3.7380557229780447,3.4645338488625566,3.8717207502558706,2.9124626193504763,4.599835271688579,2.35587892718313,3.528331372924998,3.639483492763816,4.254136840189545,3.849917522055568,3.6054756458278336,4.121027314749257,2.314457819057724,1.9588470782684813,3.674872122270233,2.820034962845013,3.538138905551597,3.9157382238110667,4.185471200994546,3.0102701417003512,2.3427488603516275,4.653792413815272,3.7201392268903724,2.8610389896159556,3.956402141598033,1.5931686435326502,4.26470873839884,3.4600289765880694,2.4573855314234376,3.5765546275933,3.8029430411509297,3.7827308286302253,3.837682358023237,3.572551433253173,2.838390263471059,3.0123807667060643,1.9162855315515623,2.4658095275234837,3.0755333793965303,3.54201863700089,3.6385672052467304,3.104167478106843,3.2498799608578177,4.646732579030175,3.0669626383694397,3.133797690529017,4.878597681522022,3.434672901216231,3.448339934944004,4.320827741510088,3.301193205616061,3.6482818455678565,3.542981738888272,2.923827110300524,4.5533302695333795,3.2985162400438353,2.5320218943945307,4.238045311827366,4.276405240660026,3.6813708283080517,2.5327083699582835,3.850220422263847,5.385185097705961,3.31299747316395,4.209429728354831,3.2661130529787377,4.243046857214299,3.9539397223666897,4.483533790758338,3.4183792617147954,3.574955747374948,3.1267467191443474,3.478731171698358,2.90087424958461,2.3307376919418687,3.604576542998199,3.1295438738115244,2.306887017734978,3.422930641056311,3.8122122549701474,2.8688224306913206,2.285473155489215,2.5167263507296482,1.9304063591213074,3.499887927001587,2.2641331855325584,3.069319439089277,2.8393405504039784,2.775689722548254,3.0017100081721777,2.275419508534239,3.574479544538717,2.628930962928644,1.8457440136869758,4.306997527830551,2.6600025252873083,3.799916179043215,4.125702119622553,3.463056626468806,2.504473553813952,4.423505644645195,2.957898393232176,4.062219454597334,5.530338250407321,4.341314301919084,1.8070305863722336,5.363398831950605,1.7097139911771952,3.3332302175662365,4.252927562800371,4.660414363703908,3.5696864757946463,3.8827935304016647,3.6086248378030876,2.0033372102059266,3.3211263539643707,3.600640999489762,3.3567052981180825,3.0923381372652976,3.084909005953606,2.5674449853604124,3.8182137185982548,2.9790170218702836,5.812633267343551,3.6500181049500546,4.363376049753713,2.4687219945152017,4.602618024039642,4.522204722155342,3.6564585280017816,3.863290158090258,2.7044612479619277,3.324994662444552,4.365757746703733,4.151591254107338,3.9312736014420726,3.495726800868191,3.571828247084268,5.2255197623894,4.192665702324754,3.86943989399034,3.6477429614283747,3.043343391346678,3.763114285051467,3.9082384900495786,2.2598666364219397,1.7850705782956298,4.632485442337807,3.732394513030818,3.091897622491465,3.079578961394518,3.9170930584004444,3.7383624593088673,3.4910743739569656,4.161948417093522,4.287697659035681,4.286690752247963,3.425199103579246,2.723243727299721,4.255124300977573,4.440082902126575,3.7094560530627545,3.7422066207167575,5.02889128854256,3.365071128241946,4.381401360479571,2.7098271478784692,3.533731551742435,3.613379634541595,2.073178702176527,4.087904452970842,2.7115482021721102,2.0441696495270683,2.6277182983678147,3.592214945430828,4.375447531714943,3.9255467216294084,3.599759996748565,3.9053955736832044,3.409161751931075,3.556420158684453,2.2807181508107552,2.71482355688521,2.964165203723889,3.6554500636595075,1.6167168175860387,1.3656463726559915,4.385889501330086,4.252728818364171,3.0297218005200306,3.139832693487753,4.2276474116111915,3.1807235819649513,3.893348512909337,2.9506137561696684,3.7108352805510676,3.5490263119501813,1.7221210971364158,3.2073159045236044,3.5306646358494382,4.065773808509358,3.885520612373369,1.9747895919075231,3.958132284821145,1.7184871324056872,3.5403447780148167,4.175773526877166,3.5177132654520915,2.243472772187717,3.1824978701584796,4.818640811677151,2.986117334973667,5.002399869879849,3.246084546967994,2.0623505181103194,3.5782331718315987,3.479990008777465,3.463079014229496,2.2434979332078373,3.379071824124545,3.7479861240432006,3.8725348365294145,3.7305759191585426,3.426605296831498,4.569134090415001,2.892650958796053,3.5562815408153297,3.598246437603367,3.1498161936360947,3.370631746457497,2.646055686170798,4.149578453488056,3.6871747065005662,2.9084830821954575,3.3448649951247433,3.742002895786683,3.354740563366658,4.1353381465445285,2.0214096747494494,3.382634727887465,3.3148375202268103,3.1206602104284094,2.8312449343841135,4.121001074214498,2.6707338843575763,1.8525888830738384,2.7197936781769707,2.0982620077627754,2.131884867277128,3.3327123307394495,3.527327001497977,2.9427505325670564,3.3586816108167827,4.057391249693569,3.1840118823102967,2.9482545222922307,3.6377710169353494,3.5794502876232173,3.767247989071039,4.22084850271572,4.324384799350291,3.8273419192335747,2.812258109163153,4.160930460397849,3.760554357454761,2.2432359897418515,3.036007727831742,3.9252928719895093,3.29296241607588,3.9024928957189533,3.5608562029059336,4.1747165985358485,2.080204725327097,5.276223429807186,2.3821179273571973,3.5547568869340243,4.141800660753717,2.968778836416081,3.8941343502605914,3.1060247340147376,4.406373140415746,2.703765334804355,3.910642497530934,3.8009023516134977,3.969319240021797,3.7627191300487257,3.8055433034803183,3.9665683075755,2.969676626127708,3.1699885586234675,3.733757917873585,3.9067205852702496,2.6770503772800676,2.181244353429638,2.0792883704490706,3.3302126610925007,2.200107619491509,12.691308585498028,12.968061093434786,13.454934216465738,12.50938807329646,14.377585122806668,13.597427420497285,13.02130606502364,15.02032879980498,13.787477671301223,12.44400608973344,12.093159113525406,14.465559233608452,13.707698751993767,11.831564216079574,14.501758662526393,13.934333008543653,14.68532394190484,12.515945714011695,14.127181282417617,12.929332410099384,12.894095606297022,14.199843652867493,12.141373681298226,16.237128468579876,14.549959687047627,12.36172225792197,13.58768682925816,12.672711902607444,13.638364225654554,14.217337333287567,13.79667166530027,12.688791663106317,12.872987356951148,14.196554816922866,13.116458599463444,12.784878488933575,14.043474937213176,16.24603902703825,12.795559471790288,11.842302492508063,14.21143408207783,13.796295739217959,11.75739372225689,11.157332297185672,12.47361187343753,12.673989481006261,15.225796120754222,14.576655188758428,13.457530074104076,15.12402318099261,13.209517139648952,14.098030889094428,13.679179021246837,14.706124034094282,12.516503222470368,12.947196878657621,12.206888823175712,12.53805075164118,14.31648375159684,14.492974867797527,13.919108065545156,13.649094145985005,12.022173122144519,12.787834108072786,16.300401196898115,12.892894552562606,14.132361001673102,13.122246092356832,13.614737195356655,12.76546205912346,12.568887628618512,14.002574667443387,12.276811994559651,14.915028831567174,12.138634036748778,15.170400379818716,12.427158941230477,14.216321025333153,13.858711237806554,13.0023461173841,12.678756230324613,15.44333040154949,14.459478241216706,12.814768920943516,13.48951217181887,12.57290029328771,13.078256021542316,12.675478453909815,13.202365415636097,16.069026223751276,12.134693876982988,13.893712106369383,15.43162114739764,14.831890434009695,13.438179962540534,13.626437396333266,13.859110210328742,14.45532841949167,13.94199084194825,14.49710283206586,13.84472474029517,12.381970527927717,12.951466724186641,12.295029580606982,14.162274986864581,13.822068147921124,14.982746759404872,14.959974650111478,13.620235607706874,13.196157846730484,11.746241047779401,13.240497183746838,13.84649836609366,14.60780886531427,13.781100549283785,13.131641071665577,12.831438943856762,11.967584116754193,13.731045028169635,13.653417307153772,14.288550459839998,10.590820623544174,13.489400982828686,13.969208439150636,14.514067997572466,12.952091539626627,14.160117135529191,13.35426528853663,13.924684642859127,15.435813750584199,13.184459479430714,12.665212504174193,13.98142342138612,12.498300273359176,13.028409275166885,14.710739427044382,14.611279634266598,16.257544732239023,12.030843403116585,14.020884944503463,13.986921462909372,12.700064207208179,14.288345298074482,13.31277524516108,13.899798121160963,13.964843814437481,14.789639841853944,13.912701318406224,13.678833675765164,13.736066678109566,15.011357104082155,12.725324707990156,14.473522434859587,13.836548849291827,14.33197755030746,12.614981325296338,12.138290300257726,14.810886262630332,12.219933799701579,13.686890118858628,11.9935630125227,15.791135503159193,13.487311867336308,13.41586785872402,14.280949551324584,12.446452380604022,14.252873942690155,14.126664224410035,12.712793311384488,12.610425900594807,15.410696602132884,14.134773663294121,12.807964465040769,14.142719673882587,13.641788207958164,13.997126147524549,15.390406769689497,13.570730981732297,12.810189743115489,13.347981010227727,12.706923519259632,14.564376723271762,14.231872831893442,14.470743850960265,13.304130884490755,15.99840074615308,14.439661230659933,15.917024519693244,15.131541034977236,12.382871696042555,12.317117452801783,14.850892128856195,14.790131974237939,12.734050892399813,14.617149224783075,13.870251502005408,14.244214292425655,12.892320765796486,12.653398193699555,14.377153517405599,12.896921893811317,12.775621892503132,14.156688923204273,14.40067867362543,12.390394758293805,14.507853590775811,14.183173684184535,10.235552316115506,13.387942128780553,15.09863471309245,14.135240585873579,12.20282571610606,13.869660991173266,11.771444281519724,13.256561445213567,14.422543306023453,13.237558631473961,12.825641450216983,13.045789753541778,12.500909399096308,12.015769408946346,14.254102139901786,14.697652370827162,14.546733742846861,12.846618923489368,12.56661034638936,14.008619193524936,11.384696971956028,12.44540194834824,13.400445001170773,11.787992429035544,13.731528165093195,15.223733951200746,12.518007719050527,14.2819093588086,14.295267764592314,12.002236620090173,12.799940742626395,12.62098699376348,12.823463506424202,14.493800457928645,15.35921363747068,13.91892633158935,14.765909292742467,13.408707165453952,14.068346687700487,14.208706759491816,13.702087845300916,12.93341864568739,13.860238781364085,14.915380370679907,14.27272148734956,13.771336069580137,13.292421626783089,13.851336557076008,15.356604018239,12.264054896871457,14.203001254295101,14.690841946104692,14.84685435491213,12.978322134129153,12.754186700558254,15.097199783835062,15.1369739812123,13.33472761028424,12.504882707984237,14.335465914309767,13.67404509754402,15.023441990739157,13.42116912508611,12.486316105264212,14.913591067925385,14.842318568676975,14.468720469927517,14.48366544526306,14.141782634889294,13.971836579474113,12.998943914002195,13.916491773872059,14.144895512138065,12.928467897215743,12.3654013656161,14.047162546057253,12.742005926440356,13.500474354838198,14.104653168505916,14.755303228754359,14.213421501804055,12.113704306810966,14.763961385187649,15.981913807475435,13.840803486592783,14.093730558519864,13.269735077068404,11.930158045052137,13.130380418455125,15.073518860918744,14.521585760890057,12.746145636567476,15.003226554146874,13.584209567046301,13.796133468015022,15.312553582254756,13.798166426983723,13.597628678332885,12.394234501431336,14.014114077657347,12.417832572466121,14.150474989810837,13.457908922372427,12.762849986216718,13.74323734669076,12.235036514616082,14.089589968500114,13.110797850339758,13.55259633370153,11.260908676388913,12.274724227959965,12.12038697503918,13.495504324182646,11.274121157912012,14.365316884926072,12.692006251793323,13.147420650302259,14.580830719495436,13.120822464337293,13.939079789435793,13.881518538636069,13.318281248602906,13.119807976098935,15.138876385102071,12.595918612685399,11.667695278907098,12.608887228644338,12.268782891296949,14.922150719703282,12.303333959826293,17.511012099829834,12.845084364035417,11.61648891830954,13.04079846619894,10.99926298353303,13.48501954285346,14.236793845796367,14.213393268632712,11.872972577675558,14.094423975821694,13.20472487478581,13.298941566598753,14.146458995367542,13.464657282799543,13.133713060245034,12.622381305101941,12.767262222847238,12.402750175707475,11.06219802905106,11.882956902887017,14.068274256060153,13.914269118560398,12.139107669633168,13.251147953042503,11.537611918113516,14.115857507424245,12.683721080281666,12.502963296494121,15.082759655209857,13.390446931869421,13.532217924506277,13.98810418595598,13.154820918051369,13.622543794555353,13.51883668141542,14.09944707607173,14.167204477340544,14.26768410449558,13.989605521310216,13.315591059054686,13.161794182414852,14.321132601307163,11.484057811056294,14.53991258063444,13.64329601743744,13.521416235835618,13.693418001215429,12.476387813928804,12.504860320170124,13.885817495136733,12.841164799228896,14.020830848905954,13.178422246622508,14.073962059437028,13.342591231498169,12.906077409642887,14.0841249398337,13.123785561687804,11.544776562972338,15.718540878998413,14.189502049212765,14.342983811276795,15.206158526248206,13.88312395417543,13.370877726219563,13.208113074176477,13.696032410553483,13.401715069782963,12.2964508251536,13.650067540454936,13.954707825154667,12.785386655291532,12.549448426267762,14.442035492676599,15.418501632598494,13.035441128566703,15.282226506516839,12.197188323375482,12.426977509413872,13.408712578360548,13.208684380637196,12.21797597285547,12.432253312113057,12.975837118316795,13.935540829851924,12.975228345931948,13.608551884045866,12.37111151836486,12.873498411351584,14.382179805102023,14.122665826758423,15.62736614685618,12.122281554426763,12.75118561037764,16.10151057580488,13.14920973470987,13.948526183037043,12.974700113872938,13.994348445131129,13.111109570605223,13.321417717565934,11.882639661803797,14.259620804137327,13.72670626209286,14.046603655701963,13.862548698803634,13.321431416446606,13.858036993704172,13.965099681522398,12.552201651467206,11.79721538727819,13.951308548737224,12.407667611185865,14.427182032381209,13.350621154881562,12.801035757883831,13.309585815202755,13.479852877571812,13.418026052202558,13.189373132098188,13.590964805131039,13.322421941842615,13.253775757659756,15.713490859944491,15.59996220179777,13.228788054143553,14.38907168416297,14.276668341182244,13.361033702491286,15.43490121343565,14.086342874563202,14.583889919229781,13.880667414262211,16.046723655781765,13.634500484612976,14.731902219878991,11.988226752685689,13.135602879770222,14.752640564122988,13.407015688756053,14.898597532118538,12.653194790653686,12.138163594968603,13.677704921315383,14.17599357900534,12.088737828947972,12.20042553570267,12.575123806754963,13.728251543945019,16.437963297943814,15.113807933131332,14.835005913488477,12.481161229686679,14.076324364744057,12.229769165788886,13.228033099010485,13.411032700648613,12.965430123750465,13.611335982097373,13.410087951501286,15.183103941185957,11.880878871055172,13.220023710316365,13.003526436386226,13.978005422081562,13.605474505706145,12.228493126306136,13.601511254489237,12.773110378251536,12.66599977876271,12.837701871901734,12.016070439115635,14.89220212995173,13.968728788890122,12.84136553673436,14.164326319367301,13.310415607056461,13.646692179099414,12.125332468078431,12.353935336850443,14.249117937010036,13.962657219036851,12.637763607714078,11.071093614348042,12.869500736052581,14.581581393009111,13.32901760449238,11.270567151623013,14.522888307279645,12.379427476020748,12.795830570735102,13.542289408161569,14.112777816780003,13.566052784743409,11.182112338631484,12.679764346661212,12.709443486581222,13.224441951977877,11.620740791406535,11.800163235121207,14.525395009352415,14.634354382991235,14.710926315045093,14.331648830766781,11.954782769956916,12.291790661130545,14.962240658773279,12.48124112589157,13.495888647063014,13.920315272730058,14.964153323407755,13.256903054785173,11.75552107460627,12.906411205754251,13.96453308333167,13.373600643862325,14.839611531110476,13.884905957605055,15.592618667928814,13.024268100533428,14.31363196946004,13.943978478116682,12.90523031563322,12.862728188068285,12.335463495676933,11.62444507286263,13.919278684210356,15.103265163758792,13.60198919916602,13.25632724239091,13.59176587287874,11.375613250060145,15.484118845714399,13.513486248558191,14.132104861224493,15.666466531410153,12.800372537092802,13.437712994662315,13.129108109620343,12.200091431988547,11.37797421039021,12.422392458376248,13.219079345031298,14.80082379552247,12.299931099339926,14.264517996377569,15.034759437622968,13.586848350707019,14.388702474858494,12.694368834724827,13.236756872462403,13.344214354955392,12.682083382074941,12.008832266060171,13.279902642071036,12.59820329697412,14.20696190682607,12.647436868523195,12.689052720340005,15.263607251404471,13.172038076241506,13.912782830368164,11.370377812774187
31,1.360812319208355,1.298981228735931,1.3760650278078512,1.284283197572873,1.2502403453396624,1.2224390652963864,1.3531794181570655,1.4695823405303525,1.1454326431941582,1.3347630657169334,1.2834715724588162,1.277833210535872,1.287305224128507,1.2869524250165487,1.3255442952029632,1.1103332253616829,1.3515794050630336,1.373742163850097,1.338202730531863,1.1777981787996876,1.5134827317933077,1.398186788521271,1.352279901361664,1.5287021953224509,1.378995495358901,1.2386926476241542,1.0904152466276475,1.2684696465454608,1.4957131485506052,1.323095618184866,1.423552846096784,1.2446472536701818,1.0107404301213645,1.3774047294769918,1.5610922031869623,1.3329490491651477,1.3974269753276323,1.339411017613251,1.3657851913477843,1.5208983671135794,1.506408502556463,1.324873418526554,1.2738549790765727,1.351026344040564,1.6614566710267433,1.3060644955535734,1.385521396774543,1.3282880881291672,1.3412101400409757,1.3072092381538516,1.3192577905898486,1.2909213659777503,1.136995947836117,1.3914646684354564,1.2127171118911828,1.4194557990812955,1.2042783440967268,1.293698163430698,1.289328229943475,1.4821977457599615,0.9907550976566001,1.3126301434471186,1.3060651615131202,1.3301030173443174,1.335329186025881,1.340039064324968,1.4296023358085614,1.394679443077087,1.3175989916700936,1.4047356732018523,1.361626633171524,1.2800108275275783,1.2890653065936013,1.5555134505628867,1.3706532430847298,1.3747412025381964,1.1085790454318483,1.2789687071317888,1.0640421866145966,1.3602642688446938,1.225731405465539,1.1419853143153773,1.1240829438437216,1.3528435946752508,1.4137412122252186,1.3526356227149097,1.2780881709037837,1.254756850527042,1.2543855883367276,1.4157031456730738,1.5139642087131877,1.140153572738568,1.3457747015482306,1.3056293650535205,1.404289048943697,1.3189706635915113,1.2801388216211096,1.2236642411218326,0.9923467172445196,1.3375838149924395,1.2649804893514982,1.3165673318511184,1.35719985000469,1.0481418720426547,1.505578117437094,1.29674068602948,1.4103350287057457,1.2237132569912195,1.2456582748603648,1.205322954994315,1.4611426007108232,1.2043325367523592,1.2865273902986738,1.6056387457220864,1.436855033211801,1.2486524351310624,1.2944314789631184,1.4445001613753383,0.976996206170492,1.1506446521739158,1.1516606762484716,1.3272739289542885,1.2178542346729113,1.4912657748657674,0.9763145276449864,1.0009156454603936,1.1497598963699935,1.3663484755187274,1.357565957168804,1.5025827234842217,1.2595581247026018,1.5411040751238547,1.2887136503381975,1.1011090028059494,1.322287799399696,1.214152646498602,1.51785617327608,1.165910595828151,1.568652852351521,1.2477990046012477,1.41162215074619,1.2901237787892403,1.4823414978629288,1.6066613226789497,1.2088695099824576,1.2630205004904531,1.4258911124414604,1.3442568033259807,1.2308327208274508,1.3017862241733917,1.45564051923297,1.2832653314741536,1.222749040044748,1.2836498699606693,1.3515189453927234,1.443147153453601,1.5404448577997525,1.3008698986305325,1.3539503325064974,1.3424198247906152,1.5718079248464347,1.182327069865336,1.3543162820307852,1.294618851837988,1.584865077567442,1.1796119032418537,1.4879354915462852,1.1572828776042647,1.2699070677436735,1.3934967866751597,1.330098779753391,1.2772875690456889,1.5605364597877083,1.5234603617624947,1.2306434594895135,1.4070682471111238,1.2854589856036773,1.176179928806211,1.0752303213426841,1.3433349235079597,1.3820536379950352,1.3764700440683983,1.2871737882576473,1.2512700555027232,1.4755979640380226,1.3939291713302957,1.2895571782988093,1.2474651321396093,1.5230562531673757,1.2941439439061178,1.6139362663234689,1.3373577022923269,1.3716286188012325,1.3309032515513515,1.4778686987293714,1.2871752247097006,1.2933091589953956,1.3687699855518278,1.57962259126488,1.631294141182606,1.2686392770125845,0.9822813315871479,1.1915667401607812,1.4362880928517956,1.238860385295405,1.5601494139765248,1.3123576228886749,1.3136302753084261,1.4244260360548984,1.280162122826645,1.4371002770969847,1.2877603991416835,1.0539275223785647,1.2033733948572705,1.2404996237899184,1.0475583351766462,1.3379682843929124,1.3135395276733568,1.2814453607292406,1.5108226635564217,1.6539645559960263,1.6062851592764256,1.363093543857995,1.4684513192758124,1.2634353205259359,1.1865898814679026,0.9869197621465722,1.498800271911042,1.1470612597250966,1.1819063339832518,1.239545134926393,1.5757931818315352,1.3522890930472373,1.326438943256713,1.5001611016213565,1.3851521509082731,1.251696871360469,1.403690466753934,1.469332013706187,1.285148633222374,1.3986847638930406,1.3135757463085977,1.234462923610508,1.5715085666082738,1.0002717119153959,1.0390502271599698,1.3909541121891744,1.2727474878458251,1.2018115670848808,1.4470219100548687,1.587117623213217,1.2296667594521593,1.26283641075965,1.5922896891476201,1.323451613070469,1.303526910796136,1.6077407096035,1.402523098657902,1.2654247749462015,1.4908567174285028,1.312377669517673,1.2961179992939633,1.3710838516869843,1.5510550005192143,1.313300821779401,1.2661099890893652,1.1481690144254437,1.4590480473090293,1.3838568170927252,1.2879860525591538,1.3500189704151955,1.304003527191921,1.5877630911787288,1.3317979581334878,1.6070425993586595,1.3217676474878965,1.0059826957027898,1.5987976908852854,1.5171398003508345,1.4616631141100134,1.0855471790069307,1.2839860688265075,1.240373571177715,1.2311841123582576,1.1160876505672461,1.34721606792868,1.3201129867209391,1.4949326202924524,1.3690241444244657,1.1688271538134183,1.4012529987711861,1.5980123432794817,1.4747801106841387,1.3020686650273279,1.3760647800862649,1.1657020644282667,1.3612951236094546,1.3290381063547254,1.3144313981198177,1.2384230190846028,1.2861211597398945,1.9800418845136376,2.074000663773149,1.1465460094422173,1.1411963871050996,1.1178405345249756,2.393664345620903,1.5472724894159087,2.5148948812347323,2.3623427464896154,1.4521962649962072,1.681834591106416,1.6029215833566357,1.1843845391235956,1.368409736114447,2.3313277720496277,1.328293039961272,1.446656491765499,1.6404783702304215,1.893414377632676,2.0364692295129223,1.728220446018081,2.18573722015782,1.5474328611692991,1.2512169112703897,1.9572606052234294,1.1931923063615526,2.199773356681062,1.3016535683417325,1.4830105928217776,1.8302239813251293,2.1646976141115726,1.805468428427012,1.2300874050029857,1.4782474452967362,1.2422703589953399,1.672525380597492,1.1898358683759496,2.3668453367665596,2.5633596287847062,1.6109777020289784,1.279796704656559,1.192632717637046,1.9484696768344127,1.5450791748116364,1.6804079377090329,2.461558761689676,1.3981604428767722,1.381368004107296,2.198874270884193,1.2585901541676057,1.9269051886524033,1.8401480821241119,1.2492422339793223,1.8813023892547502,2.16682466200364,1.2852224226707492,1.8038305507636982,1.003364425292835,1.223396256342081,1.8004109250227298,1.5861288506764557,1.6023967900552836,2.0030784903491985,1.6640982212287554,1.3462317237516404,1.4056139421196188,1.31011673648984,1.592039279507497,1.5280514731015964,1.329577849957876,1.433581445658865,1.6224095466763737,2.1836782547536875,2.3043296832392444,1.4871052644621614,2.102937206447735,2.054543323087517,1.2918341779685856,1.325425643113317,1.2902936774687248,2.2554522439799425,1.4407036648021576,1.6530461039976152,1.6531762459780777,1.759622372181411,1.3630961099835914,2.9104761877593703,1.3024933054546184,2.408865139500358,1.5084790753576882,1.2104465033666223,1.9168023714084785,1.8651439618647412,1.6353122951538417,1.2204442893896577,3.44318174505517,3.2457338145343417,1.261436990319765,1.7482802880311135,1.184420782999348,2.487099802061397,2.1935656157867487,1.332860521015952,1.2234729565372187,2.143456291985164,1.7243213667472674,1.0313791818234006,1.5869900626712665,1.334084561556385,1.2051248029760733,1.8296091170871245,1.5263855479032467,1.7455962847186997,1.9598985392738446,1.7099931965230013,1.2097302479758967,1.995922761459548,1.2321169690610774,2.031281212491722,1.9844294919529364,1.365077989612663,1.5804562646662246,1.3746436559083235,2.4443785096791517,2.126318248531553,1.4482865414563066,1.246661138401418,1.5535894209206804,1.2895940842735996,1.1644804922604155,1.4767842834599134,2.1772076567048195,0.9709992205893826,1.9614681591715413,1.8354157053012443,2.4136982588869476,1.9683056295776626,1.570152556037911,2.3437218306447796,2.578625375742452,3.07704269433257,1.3050509683359797,3.296488884445325,1.263733952789772,1.487413350597939,1.2269128947531065,2.4885349639414023,2.05123731058277,1.284416340888256,2.0123252537825853,2.6845569765539614,1.5887139533940513,1.5234466435812963,1.1893679381710582,1.3388506871406756,2.368743368382845,2.531328037671402,1.1828199773179973,2.182061976644667,1.2212290896745082,2.018871398117965,1.9096180083521235,1.5267574836232407,1.240356811771281,1.47602619609499,1.3584569692822834,1.288584732863446,0.9591774387901036,1.662032840248989,1.2397773673337529,1.2327799282655536,1.393583466441794,1.4960274234391686,1.3879445427468862,1.3810682366008629,1.3075149788100877,1.719701148135247,3.365939430739402,1.6448246261042945,2.024154834591142,1.9419732007173212,1.235942959862486,1.5326669295865174,1.5167366854423614,2.081035401238527,2.0716923767483975,1.2236347697133654,2.5722689303370485,2.5337055099055044,1.9095977062644174,1.1988036252818386,1.8606315899327555,2.5085862711865823,2.2600741235342063,3.25061638939488,1.2675927610591147,1.2209717076064381,1.3024481002543684,1.8314586006497482,1.2637247513025007,1.3182441931688835,0.9700382555354067,1.9984173249994643,2.152998641159437,1.5705355540726613,2.033434121298023,1.565874064149501,1.3070849193187346,1.3010483773929908,0.9710071350873475,1.2310305271844715,2.1576949658768156,1.2199557122897753,1.9589192129007238,1.3315569130937748,1.5946094888492095,2.1220400639900907,1.8127291373542604,1.5934077551121077,1.158946098677935,1.5910616876785302,1.207942921813656,1.338652073244292,2.1629433050008555,1.3407324961814924,1.3790990433540629,1.285400536464678,1.9945832007905038,2.3265324095770943,1.6936565452119097,2.398950581993915,2.1310150616461696,2.0352637391184887,1.2356205307276475,2.2162674599513186,1.2834553154133475,1.7618962897528925,3.0830121654105,1.30788940301424,1.4376855499954322,2.057105513374161,1.3295874462359925,1.8586620679403953,2.669931885389353,1.3580220815089894,1.787615141405699,1.7266088981733858,2.377240546316351,1.2409867050213432,1.8304459764435996,1.272139779628917,2.261456403417411,1.9514006711808511,2.1494910220820516,2.1503283544712737,1.5975952846674903,1.638083738016689,2.199174374718495,2.5036334649500303,1.0918522054335058,2.8702769270400306,1.2828275537365161,1.6346964843577005,1.6724187720127504,3.0603719098714603,1.7852894958946042,1.948420131280138,1.2939829380347845,2.604617110788714,2.4736679606738683,1.790310817254206,1.5794898310065175,1.9407298217482338,2.678923091791065,1.310790596016487,2.6738938364852145,1.565323307406963,1.3334730284080067,1.4001098375778513,1.5667610569661339,1.292122277647228,1.7994051662403205,2.5835515458872393,2.3609783861030973,1.2444404088462417,2.1926938462250534,1.771012582718808,2.917169955755049,2.4811515845024537,2.263854473044316,1.5348282549289287,2.037641252664571,1.1428188333098075,3.0884848330866497,1.3327590321973255,2.192595374731738,1.5798024653514966,2.0474748312638704,1.4278375404510173,1.6618078620058847,1.89472120558993,1.944946529490297,2.413614083704233,1.1384690771735637,1.4113788521898265,2.7769477107355556,1.5768940770335607,1.5053759551491352,2.376921711051908,1.572244321063124,2.242529198846942,2.2283120400766854,2.236434797520773,0.888195060500724,1.108329745325987,2.129414014695627,2.2274163779965477,1.8039283439478144,0.9041859622353878,2.3025578310041688,1.5117584203662837,1.1037506400536254,1.6703429058663883,1.980204601274101,0.812037432174243,1.4138044456992103,0.9118925554009378,2.28701647538948,1.7942422321369187,1.8805999705569418,1.327563223773789,1.1950786249156693,2.2740902359675776,1.6068217221187162,1.6547237065283926,1.4856360298249494,2.0413046647460877,2.3235686837765694,2.0844105064474188,1.797180810579742,1.639533839328825,0.9044928492647296,2.3088281814348917,2.2030347377890345,2.3048509308542173,2.305709592229352,1.9727799412088571,1.9609865759270524,1.8945196179569201,2.6718619339095833,1.8714206249271084,2.2947138959938167,2.291205737853288,2.218226674903041,1.9660019728392666,1.1761267440923424,0.7781707064283355,1.938842071997201,0.6964068077708823,1.9842098299591988,2.164565352353829,2.3293425267042487,2.5127603224779884,0.8188696980444479,0.6639131413643384,1.39844194115591,2.5524441818925743,2.4173762869895934,1.6735355883778904,1.8929155849762889,2.4403461931768753,1.0739513418324231,1.6649874148942767,2.2169266634010714,2.4494373881970186,2.0372452642800414,1.2794081223508482,2.2907959705197993,2.0865510970541137,0.7406554826264165,1.694475436580224,1.3436098325357604,1.830331840288971,1.3550179399062616,0.9700170335466087,2.022578544275641,1.7357618117101075,1.8360974319107042,1.7919795830222507,2.0403823647174297,1.2691975132967692,1.8891704501734308,1.969539318849922,1.1841185212213279,0.8855394351344387,1.918854635915096,1.1417590741916934,1.1669457655929176,1.5378447342603419,2.2272948926321505,2.1969884386468013,1.3457079527325402,0.9962665051380779,1.569474092549683,2.2898255066482904,1.9347879851014764,1.855316875764382,2.697640790965648,1.0477186990413505,2.046113959591885,2.3040055146141243,2.29504616099579,2.0718069084044637,1.586607753799554,1.5396290496136766,0.6075822230755296,1.9748053627283966,1.5229099447373753,0.6827457689673896,1.7720623189258013,0.8329409156139683,1.5830796327119607,1.8870214069446087,0.8451317307200779,0.857800844990875,2.174594532767682,2.1790178782148972,2.2125719786265994,1.443381081798,1.1747813779311178,0.9313206569977212,1.786447402241757,1.9682457062994714,1.2889108314748863,1.7019668964054995,1.53534249893037,2.207486950912701,1.5849698518722901,1.723760420292662,1.3654411160779598,2.7871025760623915,1.540375999316325,1.9663893125064624,1.4256427873711524,1.6197713403267342,2.4304926406564906,1.5643307033533107,1.66093595043881,2.448718333612177,1.9084377647333144,2.243833240325576,1.4805718337939549,2.141101806472806,1.3685569348723994,3.0735592093832333,1.8349070412106883,1.6441301246789566,2.047718518864197,2.571862446233671,2.548538472316683,1.8725725561992639,1.9231234074778774,2.3187485137148287,1.2020623313860797,1.082941250569758,2.3420520400646425,1.8105437405443365,2.209196659708004,1.220466084627129,2.441787746265349,2.3353187468963656,2.240249568073762,1.7237617684228614,1.334354144858536,2.3193217191547983,1.3281932355485144,1.6970157580896357,1.464886787007613,2.037929190240031,2.443205787594504,1.1715052658459517,1.3865033096067516,2.479439138341613,0.586219752394972,2.3105917051410407,2.2047981749227645,2.008248284223291,2.0576399553485216,2.4696261848328027,2.469015870461248,2.272424167078092,1.6057896973174892,1.9934916068270083,1.6659025296351109,0.997256250368729,2.4208356637781345,1.8593289913385374,1.6103483055063854,2.5046916600968796,2.001169012943925,1.1385392850719505,1.5326919905099259,1.5375224487203205,1.102360344582458,1.5646266655000116,0.8152032665313269,1.1511653826406785,1.3944223766966364,2.027932171295218,1.5468698961753202,1.9388120105616318,0.9965711591431201,1.140435567713477,2.070120771074093,2.096422748364613,0.717732502289987,2.3226813077824295,1.6935310323653219,1.6629341871611212,2.2017822276159635,1.6020943242060894,1.6636514830797773,2.2800865342415975,2.425054391638052,0.9438556970341494,1.3163768047048232,0.8764049353993227,3.7039093917455497,0.93461624533372,1.5071745891341328,1.9378234854063934,2.0683509295612246,2.3309939173575733,1.6569325155918397,0.7013466860211262,2.3294826855332404,1.5328617566596767,2.601818177537573,0.9670195987820891,2.1735736918578157,2.178614903837877,1.8505299691663446,2.01992950353044,0.9563635508813952,1.2559384718170703,1.7514818340838805,2.2777300781794128,1.2145642560866359,2.258851296348212,0.5415593047141577,1.2764313956860496,1.800314672980925,1.5079015306357442,1.2987166983230998,1.3089560859311509,2.26110396659952,2.4930254015390507,1.272364923929521,2.0643334318603754,1.3316275230305783,2.2733673207922656,1.725032016613719,2.3763366964538615,1.580765472838612,0.6556256985622017,1.8425677104314644,1.5057301042342814,1.958295789927455,1.542666602468633,1.0030638732407755,3.46202232293277,2.1526408368339998,1.467392851512921,2.547317871070459,1.8710940871514534,0.6999060537953244,2.1994376181974298,1.2750393922820327,1.6753810856778413,1.2527020276215666,1.5112404131191752,0.6105415092221875,1.9962140444876133,2.3604719697222385,2.3012543415681055,2.5027064845591163,1.8163713035131146,1.6098810773236885,1.6421566475317324,2.0443436710794622,2.060511105638153,1.2212519721851671,2.269727784821613,2.408391626192984,2.3520037058156227,2.1436144611669428,0.76902546415931,2.3128754318115625,2.00424159914325,6.823660983464945,5.942196581611555,3.35686288260353,2.5614585055604895,3.778175399476367,5.594199799058406,7.644143069050786,3.5382046099914377,3.466587339690716,3.3253103904158823,4.446997339443983,6.586343944784252,5.7584287676971915,3.3953975506854572,4.624952700726271,2.2850351497747665,3.375193503927417,2.5880862209904163,3.24645886712362,2.8103461479240273,3.64007283338452,6.35289765520558,2.4379678326876517,2.606365343346069,5.775654795869774,6.682009598168877,7.161222936172768,3.949066639581228,3.010966581275249,2.467041186939746,4.8676878020371195,4.726790959791155,5.777148592439019,6.966084076447402,3.298438339994807,5.74359183217234,7.380553142295709,2.790455137099113,2.7942750550119246,5.8642805423293,6.660830624430555,3.731610866774783,5.710862996922569,3.002565454519951,2.304985542463245,5.96690779504311,2.89890402769787,5.614578963631395,3.0164057770968262,6.307254375200745,3.126564813163487,6.971207216016013,4.523376288735026,3.2308007683898574,5.886047012841202,4.517096002149899,2.159815295866825,3.660508421449638,5.382838579546662,3.804941384285899,2.5312955472605725,5.001552097881875,5.961180970490653,5.531528859254353,5.99675969277005,3.2836240931853204,5.678072807928248,6.675962755328834,4.382511366281811,7.184920551227543,7.947935642543845,5.4016926146079305,3.9586688618233126,2.751311773362276,5.073034054074677,5.864921891047155,3.826970227805329,7.324263879811252,6.466555307067434,3.520235902212876,4.947778335192482,6.120155983011229,6.465080077782843,6.031916381742255,5.442625515250704,4.395161592534178,5.609895428491402,3.4438553546287007,2.3456145991584214,5.0132463238735046,6.796307470643738,3.1325675463993186,6.205263006215899,4.7283897871676785,7.45290438304332,3.345091877209703,2.4477946544006057,3.098683588421981,4.60295838948382,5.671035041852213,6.668352136298092,4.5129186210996,3.982911224531073,3.6807380969498884,3.863324936524294,2.414060721139761,2.2741489286487213,5.222437714045492,6.099748404144415,5.7128406893457635,3.769275853018785,3.2663103124902695,3.7001661098739915,6.133233972950895,2.4278131021927307,6.1916893020253605,4.958829286058902,6.07354062355175,3.1435038802915294,5.152337433151493,2.4024067861617926,7.705049826440839,2.7552477645122426,2.923933785664722,6.4243404085676445,7.515314917082247,3.3719682278167085,3.595406920864649,2.2987833283150927,3.560089300442832,6.768528832692798,5.32243207957201,2.5023670513120972,2.545685522361482,2.134784804549828,5.410424116205893,4.962033885686189,6.300615252544732,6.147315995553609,5.287590312585881,2.9786570970544917,3.083739349449885,3.193260185601233,3.3342039148915084,7.255147098740691,2.9564120030904384,4.587929571313777,2.5703991752212185,4.186563288325354,3.398586142299721,2.350843041272379,3.0551157868326557,6.803182441214444,5.835410157425179,2.6622633994855383,4.412619134860279,5.99868132465326,6.940495598841827,2.588836641597077,2.3917159746189385,5.38036874083825,4.47256847395779,6.2038433371448996,6.547489190058232,5.770897601087269,2.3348613405335032,3.6458213475483277,3.371025620937882,3.2449426397049805,5.72815822597541,2.3772533178263435,3.8468868673645074,2.7400409784010766,6.008588312819619,2.3268973170596774,3.830783355904486,2.8264386235958496,6.641565364464124,4.937041757370259,7.970446272782998,2.4677570980243395,4.00540573791826,5.594899685783772,2.403653010125114,2.2834698532971114,4.906712797689369,3.348522058514316,3.4472363553519014,2.997414122194009,2.9356820806990194,5.953401858780941,4.519925954276456,2.399709237008426,2.349877012403865,3.808664024130976,3.8237372786628887,5.819561805353776,2.6729400409917394,5.317142066346125,2.329574359940111,6.623592351976003,3.935479280753389,5.997939766761864,2.561872758431461,4.752515090709384,4.948894543981343,5.43843515043976,4.838388560747124,4.858867587614826,4.939085648911386,2.6173344530573392,2.1057064341065557,6.274550586465637,3.61689188665944,3.0286141359763916,4.675033660187604,4.019025856714065,7.425527016126533,4.37679248086491,3.739301603400433,4.280146573076359,4.500562279771766,4.0464396469504615,3.1739790542446658,2.710050936716544,4.746491041973644,2.5069629535633435,4.520454837223815,6.285923042789113,4.671664809587993,6.5786537283031175,2.293653977756164,5.172142796944572,2.6987585020735914,6.994094691545138,7.281985776765701,6.942645074053302,6.563736103308826,4.556237882504624,2.285846477450732,2.5505382386933415,3.590034786874008,2.221724860787273,3.039165873943835,3.287794311642233,3.9322042409403863,3.808992694172964,6.279898187705889,4.467141806345287,2.3910573515711633,2.418029615135107,2.925398702687437,4.020032871687373,2.791262416512877,3.82332666373661,4.552897718265898,5.993158156046121,6.809792656957562,4.4657260088214805,4.154383157579273,4.509632778193452,3.1939259332220953,4.835977413288112,5.852450531869363,5.564088749469071,4.096930382890164,4.770987265568723,2.7577391077372146,3.9068683486357534,4.0486366022310545,6.653640653950485,2.9331264727414896,2.262519174235658,4.105163377828429,7.2455503103924705,5.848674938518692,5.9592545351835255,2.8935485038053637,2.2110928460583974,4.01571730022236,5.714094791410348,3.8152455625877533,4.7291079087170225,2.8168232638928115,2.7857892255610137,3.1507899627042284,5.473530771441096,4.917503604888779,3.3251609750364133,2.296603797766691,5.863134401095355,4.068995408360906,3.9982335880003346,6.570218631294075,4.581933279711875,5.953580884410696,5.371096542467073,3.742131576960974,6.13403992534688,3.4812643206344798,2.8257531611004922,3.30218572410783,2.7462890853378052,2.0009738818282625,2.398619163251547,2.163490221229569,2.1554143024802834,2.7574012159759635,2.1399032347590285,1.9269064651021262,2.039072825432928,2.7592376358741375,2.1916551273838873,2.336909620846175,2.292925244121026,2.00901490685666,1.5553767067375197,2.25727542770943,2.584686894099324,3.201003632050567,2.7682062827588023,3.246104974431683,2.3434526715314745,1.7319586519086292,2.2812660878501867,2.4213823954143625,1.5148680608247982,2.4394400721292855,0.9054877679187675,2.6085268974775087,2.4344611407047676,1.3837007057784463,2.0208508021998077,2.1614366048865326,1.9143207674023615,2.591109831412259,1.9768186836156423,2.4867324811747116,1.8954185146361036,1.1194758704719276,2.153417280318206,1.6052676869340454,1.9664534340015616,2.436623060530005,1.6060922116190455,2.5037348263832073,1.9252195530721996,2.478868445295808,2.310712085805634,2.993274790168568,2.1914938626493115,1.9211224148214636,2.8683993929836338,2.3024866871549925,2.430536315449391,2.506704352948907,2.0654717053506273,1.9707588954549276,2.3337180980846184,2.1621233686663675,2.679966815643468,2.6907203041715917,2.05862797620307,2.1758254658758025,2.581479830410054,3.50946317193794,2.9892836117401433,2.1324445809782753,2.331400890352424,2.737213881906495,2.70395143293187,2.7184478150200198,2.1295239232057366,3.0234796216516315,2.359672163674587,1.9393656405783697,2.397825204231934,1.7412869640184425,1.979000134074868,2.096824553207356,1.5996766284965909,2.4566601373909274,2.747767934455315,2.190455690743653,1.5619515987610548,2.1486990849234493,1.5158776368817806,2.4681239550449146,2.136871908031383,2.3977588187737315,2.236400077382755,1.4723221534273188,1.9861732054126824,2.527639954474906,2.276585705421454,1.9887871257739091,1.5374092552790166,2.6988840038402806,2.17691540534461,2.2440995140262467,2.7511592512049314,2.2148403699061423,1.654710244604463,2.851151571282633,2.87005258845509,2.4473746284792437,3.7827840759509606,3.1013278903184602,1.440318388193931,3.7067420148178423,1.1694376056826845,2.628345759010999,3.3083210495225193,2.815728981168663,2.1682463629084685,2.465614930122775,2.2852567863291218,1.3843159481524296,2.0618842544222904,2.392268530752471,2.408624150258028,2.4385484009980862,2.5183472974054957,2.01046405262994,2.6012307080550996,2.3078410154435427,3.706151341733097,3.1216013716991116,3.345240672123959,2.063480495122201,2.096111752400008,1.9408944320670096,2.1023270789900987,2.259604147346489,2.413804222778122,2.707007073649093,3.192210465544929,1.931485280865298,2.9177229105269396,2.4879395531526987,2.541759538583828,3.177789456974101,2.833038270391495,2.2612600364489763,2.415161375079054,1.8517613681890444,2.51161858583869,2.423730103284422,1.7195565646340667,1.339040109058729,2.3677424868138712,2.435771022004153,1.840411507692083,2.2255948009771034,2.0652871510060336,2.1712775427077613,2.5103611246000748,2.0688403959029924,2.8137678755497917,3.3507541098234954,2.2974189649544177,1.4798152004439802,2.1768482871826005,2.7906726827159654,2.4793675243155344,2.177132234496508,3.169825289262517,2.576302026575599,1.8835892578374485,1.8732466905538425,2.5735649065408923,2.4289033781137443,2.183624748955587,2.161693320586157,2.28736826990405,1.3911651138250665,2.069007044755871,3.0756303358960935,2.6154555163453392,2.138361861772925,2.384005821301528,2.485158777656517,2.647520578511188,1.5802739901956393,2.331814020733792,2.163031554316403,2.316968276279061,3.2983244100929636,1.733434162362596,1.5273465365981302,2.672494359801467,2.0634071263888782,1.8742020192081068,2.1412982828415066,2.8496561548543493,2.3766243776629397,2.402116729358248,2.3657344776936875,2.7624484094344024,2.3512344502085947,1.7007030470588742,1.849577242175704,2.4953509921586394,2.8721502748578884,2.4508692264915113,1.9597111296661145,2.039663424491074,1.6539678561414433,1.970910044560099,2.9025779227136703,2.0295387649172456,2.3216261912855822,2.4264441706731037,2.966550781200249,1.7297740996346742,3.210508025768256,2.39488680322723,2.1297971799300064,2.416094613407168,2.2622181114099273,2.2978300500245425,2.30853794698158,2.5272277467919864,2.651835077452807,2.2127744201441506,2.3527169184323684,1.7934690333182866,2.5458297584043046,2.5668558365137204,2.5655770685839805,2.0930233879694056,1.8618957060660737,2.1431512344264476,1.3004455431188533,1.8887787608001747,2.065341697119503,2.396708102130202,2.62634540127565,1.6298535951084203,2.210734846582098,2.2338847043182053,1.172711059456278,1.7659727626699098,2.601472698403949,2.059769036425892,2.380381865944295,2.9502204614918055,1.6670393651150284,1.5996676405023613,2.741594692455515,1.1321767573223969,1.874324890825792,2.5736952192769964,2.492078684380447,1.9149062377046593,1.686756614133606,2.586644748540044,2.1219654486468604,2.31192259852212,2.041031586139684,2.1159320469257303,2.143928779803063,2.6413095458020153,2.817330253221358,2.0317837663039167,2.1166548129643434,2.530911418831609,2.1607032263814174,1.5623234731986793,2.2180929661320876,2.7270656413707184,1.9134603466988929,2.4645222972927474,2.6868352716764123,2.5504586216859924,1.4323129774275953,3.4049211853734995,2.2220444062381457,2.882792545958333,1.9312381622370618,2.34120614820287,2.4473774785536224,1.7863512284218142,2.7022558313041616,1.4226330939356004,2.3946498696426444,2.6129497996460316,2.1858272325011163,2.70945314276569,2.8070770307895487,2.0485879678427317,2.3164761808730163,2.3445418787525987,2.3505751187845823,1.965401811856365,2.148172442525578,2.21084333596994,1.4940745099833763,2.5344249998140196,1.6254061335910523,9.011452724503412,9.717097053850637,8.951504440318963,8.953973803433334,9.294648003183246,9.214611659165817,10.011284898918694,8.47834268214579,8.188932439852037,9.664514251359309,8.349567175626511,9.684091999757813,9.21150754164685,8.748044723385947,8.761107786312019,7.731206654126743,8.896550457665029,9.854955003484704,10.112254601486512,9.686991512465653,9.196692691647284,9.924893558393673,10.714500940950643,10.015911601222063,8.008468251361595,10.25985215832173,8.494574617961714,7.543989529926657,9.472891544227439,8.684209573705473,9.618265681190673,9.808914803929058,10.922094886424214,8.66234917293588,8.55834866493541,10.820507347611912,8.870520373725176,9.796319667804882,10.279118692413785,8.433864133130681,7.883981018183306,9.056877565172298,9.133960476510596,9.896939867731344,7.872639253415315,10.293497954624053,10.172876137601321,9.568512700973837,10.034180771642758,9.126903345026209,9.30659908908322,8.417299940870734,9.588744064394898,9.256535444515679,9.43308800491047,9.648683837248615,9.630268081835801,7.804656963599842,8.052758818414729,9.2151961993935,10.138477408480394,7.967070132936274,9.182798376214281,9.59331588733712,10.233206608761028,9.204563844091805,9.863778279038678,9.869252140991502,9.266799955270832,7.584285752943812,9.353973742544978,10.545115860145238,10.13195949596112,10.09672355617922,9.176577735564033,9.128635913682922,8.481794514365422,8.49572618568293,9.019470921417533,10.53193071392499,9.288856359653163,8.920425973466504,9.144964773592617,10.324578266660957,9.027485795418452,7.922164037254268,10.553890201667986,7.628635317529463,9.680540543086297,10.413567836695671,10.195230039245892,8.464190161040632,8.233692028813598,9.07338987780129,7.996401010984693,9.844001702296566,10.658848364873467,9.136218068101039,8.20310589928111,10.488213425736916,9.949986692596912,9.933069171542106,9.704610748955332,10.700357696406616,9.892397470085236,8.523454958770884,10.424810296842512,9.736751798851637,9.45971295849721,10.57601534037094,8.399339317776263,8.851472904000152,9.390235457486037,9.708939449665644,9.063446569644706,9.233164312029743,8.618183434684363,9.158642137110553,10.899428949627163,10.611119397369382,9.47369680515704,9.48275500040579,9.65688439881919,8.137454910487312,8.395288324190544,8.320460509875932,10.811962551763981,8.8784344458053,8.416557226993634,9.913692892602324,8.39876153525445,9.842925217370057,8.381492225646758,9.146651038429253,8.275723566312179,9.673230552665872,9.076555314887841,10.271157130931563,8.907992007234608,8.691207186748136,9.347645700954345,9.284907214454293,8.821201565185017,10.609407891145699,10.14065521790341,8.909135451955791,9.574568299780214,9.659253760385432,8.953723502094737,9.097041124937117,8.147771212703507,7.602380944633503,7.950082699484121,9.288559675106441,7.85013514008727,10.103345674544864,8.330371323579836,9.080000263964816,8.311514616503526,9.277350357139703,8.83534063290338,10.027455404446274,9.741651482034387,8.393826858466227,8.73836143658096,9.719291210082732,10.511289907480041,9.12007419861037,10.352062034617724,7.487010871047319,10.165433893339621,9.865869945846514,10.835333496071602,10.475157959716038,9.425194913235561,9.178890982698027,8.218159020661558,9.114128833415608,10.327149487011553,9.244242184625039,8.450033102217798,7.82447633135538,10.183121237081526,8.718284966753334,9.094980057866811,9.58118637391122,9.664284000784066,9.623163873261277,8.004258565651142,8.495858651024863,9.338533176910936,9.703290247690033,9.682684414864948,9.666074921478254,7.5979044090226875,8.702213097336779,8.04233297289306,9.337759312047142,9.847151471159153,9.03612796810118,8.29913097515432,8.798809435462317,7.476032830658249,8.98633401769878,9.717368479639847,9.013900414663295,8.529675361437471,8.679921458449746,10.206152066193196,8.475393409341647,8.473197121792586,9.611898855075934,9.415705787273794,9.150279348657257,10.215814092386122,8.801361625756133,9.00431914724179,8.39914174334715,10.248665517356255,9.461552771811578,10.706238459232003,9.497227719346835,10.930819469915734,9.74755465590086,10.160320273914472,9.842341450610382,8.992705255342774,8.950199311492808,9.324899509179328,8.154926132960417,9.80786267260064,8.75239625813186,10.196779049591354,8.375992011334183,7.946224662055991,9.188151033553062,9.777779139546196,8.498181153175796,7.439796489355121,8.368454820159265,8.93546288915035,10.300051680693718,8.03107140006789,7.926503637902791,9.19875393774712,8.577866707217021,9.22542903871598,9.287471323230081,10.38843370713328,9.39200789971793,8.122741262119549,9.301665725518683,9.408146473640437,8.357667198231846,9.678001085279135,8.307138170161236,9.56305286598791,7.724646871703405,8.366045399515777,9.030593366082854,9.384678422382855,7.534732273529952,7.6310037308618055,8.191138573527914,9.277504611440765,8.364775457730374,9.77583771806987,8.6270120654388,10.440647591269455,8.96933958990262,9.352244171905118,10.578007572196922,10.186659123492563,9.828226710751025,9.6713207534397,8.223488769181476,9.12815012162922,8.610634774374898,9.237259534490082,8.836320376105721,10.560087980328282,9.794508177942301,9.832424101180811,7.446189949696938,9.078920508941204,10.121162864880057,8.920485868616344,8.949297031210651,9.037706199959521,9.157429617921041,9.50713789023062,10.13098161596562,7.884380235407249,8.355296022724383,8.089004057648792,10.203610814731075,8.731849951016116,9.046072381253714,10.364603011668775,8.180513595010979,9.54062991139245,9.377238592489647,9.041020810159509,9.484066407817023,8.200886399799602,10.138632939933034,8.470245307828533,9.638966082355397,9.377904647835274,7.812723052275758,9.371223501137234,9.238284891451874,9.07917188186199,9.595441637270774,8.821171982398647,8.520154549657038,9.133156910277341,6.361301248855295,9.058788243095956,8.368466483247344,9.257124407034132,9.244212628899316,9.96557216462827,10.254174295327719,8.186555651807923,9.238860550667086,8.757238875342125,10.052041191190094,9.060684053134146,7.845222873313929,9.124912745439689,8.65731305608189,9.245843490470305,9.25355675496869,9.58814538016894,10.38035653849054,9.646220933047731,9.241795622234136,8.35786063232435,9.200644536751055,9.918783082216503,7.560496524735875,8.968055071309749,8.004720444292854,9.052356866590934,7.8084191111892425,9.423135341670443,9.116543142601104,9.038859616747692,9.466930285259556,9.131204756444813,8.398628687952247,9.667198768734627,8.152286471371912,8.63109583647526,9.29983781071945,10.144579658189347,9.699268913135787,9.385071389949738,8.795569331902538,9.209725333044489,9.34891717427644,8.723171736193917,9.20893685645058,9.79411485836819,9.958254298875772,10.259974181200212,8.50179350535206,9.558528350037957,9.951454747624467,9.045312599645348,8.629312427466003,10.402010923193172,8.750110729935987,10.540282643464188,9.454414886772327,8.794499422762666,8.065634021039706,9.072459111153513,10.5120048797721,9.781630429737916,8.478063813081466,7.879005419399928,9.392434389951996,8.519324389446027,8.873621957498187,9.255106733343593,7.796733541655794,10.266738126601755,9.462071166858806,8.117575716689142,8.604998790962721,10.505487601008804,8.799255143210258,8.672115058577253,9.082763922429315,8.737889928566336,9.582495078027288,9.3379671049236,8.62834065624408,8.543801467574365,9.770214292162754,10.003229363472402,8.794984386106137,9.864480678985643,9.805759219036576,9.102690120726713,8.991078028761708,9.316956275579798,9.506382006747057,10.555395088454222,8.633867702656165,9.528411359633228,8.17390344420574,9.101352292000694,7.641004724441107,9.295052484266698,9.54465498657303,8.173711833181594,9.064536233874797,7.997325883233079,10.595060070932405,8.552164480609305,8.985059480939254,7.94320705146888,7.903452230517883,9.784326562932105,9.59204083629191,8.832362529674654,9.666063921560236,8.650952620861753,9.39411682687074,8.227392072069577,9.352461307467289,8.440638259711513,10.752865281163407,9.971755264143589,8.419345138293394,8.244541820799286,10.061627003956662,9.877607959463793,9.237462740180204,9.254403827176107,7.7363744815429945,9.864094872127774,8.412370417395795,10.080262852739773,9.487763460398158,8.377442425607356,9.310484243886094,8.008343284953794,9.186031322700048,8.592913993080607,8.755074168743093,8.852564537246245,10.474719071105897,8.70584236988464,8.829484199235717,8.575133366900547,8.7165427796826,8.893210921291454,9.81593155855844,9.574073930336548,8.715563660168966,10.190488088422184,9.927459560579342,8.751782156177814,10.072829014379643,8.405643907287189,8.806867422058101,8.836926528428469,9.633991912411316,9.340331631102535,8.542820975088647,10.059632926103102,10.609553501476256,9.540610905281913,9.46457572076358,7.8587714285462065,9.959662811454454,9.848271136036765,8.158552626200626,8.725616404780874,8.337079290254609,8.998681276474025,8.26981876798729,9.2088792367252,7.608713368863815,8.824138526400755,9.321346012781433,9.644778078452962,8.75420359441437,9.010160586675378,9.257758362733107,9.041458811155014,9.114411281914693,10.845469045428242,8.659682187343844,9.909938082183972,6.30337422495095,9.151874272796798,9.506904076538916,10.496116190001944,8.34583659216514,7.618177271773549,9.260425765724833,8.436317233371026,8.904812507428492,9.558797447883125,9.603030221062339,9.412551415365803,8.79370751794029,10.42126314107699,8.888201658237858,9.163346064718086,8.840895029298311,7.3545226761801406,9.775109591056333,8.16281184868053,9.780816602441838,9.324953608186693,9.358779916137893,8.368601858259291,9.418903514487642,9.174588094093512,8.750398015232994,10.059017915063267,8.781577747572971,9.883158298101817,8.098144907605564,8.419223713116242,9.283364757476878,9.019082504636842,8.27431374215576,9.754512365774925,8.138558568653053,8.662444650162142,9.038848402889128,8.502528800019174,9.318802721714945,9.620756329275851,8.800310580225588,8.706971866833912,8.904314625326467,7.144605055244292,8.491986936549514,10.031194696269804,9.414947084981911,9.875910369337193,9.550636751164378,9.336591843030144,8.402521313670588,7.46801911004056,10.008596638919032,8.547068651422563,8.863151031610581,8.766669638514557,9.506356850678038,10.655928494419769,8.55296053276884,8.966078127026712,8.657903344763863,9.282712498649511,9.55599795677458,9.432704206922555,8.498590521024145,10.405040682899084,8.898371291402226,9.872994848768691,9.415036235074286,8.986374135176352,9.891195876942666,8.089253100736363,9.437039557355824,8.046183604835702,8.658091376744052,9.001295479057188,8.478213242922385,7.87621078874007,9.914155186928589,9.484695674265229,8.184114426008858,10.466292791260566,10.113976303325675,9.040669722395535,10.615621357462963,8.728083899700971,10.362469028815392,9.473206854164383,8.85271811343743,8.625685508662357,10.066526136609863,9.901111772832945,8.529363681875878,9.267382162936082,9.67395166742117,7.946392385499976,9.967011989119587,9.381505555236359,8.843946217179575
32,1.3306716235866696,1.2897551732641817,1.24475836998086,1.2520858727437583,1.421705100613366,1.463582583736989,1.4920355339020719,1.5514592506196194,1.131660758436747,1.3932461318776421,1.437543801107796,1.3158159508941951,1.3558665239354837,1.355806039287171,1.2536932437563721,1.4074007872131384,1.4938850814861007,1.234300897347254,1.443121162118265,1.3824697320824864,1.508488443002079,1.4145814535857282,1.324841970347376,1.8107627999895834,1.2590329129572642,1.316174121878501,1.4130220977060581,1.2878218801403438,1.5114202384819877,1.367773516707874,1.342406776765576,1.31136009511948,1.3354115799487603,1.1984500237170774,2.4287696162322168,1.4270307388041523,1.4689608661663174,1.6312879154519386,1.7620985110546505,1.5596709250382572,1.4946848831860498,1.2484996939596418,1.3022640127708816,1.4430560062147542,1.4830947009616857,1.2773149328864908,1.304390821635711,1.470505291194806,1.3382028992834554,1.4469023617585872,1.6569337318899848,1.5445868374109895,1.4098927973674742,1.47905338165532,1.4336929662565139,1.4341157827872952,1.734138618636949,1.4420316217285059,1.3895807396070055,1.5607719850382482,1.3223331000439025,1.5388563118210539,1.4405076310569687,1.4721756698758077,1.3896945231373126,1.6409884435818036,1.3255718778452756,1.3657377296762647,1.199706745217805,1.4548482886057992,1.548642001319007,1.3182325032792233,1.4231036684661358,1.5235720129803878,1.495783490870989,1.2150608016520987,1.4356783377246336,1.2984116602326572,1.5816604322310328,1.4649623557807667,1.6907737078087202,1.4099336171209675,1.4277021867385298,1.465579848622663,1.4390547967818446,1.2527785499360073,1.3589616364171015,1.3788748471663421,1.4658878114477603,1.3063499235231528,2.00277432792659,1.4667663871643342,1.6406630432482905,1.4311395177632023,1.641583392578266,1.2635720937848864,1.336161158573429,1.2331705235538564,1.317318056886229,1.2302249515965276,1.4289478031539176,1.3281123444168241,1.3773926691921596,1.6588855695072269,1.494376656494698,1.3492874899186003,1.4598464764095669,1.6280175576194922,1.5534874219516865,1.4764872217322185,1.3055482218616314,1.530108012957924,1.2643510826436752,1.4880675072748901,1.533046106935508,1.4489604118512487,1.2899145426657486,1.4133097446884213,1.532391498347567,1.1396364452657732,1.4505776807250037,1.3228228379823075,1.2918604494874646,1.489032196138857,1.5176649193739882,1.3347812867529298,1.4553166609179942,1.325598666332508,1.6361564084379265,1.3596063981399211,1.3645335890892485,1.5588735963681222,1.4519058138118401,1.4174348907153111,1.2381577380950417,1.7064580585355165,1.563677454023484,1.414638282063696,1.54074352211163,1.5473312474739649,1.2798875779697294,1.3995094543679776,1.336098200545664,1.3951589376315252,1.3620052927149384,1.37370291556332,1.544331019746863,1.2432706544754564,1.3270929811136072,1.4627782029233276,1.3485583275160953,1.3898124289343698,1.4689795061266457,1.4378966858773137,1.46592353550395,1.5104739442073039,1.4987187137742817,1.2709635862270579,1.4525817911644139,1.5183546354489748,1.532785934823866,1.4299245234851057,1.5515054646268582,1.3333989190862994,1.3965156243428223,1.4074703011818186,1.825892600691677,1.2102195988629303,1.3638651690169141,1.638017642749424,1.5198420918318376,1.3624091858577514,1.405390084641355,1.5600496281886458,1.5250394139046621,1.441887054345022,1.3495012423202435,1.4468302744989991,1.5270166704435886,1.4527461032843092,1.3244247080562832,1.4652738384635497,1.3495048479946206,1.1885349075278766,1.5427121041980554,1.4782154084000922,1.3735695610364447,1.5322786006513072,2.010956329058169,1.5236480191668738,1.3873240103706417,1.4165353127718308,1.3171523767825328,1.422107835898542,1.7444634421322731,1.2869613021649253,1.2440355113592054,1.3323274637752711,1.3581915170008756,1.4507402661301942,1.3622979333838845,1.3086457342203397,1.5186002769715492,1.3376079787794934,1.35415529457676,1.5062002441171076,1.2373315909413554,1.520737070710608,1.426455392345997,1.4130401222815807,1.457953234500568,1.3440283412184721,1.6300951308315295,1.4143763662727789,1.5511445874762984,1.4067528519901256,1.3941763228435913,1.5334441681546744,1.3130976305090194,1.5270912417974403,1.47391166327061,1.4498817453101864,1.635990591472803,1.756506575080737,1.355615528425316,1.3628786607214969,1.5639281153856233,1.6934737036350558,1.7525864572517817,1.3826065610185876,1.2931920156709205,1.3943458456163684,1.0831383421908927,1.4001033569957664,1.5307168589846691,1.3402046075699277,1.4402274824262749,1.4313021829167103,1.7761893539095368,1.4570686391042307,1.418032695537411,1.5274831969165816,1.6808396606135187,1.5241499936583505,1.5839192584221844,1.4115789506078755,1.359383206935304,1.4208533044655336,1.2465739126081872,1.4566775713590256,2.364774958293716,1.5366235795813248,1.3664565654733563,1.3958420146165245,1.5047712925369814,1.4708731595455298,1.4450335484332786,1.3346328227146491,1.3652839728035395,1.581831831255846,1.4267626673444582,1.3910639156930904,1.3406043228807516,1.567507030482172,1.2368960383553576,1.3490780483817315,1.4696536904449793,1.304456547682179,1.2897857872584264,1.4046679630027854,1.491470221693176,1.4655459993311233,1.395680953431806,1.4458982211654015,1.4561019826822437,1.5034123222725628,1.6217085320564721,1.350174257446017,1.5539136825002646,1.3572499176457895,1.4152931126349972,1.543508576188012,1.3557224491196587,1.2854564285677108,1.5184234604180364,1.4971983032778033,1.4170854435884002,1.8776352041669546,1.3439920051465961,1.441168757817351,1.2319058114131474,1.432035318128874,1.7017167480857518,1.4217917142246472,1.4618989507793145,1.426793314249563,1.527164287934779,1.5062379178514627,1.4500785143838992,1.4041334724063936,1.406428152637603,2.522581601016964,1.737103298745868,1.435298323920896,1.4115796462859131,1.4038392454321913,1.6653255637671955,2.1379343986509687,2.0267216775883963,3.40931658940803,1.103433284420454,1.3185500227860738,1.5856576147530992,2.139972079918019,1.3628542471823701,2.364522356463976,1.49463203860798,2.390020468657569,1.5759491345981758,1.8904192040603687,1.549060728104657,1.6282283197210534,1.7455612094025275,1.5680038122858004,1.4997789178003096,1.6454510710179213,1.4776427168077122,1.7529752770994207,1.780779713394653,1.3843593247617376,2.4465976509334957,1.5613806298759694,1.5707870561484691,1.7073133183248725,1.4930054773516084,1.3516686571372272,1.5097942145363146,1.4563677741605054,1.6861084288236365,2.0747712104430347,1.958847965096613,2.052510805613026,2.1537322237999788,1.731223754703211,1.4874532242120153,1.4606677567072324,2.729504896046066,2.000352163797437,1.674689006719265,2.3276666465132214,1.386178609070134,1.8442423571319877,1.558577288133696,1.3613405818337128,1.5192057497258562,1.749567560182935,1.220299620145383,2.577779437914044,1.641564352598529,1.3357374754897438,1.3893587763492572,1.938586713532802,2.4897377162523213,1.68134415564123,2.151145082995009,1.6010079000837087,1.3334876650991665,1.375782365054698,2.325919783283542,1.6262395878638842,1.3120121703570728,2.023998460655738,2.3387429029469082,1.8142663055878876,3.2087132477332494,2.1370689217854415,2.7311825511811576,2.5646627259404435,1.799295298093253,1.3142117759849394,1.3966989790583288,1.769191149274316,1.6345966144281903,1.73192852512005,2.139921538294266,1.9441902862805662,1.3737457129997013,2.813529965246154,1.9950505588652596,2.089048782570956,1.5050337902957889,1.3009588444490345,1.7802160058144745,2.571572389179419,1.4699019603156018,1.3535342511078938,2.6187090285289045,2.6578232446484678,1.45031403593398,1.342249663297563,1.3779894531050558,2.3335807359886043,1.7637735650983044,1.4670142771522405,1.3976210462618162,1.7746871074803106,2.519727831557158,1.6815215127063365,2.124233989996137,1.4080580577334991,1.3309822871779229,2.551807867147637,1.6665254377028758,1.9098968168760333,1.5387583814399293,1.5474828202538757,1.7614127512610929,1.6544199455702582,1.3381045608317346,2.6533624829831584,1.6066445668499612,1.214190962171226,1.5723716336999427,1.6533674966993381,1.8504625466473785,2.414716296140348,1.1254105909999643,1.4749457625407614,2.029617800259884,1.3234397047232105,1.609223810184674,1.6025970650090637,2.665790550598447,1.691854100915238,1.8329556047847633,1.5584548573917758,1.9014038306943597,2.3895853280346797,1.506804899566146,2.2041677021332977,2.0952153545039534,3.3029096734304937,2.0834969040772116,2.4449326707360384,1.4297156322320559,1.4061029456621355,1.511399225080509,2.08051047901431,2.598784210574458,1.4412703089218295,1.6638324763279269,3.4909913229859786,1.9441168022674085,1.5399330713557253,1.3650597982942032,1.475285155482382,2.1309037996530567,2.145659259469865,1.6125045862806837,1.817039856344437,1.3979134754310305,2.8363085253325075,2.183083201064165,1.3207990593438843,1.639674425918926,1.8852396167192493,1.4270817279498376,1.4850687776470501,1.6720211427297398,2.4545155767923768,1.4071186323335332,1.4877075406586147,1.2863137448368762,1.9769597794623377,1.4838517338277073,1.4576164661628555,1.8276861928156571,2.2896974187694332,2.6966044514818392,1.4423106549292937,1.4548014381649323,1.848047814797804,1.4526342626792366,1.509033574819223,1.5560612258361628,2.546979458427295,1.5836049999629778,1.539525565871336,2.0933399139349995,2.088149756472253,2.5723453715774935,1.5720569136462506,1.8589453942584389,2.030755850752007,1.9271381074157958,2.635724591357316,1.4918050454288942,1.4132085044087856,1.4509846390910626,1.8144516273352893,1.5214494466273705,1.9201389103934379,1.6658497643601222,1.7002619705765742,1.3784785688492562,1.623776535678363,2.6377404091768417,1.7040892665878786,1.995962815718434,1.641594938842777,1.730404345025164,1.3485521608609932,1.2551934703394734,1.397138608404013,2.5914157453709747,2.053763337045682,2.50062673907606,1.3134642783366464,2.361615056135049,1.406431361519309,1.371196009356134,2.3253331113166977,1.2860554714306482,1.4229927230228048,1.270307614997697,1.49446061050537,1.4018623424938446,1.327233088542931,1.6729486688162982,3.309463914017633,1.6015385491178742,2.1517229476369386,2.4128207591672264,1.4493007261259703,1.6081127878851051,2.4856580403342985,1.2177232943854126,1.8908713372385044,3.3424808681953575,1.5627057246914124,1.1185458584951735,1.71246172231453,1.3813882823176964,1.5626425301822011,1.8718932848746093,1.93003714872398,2.364970789501136,1.6111370721288953,1.6841571507152133,1.4279653018274439,2.1591620233366613,1.4419661728275703,1.710077369525532,1.8999420658930255,3.0293516685725526,1.278803791218412,1.5962304984416316,1.9982810696979556,2.395820805797042,2.092401466100263,1.407909816776064,2.796610872610829,1.5005658321501798,2.186055175173612,1.1928606185822517,3.258658338365116,2.3202782702802662,1.8709225104913065,1.403244153857948,3.1106826253136566,1.944028569171807,2.1982960829387075,2.18052478845196,1.8980341122878226,1.5456340025702076,1.7811007835299721,1.5530354291703687,1.7147721227996795,1.7015279799652452,1.4126700288132592,1.722875376276835,1.380805396738072,1.1328151865967862,1.7824309674353809,2.226581636383499,1.354817402303036,1.6046130321739132,1.7312956617142625,3.4141254303672897,1.8646872852950813,2.318043851625068,1.3792195315138847,1.2680732728351485,1.2526946126827343,3.3077479185949286,1.5243623328519968,1.606788583005589,2.0059564285117957,1.3537034779820325,1.864520483704966,1.689426695231764,2.343499101607226,2.1902172338888892,2.302149415244352,1.4011785536212296,1.368143707832598,2.3878494117483897,2.2488863807644717,1.5941626953601105,2.8923973519486856,2.2590418729171478,2.3750717405186945,2.480098405994493,2.39896501934892,1.1698495702276044,1.428859680223704,2.5988098262477473,2.337385401627133,1.8777612495705902,1.2948707889413218,2.302988352008967,1.7554531785982028,1.1490770948504403,1.7259986093711273,2.3246825522988246,1.6307939688758097,1.8254217965698512,1.1770482536100817,2.4015115387344967,2.0926985740104604,2.121421744890972,1.476594807618558,1.156078005075581,2.330089049800554,1.8192102163162525,1.792120460715074,1.7189547864483772,2.4519980109843202,2.4037197546831894,2.1333529541546556,1.396479424038639,1.9408686312345522,1.6104590755566346,2.331048022887853,2.2542902208607893,2.5787523830720116,2.2821887824043476,2.181524763345554,3.230837417619961,2.703453732846839,2.3404135458420496,2.394720697462982,1.6659375480643415,1.9394213983747408,2.219143287528122,2.557593835050719,1.4950373462583406,1.7715687782295575,2.3637783595335753,0.8280509678265003,1.2639926084465165,2.400442007002428,2.4497233208335345,2.546284773859371,1.2459573944128863,1.2157712611188765,1.9674466312786203,2.4351838060995266,2.289480374011323,1.6139206887902224,1.8961742962882047,2.1245014291752793,1.2711740826951425,2.3928405482665576,2.4755494244299174,2.103705874032243,1.5097143786671823,1.2271871156063558,2.3554383316497343,1.7042359376819338,1.1896157480911596,1.349533350217747,1.8029630639637502,1.962646619308014,1.7162645722555834,1.5842294546964368,2.604346668397909,1.3605824353455336,1.8448748962056387,1.3802955629806803,2.1388919846279784,1.1864739211148732,1.8068906977903894,1.3094423060628104,1.5966776032286896,1.1839729928251597,2.6762902608284467,1.2006875606807395,2.0856816128956366,1.7683023909199223,2.6867472014466167,1.5170856014896619,1.328027346720867,1.316314943224254,1.766108264049214,2.57972441887648,2.426218770015664,2.586077584497013,2.366495377842836,1.2335182386382284,2.3457715229589606,1.298302837370664,2.392569135842691,2.197393506970963,1.419741301999412,1.6402105379459766,1.1608577599821672,3.1386010539023848,1.4068469440992117,0.8793740076496331,1.8738692417157907,1.0790178580206333,1.4547469575823266,1.354495247155135,1.3808073811862336,1.5430240707343026,2.541661515498078,2.530515619580023,1.4585378702317071,1.7365735459086815,1.2027832922922823,1.4437901660683714,2.1089515562100294,1.3155521084385118,1.1528950506824585,1.358041933252204,1.629170991845795,2.6079749825205005,2.259832904093463,1.7989678650443437,1.3383257235112729,2.0225122883017987,1.8065202778449898,2.526214298007886,1.2780083904585515,1.6614670585805977,1.9990527271576821,1.3697021239180929,1.8300160570148365,2.0788557810853447,2.527810295384002,1.4175458622490202,2.2640220966961486,2.3020951324214916,1.4376976823597807,2.320227856228312,2.155200465862877,1.3456784459794482,2.434321739082371,1.810698859236449,2.278233293079928,2.6036925701983913,2.259828705352247,2.371897759929982,1.9298236533584994,1.11246160128046,2.2705750886702876,1.3926042942760903,2.2515803576111724,1.2882818156594507,2.2267418362413225,2.418559055540566,2.45170767479183,2.4100531794227638,1.232614741986213,2.532081116938307,1.7336197111257894,2.0591558385896986,1.433354081876324,2.396747764871774,2.438987983520497,1.4752546137013656,1.500623721087735,2.1199939266546877,1.165187166683628,2.6206262273334167,1.9418256024401463,1.5406869372248535,2.847589907897245,2.690376427906455,2.414293730092261,1.9871107127501606,1.6297468222601283,1.7918349991540925,1.5733788123778885,1.1980860849955604,2.5025360549472775,2.0023615797555774,1.5954592304288517,2.560954764984617,2.443954906891563,1.1579908275615272,2.2460065749612705,1.7095718222465583,1.4397793289719518,1.3570647443778407,1.773348652210595,1.3017732597840195,1.3052557957283044,2.129096744938938,2.2181627305478377,2.0086724345053164,1.3134019737101088,1.5115193594547367,2.583177030152907,2.4669530682516956,0.8708828910959967,1.4415117584666555,1.5643798419440291,1.705722987331652,2.434452628143372,1.1464552796527412,1.554009682039981,2.2489809271857593,2.232643631995962,1.5151251631483589,1.7251486645470078,0.675769120376755,2.29543976099426,1.5118120787357376,1.3658282122657683,2.347894534995362,1.856145832196653,2.705766266999737,1.4481589893303783,1.0190966831935468,2.0876509555828364,1.7539221528350601,2.4284014643166336,1.3502515767394978,2.4937403190333978,2.49197391949539,2.0888346296806164,1.3581501083993368,1.1832389262076133,0.9478228592333854,2.6501128267731535,2.476884903305904,1.2987760244298574,2.386545319205657,1.263227926264781,1.6928669945647636,2.0804177912681676,1.6722606375079712,1.228676041934325,1.0072974885018382,1.2682809648312539,2.3822234950546384,1.5750606566500844,2.045182118163551,1.927218823612851,2.1754125239369433,2.2102903937100065,2.521791277191092,1.8124558787710863,0.7600543365501728,1.5826081499327846,1.6854335909563196,1.938418300786591,1.3688922453857262,1.4594603878683574,2.2612921327639697,2.4139934567394725,1.34454168612638,2.2835721379103116,1.9563675936629794,0.8372566158795235,2.7383588829783303,1.2280881705540605,1.584671130601514,1.5689127812114707,1.589735562635462,1.1255714586330121,2.382202381773375,2.44062778270869,2.519581398190015,2.2901410284697477,2.5667707280532555,2.0326507110354246,1.2175039135875538,2.194823370113255,2.4293917580494173,1.1862010897029152,2.388343740431343,1.9512601498198245,2.79957953716421,2.1371468268500156,1.65755070435548,2.3150154032612424,2.188798678208893,6.917749878250933,7.524099005559884,3.5615729813983714,3.249702954685876,3.1424037860400773,4.94937607672795,6.868286298490809,3.3165120895617495,4.274035613312876,4.774196379548345,4.460056607553626,6.648509245894697,5.856760803888047,4.146250016644389,5.331446375843371,2.5780896540989486,3.718977779901982,3.137108108845106,3.849584262009455,3.034218850072559,3.998151315990323,6.364631012198697,3.1902324974964724,3.109787658660225,5.890813342978419,6.528270906156429,7.407255903164327,3.898287878773628,3.7450484214714055,2.639950669026106,5.0608359716414135,7.168853278062427,7.019375116319335,6.690584904402306,3.2073149437776833,5.770243066015451,5.729934215404722,2.917420607490745,3.138192862138576,7.157979841557934,7.556078326201048,3.141283437605296,6.534497763132294,2.7650108024984124,2.6762893915966703,5.031605290898585,3.1471077812964814,5.986557062465417,4.261949057952995,6.449096573716261,4.164149439183877,7.810014535291017,4.8572000574579555,4.300413989033916,6.781727327695527,3.4316245728466526,2.2452748624598993,3.8581274479380414,6.403777291310794,3.9014906479753257,3.101636437851472,5.105521994689592,5.601893662307407,6.967836193013773,6.3492283334299415,2.8428127809293744,5.945190581577332,7.018970688742628,5.157700715577924,5.100341693137461,6.853525998613978,6.219184277272312,3.5128933116672205,3.2456705442156526,5.082576831674703,7.176184669976403,3.9318939591563735,6.734149373738121,6.188563983222241,4.448222434680583,5.294540294368907,6.662817418631035,5.157615088511238,6.207524118694671,5.2075574228625054,5.791489338299635,6.1473454532612815,3.66014268300668,2.4439652720044953,5.361199703077924,8.392335490770535,3.0456794164546515,6.81690576059104,4.869740391540572,5.0884174499747274,4.036536401589182,2.4943997283909,3.6592989204932658,4.739156380768379,5.007747844971687,8.664962077723798,3.431327603553827,3.1971941532330965,4.209413205072113,5.524683061545877,2.417528956226801,2.6802524154088894,5.388491734238017,6.059149649126384,6.676712159638273,5.12824718637094,4.1183320031787805,3.2307257630208954,7.336286325674563,2.2643662238276296,7.299158133971422,7.0765576768545495,8.322137846335115,3.769154625298743,5.11037894351971,2.5775205696821346,6.299969851320618,3.438363519518834,2.7651327511172634,7.80680052738504,6.953647762828321,3.94660375582197,5.798068535011317,2.672760330966759,3.0406616684514454,8.047940475795848,4.61770224627104,2.4056453867249523,2.784706080465061,2.708223349211865,7.147946942873199,5.185195501659116,5.133181240235335,5.385609862615502,4.651706866787384,3.3067976965739065,2.928296627775583,4.198509560990529,3.289303415508363,6.229247004466399,2.795918007955357,4.606733643635221,2.177733103516651,5.6041999501921,4.147924777121153,2.379997727780501,2.995226538396213,7.718400836320131,6.067944239542681,2.7550489220743835,5.259500122114404,6.857320925236926,7.200249463414418,2.7833636730386107,2.3159709450881714,5.448628780932872,5.201470794202688,8.121028591448981,5.651429934705363,6.892825522901887,2.3557862042686857,3.3734672687362384,4.885681625511147,3.4002547261252865,5.967654362062634,2.2824360092809233,3.7285691751006107,3.4704429398218917,6.483483848064238,2.2866656250557518,4.412137632883988,2.5515765787262095,7.074196460508432,5.117606588721854,6.482611431574365,2.8972568873475804,3.4973603455517526,5.676415411883156,2.368203077404235,2.3087721002536465,6.836457676764927,3.8465007676246965,4.444896918723335,3.224855340328853,4.583330388805118,6.882668798798893,6.087454958414055,2.687462924175543,2.6869645215837217,4.167974257000434,4.506641036458258,5.880063634429836,2.6078940974715703,8.971153715903213,2.7436873888983273,7.303889261137187,3.4823201578977776,4.924943556267855,2.57053851162598,6.5791477508852685,6.4661294180203654,6.695665456436528,4.947378255240677,7.366211020374671,6.92876829549193,2.728572299980214,2.249702848463462,7.667887269168352,3.3970453125223194,4.182985917651267,4.850626556157092,4.738284249693224,5.658470332608937,4.845320717549217,4.047977202440776,5.012195599998933,6.033063997178595,4.3411168334412125,3.1569531713028645,2.7630289122121248,6.114687099930945,2.712866210731243,4.839515115010513,6.687491303132326,4.095648495479586,6.46680144423423,2.193827912333945,5.7832403856435874,2.59863173623124,7.3299697879257035,6.877117607672903,6.397870024328494,6.237648912033544,6.618532326395386,2.334975560362755,2.6899328380669867,3.2485020860437084,2.495954024167759,4.229640009188496,4.111365699727395,4.481760520179356,3.970901500430005,5.717563080550008,5.4535258385947945,2.6670195081504504,2.3874755405431562,3.131886169158845,3.821530729098873,2.5545997837806587,4.357499020574484,4.184112774414306,5.888667585586517,8.351822267756255,5.24662940218505,4.333049185423373,4.729490160565709,2.9292437854231483,4.940691814222206,7.052489504661798,5.6588285196362245,5.337153377443945,6.962761897767582,2.7372858831640006,5.777712412311337,4.00078685976975,8.018628268249856,3.109373454450164,2.4055966787955594,5.352022837360842,7.518368834768132,7.039500714213039,5.848372966281037,3.2715306747488233,2.5273273399813316,6.8672846523055675,6.656392273258891,4.36493112193384,5.242032308077583,3.551613887605743,2.5066512300501844,3.9929604587517873,5.768287481988863,5.028586513849688,3.819433232877338,2.5360332979841225,6.526285863826596,6.869159217160012,3.9493211990095642,5.997919759912261,3.6176375358689445,5.905378454505872,3.8754369967327786,4.494048583905323,6.037645378147004,6.086964926660039,2.826144203877854,2.9186197521789334,3.6512709549757405,2.596063081512757,2.456037979632373,2.6786552436821136,1.9037758041232113,2.2314401786486893,2.2700054427160503,2.2055842314018252,2.5499044975491336,2.6411185970807507,2.8295913626880034,2.9282873956640283,2.124634486404529,1.7974251669692958,1.4418144226518947,2.638591671325287,2.6041084931763967,2.902763773286269,2.3712738160343085,2.684061786774103,2.2734012892817987,1.9358459941709318,2.131896677187891,2.6766743896664473,1.9941531158947083,2.896728647589901,1.33657277971658,2.919110767048706,2.3399295394304938,2.1804415613443187,2.3977338209296084,2.66470937599019,2.7234016472784806,3.3094993897088796,2.7055555312728523,2.284090385408236,2.3019692410608195,1.712892063236294,2.246943404544489,2.107839002895276,2.2541674614990748,2.3295253256704234,2.066775855781698,2.2433712969824144,2.04387839098188,2.8408617170808377,2.30875039648978,4.648188491170886,2.418880722082099,2.13157653474074,2.454796649516656,2.4672460425027904,2.341218910552939,2.5021726277665453,2.2935048752122076,2.8821563144497375,2.3842824426420255,2.272175222686883,3.3325520704830054,2.8096505701783734,2.5042614033088615,2.142688734377994,2.724664386410264,3.4687794343793095,2.7333428519012637,2.3078478671197398,2.5277867806330887,2.2017088131738,2.5173350877341987,2.2186678745723647,2.4811280419882498,2.6419655393359083,2.5261483616104585,2.365084374222109,2.8043827545856987,1.9389234909746969,2.698345210821753,2.430393779409572,1.8753721806660455,2.965122031320895,3.216226046187875,1.8515292262952066,1.816548165874271,2.008945658189557,1.8245978263165588,2.2017082112693016,2.2228847801151224,2.366470466963685,2.4352251327649914,1.7842584746568677,2.343506973933072,2.3602212385164196,2.506851013355548,2.227035184745007,1.8134160819431022,2.879841221743955,2.4659372228121788,2.770201857642051,2.4844134648724414,2.409829778430781,1.9826624248683502,2.8659623588051195,2.449930562277072,2.5937206834617346,4.168283135644615,2.459663153582835,1.989366038768794,4.104600999521694,1.8378147188347185,2.3744892099720136,2.7242597660312424,4.219426910069826,2.78230425112983,2.9280132672340806,3.0037030798733415,1.872827445776801,3.1533047624584793,2.4654131400536916,3.3003368554874277,2.4417479645520714,2.2970273815834017,2.434293347498292,2.371168337325494,2.276057958423626,4.0928977384896,2.6877997440780934,2.5812563876232297,2.4481801674131503,2.5505881305213216,2.9227087272620813,2.6117559867188405,2.58843392968583,2.2164169119863146,2.5247403278046887,2.4618853145931334,2.6200321386288574,3.2623030098214527,2.3764375802390156,2.4804885562510224,4.664714152578149,2.592919456283922,2.6540002246486187,2.278547704295939,2.8306766531173673,2.781454618793979,2.791172943760424,1.7893874365978213,1.827221456654104,2.1400071126331794,2.9829417987305713,2.534359725928097,1.8343359283205314,2.3854448870194256,2.6246355051819914,2.8602794268330154,2.8633121624559514,2.5689959900661306,2.6395841616503257,2.4300792470173933,1.8829109008843858,2.421440882365176,2.711954782720564,2.5637946099183937,2.317782015901169,3.0880081912779342,2.3612176580671753,2.8636805648099806,2.0873533893567173,2.1628800323130664,2.3504601008751087,1.5791761183643283,2.8174783234647016,1.9969969321061074,1.8768273163358393,2.0832318597027775,2.6603841301686395,2.827068996472845,2.68628075306921,2.7826678792601567,2.834558484073645,2.9256005469069857,2.312397764100351,2.0684805803120203,2.4597822217051646,2.2376847029948306,2.89465731766137,1.0429974156068682,0.8797685717630997,2.890490943841003,2.192688748411801,2.3747499466012365,1.990203001323285,2.3821381086603215,2.406702546897713,2.5495292283318753,2.3651335863880423,2.8719044932059363,2.134401876207062,1.2195252901924056,2.127923477824201,2.4838159687613497,3.406275833189964,2.845834263270506,1.4683945095078914,2.4857786920568303,1.162175792760484,3.015776570755363,2.386061003637123,2.368152311520156,2.0260059360257574,2.358310570716017,4.595788722894152,2.24298508015605,4.173378972072949,2.591656105713936,1.6537248567717022,2.3093817666993814,2.8303074034590208,2.4282966115114046,2.0228381806963864,2.4704502921876146,2.947063477053881,2.903405052308931,2.7402794802870982,2.017511697319371,3.1002673707851187,2.5546238988161862,2.413707649545049,2.6117830766955255,1.6978602846809003,2.4503259816334584,1.92478370875545,2.264768248730047,2.7029339498664333,2.195954799203189,2.6241733672168115,2.36208498731214,2.5153567786338287,2.8234036210892617,2.1187669397535034,2.588267859388703,2.1353423773712863,2.41386022036239,2.278338757697818,2.631510705160433,2.096702552400307,1.5292572512325435,2.1954865012019744,1.823749207483134,1.55335903963987,2.155745786846154,2.473923794180874,2.5737757963178587,2.060556912506008,2.7196062602508824,2.8545406191960363,2.1848369039867013,2.648352944188356,2.6166983007207247,2.226384708663259,2.8342854836932747,2.8548114477124606,2.530758073628227,1.7476165089985922,2.3977916166441977,3.0040163331066503,1.8075438893625566,2.334207811683199,2.8765472830108867,2.1463389947797733,2.8347923443952348,2.473733973465907,2.865094653609838,1.9065525156517205,3.39235691177218,2.029613564884951,1.7970918746240225,2.6203415072999228,2.416163606778965,3.0749289140309903,2.0521583611061187,2.6330957817942147,1.9255527397683303,2.612365895607951,2.9987847868374145,3.0065404041647494,2.2631900497600452,3.219718073596294,2.4581004541277522,2.409361883336201,2.4018610221983883,2.449306492121582,2.712504565803791,2.3523657665725106,1.6432678968404175,1.8112717079133072,2.876965327982274,1.8933962809565252,10.39445529624876,9.63538958192754,10.188254090003847,9.968931438109104,8.274787456364843,10.170401208794535,8.979838394388606,11.67033076537128,10.336330493075028,11.516757415822273,10.17410908934974,9.912840347716694,9.028568238701668,9.364879144218015,9.758966963561228,9.771888321648744,10.959723032298035,10.951670848522912,9.918133128204717,9.634666846422087,9.886226467462462,9.701926246165671,9.84001383223931,9.934871493879573,10.683618592341618,11.105809357945281,9.204528829961562,9.484677967053322,12.0631767807966,9.251309679945027,10.596949565928051,10.46199277980722,9.596620598636092,10.827671305169455,10.10775943310721,9.673478437384883,10.826540311019713,9.930110181927276,9.809194303146642,11.862407307375952,10.047555419272612,9.213871088800685,10.312624607832738,10.946632138431113,7.3998437907991494,11.367663318653518,11.435718443794238,9.583120649667629,8.961985511402368,11.788351004109018,9.337117629769844,10.150628310580414,10.347652502255867,10.543870672190263,10.001007171556944,9.594591409831638,9.636188619029028,7.7212626336963375,10.531260810647336,9.462429396207346,10.678210959180843,10.296034101046793,10.534540921143238,10.116768182817983,10.63905244099735,9.902629084891764,10.155283420838712,9.326030685360537,10.466596620830435,9.215343930713527,9.710048060811795,10.585121556146056,10.578753252265955,9.683960940402214,10.507435183839647,11.797078845161124,9.93876838391753,10.922713969401434,11.352534911701296,9.592569833786774,9.657466404667971,11.926086127363723,10.758367013150178,11.390802249595081,10.681805196562644,7.661892597029779,9.61918335413694,9.250573830729868,8.650856169859166,9.615918202891054,11.218227954711674,9.867132295911606,12.279654044174098,11.730798956618829,9.624376269295352,10.013431812784471,10.457412538246574,10.645906214509125,9.914049488110944,9.689801773815125,10.076200582520684,9.72450518396283,9.660164149737428,9.721868180567501,10.379682227925292,10.00560926298809,8.240149294773373,10.442554053016883,9.609949047840729,9.582646253925565,9.17225826742064,10.410975545385622,10.570958416442016,9.900710702985723,9.249920172031542,10.188490049219583,9.314171706337936,9.809422914021376,10.272288046771445,9.628655941595104,9.757300348686115,10.606474280256862,9.381831305742145,10.189721075054871,10.10792070216952,9.39301762945559,10.060279703600479,9.362203220715708,10.221128771918831,10.356586857074022,9.972499129662404,9.960113645399815,10.158644051906174,9.855845166669958,10.274995520071158,9.88963037780803,11.299731726015734,10.55835984708316,9.939248661625154,10.913958264553706,9.475342233118658,9.592744549765875,9.819183418098076,9.75406189613474,10.479109554188492,8.89595270434104,10.567318679607078,9.626675989782266,9.734354011584895,10.546928547278423,9.420437221226841,9.495510156729823,10.153098122989498,10.884118358070692,8.816335009452041,9.8533660480081,10.053257593081293,10.877613207333662,10.3751727959103,10.49888075295994,9.921957430813388,10.70664518493343,9.806176106303393,9.002212844228774,9.44226408655879,8.993793702797927,10.314763282520612,9.771234503102166,9.619092168738977,9.476831628844778,8.01468725507672,9.69080980820689,9.668772875886882,10.349608233003291,10.506602883396662,9.596332304554021,12.272165011577965,9.990158645546918,11.432653893945075,10.424654891421355,9.431394646333048,7.904835878403292,10.232762879142323,8.363714849349662,9.928758008103935,9.586665565860786,12.003543660281935,9.66099749764791,9.948321568126241,9.968851736811015,9.903072870143248,11.002713223480896,11.00908147827171,9.908662607848358,8.976774314179767,10.36037227330427,10.104129095222326,9.63745151336386,10.173966122249427,10.730730702780503,9.452383234293915,8.833005952278672,10.718554552529158,11.174946074703785,9.012205029423173,9.17446880184611,10.842574206414845,9.684471130982958,10.091491052577789,11.69090301240182,10.196091816743438,9.512307283790697,10.384483724759574,10.37618132979085,10.476295524049489,10.175046694214123,10.267941522610421,10.200583737748682,10.710970766739822,10.028247818687555,9.869742956106942,11.35535442352517,10.114341324816772,9.563707358809385,9.77724235205057,9.861686628836823,11.315071476508372,9.059060746447898,9.76560797414505,10.276383900598205,9.070084996590376,10.067124847536286,11.38452370901748,10.051114234102691,10.001384885302684,8.387354849829999,9.579365193309217,7.508746556943536,9.144113616138554,9.45994288750343,10.77636742933449,8.190295216039353,10.01274213972292,9.530340289590757,10.125232606598752,10.772785125208483,9.731906253111731,9.820471141459803,10.650334288915131,10.375315907887922,9.412785780541599,10.600021152358325,10.574375097137345,9.885216694219295,10.153577886814878,11.258952916585764,9.136702584954799,9.57711555374323,10.561246928421276,9.293221192503621,8.678727519763779,9.215354950324905,9.050592832288666,10.403216840550451,10.47538754758002,10.112119925332436,11.320557218975004,10.138746011414268,8.100474270535509,9.37253601310213,9.894697902915087,10.014116393482286,10.652342729090504,10.167351424248274,12.004662477616547,10.05483544058307,9.970076570256733,7.73398253418206,10.62441217321112,9.949054456402735,9.508229966277037,11.358718419753492,11.960915348143471,9.33464515606399,10.379382210327693,9.884543982777625,10.170847107130255,9.935468291319596,9.869601527842763,10.773266904454083,9.46715222736906,11.80711705341814,10.810204422139657,9.886924951386304,8.166557701155044,9.785476469122393,9.205059318110044,9.141496341203098,9.823504129136392,11.792926807054604,9.397758476335348,10.646076934373223,9.32260492678008,10.401864204860617,9.325985882802458,10.089938716983523,9.896858794447317,9.362528474833326,11.006362666318111,9.570666851632293,10.116650473226738,9.487502696632584,10.196298705675154,9.640057043393332,9.920101618233355,10.318036426312712,9.739851615913782,8.721754474643662,9.258066055128657,9.585763985886524,10.259268150719492,8.73676947865789,10.672812677453406,9.70053783595885,9.744850685912118,9.333921983594037,9.21658131738321,11.049748674706958,9.983609830476064,9.42934706030109,10.970384183904322,9.043002183989001,9.86830558347721,9.756817878787993,9.512345648966509,9.92870092791707,9.897385619734258,10.210772604071574,8.61972460583339,9.946846479557786,9.39660791625649,9.1802194733083,9.515974799147545,10.526221487357647,10.14549377278483,10.341353431461387,10.444365517962865,9.29348172378473,10.836431332094724,7.497038903799476,10.302868101571983,10.1824457685275,8.776211710221276,9.706443501438002,9.779562293159909,9.218537003708729,10.243004799960111,9.648671527897278,9.808567361508631,9.804832707641372,7.855392666862609,8.798653930788381,10.194093773330627,9.504190197811237,9.358822899501893,9.279834831871648,10.256943530710773,8.414196962972067,7.602219770447283,8.89196704626315,9.521004816993573,9.497309852324886,9.577028341561226,8.811431201333033,9.558971767861149,9.044887911523402,10.802337030385408,9.470429034245505,9.221387913639415,10.099644738488117,8.62535329089014,8.949003043272375,11.227051918624666,9.71537930560292,9.378274605555728,10.442376590692808,9.892001541039505,10.924118763396674,10.638181771158202,9.486398763530143,11.4964007343725,9.742466658900193,10.06346268933836,9.944923559055146,10.332935073010518,10.349944953191255,9.302446446937603,8.821146169738348,9.624453754446382,9.138993359755334,10.354544906340392,10.383780206155722,10.424268861776067,11.491524421640557,8.966346402217033,10.125999641942256,10.019320107236354,10.065899199825083,10.792483438278678,8.635968369135236,9.784804230932645,10.260497465519935,9.424933543334625,9.05216087017036,10.194276199127856,9.612776183912972,9.206758489377814,9.08464096717917,9.81531211014818,10.213454437415724,8.559915466391073,9.819231572100646,9.42385416308825,10.605359677279838,7.322690974439061,9.925928718496504,9.413941138454238,10.908553230301541,10.888476206297582,9.246575215044015,11.30386458048841,10.691767268928617,9.611096308274785,9.775135115054658,9.631789445190755,9.437535581772945,8.643543778945077,10.357253726205851,9.54540194476068,9.809639799664685,10.17378435323657,11.177977588049782,8.922259253970763,9.545703661863033,9.68465529370736,9.327648468370217,10.28629116519221,9.673689269133224,9.97389723836771,9.325765307220925,8.642885286317611,9.43065800916501,8.113730967979658,10.131546886446369,9.007515396545868,10.382997667648278,10.67298231253789,11.706123914884355,9.337569029711627,8.616688387851728,11.01034519300963,9.579813450385908,9.514063896069917,9.669657072942288,8.807055594589658,9.992369562132364,11.682470904798551,9.53394864707003,9.655365788408691,10.022499086483673,8.653311706602748,9.760063511324475,9.304267094469132,9.300230929932273,9.33752516923732,9.856615785590764,9.099987262642511,9.968863205983753,9.366659839097988,9.15007779906509,9.7173830817685,9.252548341412721,10.850387167144122,10.85977389032136,9.958209695085637,8.459442072158835,11.57934024431856,8.32527792954735,9.609007397993151,9.204230140385503,9.992820816472776,8.75757755203201,10.325225878575635,10.009793564927401,9.744307608603334,9.679011921082218,10.162477098977156,8.926920929832413,10.106194626988975,8.199701092910505,10.928752598224635,9.646828789115371,10.498583674396986,9.268063217626691,8.900883030660781,8.37957423060835,9.494748821392054,7.949632736089542,9.252559993908418,9.507515738276668,9.33224355289995,7.910162157416457,9.993338139044292,9.829791476445287,9.767541515226041,8.621571766763875,9.208781218859633,9.965940746690086,9.926304127822124,10.195693881690158,9.232387576948593,10.31930566971963,9.124771707973082,9.676271958548806,8.294410603106122,10.376594622555196,9.30591065523412,11.285720803132334,9.563000227584732,9.43498179799299,9.271521194765464,10.315413644321914,9.936746868613032,8.781070939198448,10.509513468778922,11.243782706192032,9.086639657934647,10.754982402127398,9.722796609555965,8.171210145852717,10.368231134468997,9.777551044735727,9.93839347301343,9.777031961108072,10.108202816011266,9.407378482222372,9.945120640973364,9.75773767258156,9.366007427908789,9.950128157518911,10.770386965428454,9.290014012846399,9.138209828826831,10.745888174014208,9.710414849405959,9.420341514593392,9.399265790398553,10.373805890564022,9.91547525338457,8.821904312732384,10.409558790977904,9.482763769834579,9.796930569844855,10.229077803295075,9.668494247553483,9.642604335577055,8.71593737265871,9.225943628413095,10.145573816780441,9.614776527733037,9.600986087502939,10.39841438586469,9.848758110156549,10.36046702198018,8.773852207432272,11.193192127387631,8.672439640235671,10.21493508567673,9.067924817960593,10.443488741943977,10.3075070161241,12.256490721889385,10.917168765626155,9.993345841909482,9.532446133730533,9.503430948903505,10.28218099639397,9.719889704090937,9.747392296879902,9.774170929345,10.293647231841039,10.435971725509678,9.479140265742618,9.589829405179024,9.050607779242322,9.352703210956035,11.729327285070182,10.593395179341519,10.013759437420026,8.643490516984818
33,2.985144149393473,2.4400043133107747,2.5522223511577273,2.399930749057152,2.6588533990604852,2.693257523612194,2.619659038459944,2.64936396336642,2.3068291581032487,2.6694661562290785,2.646740296689128,2.352954341305155,2.44740237846329,2.4485821058333723,2.3330761871851204,2.734606798979441,2.614627797703405,2.5587050602903116,2.690175835075897,2.419086638496649,2.3999353482289414,2.101873716815507,2.6817149834032867,2.8779969554346194,2.3160576612603383,2.6159728967283127,2.692276071013062,2.4406152468312046,2.1833537103989435,2.585035500412613,2.529583313815732,2.3818422973520645,2.1773637958758605,2.4705929899654966,2.834539606712375,2.1581579630244425,2.611107755380395,2.660963137494908,2.7292381299693393,2.2805291410895583,2.5337729983863175,2.3263816713172414,2.626025249066517,2.6318378263082525,2.675825539206205,2.4598325574246207,2.6584775687878826,2.203911083686809,2.6580377103446433,2.3506666852125453,2.6985279509000417,2.705910570969766,2.424702817650667,2.5292442053919664,2.590002782182995,2.454559953202333,3.2365087615783414,2.3033224869958855,2.524976603519759,2.6826750452588506,2.174954505335011,2.4424134569881017,2.2325352350550407,2.5766905127573705,2.6617822527831363,2.5220351455403605,2.453941799386427,2.511932277227444,2.3276615341578526,2.597452403136477,2.6418086905907945,2.6764249430109146,2.324625899231645,2.302941385146718,2.510872976231795,2.5299615709110554,2.4848499633919583,2.3261542712511987,2.9384010212428926,2.5672676451093626,3.1455131428699006,2.7153246945098726,2.3697328901841757,2.565759690074405,2.565978145837404,2.3879177439541968,2.599251750539412,2.7706942978862714,2.459250489575435,2.4376225326593457,2.9180841501470276,2.2455418321329583,2.5227629027299967,2.30409688633044,2.6864246235288745,2.4200204650717616,2.577554698931565,2.808536544207776,2.1667631370453937,2.3314656297162757,2.680931966800873,2.779155158154931,2.5506912667812323,3.0197856982146547,2.510646880196598,2.4534220833616374,2.607861939086012,3.037793963307265,2.319085244183186,2.697239315481579,2.730232350291529,2.464967544229475,2.251341540329578,2.6153566609358543,2.1812370986560734,2.7433125279412667,2.3413467643074677,2.4214116242600485,3.0584606302025525,2.324871529675494,2.678339517661415,2.539789274201256,2.5979458162208346,2.5259576449161885,3.097558293924019,2.1805633936639737,2.7078224348953546,2.68684681254028,2.51220517640383,2.3247394342140644,2.6120608501929246,2.6753395393036272,2.3924918534251463,2.721695107818849,2.3699591535824465,3.13784606598341,2.245241576991801,2.7231992667453455,2.2769150530102418,2.3514755088331833,2.4178536008414198,2.353726732155928,2.3388085117434114,2.853558997442187,2.516173655443448,2.7835215476945723,2.546743891690778,2.3261403197187294,2.529706374615014,2.364174754363,2.477893903973424,2.6345720415538247,2.6813431538627235,2.3206345253300538,2.5396613013201135,2.185600703058951,2.348782142439758,2.442332356056004,2.6247295132555264,2.640494774322632,2.2863434954837,2.80037019503632,2.648543471351533,2.3304725564826976,2.2255586044466096,2.3520207573758016,2.902588768363143,2.4248514664000953,2.596819939526763,2.6877387206077734,2.45799381928757,2.611781170759205,2.3021592396484944,2.257474627598229,2.2115922050781243,2.472548910137617,2.502458743814569,2.576562343342777,2.914819169165294,2.663009350828342,2.657469634118181,2.5252492634876984,2.544393388456337,2.7750579973628917,2.6623110786072735,2.5368901179566796,2.5779631071709463,2.2909091904536973,2.926060488609012,2.7404965458929915,2.8519725790116186,2.6609103411736337,2.573675099848488,2.453098627430175,2.714985393541007,2.36394710939993,2.3810941263550074,2.764104555830323,2.6220769814472042,2.784705361222224,2.6182201536535077,2.5846834829960463,2.447240663450505,2.536135556071414,2.6781024677385203,2.280114117696336,2.329358222545088,2.7133524995972467,2.4574272575425193,2.7398798753614186,2.568260516985191,2.693454901520521,2.949962875073532,2.778012724837536,2.2534542751740085,2.1985452000810244,2.668328246692042,2.4564625309649384,2.3369233964264873,2.201295187470891,2.687541113472356,2.5334453376679984,2.534968191725826,2.731196424208367,2.376069794958723,2.4679713450851364,3.1079938079883256,2.7243535479045984,3.3048844827651473,2.4523075345613368,2.6837712554585296,2.2136359198135356,2.3710546023665757,2.654053066221132,2.2035502303835823,2.616625813563346,2.6677780794492905,2.486894199391737,2.6766965117494768,2.5152754242402047,2.0970229613420384,2.478497001512973,3.0732680887411887,2.267360304175908,3.0753559881708914,2.194241765023453,2.5092915183735687,2.6127801151085692,2.530692083068792,2.4444395977655256,2.8353175262888133,2.259043675962557,2.7979755321460678,2.860000785866901,2.5116335839170856,2.506706195291238,2.1493914250927717,2.3288778400681083,2.77564743558257,2.2786546081068106,2.2391031369011904,2.5216663896858864,2.8470353274902003,2.6484660044669215,2.338819935912367,2.3769668748669526,2.257731028601082,2.7431716765585104,2.5708969971301108,2.3694280942561528,2.5755724723619444,2.367284704327053,2.2686187550179504,2.653501815409296,2.5454937676394676,2.498270153595178,3.0621628260357756,2.890390794567669,2.217776628547829,2.427823161013445,2.700918136023113,2.4217386226737343,2.6722455748441,2.644845743993026,2.7803849269051075,2.59690423440241,2.284953286901992,2.908115572426433,2.9555557493997484,2.28085195716169,2.3139171829499996,2.825972236811738,2.72160724333016,2.2958981108928107,2.6381112437911556,2.317612557508857,2.6222367977957863,2.7166349667105747,2.3766494521255135,2.5905020804708068,2.4503827342254536,2.8396466792471324,3.425973500122543,2.3684420221799507,2.537990697093314,2.610028098047005,3.7549432933797706,4.1835286194204855,4.586414591699485,5.157992469325914,2.731200407913895,3.22829749816482,2.4124382559929196,3.8485104292883237,2.432655731483063,3.6317762233128548,2.9794122440503705,3.8550161822718754,2.3824910435078124,2.7144918280215005,3.192690813112358,4.279249212388718,3.24928209523099,2.602585198181586,3.141254639399306,2.51174999302759,2.5470075711061892,3.274803231553546,2.9517538189923007,2.9515662499624264,2.7744467419052152,3.2742066678985946,3.1677660732980013,2.7890463022431717,4.6093535170678175,2.6400412687785337,2.4053270849541972,2.541621313870918,3.7520400023775915,3.97762634886225,3.390410708186283,3.0658771309010593,3.838948333312678,2.5060947154027224,4.572258413658476,2.47405383900397,3.184979519433115,3.826310984744482,3.3588452211030617,3.091291166310723,2.652092778385766,2.808696800220362,3.7815589406172734,2.4560308220614147,3.1937761736828874,3.266111404623009,2.9174655855023306,4.768522300966763,3.8673943458556184,2.4677204324721953,2.484840884184572,3.987595626881727,4.230681823253283,2.601603263417104,4.331838269784101,3.1101329842660204,2.4178595316862554,2.7104876128682944,4.581171005130361,2.774495021068122,2.4778541104137304,3.9094245903562017,4.58078720903823,3.2146725247441683,5.058735353642715,3.373537702547271,3.9510301300140647,2.861524053396505,2.3678065216281325,2.4876537108588046,2.6956881218659654,4.342400156539601,2.202217914347411,2.7689621778215487,4.348728128018078,3.415070094549828,2.4487678914738678,3.687042649075264,3.922410572422787,4.053854177478375,4.619215610281835,2.547092893467513,3.5677113380491985,3.6212828043518868,3.097240034731598,2.3617132987171945,6.234154587563763,6.114400651646069,2.656783804229373,2.478816386170626,2.5600986547153646,3.852890655629699,3.2967543103106856,2.8597176792768177,2.3335161412959766,3.290581121474908,4.674466787756843,3.6825144668263277,4.226615467228248,2.889825058421581,2.4485063421916027,4.808472670447772,2.6107172282191873,3.530942209018246,3.3832217450341173,4.371001890401017,3.1153504569321346,2.6313347708104593,2.534698238050924,4.673798489579973,3.1329856375341505,2.513691198586688,2.806070920966422,3.323164725396342,3.6746550605029333,3.649503783128945,2.3271817069364906,3.0475105326128813,2.980546221633535,2.5224063684360134,3.8759391615434478,2.1411818550041746,4.238391419447023,3.807336721510425,3.7736789519486407,3.791177298542971,4.207141259887803,3.984623948312996,3.6082307538661125,5.125883244214891,4.192047698933085,6.157221844488385,3.1274934993884456,6.303108955961963,2.6645228616978915,2.6969046520146884,2.8433410607504097,4.832032733824475,4.010938862199629,4.534225753293471,4.197283427800897,5.201614079389181,3.9979261814400107,3.042033361342902,2.5670922709726525,2.7600163437568117,5.038163878027364,4.74640000378947,3.886250333413162,3.213443213241629,2.6195780616409694,4.7657460853419815,3.5789774065536912,2.227277201347138,2.772933047741252,3.311175489143686,2.489163799245748,2.5762539095098527,3.9134864314644764,4.187744330371251,4.488283729797879,2.461025183409378,2.7312962403673966,2.9582522618135787,2.6740896533055043,2.428474746897614,3.398787623385759,3.3657396892255615,6.244906458593478,2.13816197057273,3.0380523728568236,2.6461528302585116,2.5594600381596333,4.599260411572358,2.5689226098580322,2.8847971870828735,3.4202476285541072,2.5915935857714567,3.9602633353966947,3.957298850231455,4.768788041268742,3.0117840869726047,3.171569268037032,4.6146418897984836,3.6281928226725633,6.102462722798971,2.668631129154849,2.6249757767735677,2.9492247426922233,2.8113016362350134,2.615382348342801,3.1821082619332803,3.782247809167232,2.597787783608756,3.143092039283788,2.3818671765903803,3.0228898129354214,3.882220086218459,3.925131447951174,2.3401355688517276,3.830645422340118,2.475163397410004,3.649588845885409,2.328460354718095,4.792322694994465,3.258394643945171,4.246626770047978,3.897384822379854,3.4850977017642926,2.509435198046398,2.3830550849936385,4.574282330584052,2.5688300759694376,4.262946595478416,3.517247164693594,2.7669065086005853,2.8897533180298374,2.6277079377439607,2.624967667804651,5.1260553491278005,2.6100956794649237,5.162920955659967,3.6510782514859628,3.006968494141465,2.7842704709902737,2.533945239074695,2.915123908618249,3.592239925223367,5.292958004426883,2.387698386149654,2.3649548974672765,3.2440167673077007,3.0233478578084276,3.8397018465327,3.516801191747195,3.1765677906550347,2.7753280662482482,2.5893123400132536,3.766639615315033,3.050195484386373,3.979796531506953,3.1211129968799463,3.6800688812101456,2.7739569477498187,4.85586153349056,3.8683243716468123,2.4177070861241794,3.384443161181726,3.7286303525683073,3.855271138608858,2.6239119030221936,3.784121081961346,3.1211921088798196,3.9304948935971997,2.073953320758829,5.633673411930292,3.290104663990137,2.7705482577259772,2.8619059649948007,4.18794735617287,4.617509013683681,3.2403142514791923,3.3686256119899918,2.768591491935677,3.827288211528305,2.738277291957143,3.748079226010956,3.708013753038396,3.2930172267742726,2.715041486747707,3.7487232032302935,2.8064771342700623,2.2133769816249558,3.3901003062519766,4.2081427596028975,2.2835358344370715,3.526813723311606,3.5470809255872404,5.264607204130036,3.6557710344929384,3.605120447554395,2.8720566973103496,3.5560524060706635,2.55994563347412,5.316846165367038,2.4322729231037843,3.4714293956504014,3.422441086576534,3.0284704881493867,2.4795568149544773,3.746352063189819,3.5783618020280117,3.9574503787343813,4.440140249440282,3.2110568456067177,3.3698828964469993,4.7866278875232915,3.26455384968841,3.035234238676727,4.473142486376323,3.2949428638700313,4.187473540508703,4.189747209934805,4.174478315621673,2.9601308744525734,2.6353156862911344,4.149107567841294,4.627827504832674,3.7294748133269655,1.8877550540381483,4.073632257456749,2.9095619802830317,2.540088531488735,2.332139207830275,2.8273029780030403,3.0037626625616443,2.1678547373475805,1.6631317458947599,4.376086971483921,4.481355934422799,3.8557640225856886,3.159104271289032,2.9234526622353285,4.526590614600079,4.407486118869661,3.083309618158332,3.6924324363355705,4.878172634701923,4.3200853649887,4.032315746575796,2.8404594984574114,3.3613414678928795,2.4998479892659295,4.179765595680026,4.339139549737953,4.182730928531411,4.732070575120657,2.774807730992976,3.6618948363385915,3.3160243466398747,4.6883259353178985,4.662756295873663,3.2842945322354784,4.178340362820087,3.9712941950573684,4.021693960512234,2.184783409839642,2.903461428698592,4.520727406267339,2.007852084858072,2.8098604956546924,4.51229876049154,4.348955659811278,4.523633897734422,2.169655887949381,1.5182291264718937,2.4618720957792735,4.724546206130473,4.433608464907282,4.119047973212023,3.985525647872519,4.610541401731685,1.9552683354471379,4.115649247080781,3.8390317040558433,3.44181404444059,2.5216745137129055,2.8724819261536267,4.143443526194049,4.4489863840401,2.3722547433123666,2.382678892157197,3.155878693630492,3.8289558594617183,2.463901959603477,2.309384545988095,4.625301845892822,2.44330279428424,4.015841486245622,2.8658003554061997,4.137958693501021,3.0095634621744956,4.561606809627665,2.7492009428569637,2.771384564839861,2.0825858944299998,3.544916860768779,2.593737461624972,2.6305054600983246,3.421587874180545,3.5879990018631664,2.6684612469061397,2.9586948031911247,3.0645831733149804,3.194212167848828,4.131995955067085,3.073447208975259,3.160502147785178,4.86142754965185,1.8748817964159137,4.672066074419916,2.7857737075202365,4.433947513323075,3.88983825212494,2.5888832280067273,3.1223580133039315,1.41399448524494,3.6376367454849516,3.0906588954999648,2.102799798289332,3.6816799692858555,2.8522608224842037,3.3452222966055016,2.858088694732758,2.5611852435519378,3.139128349280534,4.13250274492987,4.560593553217248,3.095891175061804,2.444843646517788,2.9404510851565613,2.6594306371928464,3.7098594216270993,2.7440258042087744,3.0006415880438952,2.7160306495059188,3.0978264033982184,4.128002705156359,3.880922900785727,2.4942290866641623,2.88910824582475,3.871009898551,2.9882304255038568,3.4435778685351646,3.414371066150589,2.8113975747712496,4.505573022259123,2.6674851865135008,3.7347684501305762,3.6120185581045074,3.340213044974317,3.022607922828751,3.1452035660769604,4.068826290384913,3.1797219182347507,4.467418761042118,3.241030551654258,2.778525323859523,4.693502502413011,3.4519940878796227,4.822789440070836,3.137662574596787,3.972941505580235,4.302006705416484,2.6261481125304793,2.487465139120121,4.315295071226809,2.449456523975593,4.5664938637699555,2.9261994985962825,3.874976044964517,3.7562605339199555,4.182911955359163,4.030651345338499,2.6141384040876483,4.351080969563029,2.430037542639433,3.9780913170670122,2.7357420651614643,3.4496936962535814,4.362835122207972,2.140136523639498,3.8717327667757977,4.652793345356632,1.3988610505483297,4.180002707466808,4.053475099743992,3.133101819374277,3.4309530376044908,4.317685115313825,4.588877639830224,4.245970588392069,3.1613057598308347,4.623818003805739,4.252385783950085,2.5651943563523147,3.91569605025619,3.696264810897818,2.6144330550609554,4.293371640229867,3.616536479437874,2.2832332951910157,3.6406599874742676,3.301102510465224,3.2891441896330007,3.1261491760325137,1.7801287133565982,2.2004626417871926,2.8596740049484377,3.9842052882586687,3.418604974126944,3.900734262583571,3.05184810116785,2.059433575412353,4.375154939117154,4.087655074889414,2.2583468074222117,2.765752314126864,2.9784518237934425,2.5373187069355336,4.4608572122110175,2.3244706931299666,4.1926627727200945,4.709261957992997,4.5859865158582425,3.32257994065111,2.3892947237685727,2.2377954536909734,5.049986914416129,2.5200500448676686,2.6117374918523137,4.551726469593208,4.319653898648923,4.9223072754136785,3.453811810741333,2.448150295669441,4.196807219816841,3.4565570102313017,3.746033350584677,1.9828263813004334,4.4292316162580345,4.431141383943179,4.522697086958471,2.7474192742422763,1.6575168276633363,2.6229701195465984,3.8017054085018076,4.387175199985317,2.82347862979959,4.227883712144612,1.4941530545432506,2.4051988819620282,3.656909017893342,3.1671708139237147,3.060937575078133,2.5975170545516773,2.8147961023512713,4.707242608674953,2.329569253769475,2.7956502979768265,3.1801601099722228,4.265112937419287,3.7409504051510694,4.655239769850975,3.311757587163523,1.9228628590077803,3.1597391517509936,3.1484013084856555,3.8850816572380418,3.177156652342101,2.588375106050325,4.732058718484594,4.509581718280159,3.1090555887754245,4.809036127208514,3.816353378490516,2.020663341808923,3.4727764002820622,2.8565776143207127,4.301714214459754,2.8865805504001054,3.068749472442206,1.6204203189941895,4.622953264062154,4.110001130421031,4.1882950507100505,4.953550430741967,2.8379783052607,4.016424167230874,2.5410804123134367,3.8589444751480753,4.02432787086075,2.8906158250909324,4.640271460698036,4.475395167487253,4.432551898830973,4.044112979973677,2.939017509281631,4.202236593212434,4.51677957277296,12.755254253886385,11.419760950937162,7.559993037132432,5.238433451081459,7.240793600798927,8.049858816858247,11.09161471087636,6.105261431943623,6.904464684719554,6.969495578728958,9.595461320732994,11.614652106815909,9.097273570040043,6.721279339573742,9.297857904475006,4.237981655369409,6.79633161138039,5.2499897358204715,6.511319931140933,4.745495182574398,7.04978244839191,11.673925165367962,6.0379777772634515,6.185604578226829,11.99291853994775,11.816909568766247,13.076707809565354,7.500827422326771,6.717507956348202,4.249007994278427,8.800059440070331,10.857744340595419,10.32817848328896,13.22230975125438,5.908354049684582,11.380115641609082,13.342451567754852,4.780406962373586,6.065447878646827,10.93812815423975,13.407009664525946,7.14548440645983,9.20786052755834,5.531468516469196,4.401805915390972,9.994048037084022,5.287792036254667,12.160743887084857,7.04249770552552,12.448580785762193,7.503982100694015,12.661278642008815,7.883043462202748,5.471579198850561,12.261339470247085,6.528336554379624,3.94938177879263,5.97572529940993,9.61117721445231,7.655584383710532,5.518773775943367,8.948598412087533,10.936200186273346,13.11018443472864,13.057198561860245,6.537880127490546,10.571360706498568,11.507512051262522,8.09903043794303,10.641465297959432,11.935775527984202,10.537578866278494,5.959760834953663,5.310107171191148,9.023675743863372,13.287512493565897,6.206544855624054,13.014535059205796,11.998540726570438,6.751119000077107,9.705787301337324,10.359601366727002,10.493869518586271,9.87124007328324,11.991021130862975,8.499851435679602,9.37469576622905,7.3520347654939595,4.71452142296318,10.321210556881656,12.013125439660291,6.213824965999218,12.361011980202203,9.515874743778612,12.798679065768455,7.650538765477828,4.438933002426739,5.761063553860848,7.277626354307234,9.24043334340309,14.271419728796985,6.994343967624135,6.625517160072937,7.523444982531656,7.930096035741845,4.571077463171951,4.666817346192285,9.442985355604128,13.232869879104706,9.822731664572096,8.850505858995735,6.272125243837761,5.852438341368553,10.472803193898253,5.6183953615131905,15.891217954821993,11.964315714845945,11.705423417814748,7.4494015746038516,8.353280840895064,4.316796572783949,12.946062936801768,5.624433979189175,4.772277129179309,12.754095076824472,12.601171196337217,7.207400486249295,9.81770113040417,4.442532774011903,5.616405077819572,10.967381550327323,8.031582302364459,4.663123362489705,4.6718282974501655,4.363851129584587,11.071713919445688,9.718403127777746,10.278889503765567,12.005456053633154,8.41179259473283,5.764504783314256,5.37252711440689,7.086322472712073,5.205683269538339,13.461644344181549,5.484198031766431,8.508233569755989,4.5131751236447695,9.707725682123938,7.6698264629785315,4.590880032849542,7.552442328611186,11.799863644909541,14.464964871476079,4.843035364303402,9.360388541491243,13.614612179216957,11.679904998361586,4.887400446742791,4.8374717311971045,8.606341420746144,9.45211292325743,13.138397767952663,13.087986027982202,10.345762572940131,4.453588402685584,6.945902504848543,7.251407242273977,5.416672622611841,8.99041263456081,4.280208441008356,6.492846183250587,4.963440472779042,11.295459269407722,4.537437204500611,5.652028820495816,4.897917147799215,12.488455358758067,9.288364337080411,13.280383292655397,4.490555557169427,7.6286295469993135,11.167850836831738,4.870616638468677,4.265180295627939,9.81320001858602,6.517275999682748,8.019839525566132,5.268272545450512,7.895807838508678,11.952042857671685,10.600608575323495,4.076060763517814,5.748357210401441,7.785607687809403,9.287646558075608,9.906319480086134,4.7461110161598805,11.299385292700133,5.420592833332257,12.791567489461862,7.768315038320255,10.211000942119819,4.983945673094069,13.882494116103471,9.629866817275438,10.62048409820813,11.176408881850241,10.94415891561164,11.832223768193282,5.327016666388438,4.223651974402479,13.195954994578319,7.935015448785114,7.737826806197537,7.435735132494727,8.028191766430343,12.909782157704475,6.3960675439254375,8.494604894299634,8.364484129790286,12.275060289665404,6.707450205688557,5.434058511210799,4.690317904015214,11.18237521430148,5.50206048890087,8.525411627066076,14.98120174228889,7.972442851764998,11.718323760694254,4.450578529270879,11.59882962448764,4.985101645043592,11.746533677448397,11.888836254453148,15.856630138150994,11.573236367529315,9.971436248303092,5.472634706766365,4.667386011728651,6.682861472129279,4.944395779956503,7.817400590497744,6.2592602535830455,7.033769105188772,7.120567219665311,9.654400200633722,11.937064492212476,4.466404676557799,4.453285493501114,5.147188401112608,7.511332504038769,4.989439887075476,9.166015010061846,6.618156623465111,12.932257049532994,12.022248205030479,9.678453718677037,8.4642511533856,8.518890165241483,6.03796496365938,10.59027913949548,12.6248215063815,9.724355996766015,11.754280602343918,13.049710324423055,5.694496980484599,8.483076180648737,7.647580663118924,12.475971968311867,5.900086400168376,4.349827893972618,8.987391154714468,14.697145064865104,12.606842661609706,9.792418324472157,6.301146866125824,4.531713666816305,10.99152457354609,10.44143343573364,5.643198476393275,9.102596019029395,6.293399529914911,4.557166707584843,6.487082277591387,10.311813232972675,7.792254918799237,6.1183200373495605,4.939375764029001,11.153028216114826,11.4240402528058,10.944440075435526,11.053378236411504,6.579371647104536,12.309188213819413,9.865341142286908,8.10666310061708,10.836971095333295,8.122957880794251,5.699545556295742,5.896277018533598,5.8019060479268205,4.818291452095671,4.74870739060448,4.807747176634463,4.159934463416889,4.667882810704271,3.9725222898441386,4.82889134802909,4.533991297088168,5.14093680853514,4.802799908231656,4.663578096631646,4.299143535295757,4.647703241401235,2.9303490029133563,4.938148440352811,4.483286049058696,5.730474984102702,4.596083797832387,5.61559418683568,3.275296147367683,3.060532850343094,3.9973932922052597,4.644916326869773,4.480383524444956,5.734061172088546,3.1178420755428813,5.5894401465303085,5.107698000229159,2.670438460318639,5.4302134389376135,5.021797821478352,5.768110890504286,5.636155015894216,4.487149807937991,4.72979507006425,4.48326625214193,2.7582645945972,4.04062084787104,4.211274627622627,4.911992105133912,4.697156927155113,4.222782797502847,4.255752500968622,4.364578751157677,5.345543824626397,4.151544257190801,6.26311335448308,4.2967930122669,5.112574880098391,6.144776384372435,4.401168200947652,4.799282367219719,4.6985239102389835,4.018826341809359,5.38682979575065,4.542650639392145,4.017093151344947,5.099362467734006,5.371453710738346,4.221148450187192,4.071448585199213,4.175981728281144,6.699901868255385,5.343510530383783,4.551656034503057,5.116020837110208,4.115871513158586,4.320916848239368,4.404344008707469,4.318309040857191,4.793101586808384,5.052554538853149,4.864922415601513,4.347646546471994,3.046654413125479,4.485958645351512,4.608618168427359,3.5178763952732033,4.6464854984600805,4.505561463999576,4.240626647800158,3.966086142519463,4.963961606929289,3.8837308373249293,4.514099848247285,3.9340784921411687,4.057298911604816,4.008110315683491,3.1227838815132145,4.345577812761225,4.388091347114454,4.407895155905718,4.281455744970642,3.8061163161948017,5.318228971152418,4.992341556645717,5.068759313164139,6.27275909133939,4.313480012096172,4.059108950397831,5.703602470349111,4.850053456003774,5.936487961696118,7.02797128018179,6.029145395541548,3.176003818876762,6.814578371960881,3.6119266039051974,4.5381467514606815,5.6538543892292115,5.841785354171579,4.760473167566929,3.948990636844888,5.414219246349556,4.623742092840442,4.553162750124424,5.045562468896071,4.489791399296469,3.3632267753594673,4.477417888672145,4.1659928059275435,4.772175138134142,3.219811516976287,7.065664030428757,4.629254903297744,5.785316651959512,4.573266551548025,5.069957677715119,5.390273915508369,4.540411844764426,4.888758129715728,4.412127453829809,4.879823573936145,6.127591673698629,4.030157074948949,4.8137691964398925,4.285624092027616,4.370943649710991,6.512433068560911,5.112605568856657,4.292853372519223,4.708736720049523,4.413819897862366,4.760069153007717,4.255223493179486,3.7768572547988017,2.9157784624958523,3.9616175895601606,4.996979222950893,4.410840510488969,4.305832222239437,3.9981633765116027,4.836748566719886,5.595012920118829,4.92772777240768,4.819093960545029,5.766120295954819,4.5072465883981385,2.5592508563847964,5.163382919796243,5.2251894162524115,5.110575206632949,4.6215944085887415,6.021138560475244,4.4923402845016325,4.975935954323178,3.7983611264981754,3.664342931858995,4.8396883969700735,4.150190718782056,4.757759300065378,4.473949687870233,2.6567196038676144,4.149569473602821,4.733078118752614,5.310509138312918,5.648689302823193,4.953348642197162,4.146841065500094,4.716612187796099,4.614444055471498,2.8857013015065047,4.881585977435618,3.1769785351917657,5.937901072630326,3.880721900319489,4.084038629364467,5.336861149279146,4.781855954190511,4.201623914259674,4.400063256952053,4.047656408818099,4.064818945308652,4.2070744219381195,4.067261567578622,4.31274066542872,4.530109448597789,4.0136120956488535,4.917984490134321,4.829380280327349,4.7044174861560535,4.199749916006201,4.080019978358379,3.9705218248301404,3.994070931793847,5.238303540671037,4.074925325158302,5.414068442380064,3.191803455953687,4.1481636876711,6.164184543879456,4.513698594685625,7.086216928714911,5.1657542691646015,4.078751945109783,4.419927096259556,4.562440271532166,4.572519017996602,3.17620911688022,5.446556787863805,5.636643996394935,5.545781691996805,4.427943918333083,3.3404260635882217,6.1611668378652045,4.539496229848775,4.396615759630798,4.6078094394184435,3.6954271291647633,4.5183730877399775,3.9769257968724383,4.601027439926719,5.285573486374332,4.43375986416538,5.54366381684402,4.557205815508643,4.467720758953464,5.7116226992747325,2.68364361895153,4.1751046951381285,3.925932958839248,4.515224791501206,4.53040698905588,5.287546564291852,4.126903503311865,3.4261496875759314,4.450073703498522,3.3598930016997417,3.4199822351960587,3.5888020666220415,4.704278855925212,4.333114222470036,4.32391839308146,4.553434393211161,4.2326274364618754,4.065994825184887,5.056805184935532,4.702172339205871,4.531810889045241,5.374942483020753,5.789606875376381,4.787773180772114,4.017174181100019,4.7355681060771335,5.517960811639564,3.27584606951203,4.110803909881708,6.201861718115166,4.530402509624328,4.149921568238555,5.299632633974063,5.578186465270677,4.759619888816489,6.453449193913762,3.320869823456677,3.7653687596833882,3.9944893106887966,3.998539928874418,3.9259734306069523,4.5644497665811565,5.0841356988079305,4.216773839192364,4.6904373324020865,5.047921095773089,5.961784032313871,3.8382251885294076,4.496690901859733,3.9697384666479203,4.477920161249122,4.006995706408167,4.455366634874214,6.086411722722588,4.116520842911954,4.113618973077089,4.679565907069003,5.7065222245292455,4.434802008326952,17.800505709953732,17.641040527575232,19.17784757670367,17.76425405667344,18.098785130940733,17.892170999903527,19.1221121365625,18.91170154661179,18.55656129369942,16.99373450240269,18.164908072003385,17.711322382696448,16.59129012050681,15.590119530853409,18.920124478584903,18.051780764977156,18.46441477391373,17.30446852262249,17.96992472505685,17.598187788472707,19.288784892757796,17.32370300081687,19.63074366021238,18.924574077846174,16.267439793071514,20.502604994168113,18.55048299276686,17.78864747112324,18.20888691196887,18.322854941494693,18.603436638195657,19.306762893040034,17.645475799683044,16.470451061427287,17.650571459683135,17.64789574541555,17.004348561054776,17.81538900694092,19.45697245068309,17.362296146549337,19.0800458546018,16.400358048088734,17.80568995769339,16.693478420546672,16.192615298350912,20.450906616401703,21.302285181247626,18.255890817080132,18.90733219038209,18.966351624938216,16.857123489056217,19.24683232581014,19.180203626039095,17.655419699513757,18.21232515224104,17.52133766172747,19.106687036392444,16.72424743347677,18.33742516161276,18.53390872613789,19.070046366138634,16.840112342971576,17.59213438656036,17.456953492393435,19.31991341092692,19.260591813540422,19.109615570663852,18.795203605816518,17.501809326377884,18.00161505306048,16.102843649618166,19.49294047599912,17.33051076782453,18.88596515720727,17.577824639806607,18.962351197498442,18.68963529275735,16.213204669106823,19.693261145006897,17.159945696072793,19.350735621065592,19.3046389539572,20.14309236014456,20.358874069897084,17.840442139478256,16.187123638577216,19.37041389933564,18.038279370754427,19.33808021627541,17.76244110715849,20.10508054458132,19.357489227564876,20.098184331951114,18.41783449319351,17.525702453391585,17.394166885651224,19.58875882620574,20.024507380306726,18.258879630761335,18.54205062209742,17.28520638923885,17.98705271107086,17.674488045114977,19.06844952007697,19.08677974827593,17.731462785948445,19.8829906174685,19.456467400836694,16.741587514840237,19.697105039396018,15.280240321266248,16.699516805613584,17.683055650287876,17.787797759772356,18.264903880529474,17.673581784975788,18.54419264108965,18.52280128395518,19.747727871699006,17.556091486533344,17.541695719746492,16.157084053681025,18.16388296657487,18.508025656704596,17.830146049769166,18.911557233521165,17.962412564493768,16.07604603102603,16.741948478702078,18.56641861038079,17.619591758919494,17.560920300630098,16.658057614667523,17.566710324360308,16.487094717240737,18.814338076266292,17.631151858921672,19.116167906727274,15.8106995879801,16.78264427995241,16.848571763399224,19.37196979465211,18.976379796225153,18.019541752902594,18.6372148285269,16.170798555482904,18.15420458886665,17.692694009394405,16.665196505865183,17.610009671998736,17.655081528293678,17.791033564612302,19.042818548378982,19.705454523596938,19.486909717284632,18.26108160982837,18.161334016000296,18.15509979460481,18.344975636029233,17.467187108660408,15.817572323888465,18.99552347186907,17.554245589529454,18.66889112933385,18.302802286816664,20.216563084060912,17.94271986029652,17.87904884254915,18.937079554109832,17.817154641150562,19.830793132155105,17.347184537960253,17.656461827889324,17.937950110358486,19.55733925807664,18.696563048682062,20.17017996222531,18.134208940359603,20.306637513787425,17.737318725334106,18.76396417338599,20.314802920273475,17.99500559947191,19.820675035257715,18.230011651541947,18.25427121447846,19.6355346923504,18.248179625832428,18.62788534056061,18.670073351504637,17.42048489606266,17.552371683422965,17.460275455090155,16.66935008605485,17.466816843788436,16.388862567326846,18.91068062644419,17.300200048020177,17.209601925976518,19.930182209813115,18.88160154521809,17.61940265552625,17.301316512496562,17.458691420299854,20.25309772198234,18.00468352136215,16.15549695841279,18.397459347181343,17.79341213942157,18.87048913486326,17.868997757119434,18.738252262442156,17.55785541870748,17.718154672206765,19.81403635494862,17.943274142430745,19.379429669947143,16.349783514842418,18.796796852724317,18.254722512865975,19.421414588515532,19.043076883755646,19.87116443973293,18.250326309903144,19.277056213438794,17.70221572410179,19.350186754067078,17.96849922741957,15.933837735755674,16.687240535958455,16.21121775263924,16.334297735017717,21.303968049078954,18.252841267761333,19.090563099192465,18.196705643770144,18.76380719265755,17.015985175761042,17.65387352180279,18.82988398238913,17.988000093933938,20.12450712113159,17.9884693352034,18.116114538778234,17.507243527891088,16.037965555844263,17.59684635439885,17.348806435519307,18.85168567677271,17.618225421174678,17.65867270722686,19.895219054727825,17.588663971403218,17.60287427381155,18.591123378609943,19.01401910942803,20.161631259183586,18.08229375138953,15.518286384048885,17.23212401546532,18.812027890293926,18.012004042822195,17.653484795144546,17.955641210883797,18.767223580343646,18.353252610729413,19.222172889721143,17.467102183197557,19.870407209943693,16.94117034874128,18.397184869535483,19.62723042027616,18.173956618065525,18.304776737215988,19.633059880100713,18.566155060716024,18.3024330663588,17.203473177052967,17.339106817769917,19.511183396467892,17.040807403145596,17.77637524388059,19.830327951339633,17.58828008906445,19.06682727351295,17.84974929242954,19.674431013008057,18.692030202678463,18.695548613754404,18.00089276518089,18.216500456359693,20.14391969382393,17.041036383068,17.506371931670664,16.9834791730893,16.846763014076195,17.135682470452494,17.921334629732957,19.3670301126076,20.22231313577134,16.011583206265055,18.08659658835658,17.288916853431864,18.592809611137366,18.627932717147196,18.258102720509882,19.644602402714003,17.739457150735767,19.05258081622017,19.259824929697643,19.228428840028855,17.460165028686475,16.02549384368382,17.91976881103665,16.14433001557193,17.241366140232824,15.467991926835364,18.591489319431417,16.67576084700986,17.257757718432128,18.67903073230052,16.14418822580545,19.608989339963607,17.83187818022067,17.76039679622067,19.588844978819687,17.88729316713633,19.044758684829542,18.80688357344566,17.791650083713535,16.861257332163337,16.221313364081215,20.031314409800817,20.427044956112645,19.692423913955377,19.17115099671785,17.028482881563782,17.6512041683458,17.68621423025568,17.393412319184407,18.287045371210176,17.48683066861564,17.38964173866341,17.30671932467386,17.90801304449149,17.09588827469312,18.702412087181123,19.088375871180837,19.49831507265651,17.62807232625735,18.185681714125007,20.908481566342026,16.94370254728852,17.977689910479842,17.284846747557808,17.22899526890881,17.400044263672097,18.54363035874208,17.37381632692712,20.445202815313447,16.05044363668504,18.293713041527205,16.704469113352843,17.97993895863857,17.611617002156674,16.95138846785643,20.312503051160647,17.570421073006436,18.002924165724334,18.44226605832928,17.18652985403922,18.76799608126289,18.683232833210937,18.39655908369228,17.506679302039533,19.748777986760356,18.496377650758063,17.031468271411914,18.88826412707977,15.653213929469622,14.927711574200366,17.38418200504251,16.203577843754637,18.222873027115078,16.347720361066386,17.874736289885437,17.96911032147079,18.30017635051488,18.59416218140537,18.036236217116,19.208495059569145,17.154803358316094,17.975818332377745,19.065762923860458,16.738586603416458,18.064020843525213,19.481479823496834,17.776875164799094,16.24351048514153,19.06578019734453,18.327599331025144,18.676924524296563,17.14404733917529,19.006183780917482,17.03103847931214,18.274242003942494,18.276080146252657,18.904505116618374,17.951986738419155,18.207830519411946,18.08887242559588,19.14198363235504,16.936853151068167,18.60365376699647,18.54907190637928,17.292650822161594,19.609960462159584,16.401178619897276,16.016798999910613,19.866047321351353,17.375958935675413,17.580758623114246,17.668146292156862,18.76536585819502,17.04576085229261,17.129985448830798,18.484362943667296,16.80173660285868,20.30240669215603,17.443917746563127,17.040639243186384,19.480068534112345,17.34959502891614,17.946604239518333,17.882681372109303,17.638926265553266,16.483582160290144,16.841404688550835,17.075417390074517,17.10350671484713,19.294029630410044,19.47844748355327,19.015210725721882,18.48998067730802,19.15618322669271,16.90225336599525,19.25726632925985,19.59956463769181,16.57912806738101,19.505875296829476,19.903567214168316,18.180754470268724,19.079262604021036,18.364086757102875,19.574039888188643,18.491630222696468,17.450835985846982,17.57258302508383,16.986480700925416,18.599829962827897,16.741577987442774,15.79699464024149,17.821440984211538,17.688000800176336,18.282432196981766,17.988055350227533,18.10414658134105,18.424457114872116,17.060453544470235,18.192504728145053,19.104855824772027,18.304096709592045,16.804514468472277,15.823204884170071,17.324528352884247,18.263919837921154,17.808933421537564,17.18671651791656,16.463791455523012,16.52568223908721,17.080901068963474,19.043573205861193,15.935205271711474,16.085939229349982,19.077666910181158,15.564726685255119,20.262949798821055,15.9687493261106,17.893537530675893,17.297295897038943,18.08346549650482,19.34083653058148,17.04399181949122,19.069443448003536,19.501582298703617,17.873123824366182,18.42877227318224,19.008643502610145,18.617647746092878,16.960461544637862,19.210247432013087,17.692842079435824,18.797582263850938,17.373775802087653,17.284126690853416,15.79002481654481,16.849705135672206,16.985569234868674,18.549853236580972,17.5451354446646,17.023549104202093,17.48756931364102,18.496501258617794,18.005771569774925,18.233540520201792,17.75844621478661,20.164345404178878,17.760870217984607,18.855765323432326,19.836675004057877,17.215337555667954,17.091874868736376,19.768375165761135,17.494729547701287,17.361123677778124,19.335172564995585,18.553754087761888,18.588437421553945,16.535615662911468,19.253500554292717,17.142536885915387,18.7045737310429,19.799749861673156,19.03833440326048,18.752147869873152,16.497676499036398,15.550754851608065,17.472032692905678,17.889220283818574,16.207266433334553,18.49635354760773,16.954583673166354,17.76123134582802,19.474334868333088,17.150591793363596,19.750796867713923,16.696930173666782,17.986811662402197,17.627704201698467,16.03311599049018,17.910418381198806,16.878813203210537,19.020292035313542,18.822943670140567,18.69369813526888,18.121232585865375,19.43415492829193,19.244952620066538,19.208854969643525,17.69446017937247,17.688753102725574,16.879778083167057,18.555313257163768,17.848856388381037,15.782297109905038,19.59911747761985,16.48607494530493,18.318666433150483,20.157979370330068,19.409527676563496,16.646190889771216,17.200887175575833,16.25766310025483,16.852301378232465,18.36525943479511,16.910790011310276,15.558475852433277,17.291539996504614,17.606853919883147,18.542455536586164,17.64746879778547,17.624617564949578,20.231700178009245,17.287606764428777,17.778125587405366,17.454593066263207,18.203273168771013,17.71079584292322,17.745698012001153,17.92578661337418,16.844452762574743,17.232977216155156,17.764578962167203,18.896634598843466,15.693042699666671,17.517454467481446,17.417489037371425,16.720320376103473,18.162850100638167,16.64410750833814
34,14.227563138919436,14.207275136262759,14.35649271451454,14.75329103150465,14.598963055325502,13.817470622735735,14.385598290852926,14.131038710358458,13.568165926715334,14.049135405975054,14.566496967398304,14.309280467772595,14.397349595757783,14.335549739786174,14.09502134085292,14.301477656055338,14.367176201761113,14.367752323316996,14.21021320136516,14.008910146574046,13.508167376090135,14.531022184685064,14.03046399399968,14.364245114213928,14.720297851420044,13.141506237428057,14.417555547259553,14.241211626069639,13.258585821680864,14.732474984290814,13.640244351144306,14.25712096286369,15.142379447907754,14.706793182317394,12.710297603869998,14.2940691070026,13.912440075217583,13.402692361674966,13.200325793286476,13.161848793068598,13.661881907178465,14.054313980091978,13.807528487697699,14.483083786164032,13.504700279872791,14.815003074408988,14.070661263882574,14.072528129897139,14.004899482687197,14.098597176025711,13.447378809708406,14.573559469081008,13.55781819736035,13.851453614857226,13.997796615437284,14.259624385792929,14.402666055494741,14.055149848295333,14.552849199139013,14.158024718253577,14.993490011852737,15.114808491528619,14.055794817586747,13.707961496834512,14.034028963677297,15.183372730231142,13.604423448964742,15.205519898660292,13.526490622756342,14.854962906238507,13.718315579878796,14.028877322948441,14.107227330866994,13.404811233595417,14.105455150991725,14.526980911198054,13.997231587197287,14.268398068329086,14.038655852001169,13.526322360719025,14.410081079190675,14.268256236224204,13.356622969012777,13.517730950546605,14.872815100046202,13.927780365376096,14.175613164233683,14.112825439506407,13.654115083399725,13.586074019898048,14.591627345850197,14.16020415612467,15.158308019816838,13.64816848311279,13.870754321019957,14.077210313699656,14.415792215982492,14.24610047465639,15.060388973349642,14.64972203185063,14.586999741344682,14.431851077600054,15.274028631799231,14.13689833547443,13.610124728806994,14.424492885088045,13.946267014745123,14.46140357539865,15.228563549191614,14.118096960602431,14.302226282181305,13.080053913355698,14.199094103157782,13.654275553920815,14.517010436595168,14.184304345003241,14.248580882993103,14.334742135901577,14.855233179971245,13.561346618466294,14.208619830718694,13.155015859729634,13.985165987726514,13.638750060516143,14.92218350694063,14.958497986934539,14.219784677506157,14.033355931320504,14.932303950170777,15.59764957452273,13.764274773781512,14.372612400737417,13.603994022272905,14.323365588725792,14.74124805249185,14.427543457929424,13.200053920604063,14.172260797078748,13.141238923371116,15.245340908843847,13.562393474433408,13.710893185699856,15.451865536795937,14.20348228031166,13.95583091430132,14.086320337276097,14.511898183776825,14.0888792139909,14.124280937210173,14.225483850882195,13.568215381332495,13.970633590183756,14.064080370194194,14.050383071712,13.670734927636389,14.568733030159338,13.380009036625092,14.759506115646886,14.498279553553068,14.365894108037272,13.139810313267947,14.126919256318562,13.704881381465546,14.01418291453931,15.575461439543584,13.91309380345613,14.401692609907043,13.542004768677142,14.19086442496698,13.900202299645061,15.086121727570688,14.15772885099867,15.745513166844072,13.122027924495068,15.176095390524042,14.412465003596933,14.463949538076454,14.0583484909051,13.978649381879004,14.249992423147045,14.131499467622145,13.753938002839934,14.446706885177267,14.012596619386358,14.149573143996111,13.869369345472137,14.872763609901424,15.216393456960143,14.590310425038993,14.513540138521309,14.197607699581912,14.139697621129544,13.79391709286898,14.114067317278831,13.49798040240614,14.243756114737796,14.740052436110197,14.351266057996899,15.036389068882384,14.354468038958222,14.182453432553817,14.598485956777791,13.093619391799878,13.656932308753884,14.196045407833921,13.319242993437792,14.012772226771819,14.460510055755833,14.186611346114898,14.292493883626625,14.242307318173406,14.012055392816533,13.93747114629676,14.064188569352739,15.209713147840606,14.785481829382356,14.063972606967361,15.114647037980614,14.335720237322603,13.22462849620969,13.539045905069742,13.779175860614798,15.028713934767937,13.479971498688503,13.781455491150666,13.979443847477702,14.632990608143121,13.686775174312977,14.306834751233968,13.996299347007266,13.144628854460219,15.528589686882539,14.677448142562483,14.063592185448702,13.13603227794197,14.165261679643606,14.566094712307324,14.380679860069383,13.44986280612842,14.807255729473084,14.533698079215903,15.080661345220454,14.360146862223868,13.206876152378133,14.488484118834306,14.850593421063444,15.27210668831845,14.66432898403697,13.465551022960426,14.389966820056314,12.866316129552649,15.265157563619073,14.148933055152527,14.206635142142447,14.939972712669588,14.879894349150371,15.43623534918918,13.971575735803212,14.11321508873426,14.69684484301048,14.064282107811334,14.559528479929497,14.316188173041795,14.367336553010716,14.67562414840204,13.792286516991018,14.113695843377819,14.323239422869952,14.205194630648336,13.748234200363454,14.092587421223133,14.213865458024342,15.571028534958739,14.075193682669958,13.732394288764063,14.95334209889615,14.390258125277635,14.309186846958195,13.18586917510101,15.205606168183966,14.355180486618625,15.261227784005845,14.176564560658182,13.791639134454824,14.051697152617193,14.345009852875418,14.006465574644103,14.536584926780826,14.28646220545408,13.992768845995911,14.029074125293093,14.203691822955605,13.648244027445081,13.638347080310009,14.360738119306921,13.947074613880464,14.05402147464397,14.50517698546207,14.120370524456881,13.69415740285931,14.19563957447568,14.901704761157314,14.245373981548514,15.433992780062393,14.991508416540734,13.773152450087359,14.43338647478898,13.99947735246834,15.49114339857461,13.302935562668475,14.809243698315885,13.845267226547055,15.565594463846843,13.075867805666658,13.117616012314416,12.979087552918983,14.47382730802787,13.17031287687361,13.887794250534403,14.430138943671796,13.044913214532354,14.160885161773836,13.285574055337582,13.780425448981916,12.912235252238377,14.13140077843146,15.58466039431967,13.32501925223557,14.707514855795376,13.242546929563787,14.810027514406169,13.282629229996271,13.316137364443213,15.904986300822165,14.044125584098296,14.962046860727556,13.790300687512905,12.778481063899719,14.613497513360166,16.48481689741118,16.782953442385743,16.603246246092112,13.048176449070983,14.176135960132223,14.01440814843214,13.618824776126266,15.547230369430146,13.763019606759514,14.09633228085181,13.414779314208474,13.571531785141685,12.651855753881724,13.745453852594894,14.451834687720373,13.103959085016475,13.24927307380345,13.78862861647692,13.240040438576598,13.087603758025386,14.485300322303619,14.361743754827183,14.028989498884446,13.58518626717632,14.214169177482395,14.163603642475316,14.402698009979359,14.161406803906733,14.621055010468782,14.0143543499123,12.703902285105572,13.537129524936349,13.812585971902505,13.794045867040346,13.941319508466151,13.303971394824508,12.742321412583523,14.307943609329458,14.966107027960573,15.091042177439405,13.55483588036608,14.745492337827619,14.265934208568241,13.353291279868557,12.61986339793267,14.159677406216298,14.695461719199752,13.507972636506985,15.259644109763116,13.673390769065563,15.178580475225983,14.007252890753009,14.20162315014526,14.261011468524426,15.029602241423744,13.405305279863894,15.353964872454059,13.91185482422798,14.369662933535263,13.879472823049188,12.965553972328436,14.90493753270409,15.737793255803266,13.285203558813272,15.63792519421637,14.072652571850185,13.13670764573221,13.382017516756232,14.152360406179444,13.97731354490548,13.67908633011758,15.629179386346845,13.242204854462399,15.774452336496045,14.642197664408863,13.278094270999516,14.132271873741253,12.863477487881278,14.229712284906151,14.33930281952217,13.692201989471135,15.831096354705918,14.981951371891949,14.007682017689378,14.103043954781903,13.432964882590849,15.361374214574626,14.767112072699279,14.179625140900947,14.584586658855326,14.513568404224404,13.044832043933935,13.59402644156091,14.455616587446796,13.1077470726445,12.925096338533331,13.759553918615408,13.358006824599409,14.231067730719925,14.16848192030805,13.067544421442653,16.99819563839837,14.077528661441557,16.66123358496264,13.920922897895776,13.975848451054977,13.83214243611673,13.862559122237641,17.632077698364373,14.263230638591644,14.213213137832566,14.348417035196675,13.608336773475264,14.046176365437631,13.303528553246906,13.387137041312352,13.938584853031216,12.916297745933624,13.538581471565289,13.037571012075576,13.974585311342969,15.937583661213152,13.3780445181535,15.568743217502425,14.233485623095268,15.718480667645732,15.842456236226525,13.583861351610638,14.86159833214714,14.228397473009357,13.746775322622858,14.234136354318094,14.6388630369533,13.580539513380497,14.691531099171646,12.853482315662454,13.65208840370171,14.370414392881282,14.709350336021767,14.473090127373881,14.275188055378054,12.913561688083808,14.377229722986135,13.99666094650617,14.019720648080433,13.727476559723454,15.191215082909217,13.324237400742248,15.661168364407926,16.417964212181996,16.55796993228534,13.381080814055686,12.914882607862753,14.04916882839204,15.453556306238088,13.065904856142215,14.4099151825251,14.954351638382727,13.589247077957241,15.554488231039663,12.66310254573813,14.828486635644127,15.591936998817923,14.240289933379309,14.195137616595186,13.967991762986014,14.082295630421275,15.414231483532026,14.633782879563753,13.688964041713545,12.451933564544381,13.176042248580014,14.476905089437043,13.762523951108914,14.098055893135287,13.38139072361928,16.661894965068786,13.581466538746358,13.541198291843665,14.849871339399689,13.63751739929658,15.62141746916777,14.005474721515535,13.96692981037403,14.274558120128264,13.751873903947171,13.957919700620625,13.630120747363293,14.95758647470663,14.208825744678412,13.3098645045519,13.698073688969199,12.914091467144825,15.350733186836973,12.8920084629029,15.070744898221928,16.841073185571187,13.822689891257873,14.5709526612738,13.569434123478763,12.880350295416903,14.799264347356564,14.711353974712218,13.290342214600473,13.734163940186118,16.068993443180506,15.723721528567195,14.828217138908212,13.68766898083528,14.667712257057538,14.33626250848085,14.543724583343938,15.587484949753504,13.378199880522718,14.453310087622539,13.370596691649196,13.818565595225667,15.566224360824599,16.713513359123002,15.505829388237617,15.581960523556017,13.829924562872925,15.141652167831142,15.455594911719201,15.128890737944182,14.57276178324807,13.647507715857524,14.421701946058317,12.791713239284734,13.647623708455104,15.135868987161029,14.03740999500914,15.259192001423186,12.603581388382226,14.443908220290268,13.834645509012368,14.950000958828113,13.56026329151896,14.939057053080415,14.400126959379275,14.443669576250247,14.896346906417484,14.84901010799805,14.211409216374122,16.074234018252884,15.04144549121067,14.049767572282944,13.62903915806575,12.63980058205548,13.701735367342984,15.057278075319328,12.983476259049995,15.04161406238651,13.631830227450763,13.296083179432086,13.57874579214338,13.267158331874612,13.524228462303752,16.66071907481574,14.043570440029834,14.422747584663485,14.386525299189929,14.842277275750572,12.506312578767222,12.563263140187534,14.345165461102717,14.352343860019488,13.759844818219866,12.517060971233892,12.58919690848885,12.557528637995926,12.522859852681544,13.86023006486593,14.080090742310512,14.861511751032063,13.915427693367649,13.889737435502614,14.436104301285022,15.060295467833074,15.451235085216727,14.309963699568499,12.820810881433053,14.051358293419138,16.865518919564185,14.661709816341958,13.777177986269356,13.487160689001579,13.74141234288985,13.578513091117493,13.697762205072193,14.01716749329079,12.438185709924308,13.79962342614727,14.611299509873124,13.419566847665902,14.14874648459978,12.526320842583155,12.841744086481306,13.869752497874977,14.796087646560196,13.642658191542953,11.667291767494772,14.448173084435147,13.787802345289364,14.473040295474572,14.391156896764086,12.626908652466922,14.04889313029905,13.788901946159422,13.926666983374268,14.253156553340926,13.641244573696758,13.685680785153684,14.29083308386295,12.664956209190704,12.558826709533854,14.729490028168899,12.848419492372864,13.014082793704452,15.081465879745151,16.085564938683795,13.386676623573697,13.370851973237182,13.599939204898586,14.746807986811442,12.276491670745004,13.114783317681383,13.274982638667932,14.628002974165646,14.359299117602065,15.863231956187372,14.51564960242145,14.657821111415496,13.0517820706294,12.87282418802961,12.821654593128496,12.360483528981684,13.723599245853046,15.002843459924755,14.968634254566945,14.363540279422438,14.397014940217103,14.235209004707453,12.846057109590502,12.319338469871141,14.940708666884998,12.855128568912702,13.995583055665563,14.21210719135983,14.495398742647401,11.688262050363502,12.568310067947822,13.51445419666769,15.589221190996012,13.353490476827679,16.29264291870264,14.753731264955363,11.916744989217888,16.781447384563947,14.54652185209006,12.312443054803735,12.606428417425688,13.734679153093463,14.303009209078196,13.690908420939838,13.491411440138824,13.18020779824813,13.522312286125462,13.975896325569927,13.863723924880107,13.091315618066611,15.171873979769385,13.57715600491206,14.575499939275188,14.947709795019541,12.514154164845165,12.327094248255683,13.558872661071678,13.710816984585687,14.698074131528239,15.85687525296867,15.31544630175569,14.18435820872025,15.076838728900267,12.225989956780895,12.567271515017751,13.69117666647339,13.887538882705334,14.800895730783134,13.82978347418642,14.654285044864041,14.599630266735138,12.726521976682404,13.932051649356367,13.328597887756771,13.669822943612264,11.171497823802644,12.346198345981891,13.904189865332233,13.284393397405847,12.951517090602893,15.287435704575381,13.437233456195605,13.249770745067547,13.525930688161521,14.002217294079994,13.117390245488577,14.632907548304068,14.727462631400215,12.441684646506948,12.601763757623141,14.035410362290964,13.871841951749973,13.643498433882202,14.877288542895723,14.398440459445082,13.176826429789319,12.878689027503986,14.990275426355923,13.680235380126524,13.251847802570685,15.540418992221351,13.894650303972693,15.212586613573762,14.433658560512717,13.426850270407122,16.86354072858206,13.922626924211071,14.123305038933498,13.358192021068078,14.844625298974105,13.697071176377971,13.761908515019602,14.968284146308918,12.924787543366936,14.358736545236171,13.56021552797412,14.993960165822227,13.993957609600642,12.455787619600233,13.222960855399284,13.898225655698733,12.905349997348571,14.401437015634531,14.47358309367733,13.496712434152625,12.660037806030816,13.183239858622603,14.119003948315648,11.649729915321407,13.346956941374234,14.496353668902286,13.183693595340198,14.362535444423251,15.394300818330334,14.331501016817693,16.03193512521798,14.207440121100632,12.757363085365945,12.67599674426412,14.852338901461797,13.994639489106763,14.210729659825954,16.22420424820989,12.439322890717916,13.827039607244735,14.700170242525976,14.406069172154451,14.269246490792542,15.006654902257123,12.371928604987236,12.889434372687235,15.252457465920102,13.698520120476445,12.841496312620276,12.971881411579915,13.99590323811848,15.48015197820066,13.838557579779975,15.19133308533653,12.774935850778537,14.266643796370328,16.19952271602611,14.65811170750095,13.79477516339206,14.811794512831518,14.020502187532639,14.950854918629707,10.977113852110179,13.660628459672601,13.861629048179003,12.53376732096621,15.093991840361328,14.208198674905782,14.59135202509096,14.13589191162775,14.492763275993083,13.113459088185659,12.186774395407857,13.764272508404135,12.229573894518001,14.841732283720468,14.843363445833981,14.047182711744828,13.538178361288818,13.458062061232605,10.898801403036808,14.26133203950574,13.005776748197338,14.429824329540738,13.80776994051589,14.615229938677993,12.822554720000117,13.852020981531386,13.850408377797724,13.89094424821088,11.079517781183037,13.543302738821584,14.620529174411812,14.675311717447224,13.548313997336768,14.074213165077582,12.480305155666853,13.270437442187022,14.501614613626455,13.493661371764068,16.49427690659613,15.97355349212466,13.88918021655449,14.576258134102975,14.679479282364525,12.66506900585105,13.47845198603256,13.312475519698067,15.593613982331117,15.391583188813092,15.460433732432064,16.009961032988304,12.659359581231106,14.992273857874794,14.439480999382457,16.6689780076276,12.551957904622256,13.174455913318532,15.042021694131499,13.418516812248653,13.155361478853644,16.13077608621527,13.73783023384245,14.192138827905392,10.970054823453387,14.940700781135142,14.135321180881977,14.809130873404422,14.040237344337369,14.682529873696394,12.864579656138872,13.52586623687326,13.418286340988445,14.411392031986148,14.078548885794595,13.458093318275038,12.291419913770824,13.299528999513035,13.144977908895207,13.979858586623077,12.803785050236705,13.216927390080153,15.202190147346293,13.60301995513508,14.417817640435322,14.827571449739,12.017750341238433,14.98360920273526,12.484977867075278,14.852328772116646,16.034462573505547,14.316333270098736,13.874712634187524,12.932563904873327,14.547531984281648,14.399697663770045,14.44773589732698,14.348643800403098,15.285196306999563,14.773084457386314,15.147767238087287,13.191429697908486,14.447052795655368,14.396366483190178,14.42952058418685,12.017705313675185,14.13944789572561,12.46714183829918,14.615110065369285,13.759367690979138,13.533933231097294,13.617147792343774,14.813586091163486,13.952865625431382,12.370352795161953,12.73458949141175,12.983698359548537,14.164561482361156,14.619377551840444,13.774956402831565,13.183179237515736,14.060178708457084,14.165293241396611,13.663671299920761,14.441320165452856,13.737674086666154,12.426495917458112,14.206425412402668,13.544818651481924,14.610291622712758,13.089006694941313,15.396151105184494,12.301971618232058,15.464678137538497,13.732732484932809,15.154725986312178,12.29548211800188,12.847956851167508,13.52166012590602,13.41124421907427,12.700248792566585,12.058696656381262,13.19695238187535,13.979901406019685,12.85653427118084,13.822854572108202,12.231560684501178,14.898588583132085,15.621421643189338,13.12925392029957,13.562205223879632,13.068262020736112,14.204646196274751,14.751057138708351,14.376467696205864,15.223035090862734,14.053748843726932,13.123975394537984,16.77507442230459,13.294623556752363,15.526914108335115,14.476616803390248,14.359353043229737,14.882288119391374,14.148658648189391,13.068271856477189,13.223012715589972,15.63112428394652,14.323168712686655,13.755338989007635,15.038060501163661,14.019350943521971,14.748806013907169,15.532669401350262,14.362900091322542,13.050181462161241,14.161178282765977,14.18121849819412,13.548101834183932,13.488217255893192,13.63487855761295,13.459513817548617,12.11783130780783,12.86348357116532,15.43006052137253,13.876597751055526,14.709457291292237,14.648554471556142,13.666234702175634,13.678150343099553,13.071249089805871,14.407968376882266,13.077489387495016,13.91023147333524,15.464732203846,15.358744065172756,14.547869918567187,12.967610654717944,13.271079189466121,13.857219355065602,14.187314165770003,13.541067542891048,14.086278136862656,14.365696589319066,13.443717529738118,12.294790347239855,14.006807328187639,14.695595417595579,14.406531845353472,14.495834155982863,12.418294601671338,14.161245765881468,13.073814433663866,13.171956319953352,14.597589604550622,14.66831162593709,15.19607622070816,13.604948046133536,15.458466663242346,13.482207087206676,13.998316259986673,13.568390100297762,14.920860362837889,13.414239194222295,14.536290433656754,15.197910599167335,15.645071615146877,14.859196766549305,15.486824557445557,13.03159823709876,12.597990447345252,14.547424296291998,12.542552522802282,14.37009836083042,14.921144351479887,13.665772819650986,13.986418682875092,12.497635481201648,13.858047518954686,13.857159756840959,14.455805916183186,14.770839270734784,13.97875474313591,13.27727234566589,14.116769506506593,14.21260241017898,15.22538809668546,13.617466401703984,15.567413526545279,15.268528572558079,14.598035774087135,13.639230438772005,14.618245770830352,13.940658308143487,14.43436173349938,14.968749293192838,12.940817016314794,14.24055395438935,14.116178305265532,15.026443564299559,13.646765623849062,13.435319181044958,14.247598187863149,13.576417245248642,14.682879076475054,12.242160076517838,14.413984417188944,13.644962410438445,14.84669593350721,14.485821752928736,13.82771600571787,15.323479319027454,15.867638850367724,14.134880231112708,15.49242946955938,13.961917160659,15.505796878855882,14.077645470870682,15.012310004313228,14.311217452528606,12.217126719009087,12.401699794195709,12.599921744847464,12.836168648764147,14.547962690308179,14.768593286710669,14.169376526949627,13.008990625658011,14.070715410857948,14.071815856830053,15.624063513039957,13.396669655699808,15.733699335902706,14.459787745181558,14.246702205672474,16.692399332706593,13.307236693727807,14.436167558544629,15.491095967687503,14.389058120955722,12.990576021969307,14.585618558851973,11.924050259743353,13.435848354786913,14.281538318287803,13.649044112452742,14.031702639765296,13.220662033153987,13.993234935389035,12.58146734183725,12.438346518599648,13.456174119040329,12.413986561587508,14.148143750707654,14.673146086064923,13.713752619132404,14.91721028783653,15.029355320522185,14.090774248336674,14.200422043632484,12.773780669704724,13.692714667710742,16.374176471535403,13.439383673051607,14.43050248924908,13.925539465649617,14.185974337589668,14.515828119731143,14.74597612559981,14.171627040565404,14.389314120429319,12.931296477984237,13.091112950967098,14.051513610421905,14.336753421236205,15.60125335380544,12.686160103297714,15.281835499109452,13.432043604457748,13.701947438899444,14.881054568137627,15.619040559060734,14.47118279545714,13.746323139287826,14.533159046013877,15.780359475549103,14.401600616766288,15.257005962721449,13.048238407552796,12.56905766813738,13.42350858913068,15.10150639714099,14.004430785590216,13.340312545064384,13.275062992483484,12.477164252825409,14.636540543666937,13.844686508306665,13.972844103896792,14.8106220677255,13.86916979919732,13.64759178589998,14.792826387569644,14.710307144285364,13.881260801031475,14.612288156851509,13.334172264422518,16.166408862509535,14.458281286514003,13.531844203308049,12.92705025489387,12.75706107010148,14.645815997473528,12.550211633842508,13.097945496112168,4.539682904425169,5.149955146141558,2.6893129084265612,3.815046211557935,13.052245881286348,11.108328396148616,9.990601341068896,8.291082870980325,10.523945920069671,2.461929533853076,4.295222927825083,3.7013236910424823,3.2754291694313866,2.6339237017582384,4.51818099630254,5.250219312704926,6.048554652853947,13.024231142240044,14.491921388160046,5.035893790930908,11.195913444256506,3.9853344141795555,10.53564928651067,3.0704464584578157,3.566895735586192,3.1899278230953483,3.696019489331777,3.972972401094302,3.430761732252321,4.7530077643745585,5.10227130001577,3.85020390697847,4.268142759474932,10.271611749497232,11.052642303811668,11.853475566317844,4.743788191825283,13.535308338660084,12.01094156316911,3.2649510498558927,10.945704007681297,7.535577612210665,2.4689068257803672,11.012121364659459,7.603595406184599,15.592760894949256,2.938360545375626,12.724011569410072,6.300019686110457,3.286014944836083,13.263468144359521,4.005154920532641,5.46882913748725,13.693883184495917,11.861115298134356,13.746660769773227,6.730498394374794,7.52841766225288,14.914695715400693,8.844800657822042,2.541965789417365,11.403288248035494,9.059098643703475,11.24975173482661,6.209275229692207,4.310130113769795,4.771180422486062,2.7235869220852904,3.7255664671782687,9.346818193830984,10.4142358861412,8.727913334459588,3.910712727281708,2.8196147770194218,12.663738065018439,8.347756078858163,10.655910936272512,3.0974883489182132,4.740655241447207,12.949312056118975,5.6756302633461395,4.304180779173108,2.3663521224030015,3.352273813393876,6.239553043326217,6.326102110855249,3.5756206791543264,4.180569314493622,9.842418361534758,11.938175593461084,9.500659178534976,6.055575758294489,2.7574390824970214,3.3598184115061316,14.419822655732228,8.143689791886555,3.6896253523130804,8.088485864699997,9.84519754071318,3.2360446516262216,7.63381025963719,13.139819847821213,6.524372196529409,9.573936111985537,4.419147250288725,5.4465196492162,6.412018095398652,5.1367964337146645,5.277532991114235,6.743701431508062,3.6560072092151614,13.407294000567964,4.02071993741087,2.9493110984478705,4.305397157106162,2.9901158232439333,8.579288756531453,4.257770446092243,6.079773769162326,14.264640786984762,3.8558247866040647,11.11445683957924,14.19304335722162,8.28977915676884,4.028151968837364,10.481068923853227,5.195833796584098,2.87973886129826,4.22601041360229,7.367881358548712,2.5397021232316503,7.455818303997474,4.477226373159032,11.618513895290615,11.916898228815318,12.140789858691132,5.093932618393388,3.307843800863182,6.906656750117216,5.805131021438609,12.794414470163309,3.8063417483833333,3.6688575205543703,6.094334921399173,10.9269523032206,6.629806400098244,2.8930219783575133,5.277997876781171,5.611573710442481,5.018758967121945,3.9830385135677417,10.99942636717152,11.998847235680937,9.525285326157174,3.0134671845509504,11.669667709924894,8.929075249021716,10.826028854995167,10.015693989341523,4.141077798812184,15.252679706136355,4.405419182460336,4.386101324990595,3.6928732485969684,13.83952817405639,12.880847522026794,3.908688217129675,13.424888309225702,9.233440605438913,7.396035120628088,11.53013424098565,11.720970784603526,5.060711984322158,7.041251062607997,10.421047894751592,5.041369325643568,11.710321922149252,2.8273399643336288,10.531526527648651,4.531756841507636,14.256327557941033,5.456960495923291,2.926074155829817,6.018682788731247,3.1079917355797453,8.536871414185114,10.343714759109673,5.181841715400818,2.7989395506680306,3.2380908006486413,10.92650846639215,3.932688977267868,2.589714048906736,3.044522428617531,6.559452350988364,13.680656418008285,7.170777534881391,11.131982877978771,3.0875310684041266,10.066714124472451,3.7754495503784367,3.9341157544800947,13.040178974215753,6.193061410536148,5.374627392980533,4.399179270043856,3.079132480236544,3.722270478113169,7.89761835021472,6.69075471840381,4.213886198231245,2.898824080876468,13.842774397666508,3.247595096802963,11.301051961638715,5.395237822195395,3.914413341692412,5.1632104406834936,8.663795005655372,3.00947386271077,14.676930773491604,2.8928596726821425,4.48217272821228,9.910560757541719,5.309550519748809,3.7386438935857886,2.770598172431135,6.743607146577652,14.95425973131524,5.231164576694491,4.054397099343079,4.848563778495168,14.58716696462634,3.53335952134119,3.63970789262049,4.1034915699829275,13.44010529144613,10.903452652930554,5.576751202546199,14.059157261450308,4.852274362910608,3.4593833188027325,2.555909406646847,5.858422224177728,12.743621643927339,10.490229477051482,3.8774537239672227,6.755207243216324,3.930384185615295,4.028686397269461,2.3525061513834733,7.119120057083118,12.34651580941741,13.770084308258697,7.327122085137445,9.26813408042284,7.54870323248404,13.610127269083248,3.776235269265896,4.099935732879493,3.992495781178553,13.122169568786042,12.09197355070483,4.432451451386547,3.84787321469205,9.296449257809385,3.1847880165381626,5.435872083714901,5.520207089685462,6.450355918519264,4.2105247921858515,11.972724993224576,5.456630850943541,10.574406108459968,4.855246324144783,4.453731371222149,4.121282787825267,4.566922274875866,5.686072975338277,3.2204445863228126,10.652186640949308,2.933866784267497,2.3267651985906674,3.6632923373135826,3.668374099137033,3.3763212073789353,7.9079870976974185,6.708137771572742,10.403936823423033,2.3599577778308136,3.0759426455838437,13.919930862652235,13.151546309045322,12.641080196826586,10.018579563492874,8.426159868197818,4.264475047635044,5.014615652380081,9.917688934760783,5.174765098614032,11.119195065712605,11.411100136865667,12.235646774404783,12.221106876533053,13.216410440513203,13.510740988517352,10.22899803045629,10.243532991313973,13.433206145872258,11.264678128531921,12.877129284201546,14.015061483482135,12.910586825256651,8.085311494024747,12.41753225305781,12.107776829973428,10.089414176418696,12.463225807936336,10.886082004038117,11.498212402019597,9.91274629627563,13.280833018917594,13.201730501822711,11.427797103777568,11.404965609262518,13.236729606043548,12.970329259816442,11.693322534644091,12.458114029949826,10.782879339676297,12.704792212477857,13.92079802306636,11.376013668605925,12.729638355572504,12.161249209587535,11.381669127644138,12.988020515956642,11.317736528068304,13.197994082328483,8.62580491103214,11.453335429400981,13.337973821954296,12.376288478682316,9.855366399599083,13.297307601403777,13.113099362469809,10.583059706570388,14.360903207804068,11.402362073237523,14.230326019887524,12.93877227120783,13.568270891107577,11.369340623436669,11.89353210654024,12.600520590282033,11.569543063799369,13.102374538372736,13.216472374706006,13.133556316204384,12.437796774724688,10.342024623411286,12.87658298743562,12.649758118434159,11.381210662355617,12.864530437197807,9.915402088009024,12.476243042537497,12.716915559797629,12.637637745908519,11.533771414160652,10.8961718385258,16.56886776730011,10.694860547764375,11.154457874372234,12.635751601317903,14.230643342179249,12.677812071715861,12.41209334455123,10.943098468236062,11.522809010989178,10.086324301134152,14.51492776931494,10.023601658582644,13.03763355522458,12.74454794464417,13.374471747685718,12.924849520719748,11.444883620777349,11.2974365647751,11.596419142568308,13.232331411900244,12.840675612364203,15.246750109775613,13.737076097470853,12.256242102191775,12.27473864555852,16.194391581725014,10.047898137567332,11.619622007572968,10.916403859979448,12.79698714698741,12.926569508075808,11.414728133415226,13.061366743969149,10.303689318008184,12.25493326867913,11.886118772117957,12.17400515192091,12.212512180264213,13.05328255750518,8.513350062640304,11.963540329862678,13.156253344823956,14.11304057194632,13.901513254955166,10.669465107113615,12.866154931112158,12.212313371706875,15.858971132578738,11.766922060839057,14.683287190611646,10.321511131755512,11.71394518846984,13.28643022924504,11.86422831697517,12.480719548846341,10.798415290757996,14.067945475260602,12.683671123614495,13.979702760870923,12.16302131603542,13.014727829227166,12.80741984165605,11.92328805812271,13.773214647421876,12.268980010867134,12.119343836380406,12.35242692387315,8.834357665509481,12.91398576620597,13.164475660930641,10.114515905702866,12.114767023746184,12.292946973203938,12.469274762612148,11.185474539459358,14.166909961510482,12.217357244306628,14.653177334262244,12.755451446630632,13.093886758009049,11.618327745876332,11.48880260044381,10.528385921510406,12.218822883658042,12.962292846211595,12.959432590505104,13.397074350561649,12.584032018278283,12.766770227377831,8.759078102352015,13.850101348041248,12.506567926778361,12.968644757099218,10.86233566005843,9.599250837697397,10.521104859214319,12.66522064449637,12.87866043757467,11.741266143678413,11.800178125564782,13.331562291683724,11.393234183948298,10.53258685627292,11.028706369108294,12.143786584375421,15.231670093898163,12.411068664103329,13.027530736504481,11.977156834812448,12.555129658131754,12.476889357736969,10.672113223609252,12.585948556563295,14.141912362373176,11.946018993565342,10.509870798721384,11.804714919813483,11.677276767109364,12.701509115398512,13.370339669831266,11.355060693123296,11.435352472793063,11.311192912451308,12.717608496014712,12.702021978919095,11.36074504777465,11.664013877262306,10.86168661939365,10.044643636717252,12.501244095621102,12.799321506367585,12.905388875424793,12.09937843568911,9.67327437051532,12.517901307729923,12.402404303545202,13.582184767063227,12.197224445863542,10.142504836091039,10.608391532675178,13.014850794433203,12.943942970332815,12.49110818888315,10.012742078458437,10.703892210033768,13.250450402242521,13.976497223595057,13.459912918618167,12.682711329251502,13.084585292495206,11.102490776751846,11.800744850022383,14.237073921225255,13.12044682807168,13.02114673385375,11.285446042207857,13.772826162443623,10.735610669110613,13.347289347592671,10.199772928271013,12.756565382681435,10.592696988496353,13.521136368226738,11.333199932892533,13.299197060504374,12.918977450907098,13.207884567085872,11.836822492003435,12.481222628396498,10.180594912599595,11.704322329641316,12.785634061347137,13.104476419589245,10.33865065180506,12.251202808211024,12.831028756245152,9.907256855071893,13.326928937857994,12.975044065363782,13.097726517859575,9.83192107842815,12.87751160276058,12.174725246119554,12.276747840186056,10.351783573918327,9.773230915039361,11.926593658195257,11.569775492189066,13.001326960383643,11.636087218883242,11.693607896072292,12.768313274476908,11.624999051120813,12.174473279628003,13.505811850259143,10.166446546618197,12.176298043380557,11.731378749852436,11.652593185448136,12.491971200157446,12.0518084085108,10.934726747699953,12.623643263803155,10.516202181988737,11.461730654868271,13.344890821443968,13.12684925899125,13.452667249846403,11.99470072981773,11.546078494163792,12.559438288001669,10.276699260216041,11.806173264588667,12.173150045369317,10.903115206703548,11.703960961743599,12.032232250617652,12.254614811223497,13.36340793170007,11.981962896854565,10.368673809704733,11.008799436331914,12.206592661023983,13.507119079381658,11.780154372230482,12.988647854875692,12.469204577728075,13.175010764104629,15.434928884092226,7.442038567498597,4.805211071699254,6.739731140062477,3.617444655153429,12.302842496097005,4.669402608754809,4.029365499521178,4.638751696201257,11.66200934400962,4.295418129904509,13.040785465104458,8.666922427925345,4.024948228319627,13.292964675837586,3.458961117681747,6.212120956108387,3.561744107149063,4.960072954715379,3.3601205917253667,6.21726462535649,5.499578731639649,5.583868502731635,6.516159908274099,10.806064356143814,8.109900739502269,7.268637536258961,12.54482234760985,6.787891886956762,11.388797388451842,4.474604142496944,5.5558420507728,7.3800881735124975,4.335608087966066,3.7883857651445063,9.096135185180653,5.898929473960188,4.028073363690355,3.506442629938163,6.100392031382327,3.0005282802753395,13.156641862664113,8.770665091350027,13.459578582751693,4.199028405879085,10.661064721161928,8.364927362157708,11.72753344302205,12.726782116651696,3.0606588823880765,6.439840769848368,13.668567868072593,13.696622473993141,4.321949256454648,7.196497945283827,9.428502094625548,4.175420961058332,4.9446447727408165,3.5446427415190063,11.4928478490144,2.6611609961629665,3.1878433466844216,3.5433476548212792,13.494314223008004,5.370055232870464,5.104228581209684,4.828837602809639,5.826352135117825,7.597846594310629,6.884990396469711,3.788284229304298,7.9438665605544285,11.480222017184511,12.313185543595356,5.0502922199942,12.795190200515332,11.303001936845664,10.270064137889385,3.810965551060012,11.40486139776623,3.767620552039382,6.9216721464539015,9.294244957213595,6.977725950862679,12.026710511135617,7.13228949868822,5.695429826371377,10.210366481202165,12.49815869790642,6.79722243297115,6.607197304979656,4.252549995122254,6.724948317389067,6.171375792709322,11.332971506425688,6.1397531800055996,5.530793182338205,5.6295863035441895,12.27401738486715,4.224704008696692,6.008365830579038,11.22592389984682,10.31351063568562,9.580062350274329,7.44260354526475,8.231700898008985,11.931807174441303,11.228675546036646,11.720897822089757,6.092743101561785,3.5496215608088537,5.565218480065266,4.895597016696003,8.686282396499863,5.803347527245789,10.403283208815633,6.433381876166105,7.2482845069533886,5.298679509979378,8.221291868448825,3.64801513276393,5.772344134321706,10.711653166201373,12.072975095948145,12.670711503069313,4.278318023105225,5.845309674485242,4.742888167608414,4.068715936887818,7.954368182912898,7.338280425548539,4.9576034540436895,6.998910151334315,11.74423793342887,11.672267275424922,4.893731444574304,6.940715498275363,6.4303022271693795,6.744553020836463,10.980553174210014,12.530037089730158,3.786308905320218,12.648803522020842,12.654179601608396,7.728806709541387,12.105111751813467,10.57191017475985,8.56871990294913,3.7788686700340732,10.130945009446341,10.52578258672368,3.6499759313470475,3.2299014814540783,6.855312517008349,5.114807771977109,3.4202014564801164,3.2229490938682233,12.210730853479433,5.572465466101079,10.734981948284986,3.510390549553586,4.981770422323228,3.868284896065323,4.604687289719083,12.764605878381822,2.9861361671137234,11.593350762659716,9.217066205416108,12.433019533727432,9.107205242501125,9.762659448969178,4.734334000635585,7.3873921686055795,11.328491274124396,3.0659808347146096,5.649146210480861,11.196215482200579,12.277505009315623,5.413773615616988,7.2710232174512806,3.798133496074413,3.028740729012282,9.449305848945533,4.727236155566716,3.5742877617928137,8.841647186348132,3.5594114501769396,9.051529025823179,6.700285855954206,9.837280034636338,4.006951965389534,4.28581857369221,9.81067755096822,5.141288095811801,7.20987600371477,12.60633878607234,12.611825646765393,9.194013033359038,4.757545004005663,12.317640336183738,3.9370496992256205,6.284886522851494,12.643997848471903,4.154363980610138,6.401362797050855,7.460300016254306,3.7765436203097154,11.52693970382429,5.851973139221728,4.630896729725229,13.49303484541442,12.933074324162359,5.797907252773934,10.185842439171791,6.422805739565108,12.970184634117535,6.879478636610364,6.35740563175511,6.296747215187515,5.356451694645463,8.945421323732289,4.239906231124216,6.517678313752204,7.7671581327844805,13.392643009155393,4.9659180752703875,6.807860411510552,4.174867190437458,8.10230504932492,3.6204888403836395,9.935346688072634,4.118716545412836,5.319305409930749,4.361536132593021,4.460627529396457,12.931369730963011,4.529015526636749,6.2560114467406605,5.5599996932563736,5.358058386754964,3.4021798233889506,12.265727495303542,8.014314222344408,4.26075121816704,9.721381507767246,5.563021866284054,4.896394464607527,8.767818237271987,3.3199308653628727,10.341856855296738,4.020621556663175,6.420905265910181,10.579867740648288,3.4088113492544365,4.472277858445911,11.977842116171177,4.03751882680806,11.827438133913809,12.122145947968248,7.164687195835877,5.5064363608619145,12.811356832892509,3.6777131734135287,13.055104481928563,12.205123980653738,3.8759013584686874,9.998406194714756,7.703724842327711,10.062017750969654,10.42894553058161,5.809216705383937,6.132692705678566,11.16187771710856,4.751122990311055,5.512834437575665,6.355208556661263,5.295913844563731,4.953544752591962,8.107656640227265,8.187728276627915,4.762222914315083,10.845487880516952,4.031092907664507,5.0082146200994755,8.981010387172379,13.12211306823689,12.975455612379104,3.0176826769879,10.687500413973178,12.73406851952119,12.989856931219665,5.088022177425634,9.890371822521558,6.475069419395694,7.395820700953556,5.011222003135768,4.504536618376193,3.68272918100009,6.439923796354391,13.03040636048793,6.310667128837493
35,10.191708853510974,11.057932964693771,11.78565499860799,10.890002130660084,11.505684611068986,10.37126035609939,11.205843656057741,11.45589277028364,10.745907746988854,11.463047680465978,11.343077189375556,10.897687395285844,9.980969673581603,9.952934857122196,11.075277137346259,11.016889649444268,11.19307149960344,11.765706888128157,10.666120081571066,11.078312101072916,10.065781255193496,11.428802197660582,11.682897662123862,10.82606083961387,10.948456089419825,11.876637769891294,10.92342595136285,11.041978001807255,10.396160116009474,10.898722441315604,10.484896283702472,10.931875687646762,10.340313983438115,11.789019414158085,10.29749807917016,11.421425221633305,10.242262681439042,10.442013919512071,10.423473375825292,10.140204033073688,10.09034765594036,11.06942945330083,11.857630398700465,11.483290890833239,10.495833579746046,10.832832674476489,11.700344394607036,11.291031668772636,11.709936177105355,11.176173075960978,10.468293071759481,10.89085881522317,10.688922346811722,10.980614926930073,10.761247478752702,10.969951962145101,11.530077361024203,11.12299384037087,9.993079155621343,11.486807555042995,10.385649015734236,11.278326224706888,11.26666968550503,10.766081196961853,11.486412512564355,10.567741528794064,10.279185264781862,11.233953584661819,11.649234871043845,10.441131887204733,10.320847276954572,11.34313320175754,11.035675718793728,9.955590746351174,10.177061500596466,11.795724200921793,10.74898776910354,11.151025055567821,11.722070270720252,10.379256162953007,11.554313011341463,11.048705563963933,10.737977339609625,10.386168492338506,10.471640861943253,11.244943394685693,11.094524875914692,11.885673128853862,10.21522919304045,10.190718970050948,10.958255123862926,10.927516786691951,10.5574218985055,10.466048307889265,10.36640817897928,11.148650960553166,10.01999324166453,11.4456330882629,10.318651593909738,11.008761709657527,11.455037321373846,10.092929075303937,11.186337861638304,11.911390789574165,10.089586116559657,9.939960046378703,10.261611374119141,11.488823536246526,10.445105257432688,10.415599404113756,10.946039780449807,10.597896923536382,11.16376491120689,10.768406072638868,11.580468282915474,10.603675955925702,11.157071809925114,10.297786685010035,12.151707084911788,10.719240709934747,11.182189309031175,12.014287405372512,11.148892306401452,10.115675578164264,12.117627188215636,10.384313542285676,11.160634952867044,11.675028989465181,10.375015127381198,11.331281985706587,12.000416274558841,10.954177904357831,10.492450330592387,10.976175360928455,10.99576327906043,11.517993483239708,10.170746800166384,11.107870045880986,10.014620743025874,10.48807745114376,10.150482222732471,10.564301958137968,11.291633198381472,11.090316913481184,11.111265986492352,11.875597645501761,10.259662149734286,11.082225698911401,11.049482137978208,11.145938999221693,10.315595628202674,11.475377889516356,10.353609284838372,11.085157620364683,10.809594448586152,11.539566839772256,9.91401225644477,10.856588137674558,11.475800505886951,11.302026781682187,9.984274792154192,11.929862188478053,10.34364361902678,10.453929420676484,11.420666947104877,11.07006115408624,10.845805594173195,10.51497611304751,11.102926286821734,10.358096061175093,11.296970804652505,11.119681064472507,11.437923038655821,10.096880485645528,10.475052828221434,10.226726852291437,10.953453207462097,10.747560632398045,11.791558856200608,11.186234656215426,11.289510043812006,10.889378126035526,9.941676748898976,11.61648217236797,11.43756980288101,10.985929294471463,10.839428025542459,10.424871589673929,10.97575810215414,11.080696864925475,11.126576789505226,10.647316100625073,10.803786844345685,10.49531039323644,10.315326744204963,10.91776768757059,10.901563016218914,10.143085774652,11.222888516153802,11.226776683816372,11.118141785383965,10.697614424225309,10.573131437264113,10.451953999371952,10.73493931316673,9.938601104550662,11.089534505047627,11.13142428288849,10.31160727691264,10.724042486758327,11.396875645404322,11.36766948317754,11.785090626547026,11.976025979493507,10.444163157745262,10.478980844705607,11.467778303134581,11.269365222134812,10.87926925114063,10.288417171301415,10.457029251662227,10.751379956875562,10.506238627108514,10.299463454209034,9.703828942635225,11.087131011231998,11.96432679329937,10.353099987587422,11.530167130172185,11.078543477570063,11.721238489808421,11.313550343433388,11.698251069157298,11.557469777509699,10.326241385870851,11.224134280553459,11.460070978456026,10.215369512494869,10.327982486891536,10.885783550812317,11.414394445337946,11.274481553954395,11.523444428835536,10.006896786759903,11.942291399069092,10.466703369057766,11.217085336543288,11.472072107267389,10.506825721333493,10.72014536981488,10.294828135281152,10.478987590010837,11.859410414609345,11.122207266589239,11.177892688469816,11.19970670499464,11.348475109365992,11.10979007223186,11.87672928030067,11.643546375213443,11.227430968152177,9.989942963101557,10.112755318658655,10.975567009423365,10.989381527288867,9.699469844078179,10.930726909720542,10.937730782097807,11.758707785840038,10.52861599132527,10.477396865393205,11.146528287663248,11.448194814343411,11.059769867849475,10.773528506480174,11.21041245940425,11.928955427732758,11.161067690980008,10.211617485509972,11.157238398696217,10.942363136378082,10.67598543356853,10.726853762969412,10.63297492600253,11.74456560253766,11.212810173399467,11.199493163430454,10.889295673613839,10.141601879176552,10.9861978003106,11.095169148840046,11.117520366226351,10.389336883794435,10.461040231065803,10.5386161355969,11.053672597894309,10.476022172704091,11.237336443860755,11.168694928750902,12.12402099843652,11.46782782481403,10.658204559228368,9.873176528416828,11.208547550507788,10.856022340871151,11.377371715058265,10.702279095802485,10.444987579305087,10.467336990435633,10.436682351761853,10.785180417176953,9.916857010330581,10.484087463602457,10.149302674558891,11.206393628573888,11.389992906666546,10.925150643967596,10.076341054716714,11.118515781593516,11.395428533477379,10.98676243354508,11.364881224167554,10.829919024938494,12.35216700284429,11.695674461350263,12.410820221053227,10.415675023372614,10.82418615837431,10.63303559833303,11.094934739198706,10.32365214093416,11.711617263463017,10.85643064920566,11.946785833379518,11.123282101534034,11.296399984948753,10.527566925963797,11.537259020614988,10.725327935025163,10.989980264540652,10.804604839674145,11.837430073278826,10.144577693844251,12.253347241341334,11.13630491853213,10.282014623806798,10.935887921955635,10.612225739093436,10.427997858039252,10.346365499910277,11.71152035163319,10.336477272844926,9.181842601314685,10.730807993760994,11.10259950840304,10.769906679880448,11.729011976322194,10.85055335684996,10.232157276722315,10.818152033405326,10.963763171573817,10.398444602987905,10.096660762576521,12.610233460017708,10.03338937191898,10.829642778072044,9.944584687721221,11.009676885539545,10.854280248083462,10.27021290978735,10.959905994739529,10.54881655729457,10.945360086477017,10.513420027801372,10.613374297873584,11.849802601512112,10.262279773953036,10.851476943331958,10.863921346102579,10.965002153474646,11.237588911858285,10.028442966968088,10.648205460286784,10.262818827400414,10.070799155984437,10.1112237674347,10.86370813801475,10.610991322324402,10.318669459381812,10.612987387508799,11.10331420179433,10.618493371673095,9.849187443476255,11.796673462184602,11.205367696248603,11.349011055428528,8.864617859662312,8.764236006826218,10.933824939663461,11.655194592844556,10.926288282817271,10.149725317680257,10.744234524475518,10.815592969893247,9.347555009915936,10.860620422349026,10.915845158692242,10.997035529936689,10.34211053572639,11.326290689985662,11.357072581161894,10.839340113095691,10.558258717836127,9.989348970201146,10.876388015267942,11.215296156486264,11.899852014313998,12.586668521222126,10.833034976651271,10.788004105701566,10.999435940177275,10.991571781590897,10.947620568142176,10.458433639499567,11.595056040385739,10.098024586451917,11.028936398173629,11.20537042906204,10.13854739299805,11.387130401237744,10.110035520820654,10.54351555578248,10.993976519853579,10.191296824256721,11.032636692512634,9.169436344979589,11.057303695437627,9.876029624006112,9.776384805429782,11.073137481746933,10.747722818725036,11.348019625222765,11.557638013587361,8.803963267461985,10.41213089035854,10.261382519606515,10.723887207970739,10.46059140679165,10.039964137332511,11.490585433902808,9.933254525443063,10.389266809837109,10.390605045960786,11.385907119195556,10.836899889948512,11.120420719771014,8.883276811699783,9.358978922232467,10.106243180441068,10.57678047264778,11.111796359563403,10.784129287362342,9.7010890475353,10.897920603628235,11.921334677444388,11.274908027381697,12.029502880104443,10.113589784582839,10.80258651020594,10.021747594087294,11.589212668435819,10.766327531104178,11.474898437311914,10.175191723330169,10.554249924086518,12.116485717418842,10.97773108834021,10.18676369196721,8.878070147308579,10.940008456799813,11.624007985836558,11.441142052319588,10.271918377757297,11.092121165699059,12.360671864606003,11.163995867721276,10.915708203995212,11.713711266508097,11.019816250297088,10.968547598424562,10.906191646177124,11.740870831716968,11.124863720284488,10.495866489355006,12.207251363093851,8.780927673121136,11.233298908277103,11.550060689732659,10.83896257295577,10.266976396041057,10.295577200619515,11.245000362166833,10.794107205412818,12.605854505745732,10.976083039725948,11.279848446645076,11.259732780055675,11.312279005753707,10.345119220702445,11.043855695539794,10.213431335055963,10.740208169859939,11.028082805830644,9.356022946881303,10.853280912453092,11.399741400803384,10.088251635188884,12.765420462547135,10.230501540009525,9.754601938323322,10.854169875270482,10.873142407090644,10.482575559474284,11.646528699836166,10.981821760688197,11.149731529930143,11.376665289989594,11.369523661493542,12.625412020306308,10.405975366163505,12.345005022679723,8.806515534541973,10.092909618120004,11.634841139170664,11.109533067361323,11.533614766415308,11.765612982959603,9.97535855685616,10.854645176209415,10.99613968585218,11.017907806306534,10.894544777066017,11.10272983945272,9.05025874856576,10.864585022539485,11.264726052048365,10.231725682323543,12.370329714412284,10.71463194658229,11.284912230564526,10.233219221825841,11.043302224910724,12.755237682396643,11.228632582532459,10.765657649851871,11.162039920315738,10.460859678219851,10.829384108236965,10.157945031998501,11.28186901553437,11.331755351806668,10.548759158531508,11.267833792562346,9.846181251630727,11.530158588544749,11.319378431140978,9.9263093298629,10.343488188024962,11.348782469208567,11.375231269182168,9.85596222164472,9.950339037969925,11.789454609482686,11.313504266022669,12.906960597568313,11.157604250779402,12.998344114903617,11.249930920462262,10.775247268409581,10.55551418248388,11.318687705312016,11.070120090365165,11.867281599019053,10.832762096823416,10.431694180109139,9.499894613836076,10.817496467350702,11.110053893482721,10.600192953097233,10.832346330273264,11.555187075262182,10.605755070373366,12.651930766479273,10.798950603270987,11.239351437410674,10.982318964717242,10.774910000932811,10.89317521256487,11.280083945391002,11.563514634086388,6.7190594144619915,3.1014773538891363,6.10902721106216,11.367300562500606,2.326371164428992,3.710881111404515,10.423896094861375,3.965899716722438,3.0975581106348327,8.378142503822104,3.9537475736652716,10.56679674195192,10.58771004414455,8.889685796452833,1.8561652628681946,2.7635979872811305,9.25403743910725,11.258093730617425,9.473272181639484,3.132299531723795,3.586978338824652,2.9697401436540134,4.695362734603325,3.5579454979317697,7.235312915719274,1.7546653689873557,2.240127572550856,3.7610643718281906,11.017831265684741,4.3316320924564975,5.758291624928152,2.8738669859489896,2.6239658156338965,3.6231304346082904,5.698172703015472,1.9356778289702212,2.9388727817845157,10.588597974725559,9.967378718227817,8.839386777669217,3.7951798907445236,6.644521165573027,2.143119749609699,10.817710222888058,3.023586200298995,2.888482450098017,11.435755991205102,7.393330381951935,3.300714500498668,5.394038212842531,10.68646867046333,9.231533556468179,6.778535406838529,4.912820604119632,3.5342627286869823,8.749141974535808,5.745774909982558,1.5008958302976863,6.711910394738467,3.0334324814920364,2.4136301349425664,9.817168275882885,11.168017640946166,9.157947233601275,2.7229560064654863,2.0041025120776346,5.5714496495755785,11.015841445173612,10.88213120714669,8.283423546409365,6.0157725729964735,10.028156676666468,4.9735408885056955,7.6991125211750875,4.687384793059762,7.352126742880141,2.577854326825644,2.7613880954556445,8.78952974073633,5.717029754244565,3.550673827421033,2.4569268264790485,4.135613048848268,3.4264752850728706,2.9129806976438886,1.8016348930691075,9.03354845675113,2.458537609503804,5.767079126893623,3.8185336221316484,6.599409856481569,3.0830412671535385,9.873589413417879,2.492575513832821,2.008935966975601,2.3915740068164073,2.9871736962721567,4.931458539567811,4.720278986349562,3.402795751763433,4.515439350261761,3.288777090043512,3.420736573888162,1.9879754667807465,8.501751915641208,10.366883282178279,6.584502545703286,4.147180098049465,9.447955325139983,4.693861734305449,7.1739705696985485,3.4610931338335758,10.834888261061224,8.080310845337111,2.7401995906640155,3.1349595105566483,2.2979081124141167,3.3961788977402003,2.1042695684957873,3.0937161678154435,9.173010111328805,1.7891278961647095,5.857994675155044,4.756905571204022,2.5643292410198035,1.77932889311546,9.017164110495756,10.49424796719755,3.7231649102660214,3.140403022601629,2.6255807913954476,2.5485270024164612,3.3164511106940457,2.4771360063193,3.4745048946582306,3.17245239593465,3.1114743608322115,9.572412049368163,4.707584440314846,2.4783699444198226,4.6484888082688665,3.3613319434956033,7.830080579586362,3.0623237912741144,4.05659289035878,1.324644347289609,7.137710811379917,2.3123306007484796,3.189017198987219,7.7904445351539975,5.6982890509671105,3.659657646711473,4.361476662646974,11.087987222740178,2.4487514524787084,6.610077300798606,6.438774160340267,2.3016164612923293,11.341636023551365,3.0245533414351566,9.016365345963177,3.8053260152208734,5.7279355516303925,6.7198963902117,3.2800378102650627,4.480125633781084,9.977964793556144,2.484233098113814,8.616932164789805,2.5850972555612,2.58044395172824,4.418337138435386,10.739150150409285,7.9601403981011405,2.1124219895981753,3.3595568092166257,2.8238238058657763,5.383580952800078,2.850709343967787,3.3747676114802942,8.866000385442963,5.635280152678507,4.220569196227276,10.127549809067787,2.272704627550852,2.934957291922742,5.546384578946313,5.476996104394293,2.71294811388932,3.1240903044400414,9.939772893484038,9.946163326366648,3.5956400301163387,10.448387700850553,5.484726390413403,3.6588066586603305,10.071897769245279,9.038315230393223,2.73449056762421,8.426244719367768,5.8873393992345875,2.876787392081375,2.8597924470393505,3.3159850203472154,2.250846078961163,2.0188404814203893,3.5585968983365777,2.1735434007878385,4.498124968677945,3.512984454439916,4.440304371179328,10.024672834057398,1.9738416636633043,4.551139090413543,11.171436014246591,8.554091943768032,3.277808349055292,3.414687367533413,3.921610406346985,2.598762951586722,10.557156285984503,2.7031576852886032,5.03416487829207,10.989452915228325,11.035163304221994,1.8332193143793007,2.765502120396471,2.867795154218873,5.159338324673391,2.2864046456863285,2.8323836857991522,6.672941856665451,7.895642164852775,9.25260337273522,3.8547397521972546,3.3096430358506357,9.46762961895026,3.4556862248739177,9.904458782584058,3.9035931695329085,9.740270327686638,9.732387217397825,4.306635665337696,2.553561729053726,3.8626735139668207,2.845843083624925,7.564161790148966,11.15765216915021,4.075615022836908,10.616112103144674,2.937912789133995,6.4638980490271605,3.3627566162237623,2.7718893143324475,2.810720951374912,2.810378244208111,3.395807616937666,11.294704599820543,2.589119908520518,7.984965971396284,3.7674301640871377,10.527924718934042,6.543093065476546,11.20916477192781,8.751144263081919,2.9950320765358605,2.3806037976527614,2.7933983805212064,6.175383854939642,2.005803198335998,2.538704275401162,4.383199617507591,9.171237434762086,5.288053119802096,9.21730738101709,9.759532247763639,3.0287247372346116,4.428621591693454,2.759666730453734,5.440424444013362,1.799210087209923,3.091508998592243,1.8676683088532922,7.094041306466985,10.92968376861362,5.319922445560245,8.372909255184261,3.3032843934619756,5.103192060646719,2.990090066607522,7.984310376222125,8.204868792608833,2.663849478736848,11.287048263245332,7.076935782186195,7.783638627510094,8.504622254425822,1.6846988773918383,10.849627522288934,9.52889764120422,10.463000498921662,10.709614534734138,11.820747081187275,11.393874842134819,10.922112965432284,12.694742319995846,9.962762836262925,12.30969855782334,10.726259113822582,11.053431886930582,10.844378737251214,11.942228454506349,10.66943477902268,12.672506831237,11.387853159528435,10.999728633252422,10.259792681352453,11.523566648014395,10.874198024379616,11.349806504321434,10.454072897840943,11.994958331541358,10.978358536139487,10.919949451075748,10.716722959448788,11.698758778387928,12.326766396416847,11.790357932513638,10.454408282837543,11.247108196640854,10.228665609931586,10.273761648163962,10.711534592648812,10.426126002618158,11.86519637185104,11.914290867946246,11.165470971767045,11.08568921169493,11.437316087100559,11.587072873042189,11.345718694543814,10.442656677150646,10.563472072412674,11.102468432722562,11.247255813342655,10.4942290870302,10.915596686017754,10.41853797103334,11.082966647194208,10.881595976903055,10.614530419935937,10.956710600344975,11.492594068686794,11.084348003480097,11.305345523631644,10.987194223814667,11.22215454855691,11.168885452099557,11.940168624838895,11.041925444611374,10.809066650158856,11.119760609714254,10.448943103948515,10.86132095384312,10.574981082280182,11.46282838794885,11.336426127402104,10.428276882198677,10.372369039668856,9.935310622450025,11.146113874406952,11.759777920916347,11.26992062422216,11.606886891321095,11.382458301386512,12.010612464675633,10.837184827993235,11.284883227320721,10.355289940500482,11.11641442852885,11.884753304282413,10.157624741659264,10.337717643242161,11.609973261284598,10.131024967262347,12.21793305236633,12.082416377883042,10.096060892940546,10.773437105110096,10.05681224690417,10.146689920887843,11.19440468598835,11.393502727151974,10.979244162534124,11.577304965836877,10.645569810852155,10.46233081290098,10.916299748079373,10.956788054917007,10.190751586993173,10.351533441190139,10.872886756057806,10.789495960897497,10.998140894778082,11.062886208397538,11.99900815942128,11.648884308202563,11.213254914936725,11.691186552656315,11.721405379845962,11.389714514094834,11.117296778778874,11.338861725709311,10.16827997131247,10.864479799963899,10.99216233451615,10.726259548707775,9.823632114756006,11.48380892594466,11.032069421346538,10.844697383691464,12.385145336582216,12.616712866860173,11.64647531435626,9.602767993538551,8.914833330325415,11.719513508528479,10.450888422811236,11.361010717777363,9.994447916003054,10.302675717195326,10.068152832173038,11.046744890503506,11.126513305796633,10.919842633351578,9.746229724161205,10.356089766912294,10.391964250280454,12.420175133087247,10.303093363870422,11.760652394187773,11.682953614941546,12.129549980738084,12.093966806312988,10.8586090384284,11.188613208804853,11.219381190972884,11.59011587463035,12.630639473711666,10.50434172943096,10.26782614890831,10.931144907966956,10.17726370591524,12.406274531837875,11.176662710207966,9.697618890237164,10.52858426633794,11.110730995399646,11.119278262982048,10.168348875760204,11.377594333359763,11.34397873015672,10.651373808712401,10.290003177883904,13.451936483933142,11.805731189473844,12.3672394609765,11.31169057764458,11.336853871152378,11.174435021113432,10.926908506615382,12.678509566923074,11.133463908870528,9.246321310437104,12.107334265320146,10.596433746327113,11.672184940925112,12.425345383998085,11.224997176296856,12.527047313951577,12.409246924811464,10.715901729274528,10.95618540040435,11.093542889848838,10.90820606801177,11.820428677947877,11.437166055377972,10.98021090379338,10.862128215138695,11.009955371962807,10.05346977964428,11.627806911191866,10.772178336845874,10.101934627777254,10.109602672884288,9.514257392090775,11.338004448665997,11.52424441921032,9.802150752006506,10.95768211665373,10.078747991768777,11.975414372318255,12.10858754076541,12.152241874748526,9.553190118095214,10.505440576970296,11.400668068305947,11.847726298113464,11.05927734259546,10.627272859537593,11.262253315207076,11.384626482813507,11.766798283575461,10.465622818484873,10.323905922709105,11.04716804428349,11.06113017877185,10.02360841758361,10.557627426335282,12.396946143384927,10.8558868916638,10.122290057640361,11.33363391721311,10.561780411496542,11.55798245267821,11.164663028008333,11.507115023811034,10.531759800705409,10.307810628593312,9.682936570093041,10.9551448239483,11.007642089892109,10.954773333418224,10.663133572971857,11.134985358487626,10.230169791082211,10.337343244347553,10.229220010174728,10.08227179448531,10.917634072930644,10.958113952978646,11.689534041836115,10.218822481587244,10.269964057513393,11.148238549459204,10.636786975508562,10.303527837422893,11.059558540025382,10.31818428249016,10.93715827205538,10.333770298390876,11.461102121417753,11.897233062977874,11.43162567215007,12.166570928718729,10.666591399318756,12.426656747025222,10.176123333268428,11.270572001030594,10.890256931736719,12.932450808128921,11.373093622499027,11.141508476792003,11.219638398624525,10.919249477639768,8.8243139458274,12.193713264269878,9.771595126348762,11.451810366020702,11.77696688848333,12.544217227236269,11.242043845552896,11.236084029277094,9.912930359802562,10.218795013868569,11.132360330889616,11.282328602849914,9.929504621117221,11.181461962086034,10.015018530580114,12.7358932562846,10.579879242227134,10.877976257219187,11.732003904388604,10.530970964063096,12.376932483059123,10.679342241142322,12.380336455239663,11.225470288299805,11.141059975241044,9.893177778133623,10.149767414308482,10.481386995262548,11.196603441013849,11.639601868501774,11.226702240186833,10.423470742165993,10.219505185833745,11.313758341255028,11.711950058563602,8.975060858762527,9.410423870004369,7.559202381728709,9.573202249404854,11.142166670604745,10.320287706117904,11.80282803629737,8.489170421716727,8.69764832676424,6.967296931263897,6.703824070161503,8.073850728723535,8.16020923020789,8.178163711407468,8.558315326633288,9.05584554951917,9.960505766521573,11.475946511845601,10.949223182984937,9.120856978402752,10.578485407386639,9.78471833426202,9.237628672916458,7.254101893336131,9.132501011229074,8.750231088212566,9.198211953335555,7.888852354281838,9.079482322778794,9.221335313228293,8.202515670396007,9.611538448987417,8.931080374244617,9.88559705078257,11.251053761967665,9.916294383297275,9.635500346206085,11.02391010258025,12.100911591503326,8.369353237218526,8.766871508354452,7.158835882585373,7.036487140507566,9.828667467854284,7.277893727917241,10.695449404300241,7.970727284867589,11.430887161625947,10.036251089411563,8.690413188600699,11.70949524605656,9.193121072636217,10.356182866377344,11.903047363929842,10.161114678059326,10.776109443716605,9.70403318579196,9.397227634221373,11.70262982565919,8.5611314489548,6.533407052058946,10.19534241102732,11.527138004217663,8.788832220497245,11.320966654327624,10.009788797306651,9.032350664709135,9.683348079268367,8.207490061293568,8.526132184055577,11.278408896258039,8.512215817045117,8.717411133620734,10.185863734786807,11.774065722962005,9.1131356839678,10.774179370409154,7.237365716334746,9.659280647286435,12.279254733708626,6.560144503729014,10.015591450121589,7.758493816013054,8.528423986475655,9.906034025831795,9.27661221842674,6.1562301975356855,8.34694621072213,8.351263665833796,10.971536392920521,10.860435312270143,10.163282291446455,7.139030793558141,8.775502834639827,11.08468292061773,10.919578627820524,6.340461753940244,9.640329610733634,9.300110342864185,9.864830437086546,10.176243371068288,11.706505669519451,6.769630482757474,10.886163377740319,9.0369852930708,8.797184977118597,11.333917107235182,10.166261619587765,9.186382132087628,11.232264494281841,8.961366540554776,11.3377274096538,9.764192856014297,8.22998585991563,9.104081598707438,7.323395713312585,9.902806909443521,8.410613138505127,9.275250976796729,10.910751501893607,8.68073935380753,9.481133012914263,11.34667726835505,10.645841500617653,8.218158954034168,9.220289636378245,10.915345711742226,10.091008453584594,9.734399439911423,8.999686087046719,9.853149473310543,9.381251010393811,6.707500938460396,9.340846589084325,10.26874405596383,12.237012704121407,10.151116930030735,7.937171181946949,8.898824718062832,10.210273969733308,11.625558362676877,9.53975784751607,9.327783741092809,7.395454740897768,9.678404389155842,9.579843798309566,8.221856599305974,10.916213139413696,9.627591926160918,9.120763492554506,8.98513831416366,9.534318009369303,8.99356367880313,9.572774744622661,7.589062789212204,10.719880636793754,10.730237051813226,10.414002165234214,10.258147884898218,9.728767148196678,11.690753394017474,9.988756887834322,8.57732625227348,9.331806800894071,10.793099765969435,9.870957882797676,9.720386522171953,11.360195932080032,9.961493571764963,9.814962115351843,9.244900593623296,10.176130028595665,9.61425499680876,10.81782539996298,9.683178766878918,6.502984210003166,8.842011952553989,10.144902593594404,9.808694196979665,8.703093096357852,11.78156398462387,11.058460274930095,8.417545444370925,8.563934198301462,8.34096778931971,9.301149226451024,9.168888873596224,9.433622566648665,9.806100055739751,10.20347912113247,9.882566087331123,8.813931832894617,7.305141412742021,8.102657665506525,9.920331369990258,11.627850247668597,7.693691593376492,10.795739401219338,7.703961588807068,9.42183787389189,10.368664504810605,8.987353260694661,11.011722201484416,9.02691440924483,10.910931702746792,9.99817032366165,7.75099114386943,10.3932597969555,9.601808310443106,9.948170371275562,8.859353336505608,7.970922851106498,11.795728423844308,8.564250982492338,11.720672096976237,10.205936151227549,8.281052456151668,9.480752967973048,8.06246082954148,8.466316599944065,11.378163197605014,7.956028070445805,8.309623319659927,10.064514742654339,9.452578317972279,9.76235052019337,6.171453122600205,9.872864657614091,10.956253758706138,10.31408173173129,6.781147565860655,8.690854092645493,10.412709655763924,9.403161184756362,8.079540767439429,6.949546589008009,11.29053133170344,11.42210763733768,8.148119957267301,11.97874791397766,8.666070062262918,8.484994527600197,9.589966308389366,8.203494207191403,12.3079559000252,12.226931531350678,9.57843455982316,6.8005998170602275,6.55194043159677,8.890679962087532,8.25636218508157,10.019094591433568,9.498778625674422,10.639970770825514,10.020500595868679,8.491712072081741,11.641301453961281,10.032357361107222,7.719745528300742,6.7269686447357095,6.645529371388282,9.925349047600251,10.542399214920627,8.984603168588514,9.559168616219413,11.260971355153822,9.087223456194952,9.557595642899651,6.485157715450516,9.926201045829558,8.543843503438803,11.163526026390572,11.01701405440913,10.92210350892777,9.421424456726898,8.443661505720891,10.007222061953277,8.282511482921839,8.193608490314004,7.931900285454667,10.875970007816019,7.375470468093984,6.493685481746977,9.492701226361252,9.488427110787384,9.551983389783244,9.097734467013908,9.158871085480369,8.914632927762701,7.804592641670374,7.750345406775577,11.83675145299016,10.997448787755781,11.522125637798652,10.774311835388222,8.806631736347265,9.018141382102398,8.692495818471784,10.980059886185593,9.22082445939307,2.9889179259914123,9.563877081710654,8.215566440583128,10.375947931300567,2.3248533297000726,10.392183033363649,5.8696508675218,4.275770942795062,3.8760530347628586,4.411131764002295,6.762577642809543,10.269470530568551,9.186610189359023,2.999054823387774,10.211603837128756,3.370389842456441,5.424980162815538,6.564371283864557,2.6278377892890608,9.677530346005273,2.062301949305856,10.937027805042376,5.9270611607530705,3.189279388041031,2.628724123895817,4.101396981048346,9.536777570164656,4.313358153551198,2.802116909501029,5.16367940540287,9.99852397732876,10.751336743673031,6.032023629868485,7.132911458648883,4.018634336669632,6.249094984549538,8.14351415409612,2.133637978474986,11.180200638598528,2.074726215365802,4.40343130383983,8.15046851375036,9.360815612812212,3.2210347592253754,4.540907606182342,3.923162325007173,2.1839225285069674,3.4539784237765843,3.924205127203265,3.821794718763558,9.827503186148075,11.560257537747276,9.428366025211975,7.114926594095012,5.905739758332426,9.775192456747487,6.627936037352959,3.4075647652099317,8.65488733619183,10.377741097791764,4.955733133691767,5.134371864228487,10.112218658672136,3.8204636454325014,4.154961715419364,2.0606420834003214,7.286830563425925,9.94929707563461,2.4562750142797762,2.788280069707641,3.13266415057149,2.863340439844521,3.3939120999129626,2.241249485075283,10.329476717925507,3.8234350048962003,7.463709766751277,6.889497786006645,6.336589572892943,4.994412208081429,2.1150616345608486,3.759413581354985,7.4466271313748065,3.855936562398106,10.68666473372451,3.8709416141633843,8.995708824679268,2.743429676977506,3.595328924409686,2.0967781975948245,4.522846015872272,10.21449079507655,3.423899450691678,5.1681447439016255,6.020782044586181,11.496938465684455,3.015427578641327,7.6402937071842105,5.362572184641939,2.5314863389757165,6.965515255731156,4.761898243853621,9.530097850766019,6.854811123827885,5.646309190421242,4.741006209198836,2.1126004511018244,6.210802148415084,10.74628127462034,8.52804581228235,2.810056842223792,5.179254372816772,2.480298927364223,10.281109301346387,2.7366446817325127,2.6831151179125845,7.921816921229058,7.6420138044767025,3.059965148055673,3.710471976012293,4.02343737492236,3.1432869050114243,2.9451245453950925,4.06522218636702,2.742485181276582,3.700334919107447,3.3737796560243587,5.742571027954132,10.980409157465985,3.0539664535199025,4.058783140240413,4.1858880741670195,10.870101145508485,10.206837504394791,4.29263991281097,3.554603574795637,11.098474377897439,4.818501646277677,3.3838643500821823,7.548985669900334,5.21200270427523,2.1262357465708193,7.8795473193740495,3.8062303884182653,8.621211167459952,3.6243666332316185,2.9993031804433263,10.785760508019402,4.50750721663774,10.867690625151022,8.26180180741985,4.347241978552525,4.182094351655543,8.48999553057696,5.03945159390649,4.5713769422923605,6.822366781484188,6.437111804073818,6.480785715127713,2.4635012667049785,3.3918061736049716,3.106873778690135,2.9966906969200795,9.003023627339378,5.414295759616319,2.3928957023399064,2.561959802188774,10.86141622937739,10.019269554391776,4.238188918603737,2.1274243544896683,10.919165003942567,6.248644947448456,2.5339060975987517,8.889314579415208,10.369462004024905,3.3920431369025277,11.21574951077017,3.8448266981516923,2.334725317434354,3.689232270332316,5.92169231987145,2.550006042555966,8.613981902868929,11.679197721940012,2.9153577507097514,2.5717196287350204,2.8906987145232956,3.6320555678595663,7.48471919103265,9.127523617228883,5.054093874564761,5.11817792620904,3.204792835029905,2.302888218801643,11.289668952506934,4.691838375342204,10.05535736174594,3.5936675107035185,7.927001189068485,3.7039405117101816,7.223565508710787,6.274766930365732,11.327360295121776,2.4559265483972155,9.45624828447742,6.767110899497337,2.362410480057883,2.334906031083867,4.387307401951636,2.0540476045119758,5.221744799798612,11.303712425066193,9.564550267332052,3.545219343947232,2.1793962337907886,11.002973072213594,4.096999940057261,2.8784972001356652,5.8229923767373775,6.2654222543809945,7.904824088035652,5.111924749446747,3.3812981951589447,5.068147512388449,4.324504350483799,5.948910939787893,2.401805855082394,3.1689999208696578,4.801980077385254,3.134864380889528,11.114967985993017,2.1706471232083806,9.118534304889524,4.4723527059222175,2.378845670167308,5.682821614009608,6.096969604551437,3.308801136388595,3.705589643743373,4.596756263663461,2.1294123733564043,3.2793780849781444,6.783515652471621,2.553805018747771,6.376758472035507,10.47578704477905,2.3656490472579446,2.876653393874056,11.319076865384739,7.773320819978759,3.4186667734532197,11.179037350487597,4.101406541950173,9.529862709038913,4.878058949970185,2.5385638360619383,7.028906982848914,2.816157460637558,3.372990911506566,3.170927458406636,2.8670207467696205,2.00127380246318,7.850379244950413,11.648598340443144,9.337075583613794,2.3046106321030004,4.902736801999318,2.1165373500318148,10.820681695905451,6.051356080097328,4.47407076587476,4.524350840819604,9.813655773479653,2.5805530374398673,5.007981400241115,9.285465568312103,6.343629471108515,8.774621343089544,6.461771583418869,5.109356534004049,6.002077417200744,2.946718588220826,3.7683475074449904,8.442062072036675,2.646001561991998,5.498017921283952,9.194631333304198,6.73811298448841,6.7541396774216675,2.9511997516012007,3.102325023195209,2.762568234807255,4.140066098553639,2.931461781094534,3.4601973120005076,3.3113248801939674,9.500649164235147,10.975007124391926,3.188443434077063,12.24609512319924,8.96437612050006,8.079239122948055,10.350089201068215,11.132296142940511,9.774870424556763,10.503575891171211,11.080517194245003,10.080743888194482,9.768747367336047,10.397151873723407,10.035473743929872,10.6731469259375,10.532352713299614,9.636069270998135,10.093192444018499,8.970034552257731,10.952166256445217,9.40494841807752,11.073028195540386,9.587078916987375,10.452139354578737,10.516980578927724,11.351703856780565,11.368098413475852,9.84346452162344,10.069486669138564,10.25800650849285,10.812167195723905,10.75297695654479,10.960721340819397,10.667032250284612,12.162797894409445,11.571953382054742,11.178273783575197,9.133391074072863,11.180704131032291,9.415595901510288,9.517279549480216,10.714827490524305,11.269663111400224,10.320142659833168,10.617158019773134,10.099858630687464,10.92018557123059,9.980784681684664,9.618339695977069,11.224001804138291,9.603775915467141,9.493299401635074,10.874811903680246,10.783809544994138,10.425778344022966,11.028604138976918,10.034405740776798,10.330866036972722,9.84446725282744,10.246289407022829,11.299003143569115,10.528394918383931,8.997022703642159,10.24354573368897,11.315619165225586,9.659132485064816,10.651351098146908,10.641145791979556,9.67255940293809,11.0828280692962,9.644117407871304,11.477692803634687,10.046686989571759,10.465564492299778,11.143553097553625,9.580953667732576,10.910554449171794,9.94431747852429,9.769935765958158,8.64029688081144,10.953537812258483,8.861728973187239,8.961884281263359,11.174658229196712,9.47799324598423,10.668316679450934,11.164497716878145,9.720819515712506,10.584093830103033,9.938799052897059,10.985759797484114,9.119462600236597,9.550243868910785,11.1619538441987,10.31617509132845,11.402274196911451,8.494910436894706,10.642062581982758,9.94788081803925,11.361454118452974,10.785651705309554,10.285291191279809,11.36218582671338,9.654885902133257,10.227036857624793,9.911515621162081,9.981730957221252,11.365921105001469,11.088746243970856,11.558234085962473,9.852922673214604,11.095843552673095,9.777602187140053,9.679627426191374,11.055933492013375,10.775508093411636,11.16907748230715,9.57808026268215,10.910753585809223,10.46218325801889,11.364930178126542,11.621649951391234,9.671375503151232,10.11390075174035,10.841698950274512,9.958741554977875,9.400346496638043,9.90127690397509,9.814609659231284,10.758859818905673,9.289428650282328,11.535935392973675,11.02316364695186,9.986395368092662,10.188818161023276,10.858820147070997,9.94884931226775,10.481461667527727,9.309069022863087,8.693020327534965,10.430446767683256,11.305733750347727,8.302361747710945,10.782804232028967,10.090604005429437,8.776601828399665,10.208923589960953,12.179196331699247,11.616455076790984,12.231945606915174,11.298827832434656,10.507267389463575,9.346841137777353,10.824036019442591,9.694871731726966,10.333091462578155,8.609287694768172,8.535260478016331,9.874277725871627,10.851128011992618,10.64329098484767,8.347133472203364,8.872203371671194,8.74667869739321,10.283148909533681,11.677339948075074,9.710482172572238,10.338681087576674,9.71844359905679,11.149963469931958,12.265770565716249,9.63725344829586,9.857505840228184,10.404258278811088,11.932645747189268,8.802107514735182,12.947521163423218,10.393902059663858,10.441635633464823,10.833540571018737,9.664178102049526,11.222579251332084,8.473676204144944,10.788364630256563,10.069678780978162,9.580521776658566,11.21439312299722,11.07139581279499,9.572446031310644,10.098341211984174,11.298914095161068,8.871740356795378,8.88072405103586,9.10715875352843,10.002497619069937,11.11150183527759,10.821160831093879,10.97211855946965,10.009080836353403,9.540393231654013,11.407501796892827,11.66599431404833,9.0032645815332,11.294436841305043,10.054469998825677,9.034448074486043,9.683421068136285,10.113774731481,11.906540854136475,10.458137451170245,9.892033464639065,10.877105854339556,9.953980787086488,9.5001855616232,10.821893075858059,10.295999621217643,11.729804420696482,10.655850506923924,9.70205864651331,10.980945213602718,9.676209202732954,12.296919988931737,10.203478247676086,10.199189347851474,10.331175958925376,10.270216907281043,8.856971604357641,11.343411983205995,10.336096253768353,11.215509635398837,11.206615161282418,11.320640089881909,8.206580927597782,9.443792330476345,10.657725828630525,9.566543470710393,11.134245961459582,8.882156795431682,9.116984387348436,9.82777684554994,10.596208528819945,11.192208601615947,10.97411881140005,10.830346627023888,9.585530693104582,10.853946727618943,10.691401668122724,8.334093378871561,11.21087326744341,9.644761330867588,10.072147709861083,9.607525314131648,10.08416199276856,12.172878105232773,9.942539366678316,10.472209280798548,11.38492987003856,9.358928072191226,10.756525950263828,9.355970490466607,10.779226130109985,11.018068441802763,10.012288352781825,9.234999647783857,10.64331210129519,11.54367832773303,8.574564428705795,9.802720888041412,9.19821482911389,10.332546522446572,10.852696377776414,10.653623533933274,8.567195349919324,9.749942783155873,9.930166955730396,9.425316150256272,10.747293880340266,11.266574487226777,10.985454042109307,11.657219871126317,9.976631054094563,10.515032705955225,10.887596888565321,8.487492453484752,9.012826218144118,9.872244546204554,11.018103697080145,11.02435840353493,9.942379404443715,11.2683030377924,10.839565385526075,11.385809533249054,10.095386711836262,10.30213946628982,9.484520448664224,10.284042531474688,10.734339550125071,9.172792510879521,8.920698034694507,10.403213606215964,10.427378460361503,9.438184242356174
36,14.38888111298187,13.594695580766542,15.490844574923699,15.010116370430312,14.546702945514637,15.160211386445953,13.547188686710014,14.308632177276436,14.159297838435148,15.240286167375391,14.467490366495825,14.702329741597394,15.282911464010736,15.233741186128011,14.523093294949291,15.196220359785674,13.552052880773584,15.48837666378079,13.819255231877875,14.990285324519002,13.890889673765082,15.333668195425473,15.41158673324197,14.474470370178327,14.807728381507104,14.038677182961214,15.147882086836406,13.591542217854101,14.002334686727561,14.968365255012452,15.677165467817371,14.691616158894341,14.873018764036281,15.586274427844,14.64999735026964,15.20845978319025,14.00968630228441,14.506943344861137,14.430159768898925,14.097517665349283,13.931086297736979,14.573907073303019,13.87436754666697,14.418695538721195,15.239021165868916,15.06393686841284,15.40907878256174,15.116689804226388,15.213904885028834,14.525302238977273,14.427387501852905,14.75789503040373,14.182155746108958,13.799419986623498,13.895477375330715,14.294744094558832,14.079109294731913,14.67618804696054,15.132676415838985,14.364322679974832,14.917762522202558,14.584490730514606,15.017693003308933,14.259394332690084,15.259288686247809,14.688678001242268,16.22870523603886,14.737236303386636,14.339656921316463,14.903635576972995,14.274331803412126,15.273970648268827,14.717276441344996,13.955870714637,15.20956643865186,15.557472826388771,13.983693503554274,14.21313010399718,15.22981583672241,14.35577952414125,14.218695915844728,15.157409627262028,14.4268514671,14.344813491986281,14.908126215791375,13.938285377253703,15.052863373302934,15.356703725195752,14.724320383908863,16.375086448542152,14.526636832745544,14.800896432871905,14.698191764295334,15.32380768048091,16.291459397091128,13.860067495550265,14.891673573545962,14.149266251349168,14.906040259639868,14.880839656411316,14.495056290570666,14.84142556226453,14.816674617068585,15.365196287057458,13.920612763737624,15.327856081159663,14.021631473397175,14.225041338621581,14.337649813996055,15.051304650880075,13.650756701472604,14.795463796540192,14.084037709768845,15.273278482336817,15.462500446872033,15.085334945022968,14.160923372075969,13.815470604653951,15.180365314496198,14.226285466229188,15.053915086514989,14.159438132442883,15.204835876774832,13.86923035346998,15.254286620159995,14.910175036575438,15.027894417979725,15.354862470725257,14.882891219089666,14.6108645530588,13.630577127729683,14.2537300591555,15.167196977845277,15.18767407302077,15.036812954007333,14.234553537081153,14.03509371537466,15.082055843517542,14.136261844881735,14.410182229317472,16.408384024837655,15.15210242400168,14.45517493179335,14.658718946720711,15.129035416550115,15.359250502248928,15.02093057497724,14.569417168269487,13.49874976902549,14.431298508190105,15.779676629867128,15.265115535187379,15.067366660763051,14.69490605316668,14.130792829863635,15.451097707170307,13.907979087902554,15.04053492940621,14.39963226805996,13.608717477302335,14.025311360824826,15.262003087523727,14.319742675663582,15.274226778614633,15.096977725607118,14.936202330464047,14.561222616553009,14.419397208349487,15.051742266640828,16.31493392305234,14.47718679907225,15.051480822081905,14.624677173492461,14.10713735043334,14.310796124675212,13.964317703299562,14.903305507825236,13.97020429277507,15.102058027970125,13.602333865247404,14.337305620222883,14.13232899525011,15.035735286754203,13.783472799324239,14.314887468430527,13.773702291663643,15.001368298196923,14.292264597657836,14.524011202527733,14.628459466998494,14.630492468222743,13.856801920347499,15.06619091180352,15.555391015144473,16.636373745515538,14.737506202823594,15.004802077156885,14.664978523749815,15.095937997582775,14.738183301003353,15.030291924361588,15.389488895319008,14.772416902521725,15.703622204668592,15.04943984603671,13.998239856713088,14.567848556494242,14.50207934193285,13.743424232468305,15.148855751742953,14.377969184964618,15.315805676173094,15.332372969878234,15.212760430118939,14.286829686437807,14.759442338543764,15.2429103790535,14.579090726240805,14.713498172266789,14.05370200850628,15.19934880083619,15.22658403832793,14.794352031223283,16.63903995174853,16.649193932067615,15.049777993462829,15.328201102952644,16.362720881721156,13.989520649849867,15.015791111755432,14.152167568984874,15.245817601835881,15.694828053815861,15.370499182384213,14.020584769796478,14.551029853080196,14.457726837344389,13.945573072318826,16.6831204577601,14.505347180056981,15.384186905972998,14.4325553104032,14.274420889544784,13.993496852230463,15.42317447657176,14.850234952834748,14.766367005889718,14.43358770151359,14.770667631700277,15.146531585041862,14.510630918134531,14.302690829418081,15.408663152601191,14.633681529608474,14.296442438328638,14.268276099132942,15.484337638087641,14.553065023748923,15.37805588788559,15.629738242503887,14.955650712827955,15.090145476078632,14.452834115865647,14.29813558859955,14.984441088248355,16.617293232653353,14.808337933532318,13.640642088619106,15.493656737725242,15.149673759368396,15.695696955234615,14.396732290456878,15.02526782380821,13.658536725625671,15.180134879349309,14.27541810192159,15.453448761934068,14.504538649635613,13.993018845021332,14.659435626058697,15.191564245506987,14.578176626934509,15.005532567240577,14.862252636619878,15.05945896315637,13.530396288110087,14.730064263012812,14.576488157857845,14.48631783148565,14.897704651640547,14.62573709468433,14.673218108051946,16.435350288538352,15.348047544799671,13.713291400368794,14.875154832581151,15.757993171026117,14.402933976227272,14.467668064377138,13.627335509420536,14.9987826755528,12.8501440453798,15.410412173400005,13.822462551764032,14.866563051718932,13.271172118659988,15.385974957626406,14.631924350831664,15.388483348881028,14.208619021425498,15.141171025851273,15.812907059357116,15.057488460294147,18.56937143107961,13.698483843112442,14.4610309889443,14.290069578785372,18.732208239282983,13.566341160539105,12.834541597801326,14.987603364678945,14.936898251655228,15.209381414106819,13.118457464441459,16.05493051071473,12.919946029366741,13.69086061615228,15.236587569383136,14.130454270996912,13.53406831909788,12.723092649682146,14.084274443188171,13.943519701341062,14.018446119959933,15.436366217527144,14.132312372762115,13.770029013515115,14.096683714493908,15.420812450075738,16.943703163910293,12.714377724366699,13.52164144922129,18.567943997524726,12.85601569151141,15.28082183530701,13.654519087534227,14.408087238676174,14.0628992196337,15.673683969417027,16.08396100383068,13.21705883219986,15.444388105818714,16.16109180021258,13.941201438621757,14.77532453847046,15.242311204479488,14.22842767606835,15.224958299958232,16.71451492022264,13.92243297658566,15.472282601411075,16.295694824580604,18.376227393574332,13.127555889121606,17.912426568942,14.18496890473505,14.768115674395201,14.420193912944242,14.941730101589346,14.207920586144672,14.968516349225537,14.127084735785239,14.998917003071789,15.146645666641927,14.158977274690576,14.713758341035737,14.333886395311486,12.869597367347207,13.426987325874617,14.956820364280114,14.486214772396007,14.412441465003242,14.611293726611324,14.620553181537934,17.88297826761464,15.060988232556097,15.12202687551727,14.378416930787203,14.638950013338961,16.153731217855515,15.33607323777472,14.807106798262408,15.315236958666812,14.089570293964949,14.728495671247106,14.056281394544296,17.576445285229443,17.736506767219026,15.41804590985113,14.622777722658537,14.784140447244285,16.15323621100515,15.219483275705345,13.989792156609523,13.921512532098905,15.125013749862926,15.159187603096399,15.85882956583922,14.429799967433627,14.438643836744538,14.290991014876399,15.247737008646862,15.23940330251692,15.23121089690105,14.16389995094676,15.266213790455032,14.860345581514155,13.16830098581605,14.928075208363163,16.016573814968037,17.186416529048117,13.291588942487941,14.12469475036408,15.618369883383478,13.734055682886417,15.429211410806904,12.752480008325405,15.026137221871844,12.541849742189585,14.603988967417441,16.556360867170927,14.68082340864985,16.92844293487122,16.82147160451093,17.0131602900083,16.175587914603884,14.000827405641202,13.60808990216105,14.004003446187802,13.795773690917839,17.69767494954518,15.860833652547093,13.293223927370315,17.285902753932138,13.96353089814054,15.646313292488456,15.40289474569792,18.567279078808664,13.866461292522754,15.513598582937739,14.273647890594155,14.010623619103274,16.323561635402815,14.562434899148139,15.742168182702184,13.772365210605228,16.761937866748788,14.270346847085792,16.51244667086942,15.165669131176909,14.73933548558289,13.851971929826213,15.173408417987295,14.86498718103621,13.945496286174988,16.12628685105231,12.942601643629317,13.713140688614493,16.174787997271743,18.198431861424854,15.371615241558086,14.131507958815734,14.271801168833168,12.526245871881157,14.56211002088083,12.930042130371316,14.14567639925914,14.484450504853413,17.707358014757766,15.136168468355297,14.37505206516409,12.912520128712504,14.016782122564171,15.365058453690043,13.081604352298871,12.86732476110377,14.340698591253828,14.014719650644656,16.952627082394535,16.986706343416103,15.461984256445287,15.688505357165296,14.23397771602259,15.358291821464903,13.58463827989848,17.734620897801054,14.59645303962957,13.227597663659449,13.985254898532038,15.077106151420258,13.788000793701116,15.744553826932362,16.120017414179074,13.159775115079887,16.02315196474455,13.593660019591018,14.371352585989634,14.261860754673272,14.645073393671609,15.10989086491503,16.95247772954611,13.968901490882903,16.79537588001669,13.91386650071488,15.509871099495756,13.266028523217637,18.32797013003092,12.390101158238233,14.62871155443408,13.471309834372544,13.793852075526964,14.972534995659249,14.49020152422665,14.780691091837031,16.789887089299167,13.775732790883488,14.475460283785438,14.16687047481284,13.12935859563381,14.224121678997879,13.04411928774812,16.792128027734265,15.42165330340541,14.382910187502766,14.484149373083726,12.895207238923614,14.273991741735076,15.22973616139878,14.153261982545738,15.152331644146644,12.773169442172108,16.297748568149533,16.108629115981543,16.480253478904977,17.27563072606375,15.848908648261231,12.558496187181207,13.0113062622957,15.432948653062981,14.979433170142674,13.333942379778994,13.880839128159437,13.827984499308643,12.816298057523003,13.992106597479493,16.820302277925144,15.095839942689317,12.897786077851048,15.617844071389312,16.744158438611063,13.33732572127609,14.510721261963665,14.125945158111314,13.179300109273063,11.391178481319153,14.497504897675352,14.848624008615795,15.543253476175398,14.378121793484766,14.182432869215186,14.628185328274297,14.525593329840213,14.746082766253664,12.812923156853753,14.62218172321869,14.23039389837789,14.420164649917504,13.708726174911074,14.14377856026525,15.634140406210443,13.669709520066263,14.510629484898992,11.286969434642216,17.25603495699127,16.521728081033608,13.410433840918637,14.753333559727421,17.188508971233187,14.12148825302096,15.899055278536915,14.083539478401109,13.948763727153814,12.308291988728536,16.555266569942482,14.268213001100705,15.26684214918052,14.653965074547507,13.09697259388547,15.685591638017286,14.037115701339882,23.67968691432915,29.472429298363306,22.543554091379555,15.407005141436073,28.90595624708524,31.16532840060093,16.76983045962848,26.872112581203133,25.131871759188694,20.03991169112772,26.815063985871628,15.916510883267609,14.679516079116167,16.68379631394622,29.159293369719478,31.081762411697895,17.054828240442156,13.432546004086207,19.740489209453845,26.122183207950275,33.292501665815465,28.893140360066432,25.602997178475764,27.511052844206986,21.331922207191848,31.720061801324263,32.15472466769941,25.07445796369786,15.456100265220623,28.405114359114307,23.803369564162235,28.01775588318529,30.34765110392702,31.071835581567143,24.992048785606652,29.78562227646964,31.549676577652924,15.155578408076664,16.06662931089273,18.621620006603006,28.708156813239665,19.755604130404816,31.212682065564454,15.117058313144177,32.730749742860866,33.438103804295764,14.662843049016365,20.978221158523162,30.77589468926514,27.240678321049277,16.108097231445306,17.320962206748526,22.277675612452416,30.197219758093862,33.60418684767763,17.890554859931886,22.05929552944088,33.199158103005544,22.480318419761527,26.254461328929402,25.534479319623543,17.229604445059604,15.187034190978418,16.782063974714852,28.964897515603734,32.45784117045628,23.437599022020137,14.011075786464524,15.244696150555303,19.325858328532586,23.044650047483678,16.120934184302826,22.775572190189553,23.99068911723354,27.00686099771911,21.141024096231895,29.09481964472201,28.85625665701344,17.085524110553063,23.743634176101086,25.568741248261055,28.265789100286504,26.914927770595593,33.02529113303097,27.376241798004592,31.589472666052526,18.878166613550498,28.329165882181577,23.52507774769032,28.607209758893475,21.206928134663393,30.16424292922888,16.58813237046472,25.329941834594162,31.734117060767705,25.51767107311876,28.651418482315204,25.195351221800326,25.085049865286773,25.067496520345,27.596203340913767,25.035627257081003,26.702306482295537,29.194443453807363,17.744161612887574,14.872981896543216,22.849993418021565,29.45328103181826,18.164137751235582,23.352612441958293,21.555988205184292,25.373679073240243,16.2195930090214,17.85923989816544,25.142253207890654,25.044518618693672,32.5903094428684,30.08626278521078,29.131137986356176,26.06499620370308,20.12263703283992,29.36108160399477,22.37619991843811,25.706849907329467,29.22893534841308,30.987525797089674,17.196459656306907,14.872192357598774,25.994030676984806,27.307731551379874,30.437824843623687,29.56237344593929,29.714484397165663,25.387968828778668,29.68735916591828,28.733449634325755,24.97604420698078,16.57120382968238,24.672963137492882,26.00987229118219,24.706647555054207,31.10494607280183,18.360770595267137,29.90198932656726,28.997560497041288,32.861592188467135,21.603315206704888,32.476421898110594,32.67958509925618,20.391836991273777,26.11240496829969,25.94641044240254,29.023319576440098,14.502876230088514,29.32744362688515,22.618597702345713,22.205224720976357,32.97304797474082,14.206255067749884,31.869983583379184,17.307953402682,30.272126383793033,24.327624274681316,21.908486782442957,29.7783173467464,25.82830676301513,16.566058413936098,28.230731937829848,18.158904030517714,31.53614642242684,34.35957213570937,27.45804435652601,14.894515585108824,23.101203076524843,32.1733224812025,31.784244802407553,27.522002205287308,25.088137171353072,24.9904837373636,29.067676006326188,18.972939485948558,22.2672217459039,30.209600087209523,15.990010753175943,32.460211124066454,33.48256854783056,28.6538569024232,24.467274728477232,29.202669417130632,32.89473503176676,16.89902121262112,16.80704384521629,28.5276465501755,16.034950241967998,27.331180337333528,27.64229003969967,13.394725999691566,19.56229619752044,25.40148635011397,19.562626386018,22.461736697491105,28.534808299473138,32.104642001544406,25.188124482602,29.828927019494238,29.2514861836073,27.861504023003572,30.30052698171688,25.203053311401007,33.49668252755749,25.60146520759388,18.71941982988158,29.098811007906075,24.880893607040978,14.418373764448177,17.870915577402133,25.559550693320634,25.362311787343927,24.146030931960308,25.615362535061436,15.367674104700326,29.01063752074035,28.82385401179238,14.589993140015354,15.489664170421705,29.788378617292924,27.492989152809034,28.23491059716896,26.348480016941856,31.302630432753947,25.07063146627626,22.525337060472552,19.36376277703355,18.898189067365127,27.349873344628545,25.30273291632882,17.91124218440504,25.026152389483496,14.345655895109966,26.043865607576414,15.54971275433187,15.544457848364281,28.566062684001434,25.231666232331175,24.695099226049965,27.599895988171706,20.574245321904005,14.92589967280748,26.063992381969904,15.89616386571999,30.990397171984004,20.567446386976307,29.45327420714426,29.17023051919147,30.131242357083522,27.480367690121817,25.492333679574667,13.695502100344104,28.35635783200906,19.343054460796296,27.594681975723756,16.568225446696246,23.804768292183503,15.315023958608672,17.18784585562963,26.40749477490607,33.23390296367402,29.326318683456368,22.770354793386836,29.217296527201114,29.835290027465845,28.40154941987245,17.8054739899421,23.455801194018807,17.132821694322704,19.295616897173836,26.21891651984451,27.86641809976263,28.844994527486875,27.524896909013968,32.08826829885613,25.13527812886575,33.004687573307585,21.80938299242012,13.908028151184107,26.0312258984,18.240423254418868,30.943600845004134,25.830328926913463,28.089460617561897,17.953043700006056,18.78662084676397,29.318720246312413,14.572777343936465,21.719072940430856,20.880371721130658,19.12187586561891,32.03559401217155,15.132806183766279,17.171602953546497,21.206697889371025,22.043877183193775,16.279618125310503,14.724361073639804,15.617319076909661,19.448980040738075,21.268800335978323,17.180182243180038,15.764339999733352,18.721585258231183,18.489070419443966,23.022525582184713,20.430243645841482,17.11365004510526,18.930305030682597,15.110880995220656,18.47093525935825,16.44375432048178,15.716258539643878,15.279248471747424,17.81033898077743,17.1254420302103,15.829912173844559,18.65575113772921,22.377111522406103,16.42579417463808,21.81931149274546,17.022773767872177,16.40810806270355,14.92597385695637,19.488464994832313,20.397193849078764,21.50850083122582,18.813771446806342,15.583548382121217,20.848491222397893,22.583100629134368,15.434367566560722,15.867485323681176,21.797469215288857,24.77137196626877,15.991292480486416,19.10043859359462,15.072346126354077,15.026387800041865,19.420680582921083,13.398985571418478,21.59370084577225,16.42436396057229,23.33634701788755,17.25128805686603,22.17491153052863,16.860139356707304,17.883761569475876,22.826636035750628,17.603452313463787,16.356877779360467,17.007594121963688,18.96299695980923,17.527276118561538,15.099388264972003,15.94995483121018,22.0341022137075,20.54323430763741,18.435562163613277,14.204851627791038,17.235824957618558,19.994962943660653,18.190646185793486,20.502279206492123,22.64392118272695,22.196828064078012,16.067594573416255,16.83895312251295,21.175606603967523,21.497880567947472,17.700935197353928,23.07620096955579,21.24584723670868,15.798577271380621,18.299565007721558,19.79312886462178,20.116163336373084,19.76798365730047,19.746104999728693,18.567577284956386,20.858080408493258,16.81133953951589,13.721273214499073,20.19666680679115,19.943135395062637,14.549786996595184,22.804276111668003,21.478859094872053,23.116777103655632,20.473778269724225,14.293136239151599,15.826682333376207,18.747767849961797,17.189639561684945,22.818268187797422,14.473654233204662,15.615435409457206,19.007925375465053,20.349855700022317,14.459346165673864,14.532971855729082,16.206244314489496,21.76123797466465,19.53586240691386,18.854463029037394,16.656191257857696,15.733408519753132,18.6190436921921,14.91679054945054,23.164999564253215,18.630097585694347,22.10310942964178,17.357170477967532,17.435490175403324,14.988630024748495,18.85184732923793,15.513467054564583,14.566264041480963,23.824241410410554,23.76969104142481,18.716971018980292,18.376505472107272,15.159335694293656,15.47049383715939,21.044794685333887,18.340525837544092,14.73062899366268,14.383130734627414,15.070801726019022,19.570271930241354,20.961187127598286,19.725700696042114,20.772910983701074,17.00996939134219,16.226244747039292,15.16325163738076,14.621938745176717,16.87328784666344,21.95466169302145,15.639191682949363,17.064747075413322,14.398521517243008,14.551884804614106,17.872027469430666,13.637667974888219,15.823446656818234,19.907436173740066,21.451731282556203,14.145561808795348,19.538941723152092,22.62514393162588,24.095893805736644,15.418628565166408,15.859715185959248,18.98043535302709,15.800866320446723,22.508919731785998,21.93198934896529,22.662415974646024,15.693454313500933,16.387216256211946,16.09374406203382,16.898134000040088,21.10114475439088,14.040325826811674,17.944028709700934,17.009061763177296,18.112836432004197,14.766976060048828,16.65467801349387,15.754061199484061,23.05774024356334,18.350928625751237,19.30680854968044,16.409960015597974,17.45956280752426,21.809615304645376,15.363755814723557,15.133650204990873,20.97026104937474,14.73005243990111,17.212592309680023,16.09902932340579,18.40146855649171,22.64530020277532,20.514378246100755,14.479751431117391,15.427105292970992,17.07991492539967,17.93409525092314,16.03618192703292,14.991839642020274,19.73772706992078,16.272398787206292,19.41658251922743,16.724735530077858,19.127717618362556,15.025181247687424,23.590410773888973,18.92204271115234,20.345197195403067,18.221214789591457,24.012117009459576,18.22823269413674,14.584893380005933,13.584624489472022,23.885464502232043,16.337900024828567,15.913669873061053,16.84268418634275,20.01501439312326,20.47984160545843,17.381613142302683,17.02147534586617,17.350143984114755,21.609164901560863,16.52614624258612,18.067014836811477,15.645413679467362,20.417895035711425,15.042655429435618,16.66376046342482,19.862710536541236,18.52307740017518,21.581249822162285,14.756257659998063,16.889008029406288,15.186823905020756,24.068199579089544,24.677872220105435,20.457268636564944,22.34601579223845,17.897061884921406,14.337524352892412,14.801533304099262,16.91956079219897,14.374016761912605,15.99479231460359,17.740590743302707,18.273256421652498,17.31634690181435,20.27175863738081,18.925440952541692,14.979319389115004,14.726566072263427,16.133251586795573,18.420056686141134,14.365145670810598,18.04385632181134,19.56257049742494,21.778229858622215,19.82623598773753,19.47887418188516,19.026843700877706,20.551743282754142,16.23590940197754,16.44587170461498,22.82846014799404,17.79081848552319,18.503471520571672,17.949622649052937,15.625798666459865,20.24058475155064,17.316077993430756,20.97702851779755,15.938008916386202,16.025380016030958,18.47255802283839,26.03353930715462,22.847162570107596,21.930975164857244,16.094364284408666,15.479197710552432,19.53812905920464,23.11911331299081,16.646294110337895,16.292090449869715,15.107375877379628,14.659865678011448,16.70491038190776,21.075118301167016,17.370393659648723,15.854476243231746,14.71079003128214,19.74516528857607,19.945779161886403,18.042465368102928,20.650793055576823,16.194280564691784,22.223376562028246,21.1204944754306,16.41710948904416,18.92799009992108,18.800292615484505,32.80307378714753,29.862726647014302,36.28801345720576,28.259101445181777,16.76526981170506,23.667009464443858,20.28401086615637,26.19865522018991,23.968887595699794,37.90354978583876,35.453916593034364,32.84283936063896,36.92548015043007,35.69364953339889,29.62215737380921,29.929688777845957,28.533288589569914,17.912572366719303,17.28003732726473,30.375859729177595,17.482222892462175,30.694157346985588,20.564393304184076,35.5237595757695,32.78282862478782,35.55361034008125,30.69142440477299,36.66384561389215,31.48856208227782,32.59632603490751,31.883772300661864,30.97317074263033,32.90283168795919,25.506029086495005,17.651165042415528,22.624543022424714,28.953789202368004,16.337737789122297,17.988059507406685,33.549217548060085,23.610725516822512,30.313951735201368,37.988366334710335,20.097210204445062,30.142463341347607,14.743440558556513,36.67845359314632,17.248590440430316,28.518685660799626,35.24955479150037,17.85892353281337,31.315575117384086,27.71458280508356,15.517919243996257,17.766764344444347,15.453289831824458,27.869665137666484,25.843832391062364,14.6830528060464,25.769865095317773,37.513142820048074,19.98781507258224,19.733818542789386,23.40346618964009,24.892770710527056,27.887731925084168,30.759855950977926,32.70197097084255,33.99033945331457,24.242197091473102,20.039419675375182,25.106709472444603,35.02317481932104,31.223859709139123,16.626579653811742,24.626717204027877,20.3374811765431,35.55059415667807,28.842968808001153,17.123898118136488,34.6245749644314,31.81685513724382,35.657925697790034,32.47348020240361,29.612486085830884,27.783246935266153,36.75729714938383,32.04663515733929,24.67310017599206,20.38381348689074,22.889924277917657,27.729132847523804,36.07597694443038,29.832608259056247,16.236262066580277,25.462650039915673,36.41505573723596,27.548836613534373,22.867609855888762,27.6501758731604,23.890679954071455,18.078142744450005,33.34557362309977,23.6567669419366,30.61496625853561,27.575902595851062,27.195458815055943,28.12988705416475,28.622566240497004,26.846430369117076,32.54202405140807,15.54864250989804,30.537197110505975,35.85267827469489,34.42370583414828,34.74800235391065,28.143097025832812,30.858925754387407,29.980942347254402,16.187289736282047,32.6001647388746,19.50722035741389,14.959510306137929,25.203552022966107,32.39888445516603,20.83052243464647,27.592233273607405,31.29851675169139,29.799632268776744,25.739980966054052,33.65083729281402,26.036026711863975,35.58606354566981,19.883467339109767,18.541557197530075,19.88614268040233,28.415419047265146,32.314519725052804,30.096787292663016,29.106453284509175,17.085325184309635,34.04497354323547,31.86565990421047,32.74898074788889,20.59670277376067,27.841694114778345,35.94408830932238,27.1183810007198,30.42657723884212,29.09861572098055,32.329785854457946,23.598360407911784,22.95379365584953,21.446863929010693,33.72959615422769,21.94976890949228,21.904476652286384,20.65257992726395,20.218362406254442,29.94947364855508,15.941655177174216,30.090460634973734,28.795931530700425,30.438836247294972,16.74796878538843,17.675894026988168,28.414570428330162,15.411577001464401,22.67407615640365,26.25296985273335,21.44281332289632,17.92900354263647,32.42954942967581,23.47827111781269,21.476119393361,34.3195717019957,22.90300980834937,31.358035970734218,21.7511301215863,32.5270485730604,15.789099222552212,26.61725151542126,32.21695213461286,26.926520326764084,31.60583704224293,24.20835522166603,21.042289834237817,29.8661126789071,32.45655025720789,30.7996187323042,20.850748388775173,29.22612540275263,36.697555941302795,32.99976622425851,26.207105589483575,16.672102948885865,31.363461502441663,21.384303718652383,33.21054559469571,22.515100131787367,31.1004856777378,31.44152787106099,16.198351332286805,31.209082667783502,26.94401444834993,32.82828482420298,33.5819584173111,30.920606596624847,29.158766797936913,25.982054956721125,32.730889117168246,31.291261823574214,16.070830871875167,35.52012444910909,18.85062066000724,32.063034879706954,33.91162021953688,32.167632646357994,28.85638312565931,35.07209294863248,14.63041929990033,31.299547454724124,33.320481494099276,25.806373109138082,32.49758344770228,32.677169393088455,36.33282429226199,29.232388337099223,16.50875698836794,30.26442228934314,35.387502329316895,34.673847663501355,14.9173441220881,29.439175650903856,31.092608976435926,35.17423784508978,16.016231372509626,18.09134963507105,27.965116354788304,15.443938330716602,32.15473282195796,32.45690634693483,30.347026501770777,33.21775574595795,17.21795075739044,21.937647462079603,31.41510292120825,32.87717688899528,35.62387163342459,29.967909082566976,34.959005881997335,27.097245469146227,19.93075266750735,15.479129542065358,26.943985018693844,26.151680611016204,22.064130700202465,15.682329664751899,33.23878775495987,35.2783002086394,35.4576327827971,17.51326674663578,18.824912884078053,33.05638158460415,28.83227377474042,21.735052509607875,32.519900604506965,32.45501047899123,34.80166219053626,28.363972966100924,34.76683940488939,16.3978776479555,26.664068421569677,19.585436396080084,32.61697850355182,30.652088454329085,27.82084655312365,30.317447119472867,29.94030185773498,32.628853115268306,21.962709143545855,36.026586112031126,38.39788071199813,30.533133908932562,30.387687854187458,30.989611237603214,29.324932813021455,27.69018719718586,23.052216593311226,35.63284585852667,33.65696080490316,15.575650167450172,18.11864346651955,19.229640337145415,19.272114780963864,26.178046496491543,31.25123087576261,30.567632494200566,20.642936210512108,33.48660667699418,43.6742978417973,30.55249212808473,31.17358718463526,26.99532077243731,47.45002664337476,27.10994447291755,38.39887202628595,42.4200528105135,44.494801872251514,41.13034463990404,33.18128750567946,26.776752443767524,29.46410479679075,45.22306732144584,27.169904103102787,43.40387696911181,36.650999856071266,35.631608301406544,42.0349529608198,30.24223781357484,48.12620966819883,24.61897643034281,40.164463423714224,42.404839135673754,47.972086983613984,37.96401039724065,26.46265218853665,40.347133731175795,42.17300264786816,38.225213961840645,26.971016456397486,27.595808920213823,35.4895360767379,29.94523780944553,40.794845959886416,35.191869786209374,28.706094963908868,43.28446685113852,26.994909784566875,44.24115668971651,41.65584759701019,31.019506143450972,31.24989774252176,46.29265443180678,38.66267591930046,38.53481673479402,49.02221832416434,41.4843924071928,43.01954451785525,39.4190632684982,28.03709356529838,27.28426644405302,26.59559607955642,36.496825275647716,42.99266377478508,29.820140908061752,36.941116761455625,40.04257366710077,29.136775447226256,27.792274410723877,37.478690034278834,35.81191281377155,27.54219461578247,41.77098654886217,42.985111019985844,48.12360510348045,34.468896614756545,29.012532604182926,46.9711453195217,41.92339195477661,44.92852401032345,41.29385042391346,43.383343967050166,42.949172721140904,26.77254684988659,39.42893126486377,30.963172384361854,30.771148569138045,37.88094816716281,36.926273159364996,47.63971825135787,39.860966658447396,32.179646240245646,38.78961160448192,25.605678607232484,39.06983626801158,30.454228016144494,42.0330309446629,42.53636342176577,42.98579415255822,36.807103241184464,26.21928869681045,41.617450602171026,36.27214170112426,36.795282001865694,23.906141457818308,41.137145800174736,31.74242281924711,38.71820660143743,43.786539350581414,35.17205599461523,43.69878148206751,30.59595023017733,38.86114291670244,36.44957496946675,37.60185618464409,47.284018826588444,36.759968740982785,23.491678850026283,31.047990990508378,47.259482160587034,35.87512382505824,46.69535878666575,27.071386732358825,46.58374774763282,44.0761860986226,29.268331362831173,38.02564972012016,41.56045717269679,43.613644436430185,40.51437009349707,46.61080065119951,41.72137725800813,44.16088709019956,45.314560586204294,42.324434568278626,42.25201177070499,35.94482913814192,26.58555764351072,45.31718138630056,40.249754198590544,43.38031967308947,26.6639744190631,27.692441216258423,37.8821373710914,46.21859986746284,27.405615801137554,40.260989903465635,43.54051261355825,29.642005238391036,37.251187303708136,47.72735907642476,32.686821454575664,42.33996015625003,31.06505281034285,43.10272587165526,45.81804057729379,26.329517825005393,38.65061563951036,25.15599203768037,34.220499213352845,40.18422116466033,42.04330135638137,29.222472228888936,39.79840677207492,39.95587102791811,33.137965484814735,34.29303051986464,34.2887635623928,46.84828212182601,43.48664886107814,44.5683129988099,45.42082974002141,28.146484725884008,37.39693220624425,46.589735087958566,41.92946391207059,27.006244759629688,28.502051690446685,40.289594808856044,47.44878682521318,24.707637378099182,35.23389143035136,42.00746717230425,28.16546193736534,28.392189641330347,41.69421823774297,26.357989369263308,38.82523444984765,46.88771442592015,42.53101305596689,37.79583962402387,42.36587909983083,32.79419599734564,26.638335231145028,46.381205202759865,43.807892909012104,46.48099382979078,43.139936283741534,30.95668491108827,30.405946924874,39.189090748304814,38.87460321643164,44.9629059868846,43.08276777883636,26.7070105882536,41.06428989428999,28.815514624963548,42.44011176279769,30.974002415501793,42.48576284079677,33.46990074072639,33.59496010069643,27.22060046197648,46.566594233520696,29.268216996287503,31.122323402977905,43.5931083174246,44.59372102094574,42.34975405312039,45.0137330391808,39.84515690498962,24.928457976811174,30.229105298294314,41.630764298509995,44.54445424509764,27.92911571678955,37.96430202910381,42.21827517465467,43.13458405264095,39.714692371781325,34.80056788759204,42.6021204316819,41.590319352542565,41.04193299347754,43.5985345434712,38.07667209762848,42.887423143474244,45.00368844456026,37.00691829246761,45.53572482747241,24.058151867740357,48.98475773246186,31.06659626147827,41.44256905245411,47.557485182444445,39.22472609307346,37.088107508119585,41.34061491037074,42.55658055327657,37.77582527341186,47.3565223699756,44.44619318944718,37.16821212158302,44.36746359696764,31.843154027304212,27.43259471745468,44.1459790282534,42.31909863225979,24.91895529233712,35.08247495913136,45.13849710881878,24.918035362392683,40.00446836645316,28.039333963723408,41.26981758307936,46.17286726784938,33.022806481224826,48.10774849687014,41.617456687161386,42.268304833660245,41.961820542997515,42.6471991072894,32.15463682698331,26.140128861986152,30.737858399606946,44.01084944651389,37.08866086744122,47.40076972566599,27.874228781759133,42.67458506986543,43.61006653592807,41.81966630660898,27.572395808899778,43.85212243273681,39.988962589004075,27.80461289252207,36.2674958118108,27.79169517852123,34.4294933195898,36.560797693983595,36.97693144299428,43.33917658050611,40.015749588111504,30.60933997841016,42.00474801275699,36.64487689382845,30.943818465304158,40.73713771391132,33.66438648855005,46.47570795967462,43.780875035460056,47.33771053700413,39.93429082724695,41.20057526193122,44.964488291972216,41.85218179612677,29.08119341034657,26.984761447431175,42.32889286806526,33.944580922619586,37.08332164115334,37.884241923863726,40.44808259236961,27.96493452339242,36.02565184360142,38.3694100289708,36.470722624635584,26.614229847324353,35.37104782331124,25.07171372489613,30.51941359844862,40.69914740534474,27.53882218385374,36.56282475946181,33.62341747105424,40.945864609139726,38.181884987809845,36.913181047281306,36.576976661546716,32.30401639485746,33.90978102571384,33.389240882763914,25.942207193399238,29.24651633926512,34.77243675357962,25.665630744357742,32.687317235595415,30.043132228534486,39.29873880209032,36.812799167491576,29.494951657605693,38.66166022682574,41.72643963964151,29.80400261950115,37.513209303751864,37.4952516026186,37.739392598705926,32.98897297710819,38.43855648709309,27.0581180885998,30.878612223525394,26.765843936578538,37.808304656202445,27.738124598501326,34.948575177611474,27.095643099786667,25.541949441612566,40.38085817303448,35.96145884812878,24.33785197306082,26.299963927535597,38.597870915117916,33.82111334678111,29.20114965836383,37.52643098381569,38.89197583624364,39.961987552041535,26.124816347966554,35.47491530662696,42.10522443575035,39.88404269096832,28.01242040127906,37.004582838874285,39.84337985630298,41.61574012564051,35.683852761592036,30.267811581666283,35.02868507403682,40.34743532540943,32.127449143548176,29.001233823240106,27.334840162856644,38.11458541754227,25.269518894181026,28.740768980943045,31.996108061741857,39.10741925571705,29.120698488640418,38.771266928456484,35.363680042769275,29.472201738687275,33.73197165717925,27.341774985329717,34.44252167675585,35.01986294324274,31.698078432479186,26.62791879895685,32.7780889854268,36.81616060894917,38.189204286328646,31.803205310947686,33.76522094673151,28.432350294590695,34.4759061423114,35.43033191602401,31.73574123796109,28.276115955045928,38.5635424312117,37.52417199954962,27.148608987892104,30.26993438198276,28.816258603752388,30.447159837664756,33.268921926709766,27.3997169380886,29.133339122119374,28.429656851774233,38.860014939140136,35.18261104118693,37.59751440310209,39.80895702912419,32.807236889993305,33.86176155859459,27.637876153934663,35.243450315088275,33.26999403133057,36.432749109499895,35.254259012747085,42.567772198770534,33.431853737648616,28.249453078007733,29.12986120837624,27.43264456547296,36.13087773978046,34.34725930726811,40.39769579170328,36.572758739561095,33.913722103085334,34.256585336830135,39.60638597753171,35.6948028993076,26.32814827626826,28.688588009413614,37.990908726371714,34.592618955882,34.36609838306481,35.31651269204033,27.27139996154726,26.631342387663253,37.26126264456691,25.027441879606737,24.50534539824915,34.22231320710008,25.246242331967885,29.357648540957715,34.66856011325156,38.97905650539853,30.272166183601737,29.66687884743384,39.57257252620785,38.06291449367377,37.89846307176547,38.79397917910014,38.27273805740549,40.36239555050915,26.139348314887787,37.2537408738472,28.565403417911977,39.24475584629766,40.1814484324996,38.448155428792965,39.43930237943317,28.83002099223005,39.04745417117073,29.07142472318566,31.757131659764173,26.88301561799087,31.078137498467072,29.69161006813415,40.559841363415174,33.77180370450984,28.311858813493988,40.83941313282672,36.48378439246592,30.33327218140248,25.73610413791775,39.24501259600397,33.88203136260445,38.59992745970317,44.0836443045454,33.243257229650055,39.66143890451446,39.639338036420796,31.638582159039135,36.98341138579764,34.05968399201649,34.436824823269035,29.908420863322252,39.980291976737035,33.13121297260487,29.95864264184619,40.027705022013045,33.24160468506739,23.49978922516738,26.307118442196067,30.09880203079975,33.33521241593759,27.20095966723496,39.162866936684445,36.65929531085268,24.786903020624354,40.30959475371948,35.876635119088654,34.36447611798724,41.63542120797196,29.15003690208761,35.075742093019926,33.34011043551183,26.83459249787218,26.37040105943911,34.952266479646035,31.221622787951308,36.52094982380309,24.783846959374465,39.32029048474867,36.63558914008312,35.66262113127921,33.91998299784633,32.03875211742975,37.42295231460851,37.185462150934036,32.526117092207876,26.61428020918168,37.11860877838515,33.99197666498442,34.873783773230265,35.834716769996206,40.262648119046204,32.46689847737307,43.24015489980381,32.362404176100874,36.31398982640318,39.939320462959344,26.185767141718976,43.731269871515785,31.22947718829133,38.59921759766518,36.12368179435482,37.644645687399475,27.439450782308864,32.81708493557986,39.33556923855541,30.64104585338466,39.70431747093367,37.23507968104354,30.256329945982404,40.98008071207769,30.846250495213503,35.89742838516589,38.08448968466146,29.394793199631316,39.10844008132527,41.43116612049086,25.636523044710504,40.42778442605258,29.01010089245098,26.661096072458825,33.9396960161655,35.93987628667677,27.127516080937543,37.3434416498986,24.372013329487814,26.438842350069947,41.262821449467545,30.443377833561847,33.7933047547886,27.65921075728249,28.522738364382658,34.94610350109771,35.994832421390015,29.484137244913256,38.98945126827479,35.73206317773582,34.43112051683694,38.34423958309377,36.32252727181117,30.96441512334559,29.477312251593027,32.85465243496732,28.136525511007445,44.18996612130844,35.932457158743475,32.288828358615504,26.95175937254279,25.487655076851414,41.168690459692385,26.285067477960272,25.593828664647845,27.126612085590004,38.96250808818736,28.075469840449063,34.00420712046486,34.429995636398594,38.98871198361411,39.58627617325892,39.57201522185191,33.89806336485733,26.4107119326634,38.32143724118127
37,19.4574578456839,18.402262848152056,18.33347318116965,18.19184426054063,17.6307241613273,16.804935298309957,18.02482735730206,17.449833569549273,16.947764432214704,18.10140245125088,17.718597877422813,18.27430382694188,18.97612990119819,19.105251251309866,18.091809533528984,18.71457028489629,18.001719291128456,18.31822246201883,18.444913976175755,17.804959086382265,17.164683424440067,16.69880684542115,18.114717556781198,18.213607151702806,18.507870041734574,16.821842061074033,18.815911457919867,18.409977391780984,17.53330903846282,18.188439614970275,16.727972406143437,18.273876712722863,17.564435598508393,18.244145626151333,17.49043647677536,16.665410593112842,16.640939172868556,16.485426074391505,16.490893322234932,17.506168350979323,17.200733502189244,18.048467893964116,17.035048224881653,17.662165346124688,16.904739031789873,18.229925676107857,18.146282410761604,16.701731937624864,17.99659590557877,17.049335022030487,16.471587208941916,17.904256139512096,18.83853195559852,18.136219842863664,18.69871047143185,18.369615453298007,18.17687554094186,16.900705905802386,19.335705056443082,17.510667314501486,17.546529400261697,16.917607503094263,16.778562668723993,18.57204330232515,18.149976200606485,18.288166519176645,16.423550577555826,17.32807495088751,17.910519273718283,17.99268224673182,16.613575252694627,18.182867631860265,16.825582731422635,17.322121207095577,17.963147876226593,18.36882660251199,18.928338855788972,18.57452719787488,17.051906952571848,18.574667356259557,18.24780859712118,18.63909688208181,18.760271424032968,18.566527088754437,18.052288235049996,18.17933371547242,17.853314686374283,17.026224456220294,18.973462347322958,16.245650194196813,18.08928278927574,17.869195470590434,18.27505643061682,17.425025974478,17.32427893581623,18.294108764417953,19.673521975334964,17.649348016743637,17.57909731832014,18.331642378559973,17.64188433276206,19.718059910480417,17.376342053891683,17.231724526886506,17.260475447974397,18.95362486615049,16.62271758831467,17.93843635705132,19.85635748209176,16.79441266357239,17.919719650130748,18.613758126770428,18.808626348381694,17.089149480364505,16.630644619561824,16.97210004923216,18.48182977423258,17.28588008742704,17.4107751667576,16.902966926152768,18.458609924313404,17.173842738387005,17.579120317917837,17.248951575453944,17.512706521632765,17.648559138580055,18.483631581113627,18.10981599191036,18.246162646736387,16.474691945160323,16.735239517779277,18.206632376810944,17.32541379840852,18.814854675232542,18.320040729338082,18.257375849220583,17.47883184635608,18.46704244542693,17.406314599526418,19.69614581701338,16.065971551765365,17.316410180891825,16.610233049231038,18.437835394251863,17.72044540700835,16.981419390417955,17.980530355333798,18.064767525212062,18.454525351499548,17.157315420633772,16.558777040425205,18.697645715095273,16.789005744903026,16.824373789748062,18.39494817097745,16.580252528843033,17.171160500549398,18.20134858724552,17.646927975811636,17.99428455771589,17.41012264312301,17.01705422242674,16.611257906182885,17.374545510708977,15.913529554951955,17.76810949644323,18.202567251036598,16.91913605350135,17.894126702343897,17.30697606104607,16.93391175053903,17.9405578373255,16.348856162965827,17.48742340562631,20.166335617990907,17.325815479283605,18.227701957551123,18.773896766550436,16.977389247803604,18.044756591944637,17.349498064139258,18.297531799887444,19.546243240310986,17.211151159239915,17.44494544930592,18.127326111157743,18.01205939861097,19.910315786883153,18.068563438933285,17.8917026371272,18.4471334160617,18.550036592394314,17.15752718373451,17.157395681138972,17.149884224067492,18.307682145616656,18.23612538988984,19.63694263947571,18.719307600144795,18.75083046006621,17.849676657881904,18.842542647892287,18.664195604455582,16.697339579743623,16.996370220596564,17.38823536894484,18.101242049318273,17.85244008400048,17.178198845548497,17.065747900433657,17.393068760266342,18.147645693741083,17.076656142747535,17.000664066703152,20.09949281275654,17.974782421227232,18.138832960670417,16.900310300378997,18.300651323895426,17.532420458701964,16.878012047031046,17.117437388918063,18.28093170957963,17.148061534260986,15.922381663297722,17.742238041632227,17.452221497955136,17.24998082744585,18.143769076201394,17.746633000053272,16.81899370879741,15.928481762894204,18.08287526942447,18.083151207867,17.511931266506284,17.539885328392103,17.650833397275733,17.315756610589293,17.20012155812772,17.813286483974142,16.690109033892853,16.876591054369634,18.06639313839801,17.38048732230251,17.39914126926604,17.929352864413755,17.376040258821487,17.643126594787606,16.72148857443945,17.486823073155517,17.440384395088042,20.052915019798856,16.995049663820012,18.65781407937734,17.142917876032296,17.362357234104234,15.898499254817272,18.03651186034578,16.947338215963203,16.699412456715987,16.81282889067263,19.396771106764078,19.597912413003428,18.156311580394153,18.264268470300525,15.936199062837629,17.935084434759222,17.940464011976797,18.337647014047484,17.31709555117135,17.102956292890266,17.111276148601902,15.97433579804997,18.117589697600113,17.115508767260682,17.1853098262459,17.2987763696681,18.34555680002144,17.492552104545393,17.105172833861314,18.82655419655508,18.97398815496195,16.988875041408672,16.96021018223436,17.04643727088703,18.024162436326247,16.93371465221119,18.132517007924655,19.476327832713796,17.802572513101698,18.132206921065904,18.60565584089992,17.22412172411502,17.449792946113913,18.301374572391,17.855334136412377,17.127679632166192,17.785963664654684,17.036290047749425,16.69967155438397,19.30393874381615,17.131801219557442,16.452621037923926,19.746721045977463,18.333599212495315,17.751557219489708,17.339496136850066,17.47800749278791,17.274339278219603,18.343278267772817,18.133524540866652,17.35432841017537,17.61450529294127,17.598606716485865,17.71612866246654,18.232671849723477,18.61341079650686,17.90241777423129,17.655741339598027,16.875106252956762,16.743651185618912,18.237368149405267,15.954718929356742,18.298812258023297,16.604880064031107,16.94610286154875,19.652795979608392,16.02594149304792,16.417041524537826,17.083484645440198,16.9327986057968,17.63267047557421,17.634440950626118,19.636127340946626,17.671396565540658,17.89224791420913,17.657083862246925,17.219387389276665,17.290161336891895,17.36238178324987,18.983378382989088,19.20833352111795,17.60206396478825,16.73925693962932,17.801191166983187,17.558514893196772,19.71154585628386,17.734708722002583,18.948395421847334,17.40171593028688,17.775140156035302,16.42356131718613,17.995433361185345,17.962212755675967,17.005635269212448,15.90108876128926,17.099698805097255,19.075371512755652,16.998805412996465,17.83925913669545,17.03127734310127,18.540844496637007,18.477946001929276,17.4756650700151,18.666135110663284,18.656535486154116,17.531438513262128,17.335778883663913,18.96420660772652,16.63706286063366,16.32575325104764,17.741335702602733,18.924653899723747,15.73413105433257,18.349251107296002,17.631671350160538,15.765046891594125,17.266225874519733,18.52810726255709,16.34390724557179,17.169965574739834,18.56730648074707,16.773256592041903,16.552022347339303,18.655609637986053,17.1777087148402,16.34317849314122,21.441944770828684,17.17740195957158,16.67031091758515,17.733767237149554,17.42386797821815,16.86803144512702,17.37812875525343,17.07003579889111,16.55254261849271,19.66441201892853,19.2616109726019,18.433742850906867,17.849638199922992,18.259477606518228,17.318073417311545,15.89598403266268,17.267852715104183,18.385487121377594,16.213344944533382,19.040328179367453,16.07610962792903,17.10789012215263,17.750635822929922,16.460944123380827,19.050844410371894,17.86383175732369,17.07327624012956,17.88987819401999,18.109907634541507,17.148183752414727,17.504494039482445,17.325797058737088,18.227691448241533,16.80818553810882,17.30772345740272,17.338583283919867,18.954395218166677,17.590572195255774,17.364646749397878,17.470852538308844,16.118622215959036,16.594660960504324,17.386479454357605,16.759061105217892,16.86313694690079,17.964986084622847,17.102230776971858,17.762921729547212,18.015631480691532,17.787746661644945,16.03318394210436,19.24118513869319,18.320626230553994,17.24896534155819,17.029774962839227,19.18854739088604,19.685011023656955,17.413534552997817,17.065563509555417,18.54836681329053,18.258623082848253,15.820670668340153,17.202851345693652,18.71643041213167,18.490537156887047,18.555644192743035,17.51954504722729,17.47318444940309,17.528044029456428,18.498676573908387,18.21631042209692,16.747789911822466,15.721755712374243,16.22636053494095,17.975610082092814,17.233600659125962,19.329465589469066,19.63129875329636,17.318867406499695,18.129314566461147,19.537286967459888,16.342218306161662,18.55298427373572,16.986577245022808,17.499045535637496,17.37098824963837,16.687431394106696,16.715036852723966,18.312182128647684,18.649985248858258,16.425412872960965,19.360779554542912,16.753191814022934,17.766842051288446,16.91599956427446,17.258025271383804,17.77467712678844,18.26423267791786,17.35958366142989,17.962374020151433,19.826895929618438,17.363297649376666,17.346829005935433,18.897157512546567,16.54583691164265,18.006006733666453,17.293366232405482,18.697344858839735,19.260120521084662,19.04594744632422,17.803416758547357,17.326380760644625,16.329706714976957,19.693815608454223,17.415289847939523,16.35791870631185,17.518274787901102,17.634682929218553,17.768367727534486,19.32983089273445,18.291608634482117,17.17176559626921,16.380021401997084,17.00851515054686,17.75281364249674,17.822325455204172,18.40665048774497,18.73844230764433,19.357495076204152,18.471002801760676,17.22067860588289,16.132075790301197,17.82470873618625,19.81835553136463,18.95963910847179,17.63396554414154,16.998140249510048,17.836934652253674,17.51483141963401,17.800385554005683,17.85113383749494,17.516209212880014,18.24873293141661,18.274009826672156,18.55226146349903,17.379369835993945,17.777769040532625,19.277319404326022,18.508318918032966,17.141740886468224,17.090834887849475,18.057112625318137,16.456762073825978,17.509165925114456,18.751808351381282,17.02067505161496,17.91794033923236,16.998529423851835,17.403165563658025,16.841162423243336,18.250614131519335,17.361514332073078,16.08944865364329,16.715424993721058,17.646527429393757,18.657041731713456,16.74082872995004,18.126806828848917,18.042114708281037,17.525761693425952,18.98130266871519,17.361363699464235,17.793827770538563,17.60160282112957,21.59320960157055,17.772247696884087,17.46653782504546,16.999973754048384,17.714148545665196,17.470662818937747,16.366771805309074,17.736189499840357,16.495265984582662,18.156027088811996,16.843521970983897,17.76928159160627,16.753118994980095,18.253253157748585,19.17950126678319,18.506590971996378,18.02411145159973,18.681546688888375,18.19130710104795,18.129069874910325,17.23441146097948,16.89089174795483,17.000524183294683,16.496637564622826,18.080496788832953,17.895933267818716,17.61756411956999,18.410602190934803,17.061487905483858,18.202520663444307,18.48102325012846,17.012230381163192,17.13999970326694,17.79931375136239,16.381057592256763,17.902162443304576,19.109539119671936,17.41397925526203,17.87661681255185,18.2440940296055,19.285225830098387,16.400042822767105,18.662651062527548,18.223653863405975,16.731085869479443,19.20030516507646,17.498232684530212,18.22479089565282,17.72768275062744,17.52849321881617,19.33755875719557,18.110290561987988,18.303795325703142,19.420512517922738,18.360932309193995,17.65379975673727,17.929704040030096,18.008946056345817,15.290381583289852,16.941358162063608,17.968549487615213,18.035572084433273,17.705760259530066,17.390148229235734,17.69664509311505,16.458008441182248,15.423840320688912,16.760615873903603,18.264585607573185,16.876211604922762,17.238683028337768,18.721266284442887,18.03298773456918,16.769131261760755,17.855502202658847,18.2744648510275,17.851221357686978,16.951825851193433,17.96035564871992,17.62558278218812,17.11929685383096,18.263414494694068,17.633009035435535,17.588307304796825,16.142001671560216,19.242258796146317,17.502034075066835,17.520274420081485,17.104030101187366,19.120022797833663,17.57923954005396,17.74605146586679,16.676118494539377,17.385502173249307,17.340707614136022,16.169547656640404,17.430886541802643,20.026490604996827,16.126404623919083,18.087720148802937,18.24933040281025,16.641888966653486,16.660315654092784,16.962365397109828,15.4622999412422,19.366341225423586,18.283639657026363,19.240175850078277,19.20941764099405,18.34080808682944,19.624642687253495,16.33966904509001,16.493652256409707,17.9270798786916,18.167970510885713,16.51415466546989,19.666764159569315,16.692146109096857,19.02330461852241,15.277488521961226,16.145267302523617,18.288488079646413,18.072951132410928,18.39202690129615,17.386772595622656,17.99927855501846,16.214684833263846,18.242580674865675,17.63417902921863,15.997571618926646,19.251425480735666,19.103902463017295,18.129182086663906,16.46355731120667,16.083822783946804,17.516417201016562,18.029589753115815,16.50928551548173,17.987512134449354,17.980321626683338,17.9354012719191,19.749905124749446,19.665439304217998,16.006676415026106,18.876115417857687,17.322411968377114,16.54956602923034,18.96802323973735,16.363715233463772,19.885817011468166,17.659320362350993,17.29886137240536,16.647175221005362,17.61759442460147,18.295933932125777,16.054655689220333,17.444235918217583,18.636279455491703,15.83754337494759,18.082223459164,19.02914797687869,19.824147816548287,18.504943576612956,16.672488873818796,17.617840944041525,18.80162404677339,18.427172126958364,17.509750309304806,18.069473087455087,18.45295117659275,16.597162868283014,17.82326942988068,18.098329769085378,18.645864486331575,16.7789297000138,18.292039002565772,18.72424646696756,17.81990859179792,15.73512986936068,19.814641771639796,16.773287099381506,15.89550542419262,16.377169543572087,18.525788709985697,17.133682317435348,19.18529034797871,16.464210285208058,18.13979468221852,18.005822726772724,17.0621389186735,17.380228095626073,18.342775790067417,18.07601424378795,18.503292908328824,16.407676111158423,18.20201102597905,16.56174674530155,17.187380560606936,16.64549568020261,19.914275990353705,16.476777371203802,15.465672619982525,16.53044337765057,17.662928030294005,18.074367013856442,17.563052805928887,16.41387443741792,16.89598061256429,17.52534350817956,17.007887889256715,17.049828717039357,17.10630791481327,16.54825454231447,16.3901627115282,17.5395635805415,18.482241888139583,17.936969818110715,18.376973409303485,16.265417979776565,16.581239245483662,16.211090025449845,16.81260905941528,19.489210851927243,16.02773004282224,16.18473492252807,16.26167355369047,17.65153415958706,16.95044591073637,16.64462828257998,18.98486471524858,18.339358098770525,18.371740570360007,19.180047298802076,17.386857607861987,17.642467362442137,16.80968502987087,17.68676857100035,17.28258381771765,19.285334547816575,16.8626396727401,17.288702140292425,19.101067617119526,18.180330777932216,19.628691615688382,18.459914939269233,16.04205098943255,18.84859945790131,19.949908210078906,17.668087507852228,17.345974726721256,17.951932311062677,19.68727288462089,18.584869177464874,18.08230232873215,18.79483110458368,15.525737592013341,17.937783479569077,16.037753133690952,16.391900089416065,17.05574334044587,16.58319475447289,17.390234454462774,18.74573997086751,17.709019551440292,17.950955955873802,18.371187494096507,17.786532298890915,16.039015421876197,18.12987905579518,18.073906796327613,20.04776910598054,18.869475753383934,16.91085349726361,18.217670317627466,15.114732378991755,18.16267317695802,17.94975019100777,17.002890405220082,18.307540928503165,18.228519629635617,18.211370592633912,18.303275279633006,18.107400196846758,15.63077655454554,17.219927912335805,16.902013295646274,18.391111552540398,19.553702530169627,19.299555549823534,15.984457923162529,15.688307116457244,17.805901537332307,18.25032407947096,19.53027818328193,16.916201754574967,17.54774045443708,18.520465603977858,18.343019308660125,17.472640174867497,14.207077420443303,18.0216302170063,17.41477437591589,18.484215568266748,16.078465878588496,16.450933887448915,17.092539478044515,18.16722711292074,18.285031874738497,18.493406655580387,16.42990587266327,16.72475344732972,18.2136600458311,19.78597653445879,19.959353349749833,17.96073461540799,16.137442559953353,17.869343481802336,19.67435633925649,17.386411743331074,16.58459098557743,18.27841623710718,15.604458418965567,20.02015565065591,19.366978738047088,17.11854210376563,19.26124044639365,16.899101867649232,18.015743200456285,16.591902965530704,16.65291480633889,18.665746003590144,19.199842420536466,19.168092108729695,19.15954843011078,17.182938395388007,18.10917532769198,17.59298310160837,17.692504530714604,17.208754910464712,18.558972049678655,15.532157219705823,17.295194269140353,18.09380057539102,18.10050327706167,16.948224852746407,18.427571099880318,18.280036328403245,17.735426195419194,17.034447469636028,18.653145100950447,14.739541409258123,16.230833550076408,17.434850111594987,17.187851367030778,20.398858542052842,17.65915442868252,17.081217840658475,16.716189657690567,18.020481431774552,17.674320575459546,18.048867742576284,17.310797152653333,18.167828534492603,14.79351769597694,18.024861344284737,13.59031278022631,17.638568992497568,16.90755608526444,18.862241468499665,16.447554301054197,16.375559505825265,17.765706671060887,17.240534648572872,18.249965225707903,14.770512141899474,17.964303787262487,17.58863933321171,16.661199743280797,17.437348549199204,16.015753910048986,18.507592551715934,17.932216092648403,16.431702674921986,17.178800927128293,14.830388526952113,18.627601478387263,16.622242413195554,17.841157884198083,16.57462618282732,17.02836117354477,16.19975013035514,18.174863860976963,18.92212329390014,17.79950698172199,18.059294222848187,18.537324313713217,18.11109642300615,18.698304854601854,17.499969178531064,17.01386664070352,15.307468880592308,15.852542339979294,15.498011484626629,18.69742341111622,17.126591498568907,15.016237891763625,16.93151503841968,15.343932853620213,16.890440469862504,17.47403967260075,15.755020157693135,18.8476824641387,18.973300835714408,16.92811003739088,17.926663193730676,16.93629614024592,16.85363856437836,17.663470288265934,17.5024465807439,17.142679534374075,18.034572952110228,14.822393844689381,16.72871414347714,17.09323620656403,18.975332842967727,16.09348563390735,17.540584145985314,18.447366177150844,17.522607962569996,17.476473993690515,18.40847955832275,17.251586717236794,15.110120387557002,18.736709179566173,18.152626917991945,17.88209882814499,17.74741309989412,16.978842096954253,15.447346281496522,16.982003588536095,16.406955180743868,16.34175834043833,16.232413027893575,15.86209823826694,17.373804624374706,17.83337056614116,15.14428536138015,17.270294890357526,19.001420705706188,17.56140601975243,17.282889189196094,17.068158842482873,17.525944570183974,18.27333145926071,16.522980944135394,16.368325228142204,17.7889913569689,16.220235543739093,18.110885945157126,16.958341840419838,16.810211957085457,17.94964365362744,17.884812471635566,15.17500332503046,17.51227025351252,17.001563256598807,18.6654120339666,17.111678855565906,17.879645305239123,16.615075755202145,19.63378587958215,17.189133091161175,17.776904371681322,17.59834941456868,17.29764831917214,17.705366844174826,14.811877263793749,16.8680243955745,15.63427802008513,18.610556878248158,17.977173486963263,16.843366647105057,18.64417470508672,17.70070697623155,16.89662124236628,19.34034996340173,18.161474118126087,17.22430059799761,17.13455160470245,18.81246565933374,16.68063584488547,15.952940603035545,17.388240223591325,17.699342684518953,17.52317083469032,16.473235982765708,15.022008766357139,17.53174510027684,20.186162127135095,16.63989948897376,17.882844177034723,15.724854313318529,17.79378930502674,16.315718060840364,19.04300829904427,18.437475707585683,18.15418672446738,18.57722532067532,16.730834945168382,17.01512943454575,18.21004243399502,19.00856556387403,16.999225368226142,18.37643710265485,16.700559679838417,17.61304662204854,16.821550003835025,19.120960958084705,16.633397888081973,17.81151320037539,17.5948060482123,16.823997508355667,17.7733542157857,16.706396561417783,17.670119975021333,18.778476714082473,17.02655390882504,16.728563328773948,17.587331422815183,15.855461972122711,17.424985237296735,18.235066416167403,17.15019246203217,17.02876144237683,17.35010492450522,17.85737930057768,16.619780316492253,15.676749097967129,19.008559396249563,15.019573924205632,18.84551335206262,18.748124848747405,17.357850592945777,16.360641439453694,17.101928214364147,17.926486625000926,16.988472318404447,16.608938114137338,16.383668700596267,18.17905228266836,16.640689338396026,16.526971523516607,19.015683316705246,17.515920100239995,18.45794842532631,20.566710007422408,18.246102091145886,16.76174368401441,17.967041784360923,16.28335519258807,15.97296349234758,18.68838719278514,17.36193164721799,17.699932817291074,19.529116555528024,18.1601232523294,16.44770203321903,18.29855248395185,18.161078985133337,16.677394560716536,17.654524867842284,17.42370151884486,19.070447300637994,14.861967308163962,15.349548974186362,15.69335901558914,16.46790595435324,16.437284692275718,17.27130217597512,18.212612559328154,17.603045975665598,16.911023410071152,17.51228513702899,17.06777144157922,17.19267381805467,18.715752074047266,17.431715175396608,18.718360445596566,17.865149385540306,18.679235060764803,17.64552123934214,17.41535085932771,18.372114549645566,17.913779848724875,16.351417122811846,19.225380814279923,17.403199893431633,15.41726249145828,17.951382068135697,17.54866212402636,18.275180289597163,17.74285414221563,16.769552724123304,17.86939542363493,18.009790609846288,16.596589855431027,17.29340540557942,19.115146607194617,17.739896989453783,16.64455919253542,17.236094210405703,17.780813474532017,16.347639974053084,17.360908950839974,16.749374078198734,17.94554160406838,17.551478792898365,17.31115922096203,17.499419990442732,17.638478262753093,16.755072037497925,17.177680177882912,18.38056651788557,18.44378444206414,19.311739687573642,16.77002253289218,17.70602994289048,18.18674318317906,18.771122287668096,18.13467479111301,17.70487347855808,15.956609641278567,15.95914274733331,17.562847958377322,16.110204860136477,18.14360568601692,17.049243036893365,16.089560492965628,17.049995493757052,4.860961106127363,5.709912126899479,4.582058190851076,6.01463573298577,16.04500299618377,11.835038676888363,11.763632058747332,8.639267286008344,11.498262219706747,3.1312610675677606,5.158485588089723,4.601013863527744,4.11712206939081,3.896095135626191,6.929280787745351,5.030510420960122,6.383283441441727,13.880617006773573,16.116958400341844,5.375963388991049,16.268392610269352,6.153956140057162,14.267886516449986,5.22226336174926,4.36606835613488,4.636858219294403,4.092513764961024,4.5776878391318245,4.1265937444232375,5.027791665374924,6.503511333797836,5.08407681556449,6.177128431767709,10.755393840097645,17.165891401618474,12.29086000251914,5.852575641863962,16.15279652969412,15.61446401658886,3.7852901379585573,11.879231389624628,8.247761899392659,3.206655083906714,13.577393543773566,8.35881368310418,18.072139332481605,3.7579058600651,16.071446230878138,7.131097919060482,5.048347157600431,15.349441177626082,4.775082168322625,7.807392064969398,17.968128560105768,15.33477954270633,16.789797197317263,7.708646128650757,9.158951211238962,18.347654706505313,9.385042285215578,3.9371147617885223,15.601658950404225,12.15305452658056,12.447692025090818,8.73763915151747,4.847806951368459,4.925345237158331,3.558594837822049,5.04146283143553,9.684466517666106,13.892880077906906,9.119455584474832,5.13900374931315,3.4611970155175644,15.735590598665178,10.500717951028763,12.779757553799266,5.235716186061866,5.898951746705231,16.70810199920421,6.182441163585504,4.887600127354557,3.691428899842837,3.5796299807980394,7.4226346484410275,6.078326129524847,3.2644759012796274,5.164242929482042,10.433286006327988,14.16770226140477,11.386271325617106,7.613133721549429,4.098331605160618,3.3674126489718987,17.058663600563882,8.498711998591984,3.476751250742845,11.105977119086376,12.131491351854303,5.175315914694244,9.950318235586748,15.192402972415232,7.231719110963476,11.293602513653605,4.6739588279776605,9.07008335160317,7.44363907437777,7.419488584522275,6.602861557025649,7.763372707738367,3.4370288259522135,17.990220625550307,6.290864007291775,4.841917920852596,5.29366745530923,3.65767554664854,8.816549580474234,4.081050107375204,6.440598198465653,18.45687340928197,4.44962970722519,15.056853346482049,18.620147434465355,9.770172183093235,4.949048484312195,14.118203049105903,5.854659211917204,3.4160035594155436,6.567586897608876,9.285564579662323,3.2713755527478323,8.989157979489306,5.559186964643038,14.194787957691565,15.288083106847553,14.045158341349978,7.317393897232087,4.37770240157509,7.405547704519537,6.434929299913922,16.290483619024045,5.477509825037455,4.936714888956163,7.193222150505342,13.136787888985351,7.0702456305893175,4.248156176232718,7.74773643771102,5.073797661654361,6.239025921108961,4.527062746897838,12.976926373363886,14.065537582494537,14.195055519277116,3.697044721897924,12.444978200194177,11.125876625485432,12.872303570139582,14.585974461547329,6.460836637446798,17.811268656829427,5.691747912528741,7.922927179108061,3.792854004442065,18.22171125699331,16.14271375312092,4.242106260140792,18.113259078359174,11.345848856362363,8.750960855987604,12.305397695057833,15.078704341267738,7.277682064563023,8.253518644963668,14.015194573643253,4.96524695402564,12.860262117681325,3.4590906233278447,14.442718522362412,6.373238136163645,15.103696190269012,7.964889890810824,3.907477359932525,7.420980194290562,3.402324193587947,10.473087327698845,13.980024753736465,5.747139409467001,2.931619664461446,3.886447277968353,14.903765774621379,6.291423447920947,3.797365041626997,3.3513674617126092,9.646166076747638,17.00038821023761,8.192505202901135,13.389700797135056,3.712707596787797,11.511401107563206,5.121039757847661,4.757695450131611,15.905001487714582,6.5503284077627235,7.8108926920717305,6.3964488565738185,3.8079323318181313,5.023959951193088,7.774919998393982,9.798418916107602,5.947076921885092,3.284497634669916,17.501780706003174,4.975174807359317,14.60829870391057,7.2123401054061524,5.195808203054538,7.38659542280181,9.722723442604046,4.15944598246024,19.56439442506344,3.283566872672251,5.585899258458963,10.244828901241522,5.084215749230465,5.285813074621445,3.2660959577254056,9.199482401502726,16.52100701405108,5.663785926861658,4.810211654564691,4.997662392874994,18.002205322958684,3.698968356575021,6.782250790333766,4.552614478519439,17.73153424146121,13.985503257818781,6.724576193233324,17.486976817715433,6.673516528309433,4.197378274828614,3.5438147126429995,6.563036717276703,16.61193001121019,11.209634983270128,5.274994647999931,7.4721350284599595,4.076238557973662,4.250816662453955,3.9432329364774565,8.81891977233831,13.21153257034978,16.860954016630146,7.54713617165379,10.601241945009136,10.265103352847738,16.88213726379509,3.6491965527785974,4.666045862942357,4.771654541203253,16.257640559369012,16.75001598544832,4.7745327869840795,6.144033522122524,10.919734543012124,4.364302665984736,5.1167650159064335,6.060422777717308,7.385153472728329,4.581703487760575,15.540778050763688,7.962775494386293,13.383721286355637,4.989018292299971,4.182035956686357,4.702314997803496,5.406620004355897,7.863294467841962,4.234274663315295,12.766207264183498,3.480615457936254,2.691560753348501,3.7051492650928695,3.9221725386280335,3.595427980456412,8.344707141871746,7.731145380885846,10.924998691081472,3.6368549161316808,3.7711360569804,16.840432118725854,15.784247260008337,14.641578580757706,16.14604775089661,8.862490712661343,4.159835646217551,4.416340504836983,12.245183851097018,6.001505811836891,11.961842330893745,16.29070838267068,15.499660301958286,16.312849565161514,14.597250406029946,15.72724578475565,16.12005941606234,12.121911855980471,15.462732797213224,15.431570531504914,15.48056290073688,15.597158570185536,16.195594487328965,13.475728605529977,14.943016222979285,14.941255765362556,17.44123000100572,16.5321003382076,16.99890778409523,16.229746981656646,14.396942960256997,17.065502717292215,16.089539643943276,14.076766384976443,13.577895652166887,14.926534117401832,17.004044101619776,18.20668869145821,14.13506771250202,15.343245608680354,16.254489856553043,14.745526673622225,13.39816921724442,13.0834830559458,12.815079690741143,13.513574338432061,13.733369284634525,14.057680242877964,15.153470269240254,12.271589121823332,13.019588102354822,16.42611193669728,15.848173422054751,12.585607037262475,15.788525443267321,14.75344651083644,13.660665246333254,16.634790672958633,14.838269486911527,15.52523381311628,16.22075074058789,15.486410868422537,17.567744168561273,13.893982457000828,14.59699829611029,16.261445767539673,14.218269204648113,16.346876072588376,15.263482181639683,15.502411921284674,14.246134277030215,14.053459796475593,16.06730060206928,14.139595073476746,15.02439057158203,14.418921594323603,15.270852864551312,16.48512480215411,13.425094098230813,16.455857626877563,12.20170800048622,15.798203923700354,13.173615912912258,14.906658255195861,16.073446983859927,15.541880028054775,15.034503432871022,12.829257618722632,16.14447178348324,13.651626508292244,14.306778605967132,15.437293280841814,17.8850501430648,14.818030056911054,15.375446220800459,16.013214436777673,15.023178004360256,16.334735657328665,14.265508277484736,14.500336468134712,14.971977997427196,15.9814015412149,15.818615928848986,15.930703314664331,13.640726453406769,16.374631600104895,15.495544896941366,17.955660433292405,13.314109852094411,14.536464244817966,15.198202946848262,14.431725452875265,16.298398458914804,15.94954463543749,14.4625617269348,12.699355897448038,14.084732497820395,15.159483748280742,15.152018383349205,15.10911811195226,13.022400939290621,12.56631396656223,13.390971283095459,15.638388144958991,15.033606855035837,11.590314689918845,14.662521153409282,15.20504863732468,15.528927145299361,12.678777517312577,17.268027161474915,13.452525638924344,16.252411166419666,15.448876585044545,16.19004340340438,15.15434146996293,13.977722920947539,17.28912805581072,17.573960403491746,15.26068810269424,12.920551550125763,14.633166763088177,17.865432079788093,16.233510878561518,13.92158043619302,15.874817374254471,16.506009989181152,15.004409762146897,15.07615812217036,13.357803542536578,14.047267547378055,14.43588797370344,15.360424508310278,12.973852885871345,15.716273254680889,15.354322175678426,14.953069423529076,16.101891972272398,17.229534493648554,15.495744788632699,14.83503481560032,18.224101380730094,13.077710176839263,18.11462218533167,14.252379916718235,13.755089190643604,15.338374181006225,15.469451961190408,15.994269683236485,13.399702838823474,15.022010357155558,15.009391688898697,15.395312400004583,16.326153945744544,15.580276277850759,14.601958322023632,17.251372912351915,16.260606230695817,15.232232108525238,18.273490517690643,14.578706112226454,17.00072675090643,13.519800810308627,17.264801341854383,18.070460532250657,15.582454522101173,15.906660071939685,16.422279384571222,14.862639970092687,14.201925580950906,15.015538285989834,14.038437339503153,16.922100682577007,15.454722133482498,15.802343628971437,15.002258301516719,13.62327921404188,15.003074670246315,13.26893112401807,14.994001434940204,16.301129775590347,13.071465087252012,13.06985453358067,12.41342266559464,15.302624389268704,17.375270589189128,13.058437306553323,16.144291059368037,13.918850991000939,18.059898375561104,15.0795658670246,15.47574330405627,14.072800252465388,16.58782063125654,14.511107035357009,15.213812349963602,12.790552334448439,17.150383994653435,16.39240271282694,12.189054562510842,14.053285290610821,13.90857072993302,15.617221300300834,15.882257111753768,15.017203330607128,13.948756822524304,15.37550530343511,13.9957683937149,13.104397039352467,14.585897320671416,16.045655614385964,15.74221582592283,15.086787773666135,16.52671834468111,16.27620285260762,14.625482861552326,16.0023071182978,17.66655672485167,12.259254565278203,13.940227717342642,12.414667126550222,15.407350422906406,13.635841894086386,15.446975192128736,13.057903354044965,14.677693834440293,13.57126332622736,15.014784063577965,16.999211778734132,15.080502039690362,16.94602672790775,14.444604113042331,14.845980409400292,15.133026998065423,11.38165970304345,12.604487205265883,16.024107127679777,11.151788650627077,12.91705942634897,15.615257745872944,15.01599638457508,12.387444232682459,15.626865130345339,12.972572143912956,16.32450022148274,12.221268430460862,14.55493742074363,14.039728971308639,13.379457601819288,15.291944225775696,14.446607735471432,16.56382871655374,15.477080964791602,16.063821761695223,16.603532227703603,15.401958160595553,13.520679784573964,12.705155252422557,14.298514285074306,16.243520607889156,14.630852572797622,15.013617393877043,12.67310003253025,15.753169185991931,13.58401636586795,13.119574958843982,15.134248655198924,15.118084786458276,14.700402281381233,14.328819236233185,13.538452264542283,16.34015675003354,13.634382807662055,17.891473071020286,15.769505326418617,17.015777274530837,13.597517441746229,15.372584395674108,14.732417048771197,15.404900190849295,14.92576013013254,14.289032022427655,13.021550234445245,12.937272618151532,17.140650447458086,12.58737463844803,15.368686956577191,15.296978840925416,15.080496846560097,16.048713688471594,7.779864805341921,5.540192828770483,7.943540506768756,4.766008911056055,15.43935409826,6.636552652221532,3.368696449477684,5.013074863777102,15.899797752951441,6.3077386590760955,17.038631013996856,12.281806291142786,5.071261371163966,17.08228177613724,4.557104217865041,9.072093923227941,4.370056597143008,6.271938844258479,4.415229224259182,6.216073947852618,7.422684112838877,6.6696211445880325,8.401445376123293,13.423883525907799,11.92945349776564,8.54698179625443,15.3019550001659,9.599978424805597,12.627248546698594,6.678822405323292,7.5027362602275085,8.211464540630184,6.825321997037096,5.987559618450398,12.975961832674127,7.0310514536251425,5.086852703420851,4.930745782669984,8.012056443716876,4.384369431596148,14.861959974721813,10.57311849810003,16.44799295245716,5.002133982377613,15.401372348127621,10.631717923935339,15.427983436054767,16.27904971677984,3.5465491547429986,7.161567487777494,15.362553380084487,15.593153820130649,4.627721687780429,11.193844763419383,11.396342422816206,4.887649201734226,6.874371723594449,4.4632481174846355,15.975707729933415,4.2987556143608225,3.922436140797405,4.158512894753646,13.94975841864063,5.739516221446181,7.353440237647893,6.112401290117115,6.535266539349419,9.645169189741598,7.588726103460866,4.184541279033397,8.846542364739879,13.82176215877485,15.406223665200779,6.379553001308633,15.735342167867563,14.80971825182058,11.030574751415205,5.633108226188983,12.578864678329644,4.2739283557780725,8.011858101915182,13.21141778006287,7.661585423844061,15.237360512578297,8.312246452381078,7.068152317278592,12.777528360756689,16.173360858502207,8.840633552564853,8.526499665443849,5.533766649638241,7.657435322441386,7.957909312539369,13.823285383659748,8.42930902710487,8.802686163175267,7.769825061430284,17.028430465352848,5.155045719220315,6.720868216071643,13.346180340905892,11.095766952743976,12.014785666963652,10.661759476072081,8.998846102775724,15.247330082777284,13.307144188411026,14.193721615286318,6.445580706002197,4.923799584836896,7.643183800028367,6.689348808553755,12.024339621502032,7.797007048597553,14.745607102998164,7.556404092923915,9.300530819086656,6.923207031367996,8.952830037574733,5.641585235213564,7.293625918688426,12.968007640412932,17.758640829893857,15.282236985552341,5.777779991303724,7.52796923630005,4.838662310108514,6.03227036788269,9.020621292114592,10.362153395762725,6.315209276120993,9.214724043729229,15.871584409460485,13.730718577473588,5.585280650805443,9.739115760666792,8.00876285766006,7.137581334576867,13.499091269265785,16.4307256182632,5.786595444080773,14.691297556594343,15.486323540110476,11.611163484772835,15.85406617631885,12.164444923085048,8.921856899653209,5.618130839295067,12.728150169186641,11.844893369084081,4.580088415180936,5.328474305724749,7.372594262911483,7.53096997606685,4.5148261603152005,4.652242275809446,15.738838728175468,6.799189951368628,12.856796423677139,6.165200035328309,5.392411359358916,6.246922462024257,5.38198721725654,16.011566048164358,3.8861985363655966,13.51468505088227,13.247128422394438,15.809792965258787,10.042164876646599,14.613792310889162,4.659698939569764,8.9422929676984,13.306491060265865,3.7313522864904742,5.3337571548871745,13.862498955458532,15.84977651407898,5.63271251453429,8.322032325568706,4.202760377279623,4.141718820121358,11.92994656185629,5.671553312669288,4.513456951371992,11.435239766460475,5.5701016166533615,9.344440492331548,6.662686927597031,11.866504372356761,4.075067143270803,6.281619240935969,12.006377783752805,5.1928154663689465,9.364965342238232,15.21742271367281,15.542861388510843,12.704913102980111,6.394058777247247,15.725491043346773,4.895647628201309,8.059712711590361,16.482046649075475,5.354259821920374,7.693485249404072,9.992158712543569,4.804391901571843,12.776548589899955,6.405683211674756,4.633778389162322,16.301932423899167,16.080274988323197,9.183575477080288,12.378783814406846,9.13992927275618,17.10747315640904,9.038537287680237,8.257175536726837,9.353264195568137,7.353759453858991,9.803288995493864,4.923467372675442,7.321050244067096,9.22837782579132,14.576840517495572,5.803216320284324,9.244554538702689,4.618345495141077,10.660914892027115,4.748737156254661,12.638239001036089,6.713748668460129,7.177618600698624,5.03461243464565,7.062818952267305,14.780572046358047,5.168340028140024,8.506505666023372,8.218277993713713,6.369198946691636,5.656932961598656,16.060949730511886,10.255765741387187,5.244375818542401,11.879749053431432,5.674946844054519,5.8094862094752635,9.847011845588296,5.496810212467277,13.077538514673828,3.785671327149218,6.738710963175062,12.219377202306552,3.994822704923507,5.358870373570356,15.729791607223062,4.459137604956093,15.884616005973589,15.294891531634493,7.969428401759386,7.271149353074231,16.973094420664683,4.801800679683797,17.256513896590064,15.281241173925928,3.750382303617753,12.237961816956687,8.941106318093036,12.887285676351526,13.289086771749227,8.374117304441748,7.1948120702353044,14.002117982497008,4.514733621599181,7.242019050699611,9.291710562754822,6.751334772343603,5.112702823397819,10.482500783782134,11.168174485061236,7.683000721351229,14.812615519203009,4.910439483437407,7.948848788569076,10.9351472030323,15.828433126805711,15.723741100980344,4.2491023862339246,13.265134149903016,15.642097981662303,16.743699290068783,8.245583156003299,12.208246467345155,9.55092820340316,9.357156506091059,5.895253212761063,4.2971498234779055,5.248453556075774,6.28889795217684,14.891094675615925,6.603416431807896
38,15.248092015807412,15.808277102532866,15.438862157162943,15.196865641290454,15.871161274550643,14.85713435022352,15.821194216046678,15.598965124947696,14.407156045807355,15.3780244769691,16.12577766122292,14.941138906298752,15.824744649978172,15.849003016949148,15.295859836811106,15.442833376426778,15.82279016417252,15.448725394557579,15.854203623259771,13.9463844456787,15.501803981390466,15.450514180724566,15.311878105591985,15.171184875286677,15.118517787189502,14.647410269200396,15.566997540460026,15.75255618482496,15.828473966270375,14.838781690956296,14.35968519704209,14.964780395867244,14.894128340237113,15.350136610343124,13.508832795983146,15.49260125605863,14.981389650475892,14.67446616180592,14.058347612497728,15.644994155457711,15.34699613428594,15.309894087627937,15.660023875905464,15.866185800070316,15.63956202060828,15.284661402772956,15.391818123569406,15.476231505995313,15.30189227914366,14.991992161106404,14.637765194024036,16.646068723252426,16.272837323226245,15.409072205841714,16.047291564076083,14.632097379262365,15.026580007465261,15.269644884916913,15.709333457123199,15.595438402641104,14.933560010187291,15.31059016668508,15.50032135947653,15.38503235348937,15.418009433894245,16.01894308201035,14.778550100570184,15.249966425435098,15.46501845369771,14.954319183562323,14.878520066708981,15.396101121076969,15.170108081631858,15.569705896839944,15.99689001761839,15.37825017814471,16.17767980802115,14.934763785413718,14.737792295786997,15.573920042668693,15.15193989365589,15.320496166985011,16.23674142395127,15.562816431046826,14.929990325365797,15.58956308486936,14.848911413088594,14.641029191997207,15.981197483709167,15.164692121974607,14.826666692645153,14.313066389437646,16.007409953398035,15.328990350375813,14.814408438551334,15.620285103522324,15.749811992194656,15.624493813788678,14.9568409543993,15.23611340566788,15.909398810409044,15.721057797167482,15.16333373827573,15.027565364811078,15.36297338493851,15.792044910179813,14.995994231772913,15.241082829999126,16.74340261129536,14.701702279925144,15.769343822132852,16.06089554369909,15.022135874712717,15.513651510600917,15.640768312999096,14.616160005485176,14.885218648612835,15.287021435292012,15.287241095410414,14.43989776387329,14.979629430039529,14.914000996696112,14.084653294051193,15.39144896744814,15.353197007625798,14.857894709324047,14.851617333389166,15.320533313888482,16.04611334639242,15.11566898594204,15.654375721777994,14.735598448294288,15.45077032574584,15.487710800911238,15.244124848716446,15.137736780791053,15.677517465778745,15.058770374503306,15.630094039664495,16.710550359402305,15.356238959785978,15.412823819310912,15.121157750328454,15.363219764533431,14.073125357370607,14.627167811926787,15.943327251976338,15.355238000683308,15.894599226588273,14.949628195192542,14.399925353230188,15.62371681329448,14.739576858077504,15.222707017642481,15.436924061887446,15.612229013956034,15.529617410724407,15.302007884005805,15.87913971462796,15.82258512459842,15.508713196063907,14.611535341564997,14.84892195953895,15.278381543333586,15.108803010668714,14.016227363785916,15.159317796787366,14.441227860486162,14.859125975934534,14.783387325561321,15.28658619139423,14.849245316772754,15.12179471872229,15.640283006727028,16.681616382067194,15.197190325917852,14.898744375650388,16.074805716104667,14.695512572294225,15.679350006712037,14.765503897055869,15.37471965108747,15.689550534585596,15.769661323827394,15.61558171559566,15.40377548054619,15.30581842768488,16.7278502732606,14.83411830763033,16.351408574730304,15.373232892284488,15.881152058298598,14.225659066419619,15.250880033624137,14.65172403137641,14.971909257533992,15.184664988712631,15.561029911355424,15.1153840967529,15.299692720024032,14.891459487447259,16.190105916252374,16.052821904553678,14.397508602247639,14.48805941736409,15.538533172615217,15.240176049260937,16.161447289509788,15.364902973092915,14.425968301675747,15.746648606486549,15.395321019293647,14.781007391108288,14.603196966727124,16.69701733638707,14.906875651167908,15.38673583524998,15.311149765407247,14.967394868398099,15.805590356930125,15.615336271636187,15.372513514680033,16.035258750900645,14.641208301108739,15.770951762967679,13.97749804620608,15.314474054455637,14.694940661472284,15.065061573379898,13.973535175920148,14.446917747620722,14.990572412585164,15.53706322697239,15.39512674134094,15.812137524878118,14.652089594887538,15.886798680271559,15.206169403287115,14.634165901784359,15.314731581435256,15.462228518500275,15.302181651762778,15.167257989183083,15.504220511251983,15.23315086313713,14.95760800869448,15.181944066443375,15.976796297882274,14.685289277626284,15.07989974431778,13.534273242542499,16.732510309603057,14.594718438904385,15.315640859357181,15.35021601189708,15.465845427748901,15.093488627603518,15.699638860712394,14.617872001552076,15.400707433407351,15.529682042687144,15.679242663262928,15.454321734946436,14.721253167036716,15.272380824847588,15.737713404980976,14.283823484292075,15.779067051242956,15.39705148735509,15.414795051749277,15.225913446777776,14.955024150852013,15.145740498177592,15.565756387480523,15.433544869037668,15.35624674560861,15.145257362906973,15.459584810039503,15.720571943867071,15.152281862303322,15.502458478238147,16.27545218272781,14.552100622968865,14.5571122047904,14.797863436843517,15.808757085287171,15.423094120635808,14.980379107083513,15.32566163961525,14.214532694978939,15.424988001945469,15.311550961170864,14.72179723308199,15.334477267600413,16.075923417170845,14.148050743755292,15.161677507724573,16.01295469984684,15.001967374773699,15.53543786133396,15.619943883832379,13.390705998707546,16.50971052497954,16.678224445630942,15.041747942446413,16.392021749179875,16.391998365362234,14.172757538280422,14.417547952656815,15.812082876803098,18.155101279474977,16.099046613234773,17.49375281693758,16.385754587103946,14.61646779465224,15.300317279493676,15.497350898960091,16.25173105648051,14.682046340349576,14.540106416097258,16.002289335425957,14.743242070807964,16.467731490805214,16.478301999618523,15.229933345279406,15.050574242633244,15.732770190754934,16.458198256991224,15.921737909699733,15.781980410492336,13.415818682816026,13.614900123528688,15.999358694018902,17.854983687246545,15.199191741765423,15.046459706983482,14.673513241208695,15.58605336585589,16.295858760192196,14.522424642330435,16.502395850118322,17.202253427524216,16.406208404233077,14.8415592146362,15.2181093767949,14.79670559621689,15.182520032534702,14.688832330716465,15.951781352718502,14.738493758489412,16.066169965884946,14.207836123530493,16.133618940693378,15.121855775530292,16.05599281697185,16.47360684719808,15.444518807743819,17.0446974114236,16.527298246896915,14.99752590632585,14.873328905149705,16.18259902249095,16.06873434048869,15.63947957988929,15.807488091346194,15.48730050212822,14.608404694665605,14.876693009758228,16.966600144896876,14.210819289067857,14.856466092700256,14.50806748789217,16.925592699384236,16.46414481909079,15.497681129222904,15.095095303374817,15.533018487305126,13.322846804547435,14.301354447290652,14.866410834575536,15.408854661092825,15.25319607651181,14.630900455203633,14.231618162915327,15.811346454747666,15.407088323239655,15.06538070459033,16.10452581517611,13.335384791962435,15.049958575915666,15.203429192204066,14.571901985041837,16.10889834047143,14.602010541730417,15.804710768147045,15.478053775533672,16.778829241587705,16.78735342253954,15.639356818891745,14.68451195169581,14.941635643220609,14.49709970524212,16.45999653614484,17.96561626227054,15.98415616657462,16.381670253582705,16.79666747158692,13.771164749418988,14.301637559995497,15.204423963425167,15.392982538644823,17.021947776630196,17.60281618433424,15.47994721783752,16.035908661891185,15.068891674759534,15.77446456518539,15.62794395200189,14.604387376880592,17.319134164467805,16.28668619539691,15.855716204932564,14.239329801925027,15.898087817446472,13.052436264409094,14.166124107261092,16.420797875675365,14.629261554274615,13.866118284591614,15.91409768409959,16.580000220972945,14.735444292617794,17.209363697273716,16.332652728209254,13.652180475849297,16.10592776879445,13.738310906044536,15.066844481914123,15.69973044136238,14.748902594112224,14.649742563033135,16.753485116264716,16.76000719345621,17.086721586587643,15.078704984006423,16.277085523060716,15.689059610651858,15.251497170786433,15.187094973947394,15.088711260553175,15.3902118388415,15.769701454590844,16.179328088741016,15.615292459580974,14.817765023609494,15.701862895277658,15.923813944804209,14.163943346152925,16.568491469295623,16.48209457705823,15.34633855684925,15.4579243852747,15.742872696514693,15.73014493224059,17.80464252742176,15.716602026580968,16.288486579833553,15.023890373190028,13.732376006165243,16.09313442394511,15.061209772891136,14.896946200207806,15.623815367018178,14.075758889633914,14.087644806843484,16.445404463275697,15.15270030027767,15.715609733320768,16.794936290003847,14.750888289618112,13.770427455468544,14.545922539406186,15.263343841470213,15.227414531657852,16.56786803670308,13.38782053471588,16.041541606327293,17.580344341993307,14.56560667060268,14.540528110327273,16.983469538743016,15.445658229317385,14.478158383681054,14.404150870906067,15.574336225227327,16.805079550495794,15.178104479056435,16.16104349215879,17.99324995912058,14.131939085969739,15.026878741132123,15.71666504279724,13.708237185222622,15.576497166597948,15.304319761650945,14.65019469763803,15.360810604894661,14.117948831474159,13.361459745202952,14.637745688886305,16.330583828511283,14.976377879509615,15.919161829107727,15.973898864621841,17.014988281073283,16.54204600033916,16.038734696811225,17.707674824720367,15.662065284054053,15.202220814164765,16.243600323229476,16.953733045693568,14.68674070102288,14.943996111935451,15.954949701091175,15.715689853296235,15.217279167809119,15.074618290115287,15.556460172692224,15.722141676947146,16.27695212821945,15.958894920985664,14.159044325463183,13.783711609546296,14.841643988591887,14.993787435361766,15.50039140936611,15.581299875662621,16.088351902743273,14.715758129677617,16.36924476258296,16.667515255224735,15.226794378001898,15.966077091711867,15.819237196240792,15.617020040228823,13.460733072404395,16.220001056703076,16.317218574340256,14.669421940137838,14.322877862067442,18.19375302823033,15.430007657039873,14.731348516096531,15.399744510233791,15.780479519342762,17.569200496447564,16.29375844727874,14.32090024540337,14.275416739460894,16.349188621523272,16.340490735004714,17.97373147243473,13.956471393669805,16.439895750601178,16.655749740628043,13.086465090210782,14.322953733990827,15.221019364459728,14.706788222827932,14.661754642582009,15.83142386462932,15.150971785568887,14.77173760364876,15.230745919982583,14.557196652125917,15.174785658831919,13.938887117961574,15.231119213693495,14.892001613430123,13.880325281153347,15.034182414272385,16.176215605042017,15.850147928107146,14.867086327640735,15.978239200436732,15.988644723141043,13.854195243889368,15.842774306846556,16.011177365323697,15.346630995572918,17.594646673915598,17.40654955523161,14.352992464295335,16.334654951176155,15.060128923192167,16.05822407487474,16.321683524657082,15.016824989577342,14.509798159672805,14.520560208840449,13.633705792139082,14.457619019250119,15.412975401227119,15.355951328236257,14.615063080591579,15.304619548715477,17.81764160265926,15.243241789975317,15.456847270741896,17.80897297851088,14.6911672902072,15.581856442901922,13.713264765413852,17.301766318200514,14.455808902289,16.246877073523855,13.41994829715312,14.656162829910697,16.609135031100468,15.42638321129154,16.578321996541295,14.833891228540098,13.99424205168932,14.721247404599668,14.596694933444574,13.903937807473334,16.702440964156267,14.278187768092275,17.026669134428424,14.610876445450625,15.729045774668604,14.643400274603179,15.293182048444322,13.809204614024978,16.199913393029526,17.200651795627476,14.548011720136767,16.273613291173742,14.750755940738404,15.6950971797699,16.369691093211237,13.96717194589685,15.408206660266783,13.57535041811504,14.384874207779195,14.728876776281947,14.780005990366863,14.432066567721437,14.672920710812035,15.080219637256658,14.947787187030183,12.912214018821782,14.576792902104765,15.869521256986088,16.263447355402878,15.701370755632412,15.012007130085005,14.925852037724054,15.346213994479564,15.763796957689369,14.904017442378022,14.17459791099917,15.45512909616304,14.888675109334878,16.98025852750443,13.898933046532541,15.08468312677815,15.529475305799494,15.498056316251503,15.551309410160663,15.408496756674404,16.620765748446523,13.974008587758892,15.84371228885809,14.329223054271617,17.59741076667505,14.365179549620795,16.19773457711543,16.197670512126248,15.88863437359061,17.081155601494014,16.32966236920731,16.890225984488097,14.115053003143037,14.056078604286178,16.239197170352007,17.160976599100977,15.565583065320284,15.718360300974405,14.041056795029782,16.272341357716428,14.96709558877118,15.455867350319238,15.239421576273145,16.833105531365756,18.253556554389124,14.82140285547249,15.104897194657125,14.759842795488641,15.516245897880726,15.358610028835358,13.892206767877846,17.286625381617856,15.722519710468026,15.469795566099895,14.684189137196396,14.52758094882638,15.060261348788245,16.774072010727426,14.935124894923781,14.101789456223154,15.17209105489148,16.20797560300169,16.369195624800476,15.105273397147778,17.198988417354833,14.74494873815124,15.302153184797008,15.291326843697844,14.560267120312039,17.04067606867022,16.164650379610485,14.847542135872828,14.301103609956364,14.622701062860239,14.608486517592894,13.862639967957637,13.576441114463577,14.038674272069688,14.660823611209228,14.161201823069838,13.317352201367749,15.513014138653364,15.626649174203752,15.464215551188328,15.096399648658979,14.593292240401013,15.382542880332602,17.140480983864204,15.315478853752477,16.939147632503442,15.56634024959451,15.499236629962292,15.348303156899128,17.47256490433082,15.622152378518537,13.083890164129565,16.84737291515605,14.039203544320694,14.820270009949969,13.61783263622477,15.870452606423266,14.294641323292401,15.491074364567973,14.461670389303805,13.874615076893699,13.14949722689604,13.487154645487236,17.390418163315783,15.309037345354984,14.478428969970505,15.616340807344223,15.471955809979123,16.09681676124795,14.84042324765494,15.7856329905452,17.243001382112432,14.106543841802551,15.550670268226309,12.217056595348398,16.573966635589976,15.75188587021549,14.105011519866325,13.071001860586705,15.045189545640529,14.13252576459526,17.3210963611505,15.737485527779885,16.14739260057663,13.774100432293938,15.815252159783384,14.574325892325733,15.495098837694709,17.233847889451575,14.412977339960149,14.488695213500586,13.737253224422096,18.478122215698296,14.727395990437293,15.43848195841588,13.520357962680215,14.33790687880051,14.863157405622152,14.856237959111489,14.011537833046429,15.043430955544189,17.057010296266732,16.713623503914253,15.655980213572832,15.331833235267283,12.339114064880249,14.175543567234904,14.955576713835743,17.30727160422693,15.139169785665949,15.777053481643906,13.957538222901276,15.344263113693758,16.47751117151331,17.93890306010504,14.848310499953644,17.29871261247904,14.89884256697367,16.58492136819242,14.55083723960948,15.327216974674679,14.982560072568969,13.936575376881706,16.996723418027937,14.284584653577168,14.39908647276917,14.916952026905804,14.166258303060433,15.463007882080284,14.574945288612001,14.10237621836891,14.888817310229992,15.017474276053559,14.128762155267092,16.260845128436888,14.937187833014924,15.71584255705294,14.406850236081539,14.682994733044781,15.469695788584579,13.441449250418437,14.687051680422993,15.344340550781338,15.2212248470256,13.618492341881643,13.603894457136182,16.892649505247903,15.272726454521928,16.847774873177542,14.656774723721897,16.336796626751436,15.147201191297581,14.604223893653918,14.671455787954052,17.44397544931803,15.414632522472516,13.318468528552835,15.91913441824685,16.664014964837587,14.880220146667176,13.85004478381906,15.05555299432038,14.233395485512437,14.856160227601784,15.36583041149428,15.555160555070497,17.691776521570684,16.01113485466734,15.681549364623288,15.516220045438596,13.071096190152755,16.07650206344602,15.452054510633312,14.866260196760924,14.032363152680647,15.577746750612532,14.705291428361322,16.00967771714543,15.40987896558544,14.814320625137658,15.350434352114249,15.4839987492034,14.387129100036233,14.87886711933438,14.844172682925171,15.293960385901917,16.848595657165365,14.962780336895532,15.530059351754016,15.464582288261438,15.080604993422893,14.560588235084184,17.242324702927284,15.358359597044645,16.242739954960488,14.553695933899048,14.404505862256022,14.714141725094887,15.637540941463344,15.837456227310826,15.02262478585555,14.685449240873593,15.502348100548739,14.455394590753121,13.781328708434271,16.530997151582536,14.326013066913168,14.340885864423486,15.003021669359315,13.740304175424686,13.868293392829893,15.805566173147255,14.446081689806533,14.768676758932402,13.676584392311977,15.94442575711056,14.594145903373924,13.854992165574636,15.50383646340649,16.190221046578667,13.968161551835381,15.202074160111291,14.182900819037433,14.952785600428415,13.996326569609531,15.914454122524848,14.743353876164768,15.600262083677482,16.812916099036194,15.731875689977816,15.452788281605631,16.16679278549011,15.029560907191078,15.172378594973898,13.835280606518888,15.525135227689514,13.784104698439993,14.137568584201029,14.67362835625333,14.543898061803944,15.246348166089588,14.928570592711232,15.841824730787902,17.716075889720727,15.087763180387778,15.476719966757237,14.742606260747515,16.142942027230756,15.663615361314937,15.981338938509335,14.162981867837635,14.326472607470793,15.561985573945288,14.100521564812016,17.102508013305513,16.08357336710128,16.429611428601387,15.436436429272318,15.156331941572036,14.843159733267068,15.95647646354258,15.505162983175268,14.492968012299634,14.699304664682526,15.17101360835595,14.431726628319373,15.620185545690978,15.955761606817003,13.577148734776495,15.46688627159781,14.030092073538158,16.413203358398167,15.546833289377926,13.544635090074289,14.941788299220429,15.620946798564397,15.54939417995247,15.755155167710415,15.242648594600789,14.197369621116612,14.393120723966963,16.215974575347975,14.890833079182691,16.22043676238092,15.109710914545197,15.72594116134671,15.848877315810428,14.259161870102147,13.8572159510145,15.6113964708381,14.833048940858848,14.425152022479331,15.158167661046544,14.386607436961006,13.602933766173498,15.603309670090496,14.843474414240584,16.397009874833884,15.526748987430308,15.198788152357942,14.88911276148892,14.31342409296907,14.124960140916773,13.904497009552719,14.581481066439164,15.161365649043448,14.463658048986721,14.981601721099581,14.839309898674756,15.91310758266305,15.54042136774497,14.313726719259718,14.495406392541627,14.49598947073174,15.563096897277699,14.22851371376894,14.499379086753635,13.54568316824355,15.04090045839942,13.45869450209309,15.229653365980727,16.386375297093092,15.143416125248711,15.47708131067552,14.577885889858107,15.539894566644982,13.625931139056075,15.618095035243385,15.743851655121155,13.770393695274741,16.16598011034567,15.36259915194627,14.617168635645037,14.342646893760305,14.801067778328006,13.935959839823454,14.296608708348122,14.258388063220114,14.97289100624293,14.380367329500382,16.248704066758158,15.802892976772412,17.26715578135338,13.935380754224202,14.901198995169885,15.746319546643724,13.955327136510556,15.47851799435215,15.049586532065607,14.949861320785185,14.36467176951837,16.476733114392626,15.660732164478217,16.31238251355284,15.03544433896912,14.702743780949978,14.780585780952425,13.762692449513676,14.542151144569168,14.900485628377345,14.008374690728207,14.08193597568036,15.330125492040587,13.947227227385012,14.502538751558939,14.752443868813689,17.221849081239178,15.824881999856794,15.564217567238263,13.91505025009847,14.82355495466778,14.548672687282727,15.872183736874502,15.887183709041107,14.870357557508395,15.92800314249068,15.536902609802342,15.379098801738149,14.66859959628051,15.223717761471237,15.490778040848653,13.712519815415398,14.791748540080743,15.420505670080802,14.878892931465206,14.464052515517139,14.347313608604118,14.895029502970264,16.189305454548716,16.669971659342156,15.730978105822702,14.526551413388287,14.39722515661645,13.980396626431052,13.890458045583484,15.55908845374663,14.436250644384227,14.739659947395923,13.699294932140637,14.296869526062478,15.279656507682356,14.532527931901441,15.994102406213804,15.669131983823796,14.084766290385282,16.954782446581977,14.399892003236175,15.076610475963848,13.71248428507708,14.481068060071015,15.724440396914453,14.123870013833857,16.19219709120616,15.348867305647241,14.800502913820074,15.05704150790575,15.839735952313282,13.980539791762471,14.294653725824887,15.492719781641284,13.762430525964803,16.818489642096235,15.273652561611701,15.63662653778347,14.695727799918023,15.206564064746347,13.881990751457018,13.800192253250705,16.372686926568665,15.541253127449044,14.783939530834576,14.058088590919562,14.237220659363274,16.73074119766103,15.917103069529349,15.321466804039607,15.78792728506913,14.059105159697639,14.05228777291556,15.824602640277156,13.560532623745297,15.770275067396218,15.01694280157388,15.680356768558477,15.658964946465925,14.973995772608077,14.692845719680923,14.392955857146289,13.942581347836533,14.56582102893813,16.15524288771623,14.561967524856481,15.22791398345998,15.121769645355823,13.90196766278148,14.971268731917673,15.077928854789933,15.694457152169669,15.369846127832364,14.420623632508612,13.930241507354786,13.582786175002324,14.09328387550225,14.665550279205739,16.21239655816246,14.857613541985645,15.37059248935329,14.85547244744751,16.991818587188888,14.67462606122863,12.798686117979443,14.869269120803589,15.258649535723405,16.069353844675724,14.475222080501851,15.963579954061316,14.580613558070155,14.972715582512722,16.096947819412417,14.853883310457789,15.582934277830356,14.99550123472344,16.577338853973075,14.631810997800997,14.518473439696207,15.268791807747105,15.828572156407782,15.137877333899024,14.86040339148331,14.77223155658986,14.884906031478508,16.16443325682741,15.329216233615883,14.374489459350524,15.211440453575102,14.608896321726794,15.528844487110874,15.590572635937113,14.55423048337499,14.712724458506178,13.276412666403465,13.778094087142152,15.207240060043182,16.377352283659114,16.25568571890991,16.513294757530588,17.75140569107176,14.94724291253416,14.41553735409364,14.627254064537365,14.224141093567427,15.667748331425841,13.506129981114926,17.50837528982604,17.264171878641932,15.326252655244042,17.715971126801616,15.479213618542222,14.187503893457441,16.77032306142114,13.991138635966887,14.721548733749689,14.805380663123303,16.483732077488384,14.67793402389697,18.964449379971498,14.636153696676173,17.15670408141372,16.431921580666017,16.88307069053607,16.69907417451158,17.57585997790904,14.826846198751241,16.327667324117066,15.098374214766105,15.319948221962013,16.29646803578463,14.726968721245598,13.389821704988163,17.575561765659682,15.898107483581718,12.75263539583933,14.564593019044896,14.671994702161435,13.385432941895365,16.797869585548984,17.391847742269626,14.586337235582132,16.8157241447908,15.068021582512616,17.449877234774164,13.31405718001397,16.232949476477312,17.10487014193269,14.243782138559723,16.897980115929737,16.27691970355513,14.585581149889496,14.491398974246424,14.596633124420281,16.021005748798224,15.58018487146889,14.417043267522315,14.546294888520904,17.986223365590472,14.331421210489825,12.994296661642613,13.22497758839963,15.983094940981099,17.99240703352583,16.26372117941341,19.878758201996355,16.7870245865921,15.192095137677235,14.148667327952209,15.308133617284152,17.0557288091848,21.96178462967669,15.706101489363327,14.798546960026354,15.587292462103665,17.164827679420597,15.841741370004302,14.110979159809482,18.2302848258198,16.948228396097637,15.267944152603281,18.122255143911204,16.39180748704699,16.184817087359985,20.175056866778323,14.095609700131291,13.933790041897845,14.714013446174008,14.595846008462466,16.6520573143171,17.153532907156816,17.193064808595608,14.557475965711308,15.448363735940408,20.270339993739533,14.638962063161838,12.583464837339571,15.468538338795062,14.786615717851127,14.265687800743546,17.564175479478507,15.684533740598908,15.952980984007404,16.02241894365476,17.42018188441147,16.57156255410292,14.89420228250478,17.492850715460282,18.291472017668582,15.441725058589453,18.821913960648562,17.31403124540006,17.015073948423264,19.073382710681926,18.373984154257403,17.064838190531102,15.452096830336405,14.837262540262294,19.5129067450039,14.675638465443395,14.636248567633121,14.598836919988782,14.558289180029616,14.611335737477459,17.87991456425876,21.99838570286313,18.35342192080225,13.569151559505638,19.90391192684144,15.640898169933097,16.8989118527879,14.342118504172765,14.584940445119353,15.176766241928894,16.714302148489235,16.69694912145142,14.983563942389043,16.405137910287607,14.153211581353645,17.559932572886133,20.409677481512222,16.426016862611032,14.417049673168666,15.1470287680715,17.092710081701586,16.559580317237984,14.480757928975834,14.581898700294255,16.37766954313236,14.167090351170291,12.840322603246873,13.564262733894179,16.806644995526124,14.569344312546109,13.82117800361416,14.85831716958988,14.484312735249434,18.552720856997063,15.000514063984212,16.354141555454145,16.005371231882005,17.81521651606708,14.541854666038276,14.00422540652286,17.48308093841038,15.308178864051781,15.076151352578366,15.977255945817605,14.65892070211489,14.479804702354699,14.991204744290973,13.779954087333275,14.26223822933547,19.81583426187341,13.181740216699671,22.085914510533666,14.650065262228129,15.997206827622232,14.600099847112874,16.349344362751992,18.28138632650669,15.036115372137147,20.18293992509307,12.888074894059292,14.61924074470687,16.60658207013552,16.519027490331315,16.46816817984611,14.50169004741134,14.586755342883336,17.200395581809794,17.632004528040824,13.65002868733533,14.599617230246514,16.012006254334164,14.75111788221543,19.238925377272786,14.339012966710337,16.377669663017496,16.859817898141866,14.154833197643741,16.115215519141373,16.358688124139192,15.74020934179193,16.609461411594154,16.379939635037015,18.030600960300085,13.686685160269997,16.39935120406777,19.566995055857046,14.47612562516188,17.19203540941495,14.754776118011984,16.674858386221864,16.82574748911894,14.7372420929706,14.846816107597034,15.525917627976364,15.514239369874213,19.585612912768823,15.852108461506125,18.631108250592476,17.192491411398642,16.82925481816237,17.468148593333414,15.132393131265614,14.773421226564498,16.948291264788196,17.148140586084338,16.06824015379068,14.613896061942778,16.971298451219454,16.115253429681918,17.132276676818243,14.3060657564997,15.662543943277305,15.354923796827254,15.250825979000009,15.74362211667659,14.600731981595796,18.379593185976645,15.874529187260844,14.156163365745,15.23194250372678,19.997167855253696,17.2542017234595,20.78280532676647,16.152262277253826,17.876405896959408,14.32962589516646,14.648782280424685,14.531322111240879,15.171685569578566,14.870050379200933,14.121262882747388,14.934759577399095,17.13996000428351,17.016167819944595,17.296130433361316,13.921734294937087,13.984067791960157,16.273639906046032,14.777576002513362,14.311247145747151,20.034798590684474,17.285686375286264,18.414595584744674,16.173456838739966,16.768836499691805,14.283689341954325,16.3620444894131,13.983582317178369,16.56504737435498,16.896348163614356,17.828900342156555,19.686892917483195,14.703307824442396,16.676363359726817,14.733629159000323,19.075283142197094,18.56362406814393,18.0939302010258,16.686388399166443,17.606977523144195,14.423335899022755,16.48459395129717,14.784963763463422,15.429336918974752,16.648059719137407,16.18641730988009,14.807993497153882,14.584842457145802,13.597736812434505,14.51775864748982,17.742400167144936,15.965478339650497,13.674469474095186,17.204951848239286,15.92048349528807,14.060848810488826,15.462174807012277,14.518773861595148,17.288087328940765,14.672629467084574,13.704710030982595,13.812345316067713,16.068310252176737,15.547378549265245,13.594051957607602,14.536181300934626,15.941448035082825,16.312679254310254,15.975927571163039,15.380324163931498,14.012809018992256,15.026610048307504,15.679345535098358,14.111243416998525,14.174722746096144,15.398713130114926,15.177536248008789,13.920156958602592,14.316906128336871,16.26873270064336,16.36003405053931,13.722645061641968,13.448438652894533,15.742456898879565,13.958342274421382,14.935052187756336,14.475925387181638,13.389342977125118,13.911293869330583,14.300170624144506,13.488765616563727,12.640066012319481,16.23617664826343,14.60302789633728,15.711358053519085,15.620500519529308,13.542004483962323,15.905405896686311,15.850475887171958,16.107938233539198,11.94568056400785,17.56066018984158,15.561371231097077,12.979509838868703,15.68577610750497,14.149070568737644,14.76116438062215,13.72362899299291,13.156137039919763,14.165818263960007,13.876904899879616,14.85302501299912,16.176577004966045,15.842766610270651,14.77972983726687,17.151375360417045,13.85781823518744,15.738322077315559,16.455482965455364,14.145427008813218,13.660699794948238,15.341522272863289,15.500382606430845,13.952193446468227,16.972243417200982,14.286317392998404,15.769523381326882,13.155496920992524,14.021891741949537,12.992360699842603,15.867693241175509,13.41872228078408,16.659788790378787,14.982160897141997,14.215689261472377,13.143580673979233,14.020965324311122,16.002997061381954,15.519451220838851,15.240246681321038,16.37058217300027,13.899294849396169,16.07390241386835,13.172976852149311,16.41319805188284,14.811369618813096,13.7720309180236,12.821941074341405,16.80175322539987,15.499030399802539,14.675431148721021,13.980976486193343,16.444387686967744,13.778493223729855,14.28703158548878,13.458722339433516,14.051334313967235,14.969177960844032,14.740154282543859,13.815445285252384,16.71140317332265,14.850084082246276,15.219439648456552,16.247903905156985,15.977480265888014,13.49706228805608,15.161856597413077,14.56855504741387,17.52217816694536,16.209861904829413,15.824233715664327,13.340994714858981,14.842915915283614,15.258955858867711,17.200956626257863,15.824930116892391,15.788022505083449,16.05325090939888,16.5781967881646,14.137440747761456,13.858525565657667,15.735346801495123,14.286513752518948,15.552300188421547,13.975049230343318,13.174822117330732,14.244072233665642,14.307179258653301,17.435490067263576,15.935563939416092,16.482325655196586,16.06823422855164,16.74361617477833,13.462827183100242,14.087328797514605,14.258335899720132,15.263050208084378,15.222959370969676,13.19420233269281,14.762022432777842,14.849278092323207,15.842487654394585,16.558870381914055,15.392674969733207,13.950707013168937,13.681013687583064,15.633576407521295,14.152762587521593,12.648775461302906,14.452605894575212,13.636990294830685,13.12310480327448,13.610519121559756,15.359764983510782,16.770790269288437,16.18480803262707,13.882710231306316,16.34736970642542,15.96524060619393,14.629560151807206,15.422412729129443,15.22686638623062,16.526371279117434,13.693812413085327,16.98722586484381,15.36750455674323,14.32914103995345,15.364438019115305,14.331160936218538,15.501080856159442,13.763231940656754,14.992313875373426,15.98016899498376,16.3943649945852,14.626736564113887,12.679823605111629,15.376017376840895,13.705169458207003,13.968183825644644,15.040859941585614,17.399469138007557,15.109813477121413,16.21883984730613,15.849479044849453,14.888900123601623,13.09863730602696,13.119174494531396,16.54670116983836,15.238463901235708,14.781357349160551,15.64488175006691,14.305718584416109,15.95668293164104,14.034727088547308,14.232658082478148,16.355816021754684,16.849845380060028,16.26989213136363,14.602069068817773,14.516232073128263,13.465800658209707,14.935311448243919,14.689526428965321,13.845126502840635,15.916578758999693,13.811644202251207,15.573433734310406,13.59410476275393,15.047361149034622,15.84676312810915,14.407392689760897,17.38250034799689,16.05442162530356,13.200840779735742,14.990171673161138,16.29686674983364,15.66810696424786,17.64842901533711,15.17995375738478,13.228071780713991,16.289129827737767,14.77705990944032,17.138801770671414,17.25432487940074,17.470450931781997,14.354253957258534,11.97413661903505,15.203386451419227,15.704948483935167,17.374863119417814,13.63044645193095,16.398659902706125,13.96217531336155,14.269524915728823,12.975768286547735,16.963418921230947,15.39127941894704,14.60153609540872,16.304504379778468,13.48420249107829,15.232756810513566,16.354058185588503,15.917252110533997,15.570286822361387,13.872524826852251,11.79542109420836,15.41847240984681,13.993422207651182,15.65604269214276,13.666438192543115,14.635315649247566,14.454832262687628,14.931990351759996,14.227836186965165,16.526681340728235,13.929730532830385,15.245137943181206,15.815695530824714,14.681246885951383,15.174489259907558,17.271155645589236,13.87899586191643,16.66737507138274,14.911352136920737,13.079676274442354,15.70274869507928,13.18175149528737,13.608726104609794,17.365717733227065,16.000929581033343,14.281718713049974,16.315840261073028,13.921505477530859,15.07697944349351,14.950180878840435,15.521993176732032,16.846971876241142,13.888221875576546,15.505730655801658,15.770022662484074,14.537313695091155,15.193537010785702,12.980565800738919,13.11790988445127,14.894763647680088,16.35857511175084,13.482564462800608,14.050132102331663,14.520208902711198,15.855834869754887,14.555483326970766,14.50606944211833,16.224327305001548,13.9274353625708,15.055102129618641,17.51367031054781,15.737668559603692,17.245895226383272,13.486720276654063,16.262628126981813,17.058860054187914,18.389800576321576,14.805247126802435,16.51689946753561,14.42062346596874,15.86876541912521,18.990235921150408,16.469399548798652,17.210956413808812,14.943166987069215,18.361265416066505,16.01872660906275,15.690993620196842,14.964991533332862,17.366101002722232,15.84987185849225,14.556732979263822,15.843730931396907,13.058548527103,15.014048102713389,15.015490500310486,16.153359428498405,15.46017303647799,15.565662864024823,16.82449456237652,15.340926581603137,14.804407598639939,18.063296085245852,14.407995785609486,17.349980064390966,16.73746238847523,17.18475674530993,16.229224994269323,16.962823149476364,15.720383132151708,14.451297818302233,15.206391840052577,16.665660024287927,13.347599649788279,15.313491911110761,13.652039086416389,16.10531708928742,17.34119099250007,15.177799206456157,14.259352292496109,14.77969244421489,16.478806554785468,14.756222738669393,14.240526514083463,16.828489266472445,14.075618273828011,19.659405339058658,13.655928754086593,18.35936295803269,17.969430394212036,18.288269382128522,14.3653907073312,16.265876482615084,15.803145651827467,15.63687819269031,15.89740982520967,15.068707655721711,15.122645034350644,15.25969144058473,13.807033079707132,14.897585057857729,12.938702088880039,15.075376840465855,14.697010207072088,14.141773618248731,15.262268064817444,15.878231405834338,14.279182765346716,16.75622482675678,16.31286954837129,15.490460874110516,16.48733832281018,15.811696531106826,15.289523670089123,17.35304804560125,14.046080327772389,16.306988785451402,16.090330353070105,13.28696077505251,16.24987089927775,13.363623689169538,16.481702667714842,16.106831626891893,14.540146188631663,18.310172118875037,14.657001581030555,15.966859492575287,16.95647389790003,13.933976216707679,14.808873102021721,14.63917294039618,15.86466566219853,15.396937875830844,13.436250348173381,13.797204264350768,14.2032309070061,15.777657918962007,17.211406351190284,16.88762827268868,16.391475289124546,15.7069733889831,14.241662789751754,16.428924297741922,13.080266817428967,16.49983708697307,15.790336707679456,16.08718087231409,14.214090082870186,18.450134001126862,16.230286911228873,16.169396916565265,15.06340359701109,13.355632493553623,14.763575918651156,12.855900266801102,15.156117553346133,15.75055571200905,16.318681303785915,14.489164060138984,16.279207107942174,13.958856793963273,16.271541752954434,15.266893858963583,16.473584468273945,14.467864192576817,15.119199398992578,16.428318898752323,14.058367587415033,15.24744411773643,17.29222604868231,15.355907029851819,14.387486691707332,12.98412045868217,15.923510074192913,13.72561433366085,16.9722361412982,15.89584595125162,15.085391976984289,14.678553595457146,14.641559830010966,15.575091992641426,14.819368357635044,15.780982162330094,17.47958449026632,17.868635447666666,16.568920032020767,15.438687767606854,13.465913607216939,15.331052397635894,15.727830067348629,16.267602491813655,17.031170209785742,14.650805920001089,16.73268483011492,13.971242674687444,14.105276179476995,12.962885058493942,14.495558018742415,13.29946820556775,16.45725660037837,14.227016058276128,15.426310056397135,16.551288680093627,14.59668891328363,15.049111932623775,14.569712435069542,17.1074130175331,16.17196411412165,17.545594623360135,17.341722051421993,15.652767395324645,16.93332082762682,17.434378595137073,14.183034091551646,16.678373772735036,16.095044300531242,16.56977973210914,15.10943941985697,16.29454309032809,17.35185118263368,14.776519728457817,16.343958726216385,16.38744994433136,15.051828086212192,14.582855763777768,15.605098711582531,15.812930110807391,13.846021516596556,15.598147985200427,15.498470542410669,13.535678182044016,16.46659345003659,15.759316846506374,16.337885114153792,17.947610010452173,14.473355076214665,15.320278760782475,15.644151173622635,15.265366333212112,15.914112855052247,14.435020129617913,13.535320711694276,14.674510190037388,13.619020421579455,13.81983569473364,15.289364330720195,14.396567867417204,15.68504096396311,14.401217889712001,16.759048620335243,16.868865624730518,14.780543744922813,16.230752623121095,16.305417705260762,14.959296393923246,15.702742821896386,13.498369188531077,17.563378401859435,15.409064863316333,18.241033406152052,17.419956471090764,15.878623145429511,15.547968551861269,13.298690485697776,17.00642619402216,15.629562007043855,15.79718184076697,17.44549655261539,15.791862710711058,14.80694072466498,16.000255423584647,17.176023384602566,13.685818054346033,15.589983484463962,15.76834661681377,14.909053219742727,19.121674406863974,15.253449437713806,17.33703561498659,16.759431966205877,13.735236081944425,17.245772307011666,17.006936358049508,13.585978242704897,16.991494688177784,14.178859349786936,15.759379217329919,16.495726908037344,16.827407868470722,14.311284117336758,15.96891925851355,13.289897415487355,15.389652803506456,15.459077173551027,13.999706759663288,13.931639979655182,15.432791057936877,12.996705838523201,16.809446801973166,16.345583223712858,13.266052278041732,17.490138116058912,16.769685239706593,15.007497075998305,15.944540614176141,15.854628573576576,14.07790620887486,15.119361157419315,15.772276876248055,15.051211392759262,16.893384330238266,17.259742671712786,14.984998613172747,15.061852187836818,14.486272340075327,17.36568546301918,15.7578016146268,15.72519036845244,15.123385940545116,15.40127139124489,15.735352313452005,13.887824249468041,16.277302385320514,16.390532276922126,18.81459343406312,16.394688199507545,14.491494716234113,15.324829050027905,15.179709166783786
39,3.5431615852222573,3.861293154427968,3.579928048568024,3.1386141710125246,3.2921410886381253,3.980625950103882,3.722399732343684,3.3958685617441167,3.8191680217031454,3.4562616343328525,3.256188345712428,3.288510874209356,3.480610959857114,3.4923694656482565,3.0763754652915436,3.744089120549255,3.72112083721346,3.573478754558635,3.8712407599224816,3.6913016519691637,3.343776084022085,3.7529062340523427,3.579207558002843,4.026977431147928,3.064247399991487,3.605777405239678,3.777677546754172,3.8564806878161733,3.408444367081962,3.511633169406255,3.8503668445691686,3.344604750002711,3.047438382408088,3.5872054055899643,3.5828534399248735,3.8417850884777196,3.2048747382738827,3.3336692565903583,3.492639168042512,3.376718496201125,3.3395702834130754,3.0744438953612168,3.647630268520787,3.3987962824226874,4.085205426510839,3.1156574929318084,3.5656752544627026,3.770090208587178,3.541593236168782,3.673440613163032,3.3243720381570077,3.4068563293628635,3.9922696884932543,3.7318878458709053,3.9226420550983576,3.8749685199724277,4.272633569698599,3.6326619575400705,3.44968960559233,3.3822082570242418,3.1969073472750136,3.7030631715243434,3.78375213668888,3.6809180916393363,3.4668999058362098,3.743021797942199,3.734394220691636,3.588226097225777,3.657375243535004,3.6277696793265104,3.195222308441561,3.578703856724775,3.646956565726711,3.376996273518245,3.879818371296852,3.5710222071409534,3.993774075463068,3.9185511804014004,3.0774379524499365,3.6205063717181014,4.2961860485641745,3.715053023571205,3.884240997724897,3.6255106341054346,3.6671445588870037,3.7605960640583995,3.5289823888701415,3.5352584049196922,3.5301758928942433,3.6452266259640513,3.9422969736708953,3.548356500562745,3.741315539468078,3.6440924843650873,4.0658462856719195,3.7972729565938024,3.4617630308967517,3.777699063337627,3.124222534941297,3.068698483452324,3.3282126633809708,3.490597651786005,3.524386353104047,2.887827214160363,3.350887098330415,3.4950064633516247,3.213521352181375,4.227697006875657,3.3997935526798053,3.965754551719066,3.6708409930391657,3.874293424873711,4.024987745366524,3.939858144198164,3.827972616508649,3.9672816190745386,3.9086650009510375,3.397347181364718,2.7843600696710364,3.805382047125177,3.5579223298493,3.6662687144429906,3.782165016661,3.385532420857926,2.797650324057055,3.228742304961185,3.593470935872542,3.5582695103337096,3.8074738327604756,3.5052394124852877,3.651610903513053,4.0581536885131735,3.6567566503559172,3.7440313430477214,3.093484642384421,4.307637689379341,3.358408652921648,3.6138840619451775,3.3630947866401026,3.4237337717091356,3.6316962452017205,3.615708118707308,3.5073096955312475,3.5024492718984153,3.7251726714704505,3.5332498221267725,3.8046290216721346,3.1034617908807487,3.8367289276781125,3.6912948022576786,3.794354161631109,3.767598101428198,3.9682303562883225,3.6284044211636517,3.6978898815793673,3.805522718016757,3.3550988996909736,3.0909766482722842,3.3817768052630606,3.712760017209545,3.3304011544653793,3.5070341722428506,3.201997618651284,3.643509558843976,3.5332154900603703,3.6523716919143165,4.031824544652766,3.804290832403171,3.5258916166364442,4.0532935476983445,3.685893722353486,3.53529298003583,3.556492100271797,3.3678587766596384,3.3313352754096996,3.375887858896843,3.4675810595232153,3.9461407020881563,3.150221462046329,3.7231171280832007,3.871323250476893,3.7181698178955234,3.5019788653626884,3.6759733053522545,3.39794789388068,3.733886310703531,3.2429777544129235,3.3810414443526526,3.9336350860735427,3.414325972690728,3.505956068946229,3.8773767494578344,3.8518861174070933,3.704117900530364,4.292980996256273,3.229929313037603,3.134707217154552,3.5324833281045556,3.164730328013014,3.3241458036574802,3.5439449032723265,3.8013082755772807,3.90090286583866,3.847447143703727,3.952311689906217,3.376096857438699,3.0876436714324655,3.398782762002707,3.4549014814686916,3.948172166169653,3.3995451789508864,3.5599721339026758,3.0273747473733956,3.4741638335816987,3.3089867239872506,3.386205327608828,3.463526393988876,3.6997151116730196,3.2702699898584537,3.432392289139402,4.08948472176284,3.8223246900244723,3.735937363493409,4.338463114700675,3.5929598413440536,3.715157734271169,2.769088821895427,4.216804596186046,4.371291817865041,3.7188987228595654,3.5173697885607362,3.5161922141416877,3.5258766212794908,3.4807986754196816,3.402826196211084,3.8511403100948716,3.3388626789252447,3.3941921902579604,4.355632799910068,3.4300927025578565,3.7663173506351937,3.6764701242528206,4.219942310421722,3.3463356055249123,2.7827144425133215,3.344310193809594,3.5497510471938076,3.2948201266549906,3.886221275919336,3.714354857660668,3.5631151950375473,3.3473636898463788,3.5332549190989977,3.437705933630088,3.726085037915242,3.718598547982757,3.530491442961365,3.0705703172136514,3.5359661081538376,3.9956245681240654,3.7455292194966594,3.4584360471368703,3.4774488438939306,4.05665505118535,3.0814755421438154,3.6008622614963017,3.588427871711706,3.670403130956165,3.571026435967655,3.6049793646018506,3.762100791506913,3.6941198440322878,3.5751817485068944,3.688506325522947,3.820488977257522,3.726975323263433,2.818359057753938,3.5845068712289327,3.416932140319334,3.580279292608635,3.778484658510665,3.582454127476531,3.9696615689662185,3.9090863036319976,3.3060502986186497,3.7455416755265896,3.6721872043327077,3.9676602256251177,3.4947780050269963,3.607669676258765,3.121859709099643,3.424328543177501,4.193510293283052,3.660910174916988,3.820669320189921,3.628864321253822,3.8114291792573356,3.3548642360709446,3.6976295217023263,3.5860743755204747,3.636429128887353,9.782968410537404,10.750961374880331,5.148707704951931,3.8496395259087968,5.835542223083449,8.6610619374657,9.216681161185322,11.582338195584565,8.621481938419938,10.834834930989619,4.8597343091100225,8.363617080806284,9.484776021032369,3.8040381042701576,8.50417749839082,3.325663227712328,8.388962745100615,8.045030252632307,11.382313531993264,6.575522139891452,10.468717165935049,8.847166724325255,8.357839891569176,8.522421079010934,9.804248323049707,3.9446990483487863,8.870989757751012,4.816996667592393,4.89768510473146,9.309960371174565,6.972112695621672,5.9107562353988445,6.842456563193779,9.904095176096599,3.435649612602457,7.514691517418088,3.5495553599486125,8.742652252237766,11.799258594357498,11.026851515137677,9.057141310131527,9.460986291685046,10.181569531219859,9.974605181527064,7.188167856582365,11.540165256254259,9.132753282179747,4.103568299555246,6.095100348950435,6.9508887035360045,4.2181187435773,6.102047275290104,3.696829071789064,5.8564702565451245,8.802994358651835,4.0641093376149415,11.346190720971379,11.95234975184201,3.643730000880475,10.344350018106086,5.272935694458445,7.574066004693446,9.410425883178394,6.099090035413031,3.5566758343102154,3.9573301482879883,3.869976366459805,12.018505833290304,3.6168098432228946,3.872622466866739,9.092799827552405,11.942969908657293,9.363460068906456,7.787846877893325,11.215979894456385,9.055517431911806,10.044241971354282,6.766635979832175,3.8625697514050015,3.583249470182245,10.498420322021929,8.840551664670883,3.765468297490645,6.050772842387462,11.64703385026328,4.017670569587074,12.501251782433984,7.234708726204369,13.078872494556336,9.873842946571894,4.784328764358099,11.413237326563644,11.951299589412054,4.716538684485222,3.9260726351384148,15.550276012487226,16.646165901300044,3.448231925763222,4.753032055211239,3.731356385665751,11.478881586718185,8.758036754305989,9.891855256722796,3.6635060630085827,8.07287969712984,11.58818446772544,5.12413183182983,9.385804925158928,3.759579685088615,3.766964413497301,11.341499079819494,8.664934922790417,11.637906860253333,6.622432529626979,10.215690460396832,10.35107486121577,9.322476785978663,4.467612374399065,10.692021754974542,8.650294575501087,5.411010166287592,4.721455371210648,4.09390531252329,9.950563128605335,12.678682911487144,6.595356515210827,4.090078019201845,7.647834085045926,3.139205440563102,11.985197793585714,9.001469216977139,9.979335999809948,11.779323441392094,8.056224213687182,6.129235456345744,11.88429774250776,11.01743590376541,9.373044998429002,13.724097524893999,12.291445619589084,13.903127904054857,9.670356363532177,14.786221295107648,3.467603653690912,4.196264195827733,3.4995142728161683,13.824834800646759,10.186779061722923,9.415700596340782,10.23693685118751,10.546036814016748,5.283235363141113,4.030518067366581,3.7952636965125848,3.5908895689087683,11.047629701586992,11.122256361045249,11.97144017167444,9.305629145296423,3.5468122115873433,5.7659573429441675,7.442198946113936,4.314306400372893,6.6333037484554955,5.895184722514524,7.427408892280326,3.516247126088683,5.757516985641694,7.209732040397233,9.288266397952702,3.7510524217309182,3.771731282967137,7.243886279215307,3.5170695799589353,7.689449857598063,3.753943612256983,6.7790559115484,16.489541910053273,9.705148488632842,6.40581900464113,11.27663463109577,3.5212875375971335,9.918995705618197,8.183896629701662,10.369244527862394,6.918771839566729,6.289907856592115,11.778326029081096,11.810411933600205,11.224164535329283,9.083203835947998,5.747389449647616,11.632409494775597,9.606039511422399,16.59670781837555,3.7423436386667372,6.778542785605123,9.864191940279934,3.9740212356243036,3.549573331375326,5.42300812214859,5.432037598711625,9.450774053202029,11.381215096805999,8.168707252058722,10.419526064645106,10.904046698422208,7.234206048834822,6.760635686101511,11.689905970025274,3.646348835640262,12.735253740437518,3.6694964933478182,11.229661829833196,9.923976003786668,7.58392126687467,16.531395036262342,7.116707319606322,5.927729416652025,4.718859831421116,12.054879718995451,5.517599196532189,8.202185824651789,12.639014107600852,3.5937231893402046,3.7306980909206433,3.481558677464082,9.546497036635653,8.290517646630857,8.640254604300484,11.23691584418697,12.708078734503436,6.393431886913426,4.299081046055337,11.625311615843023,3.9922577887563087,11.643602467069767,11.94393390188974,6.152607511977188,6.444381802784789,6.034265270432304,7.098636944556433,6.420789636506926,10.358885098770271,5.605052968572962,8.969549663197705,8.643204840951269,8.73639799380991,3.9480783770946086,12.714832634065287,10.096102206648288,10.577546690324214,11.63874805872494,6.699524728528664,12.940907244884237,8.373989851462749,10.985784134403639,12.476287354445354,11.383446934847717,5.625972707304334,12.504855372502263,10.401050128393772,13.508323713096438,9.109417640144976,13.255202179594908,13.288144626495633,4.366236782941338,3.757673803707141,14.575431776026813,10.952600134602575,6.20402410089882,11.196466434097808,11.623926829521537,10.991117717497735,5.0230683804792395,10.854940582015626,11.239547387095401,3.6358437092304094,4.834267732694227,11.188228010661621,3.7709134322064743,10.317486263930038,9.993042492412599,13.464394955590194,4.055865209305219,7.4928246526462745,7.170611302071679,11.201803364286727,10.91773307018763,8.816336286615517,9.825808366034302,15.7903895797603,4.3473966571084635,12.536323369994602,4.871150656014692,7.415569241968778,10.901711016201046,11.090564290328636,9.09326959085919,16.29379733881001,15.440678038223844,15.404389872601737,15.955292929537242,13.806976486059856,14.648190630064743,15.24405301236651,13.410020939804712,15.369885506451043,15.421906394954451,13.401802268187481,14.368430196851477,15.863785815298442,16.6472993747344,13.421466246108194,14.896589671178749,14.539178451901844,16.026063605449874,14.676792735814416,14.313014623923618,13.961048712036224,14.040362976659635,14.46628007107179,13.933149560140796,15.58073803379003,11.6174582827399,18.122415094426074,14.181426364804981,15.892465490932105,14.428929801445271,15.414615765936627,14.956118461646183,12.918108715398699,16.15798376914116,15.858218459373917,19.096705178076444,12.100007322940144,15.402107334372447,15.506643705107892,13.594067334983345,14.924606370567366,14.928397946509486,15.044822199856226,14.975338608262241,15.524444655071195,16.800390052482697,16.155579449980905,15.29953215407258,17.61227506993604,16.47801237216128,14.896321697690091,15.506229523155195,12.719839502683199,16.5633120462443,13.255816403692938,13.943557138406765,14.668844552288197,11.472356795596447,15.022425128723352,12.576345437811764,14.382499448002935,14.267725007662627,15.79083131445549,15.517935773055127,14.15435446339671,14.524281921965851,14.968611891508573,14.478111982975399,15.23394189004777,14.832646140438152,16.396678195033672,14.896964105399766,14.722398733185816,15.966260892363938,17.16955464245964,15.154894800056672,17.26143875771161,13.532570640267343,15.634113433037522,16.620043757322982,13.866965890979827,16.99399438672909,15.14626148790577,12.563366925960663,13.644731507104662,14.515396163474858,15.213027743307885,16.950691646620744,16.328553911095202,14.90875982583849,15.402217000048598,14.891185512179764,15.392943722488017,14.17768277581498,14.372594324005908,15.05704341959572,14.394555578785257,14.54261358165608,15.625838399258798,14.999608086381349,17.244493807687416,15.16108163005305,14.327419374302403,13.52353515888827,16.159715049124326,16.023582238646668,16.321101539014077,16.869732752775313,15.798493654212272,14.673856957255579,14.861774039344889,15.517427848453451,16.70247572393454,15.615328373512241,15.507261677416537,15.313708938113365,14.68461585064538,17.714993275403305,13.758589884583749,12.540451236932576,14.67167168859616,13.510092701492207,14.32212222445522,14.592039367314875,14.891019097454127,11.675438078427387,16.782785491137183,16.140729119281154,15.371324477772554,13.700938263799461,12.776454636930476,14.917565701826,16.412140791115714,14.187021583942927,15.120170554201996,14.557090015413777,15.287003731035078,16.566718546423143,16.004180410948827,14.63636457712269,13.615936927903332,19.091833648560456,16.055029784747557,15.538933641182615,15.576790329493631,13.241765116310923,16.83782977941553,13.23411598808859,12.260276234784778,15.526377175513037,16.445915908548255,15.437998292870505,13.783157590217531,15.385120362260421,14.071237983129858,17.36699639259786,14.879244336142364,13.635046379887571,15.200874343889904,18.23915755999302,14.900637818494664,16.88715085708792,16.960484646399934,16.66277550136152,12.629534601709624,14.469941844837265,15.374396231438366,17.059149858691462,15.289591911424676,12.547229396220796,15.326051700503765,14.107473250068354,15.464388264986026,15.965240705776605,13.664486629727232,16.643018493344652,13.603113084311017,14.401461741590142,15.668768345665386,14.975035393774748,17.027918709717795,14.729073630786232,15.048491414888355,14.960194648282581,14.76862246977011,16.886700439926088,16.197253139143918,13.490164652154995,14.19558460195425,17.33246375063358,16.885276118709523,16.45509211010713,14.950939808548105,15.595473678848983,17.3006359423813,14.351016716936616,15.88042997922405,15.47377222529878,15.416622066053026,17.196162738122737,16.10031618490278,14.483206681280262,14.649329363447503,15.10070156021422,14.295812901301623,13.776213126199012,14.765792866302451,13.096500987607415,13.696289585374888,13.025602055627287,13.804092479277422,14.55726638612461,13.530380171047252,14.44126275149561,15.962027849530331,16.938585033481562,12.425002301473384,15.186936134487201,15.229554872415372,15.064452169770854,14.549520496729905,14.968631820861388,17.31235138104399,16.055377432107562,16.66587442537444,12.11072077236839,13.472435418303528,11.798060687572697,18.50332980247017,14.760382524674375,15.635158117073642,14.993118939932902,15.193387435275946,17.249691016713676,15.077000534764469,13.212299004962736,16.623336372916775,15.063399029906375,16.213773718401892,13.774455342318186,16.49037232238063,16.500951342274643,14.485097925019693,14.237846983121,14.417648716268374,13.206666031463532,13.410259233917127,15.324297062839662,13.96513222729348,14.432376793202678,14.790300080918723,14.912852508225006,16.502790498988357,14.356785077276982,14.602078518594473,13.395550045569838,15.308049521850847,14.411323293311202,13.407292543996663,14.969103369452856,16.130916252216643,14.794342911470597,15.13944143774693,14.83392356480884,16.256056360222164,12.586430422410995,14.37710366474994,14.388981109401872,16.51450537130781,13.525698489446215,15.201449142613153,19.111460956387585,14.020400183610475,14.04072845868753,14.921868192029464,14.46775595966756,12.653911323011746,17.438185789048813,13.524283117071926,17.277744235272404,14.249788255603882,15.360345436462813,14.423160480762526,14.819089228864618,15.523262465088695,16.58202861147997,14.884421163694807,17.146086798937613,14.303218948766009,14.46610364375461,15.531549622797366,17.034322697378528,13.227082526363596,16.249088743931505,16.831360581456515,15.492973656534577,13.58371637270631,11.634225907785156,14.965744643416054,15.326278237922631,23.569007148997244,22.851700160890477,18.725724136197076,14.88136275279443,19.467048138666044,18.755395029723797,21.422353713461668,17.63166441025039,18.489087681575487,17.061835231002522,18.239354748459217,20.006683354066322,19.698589161677578,16.460128338534307,17.791936655020915,15.564086625302888,15.821572663001023,15.559153026336443,18.014380556788282,15.377353379491009,19.26654385143379,20.868990614226657,15.494943393997495,15.148464881709717,20.315887859693117,19.22903811795705,23.06278917993286,16.52611710298451,15.172137009997549,14.935784986753884,19.342551887051364,22.057845282052835,19.861539402709763,20.800260381831038,16.038144495792487,22.735899447118356,20.734109689707374,17.092427506750447,16.77807402337975,21.493528978092055,23.84916360489792,15.019577997687314,20.070959630670057,15.934676397743681,15.240946526757115,20.212231958371646,17.067677506440855,19.95878481141546,17.684488952465923,22.0011498567539,16.9388860290665,21.77641454027204,17.8117576808285,17.710095511366188,22.04235488519061,17.26911345118984,14.74569106691744,17.465936352279247,20.927848936616105,18.071758035051445,16.27158139521805,19.184568013907313,21.404809386975128,23.17738837571488,18.92186745705142,15.920694554920525,20.909262696658242,21.295080258767555,19.869866202246932,21.994357334008864,21.95593103720879,19.337673644941713,16.448478580822847,15.292642604410453,19.335061297059184,24.066261862269812,17.36531855287233,21.135997696063033,21.550086295056907,17.41254309273448,16.668785543808703,19.675887897705817,20.85063447709096,19.931854161254915,20.97688919895678,18.45414182123786,19.24184864800018,18.079454485498438,15.00224741226783,18.721263631668595,20.508171633098407,16.921630063262647,19.99167017557022,18.485585643626074,21.8485261385411,15.712838500176565,14.965670446758978,17.781950298893666,18.16897475380477,20.170605671986625,20.86841367695888,17.3893646657546,16.78899117742682,17.448052250686008,18.46534423701251,12.92001958512744,15.36961817061848,19.601157329001964,19.244604511206656,21.602923999036037,18.42686326248757,18.350247560146897,15.262784799363429,19.420153035880222,14.433455453552309,24.052257174661587,20.633870674169223,19.686962217492997,16.23654583938171,20.732162812110683,15.438526076640308,20.64030108557662,16.215007332544655,15.566860633955065,20.884458069299303,24.24249839397607,17.70224466669157,18.521841808246176,15.336595561499827,16.56896440033696,20.93154335730186,18.663590050221288,16.17703184622777,16.283004297177666,14.028253326582641,18.88882564265951,18.55470381755016,20.59147228754763,21.083150851360198,19.480247910325822,17.560095175487188,16.466984157900704,16.95752486573543,15.551655066335524,21.1483693367635,14.926680737181407,18.717006078824674,15.065015315124313,18.532833847222356,17.5145665886287,15.008786581197317,16.629558159480812,24.360986718775024,20.92041431546114,14.722815119728558,21.404919669400712,21.399027832062938,18.88796757860069,16.486496599212842,16.126793910247134,17.43023199563263,18.77002809500747,22.79280286169371,23.695812049412773,19.579487068794357,15.613754431325567,16.268250614394802,16.95800152335653,16.39171971469251,18.69065341190681,15.371067414964598,16.062030077284877,16.930737450228214,19.61700757980995,15.49408361718206,17.152256256099363,15.027974222423898,22.252133741874644,19.684109870793137,20.757934140177422,14.58016525517286,18.1575996486794,20.076535485504003,15.10857417972914,16.075597280527127,19.74978873116551,17.985763703755488,17.33161463013266,16.105374073739096,18.499919605532828,18.343818353640177,20.053353424872693,14.739014478081003,15.658910770129644,18.34267433702274,17.806419650082375,17.741407214702807,15.95791442959965,20.548341667975176,15.443925731202556,22.384534494533924,18.88728700975124,15.980850761445144,14.858848170702561,22.12711706086296,19.65935450175214,20.405981022830495,21.432199261750714,20.77094751500903,20.499226075401122,14.229022724165736,15.527189206836384,20.14453434957167,16.3536532092313,16.70921641923344,18.996763601068377,19.470473562467937,21.260521820120186,17.964115034464655,18.870048046361937,18.93215257895879,20.17512165556748,17.430741574220388,16.84445523166411,16.047509864506235,21.682351516533096,16.490563903280854,20.40727159524323,19.296020605867053,17.984459603757685,20.938695708740998,14.823134998803676,20.483992539995956,15.58242671726275,18.875847275514577,22.276089934536422,21.15310892287483,22.58263840458155,19.00323112365033,16.54779782187634,15.252218888561263,16.172353570293716,14.234315012331638,16.756318672353427,18.97944871863289,17.99536834992078,17.954850252516948,17.98759621240571,20.19216288236801,15.512509743913643,15.023081625590562,16.53146795384308,16.49853568829264,15.897518571071975,19.001156239641126,17.642950941806575,21.173484236113318,20.47560264005512,19.927459384870833,18.932524694814337,19.712255309330722,14.275703148203958,18.843923299964803,22.618280356490075,18.57465707311558,18.63688431574977,20.327840896158335,17.356564198282694,17.812757774698074,16.70457327921486,21.359102729453507,17.266859322164485,14.814683557172572,21.01523522951237,19.48287531548077,22.595695826496765,18.95525541819816,17.56216341971893,15.940327595572121,20.19739748366877,20.497462828201645,17.219484582582652,18.570034892709252,16.0232516376392,15.813983624129358,15.982062715964712,18.52183878933886,17.56761374873501,18.19937531793061,13.680311428841103,18.265928889359277,20.58559108468302,19.1556886357571,20.288093062661154,16.795169349811236,21.799126767237492,20.2729472435293,17.59410946668903,21.548029389884015,18.014274142182174,14.679851551142914,14.974108398189694,14.138131824009147,15.920574167166937,15.36440407245469,15.445730450982373,13.352048210502502,17.583525196501068,14.698379280998427,17.112501719619043,14.689557089098749,14.75158403450904,12.745937033664402,15.554187382493906,15.329052864431109,12.999083127812591,15.04888701403098,15.321521200409784,14.441536233401084,14.644845350390042,15.754777636005409,15.180732122588235,14.604145200420087,13.944005879380233,16.705728773524537,16.959369788884658,12.774761663953784,13.531827964730176,13.592304608472318,14.891626802106801,15.888973535754223,13.864703331372993,15.798661032133728,15.453842541701059,16.554424735736447,14.884090129748337,16.206855099974387,15.087286126398144,15.560225823456854,12.31464603521074,14.882989194885205,14.918905220176764,17.21659931688214,16.29039715399875,14.928402733871952,15.584732971541102,16.250254389510825,13.647714397749303,12.53733007560483,16.161390507677286,14.646237917732549,13.538774951272364,15.647016980549099,15.413935006778447,16.293916633552442,14.392859649019,12.474644213778312,17.479086713785566,14.08383061755121,14.59479985325719,13.895710413209052,14.449217457357523,13.230069240182544,15.01499001030776,13.756935599549927,16.29400434276744,14.35533310629561,15.271663503415544,15.897982649606735,17.13358959004422,14.361715694727554,17.58080995271395,13.693024901668213,14.051439064519839,15.702942839296735,16.66446966023508,14.302282712035618,13.981975852204597,16.221698550308314,15.71806094404941,13.648769187554487,12.957741384742848,15.436900024017936,12.357380580053949,12.507080133623552,14.110783656131492,14.459712591084957,14.497442534329286,14.475439002392074,14.364683561423824,13.540661639335626,14.516728217664138,14.984085119170215,12.561515009540566,15.663699658087728,12.650017655970766,14.335716567546605,13.765544795378354,16.22068336357509,15.673024180377793,16.344865349544435,14.61176991547211,14.32134557750281,16.178689314865593,13.891281715155637,16.17998938479885,17.244436927743124,15.672226152096757,15.23449322930088,17.381769380125732,14.19630472371796,14.540120997183344,15.187063622287159,15.520081740665153,13.911193296147692,13.268960082654058,15.228445675338422,14.243248380453513,14.585653171805431,15.4128816919801,14.738255804027885,14.672798453321017,15.08703545501355,13.379392748178716,14.420934473596779,14.584931539158543,16.653924670685154,14.025095661855612,15.530750866522308,16.230110025324635,15.029985759347086,17.45511616297358,14.362286624237186,16.28718473242726,13.75707665332697,14.573155783768525,15.6142547311068,17.35210932904806,15.149663553271107,12.886162025811089,14.203976436032791,15.879049741750714,16.050256868856597,15.080694313093778,16.2222188896917,13.709180053857631,17.524188117587098,13.62538176053659,14.696600861132485,14.843017028891538,16.723859606208066,16.420210029105746,15.209744594984063,14.841164911280089,17.904882436003874,15.193100014358542,15.713249099378798,15.459006381806299,15.650098632450119,15.398163841271174,15.419139548825944,15.129891900222946,14.99851432227804,14.852964502339146,15.263935115279777,16.01604301839622,15.912425947694452,14.712508346768747,16.13406092113622,12.201972637860724,15.75559207144089,16.237486703441405,13.342748661559815,16.715188331190646,13.513721957920405,14.197632791784084,15.319084122019762,14.076197745268239,14.183299508013583,16.016389411246884,15.529338066211116,13.817756639724761,13.851355950014039,17.20754172533179,11.71501660551686,16.44968784915907,14.571547845885108,15.036054259786379,13.283598861545448,12.780055216218132,14.19196263450052,15.83088352737537,14.913388095257899,12.665281804311501,14.720502641730233,15.173491655436104,15.21188041380038,14.111615729138489,13.496063004561853,16.051742628352038,12.06772285886829,13.462617705700373,13.772393033824207,15.417331131296919,13.774519311633552,12.263657297891683,17.927912172759797,11.984375846905687,15.449924750160376,14.761109613899983,15.783254953508557,11.711786198789412,15.341874174227645,16.1861632850124,15.475112700999397,15.556632039692989,16.04337586466801,13.46816292114413,15.795688670263921,15.825112969716677,13.842252817466171,11.733205272896935,16.169261272544674,14.708748144487902,15.067369155365574,15.714168519611018,16.183233027212147,15.895314748584871,14.687279948914833,12.853616643753512,14.85167292090064,15.19644458177601,16.17151425180957,12.895509777570014,14.359461781261928,15.451781049448217,15.058897250915283,15.559828894662969,16.98875655795079,15.158978083156939,16.03030601083979,12.826580514735529,14.475405481035324,16.436730302688897,15.709620865931697,13.687339228112378,15.978966284587038,14.627671257201321,13.538722147135937,13.0533490145636,12.990499141312394,14.455494839753602,15.635301586734537,14.548602590309136,12.945726040111827,15.10335791167218,13.5549242859937,15.057113832463738,14.6038005548634,15.350530877817146,15.068015043905486,16.12610095745964,14.71712046119499,14.698142589178664,15.75466938474631,13.641612857522022,15.692398397726794,15.132304351934197,13.686855948074362,12.544692173948073,14.20629383147843,13.783698701246742,13.788603094133776,16.016050998596356,15.006931580076166,14.239555664575999,16.147994078270347,13.747213529290999,15.075300063904418,17.622333322044877,13.85240058337246,13.254540374772402,17.19315690911653,14.772217456037065,12.763656758837035,14.85870740745192,15.141608919684307,16.471487354446687,16.227924318221216,15.485658231205035,17.998545979243882,15.65153162922609,14.815484031333511,14.734639097969287,17.271875603903947,14.772565303505274,12.19665082937591,14.20401110366898,15.376494085581882,12.899259943183685,25.152473986417466,27.155862088310887,25.454286927112918,25.252054610119337,25.795119570172883,26.282633630997903,28.447420404202134,27.892479228281093,23.635159729108196,25.666036250147307,25.003058030997575,25.11344111171408,29.030112828693223,24.310213538347845,25.81865048331326,24.51191457183927,25.911948810926752,26.638056571051443,27.850901652531135,27.06404090348105,25.47773959893448,24.631289175669128,24.059661313059607,25.95339957930942,28.86834078075085,28.298984698932426,25.806856401511805,23.544951666103827,27.834189845603657,29.426166957277903,27.7652788831338,25.722369532870946,25.712478870140245,26.769012763261422,25.281160255184393,25.836161639314696,26.06480145230684,26.021277496342307,28.32871569436067,26.489165102800172,25.824031712691436,29.049253223965096,28.059510420478205,26.005654735400928,24.993441494465245,28.37579050098647,29.57057749239232,27.39685060972464,28.143931336134056,27.361641181301593,28.70068654861883,26.02772347519717,26.053401036441908,25.3240154523437,29.323702256296894,26.869558830014252,26.590446848418395,26.70243900569875,26.260319493476022,25.493032006863075,26.135936340967977,23.5674095277819,27.55513010371085,26.955947136730448,27.580398951626943,25.500327517914876,27.128696959376974,26.526089856648127,27.071104832055113,23.146243542837016,28.41831690862278,27.05613030586107,26.60046485124865,25.407302112639414,27.688664225500116,27.334708020258216,24.808039771396842,26.67142290973607,28.919760910765103,26.316470736739312,25.46041861994423,27.13143372397937,26.202790543460655,28.437769753912146,27.71329988191669,26.217315124074275,27.645149006979445,23.19979703953273,28.096081291222156,26.417639364786666,27.65480065674582,26.50349293679405,27.276859956728988,27.72264527466271,26.40269718657848,26.436531947698167,27.157362768609072,26.300722571330073,26.346573283738046,25.750233217581478,27.637404937849006,27.68713022402791,27.214237499737326,23.888228457132673,25.806034249112695,27.013687634246093,25.635715029990518,27.269276139826395,24.81014265354707,27.84644738982148,24.892226831892096,27.334826181262937,26.93610787885687,25.135542015614416,26.507860742335712,25.179340002861576,25.567302257839184,29.238834527003537,27.589456904332483,26.922933125848992,27.45543362744162,26.207572680357448,27.177462779788364,23.999986724603755,23.940181363362367,24.498205614491088,26.681222598192363,28.666031814112152,24.034988851697815,26.57328664998746,25.528686376730604,27.308303357675342,24.09980848612596,25.93637617127041,23.591984974310183,25.511169279161805,27.98425025061077,27.249391657274693,22.898167454505337,26.239824000559096,28.692574793602436,25.433336837852973,26.419658900696334,26.51292020558009,26.800917600153472,29.386995407747943,26.85330241572424,25.407147132096124,28.285057351608454,27.762573941261575,25.504189281715167,23.642821340413033,25.700572967335443,26.060282153635086,24.44464242208286,26.712203867146457,25.025358904316334,26.729146685271495,24.65020053982579,26.964376573833434,22.911474184910027,27.18282292095591,26.66815381733678,25.126326235762225,28.530075916226636,24.673659864521042,28.014727388295388,27.347288509812454,27.5635080950849,23.404614324997347,25.607946571809116,24.69228240741874,25.83760628635998,28.019814970156023,25.944182176728752,25.345887623695283,27.287678289255965,26.805285658219592,28.555984856701496,27.255117772811257,24.66369043711394,25.566370957377334,27.83741202438932,25.63083392531879,24.294813737037533,28.79975893111022,23.920807151714467,28.59295794113926,25.6895439237754,24.807385397232427,25.212737185088805,25.417013852775383,25.341172604054726,27.75968416098587,28.942612970681104,23.84773226793017,25.820151969198154,26.269922256943754,26.564212244059096,26.158355857411834,24.49283203128099,23.431268116767534,25.091202788406616,27.72874005729814,24.71024706520012,26.912675691750056,26.80089632099043,28.554392723824215,27.5403783439224,27.789118902357654,26.617166204227253,26.66508658299722,27.0895027986176,27.944867040788345,25.99578633273796,26.840574777260247,26.496442626392707,23.671545003516606,25.26420042178876,29.168592371293876,23.851141932752565,30.558648206011295,26.85761425901961,27.300292925171117,24.64502262872867,27.38091420909857,28.34122363765006,28.601735995852835,28.389336962576365,23.60257148651305,29.450497984175463,21.729707832171513,29.55515579298156,27.247028405620675,25.775944303740555,25.853198976877724,26.593493869123186,23.912564667853434,22.149841754204903,24.597416097696147,25.833688049638518,25.496154069945835,24.018426557044076,26.072077662002336,25.268903516995863,26.75934784880483,27.4711315892893,25.3957615242194,25.611811604527404,27.1184862797465,25.768497017435738,27.037452112516252,27.487005525064063,25.668288615034577,25.340584952991332,27.529286933128358,24.736006869005244,23.515457914726777,28.758513866002307,28.476827059489874,28.37805836268155,22.98012130425219,28.762598020376664,23.891431605911276,27.395459010743426,27.183766379404506,24.411947508267478,27.136865267684634,25.452924013198896,27.588109729363673,29.88568690076157,26.59434516344506,25.998484128812176,26.92905941109025,23.892788413660284,26.321402471200493,27.26835686637667,23.935337113449066,25.893821005927897,25.806498639033563,26.297963833353112,27.14389612819547,23.814340953348925,22.471897541604218,25.419601852517328,27.874517143215105,26.364543825370337,25.325750836054308,29.800763556784077,26.43878907115985,29.317190464711153,23.89864075168264,28.078608826217337,25.764275298009526,27.34667405259513,27.448183286853883,28.257400842856825,26.986230511321082,28.33144979491401,27.37635832338575,22.76665756322252,25.16970217620544,24.19914129020488,24.527700277851125,26.868804730577267,28.261000691784922,24.72433146036944,26.71465099467032,28.987148584110003,25.256495276647872,25.788768505471623,26.00300570466074,29.53920360598502,25.47450051462367,23.68966134785181,24.89188979234232,28.438644843647698,26.46443314939165,27.379050660145243,26.064323440302836,25.56489775280255,27.44598781579904,27.339873556772424,25.85842141297552,25.68986549388559,27.21054350035725,25.4734072207151,28.46758542383682,25.383543803539144,26.21962589974985,25.97280037904513,24.7044005414186,26.29872498549649,27.198806834703507,28.229063391305985,27.890383295601517,29.987671959032408,23.29210299255742,26.423089803505206,24.89394312373167,25.92435623388285,28.187260288143,28.152945625591517,26.629977537139496,24.57408926032359,25.59890963035991,26.279828111296638,27.27971000102381,24.535904912834972,26.86707931759459,26.54691719009098,24.479143034922068,25.292944818733176,27.083302216601112,24.7045306983892,25.200167970120525,24.23888385742219,26.678015008335304,26.659407719522537,27.787062458102465,28.80062618028102,27.51968970360474,25.869093324143158,26.723734007559077,25.051491917191655,25.705680325082074,27.52134597743167,24.627410533385387,26.585767790394737,24.048549973631737,23.488073213059103,28.23361533367778,26.362154007999752,25.610031254846213,26.838871019032602,27.76334009368871,25.30761061268331,25.44402641684078,25.088593315269435,28.426047981596227,21.624200221700537,27.210194250048847,26.43183107980816,26.695756762965487,24.77585703324993,26.15364295449571,25.40690562827007,26.085176175472114,28.04824507376375,25.971029748967933,25.99429612320136,26.69741547670332,25.826055419570206,24.714588581030746,25.370171184420133,26.369791237001298,24.04609446133802,26.114447301899258,24.8097004414795,25.769510147326702,26.561927514869755,25.680628207296586,25.555129618179066,26.737505294204762,26.235513585550084,25.14170977591475,27.96844929928649,24.484439551463026,26.387604605527756,26.176066995514404,26.137309773985947,30.728445859262877,27.07135352958131,27.056853960219023,25.62665056673664,24.32074445031733,23.337927151929946,23.887203605892385,24.91061478106393,27.833179432552033,26.31891417688153,27.620014138914396,24.48866559110656,24.99256118449352,25.785259630340825,27.104566754622674,24.133351851796828,26.20367088031798,27.104772146429603,26.492936659063165,27.21422847143956,26.834871424980264,25.81110258095257,26.859172007392683,26.585449063950843,24.807719081524837,26.74783817933241,25.800544920782595,27.506235439630125,24.892159796042417,24.106153319718768,25.73795424845516,26.873265968801796,26.927719399290183,27.18239210109549,23.975167961844704,25.56631903462153,26.14955694286354,25.782524571288597,24.22766150850283,26.71237122321488,24.783066348560144,26.49792400203824,25.35136536997736,25.290912665422965,24.846684201695716,26.944709478271115,28.124559744392148,26.98570147078048,26.497708389988063,27.98852439246631,24.482928966660474,26.703931243261284,27.576803172999714,25.379893336181542,26.127137572481605,28.726050389119585,26.226261356693943,24.066549902799494,27.18995373182256,27.67125863620419,26.554028702747377,26.71032105726832,24.623680747695467,23.78850914053835,26.274623691551895,26.179462128796402,23.663417044016313,26.41151821649862,26.82530893789304,27.14397350057,27.14949977559747,24.20533218985418,24.636937686047396,27.42385737497336,24.650435373372993,26.126429454004995,25.87119582550033,25.992094034641458,25.795164541471284,27.60327077761823,26.276192870155874,23.394842700016284,27.250799329621575,27.559378373123018,24.965086746364967,27.11897582646799,22.87841196549014,25.326324203656235,25.42389384121782,29.20615208769822,23.394976972072218,26.96604909927558,25.8798589910539,26.974829975709923,28.709149898428265,25.576417656624393,25.99114509193878,28.38042271920949,26.037716050512767,26.132254710847434,24.40353017246221,26.19003876417315,24.085627388778907,26.58807646238633,24.007305779486572,28.04691478897189,27.591938925838402,25.947044273060413,25.78870321719264,25.166522684474806,24.702602922657903,28.00676654095749,25.361191625566224,26.28377688085107,24.52973989718316,28.898007236715983,25.638078839014057,26.670789055311566,27.349839359206886,26.74349809305356,25.34396783085166,23.519359160466216,25.2315032354259,24.491087997368236,25.19028814267444,25.75517846478416,25.242200676004085,25.376069655894366,28.566636403803898,25.797264438634446,24.047386107002836,26.013183861509354,27.854941179370453,24.35156646319114,24.61957980386431,23.049464523745424,22.460690226969845,24.926639046232882,25.647088916500486,26.77931925376624,23.983314266109552,28.170502466752552,24.32860777691604,26.530856040304933,27.161349260124926,25.803590278788523,25.680350012945315,26.941268466352057,28.67239358442224,24.48595058745033,27.798345772497616,26.924862366558454,26.608211720670578,27.95156158138725,26.347350251103986,26.859336773283765,26.00684780528147,25.89801184380965,26.17990962952744,26.180004715311224,25.350963934658687,25.10332224742632,25.71834891652335,25.14548800517943,27.07127979922376,22.45999583450144,26.441432534280455,26.774707013129937,26.812218265424562,27.100429260013073,24.726790031709726,27.251981206697835,27.876028497737302,28.295705251852073,26.680597800193354,24.2371811111716,25.88744253231113,26.725195579495228,24.22878952593429,25.988697088964457,25.38873833625456,24.557392348442782,25.22083978035132,24.518295324835393,27.14186514566043,24.462989527784007,28.16839621573743,27.414793333934636,26.170944174979482
40,11.953601387171412,13.061869552447035,12.401694000241184,10.757123483357864,11.295528518089169,12.248271324629838,12.429504347903846,11.451651232518525,12.363278006325755,12.12319758533715,11.056566623212603,10.281309909179216,11.773089767351419,11.833956525626487,10.44028870551048,11.185403272149207,12.413719240839054,12.378673148289895,12.156384265550702,10.983035305260056,12.045208075713902,10.961762218901715,12.217393160809912,11.864555758812672,10.265709818021033,12.793010087753922,11.148362149841912,12.979893395322952,11.989547199064333,10.84726075187366,12.729019622088106,10.402249321296118,11.786996801298933,12.442365910297625,11.879183992508564,10.964943417037501,11.165795204234934,11.046686663103923,11.280425222419526,12.163144132445394,11.97402141122014,10.432263735901623,12.226172747913214,11.340642113921819,12.817581717430379,10.836872272599598,12.30029302470984,10.99956278949482,12.201209742988159,11.54865128050189,11.086388092121235,11.298384450637913,12.112190868023687,11.99573521486091,12.297977026385936,12.041706109589217,12.028126045205328,11.345866880313062,11.792921901648628,11.457567243337277,11.485258217785471,11.923965515747899,11.034447517636847,11.886060475869101,12.164688935551588,12.73195028280516,12.633823787989408,12.11018374582388,13.042299506164904,11.892590870506172,11.11382509800318,12.175203544896187,11.566904725731677,12.14728609796196,12.37032703070578,12.421432440874588,12.420551108165844,11.831729383538159,11.59765868520903,11.8955022960427,12.17818928976731,11.288468221078713,12.191377545013014,11.892343875863936,11.88424962603188,13.200875435174357,11.60325657854797,11.581592272911799,11.90324005576755,12.539214919334196,11.879830832299291,10.903297533126697,12.718153492030165,11.83416614879469,12.056849745664504,13.101147292795025,11.865017636364572,12.096828073236141,11.667830890266602,10.498501499385522,11.382557373551112,11.839635321671164,12.011106787412169,11.300668254520591,11.97002998704799,11.744894615346437,11.166899322935146,12.235628733105374,13.253071868233214,12.379253698134045,12.044870452958394,11.7766648991972,11.69553700496724,12.63539034707118,11.028321068603779,12.543153956410372,11.949274496402708,12.088916203745873,10.619105499972868,12.41815213821523,11.24150370783042,12.965802094253933,10.987963729690946,12.022436016761892,10.692247982179524,11.36598464678033,11.215404377555226,12.207250372641857,12.687889154334483,12.338755251040876,12.320516559782687,11.916162076122667,11.933587046285984,11.204332907117363,10.564722832465995,12.146648751705362,12.114652673177414,11.293160341514803,12.154162428425924,13.26124379632256,12.44902836006137,12.044942526961355,12.275469625709663,11.970487630880806,10.970133550041234,11.591827177056713,12.537226031066886,10.458193356075986,12.93958886073014,11.694904170349423,12.649271261594677,11.997969638566206,12.374811694283297,11.462371681722093,11.911122139551072,10.989169762687572,12.139054141749495,10.811069022257085,11.339698366290285,12.315160238349947,12.193178328735657,11.652107275363601,11.129115765846825,12.062882104790747,12.498076866963432,10.993047113042726,11.836165471888172,12.651525572934425,11.605435997030845,12.058469812880181,11.989737488408512,11.615438678425864,12.408616948992846,12.194959676795584,13.00438477168113,11.919002793128119,10.6172215419029,12.38316390029957,11.675196883536481,12.10335562179879,12.97848626410698,11.882729088298257,11.847773273726903,11.976232921903392,11.444217099796267,11.982076446270723,11.066174691490856,13.214112389467576,11.895482598853043,11.179163601442886,11.987094933814506,12.167374518272347,12.576130634350797,12.132569642140597,12.071500605218406,10.331213758506324,10.723420854391367,11.840199246056065,11.090325374669026,11.77425623879733,11.622845141621081,11.117336678480918,11.840248317328314,12.680614644557455,12.636254137805095,12.15232780951505,10.3295820684547,11.161658215132976,12.076840388735931,12.508266871046233,11.429096707998548,12.16873261137218,11.499105660085783,11.592944956105942,13.096368580187406,11.045630089272345,12.162238604839201,11.897939372111866,10.262625991843272,12.041008669690548,12.830138741055231,12.53871233169098,12.60243887792593,11.977790470555147,12.198256679174222,10.969055813007154,10.81983965127722,12.019503828882359,11.969579045070647,10.96362544548046,12.702581448203778,12.513047513886693,12.154326946047938,12.158603934086216,12.030223338476844,13.005779260869604,11.379155860639797,11.915979871551974,11.928528397400141,11.5978632706004,10.942983912331364,11.994110168813117,12.200098177119488,12.16601097965019,10.947061095763758,11.065952096274781,12.091609254589896,11.241840808359244,12.769138302793786,12.265929973336858,11.92857178959436,13.169834244067568,11.58982918691983,11.876253594076843,11.875329276296174,11.768023045008036,12.383760515153162,10.795369744361485,11.61201817359561,11.157770913527841,11.086592384048378,11.832353832211563,11.880630655474699,11.940903366066669,10.528252474715243,12.197787504248234,10.911719951516464,12.0682038737835,12.406212854369759,12.041813230855443,12.085166556653604,11.651693994920752,12.48213727821006,11.972483492860842,12.522715906238004,11.815979322007651,11.018702630869111,12.119860416008972,12.085495159460727,12.240012894865272,11.121141060827998,13.359408314956006,12.677577619383523,12.741593069008033,11.88326692319408,12.396311754894445,11.16799568404537,11.721654136684666,11.962522266794043,10.95483475641901,10.495739060946564,11.840179864430539,12.004376580072515,11.830099535606974,12.13786522241828,11.034369999549146,12.145769793711526,11.095169704529866,11.57439066029473,12.373198554373861,11.389809208504165,12.025240508192473,11.236416788196754,12.186352349948134,12.003439723833992,12.30848777405169,12.315510638605106,12.488210198583474,11.732615425504216,12.294473071742363,10.771918357627646,11.561582383279964,11.006994379072433,11.582257878579997,10.77308323517116,12.26073733647175,12.820113552142422,11.716860393740935,12.176743805504781,11.75568028815592,10.307371427871432,12.831462293820785,9.97116258827857,12.488988052578039,11.383236677860566,11.907364866373324,12.438358015395963,9.961269874473778,11.769944101561375,12.661984331014192,11.839213567110805,9.800727718337521,12.849284941696018,12.260271066450597,13.234472240457666,11.462729236505636,12.263119789527748,12.352791105802996,12.291555710268801,11.102230755027048,12.082457753303276,12.365851224231838,11.555706166649937,11.675083500163623,13.092147360300432,12.411021791296013,12.047692493884322,12.428463074975312,12.027473927657033,12.681798841598136,12.552485313878043,12.711014216765797,11.655752423831766,13.028087206418771,10.35702930601251,9.974284786529525,11.744835822629405,10.897966517577856,10.979658036271793,13.135532719814465,11.653808086765542,11.806066680607227,11.860039286202804,12.21236773625477,11.699527342789168,12.71843834295654,12.364468500273658,12.61361651180477,10.617288636569796,13.086409382676797,12.124373725060073,12.351982267408866,10.52475301953607,10.325086187135852,12.349190229191297,12.229911005299659,11.355893172408967,12.04572366037415,10.200690427426022,12.113073739342514,12.282791450341035,11.63095997620303,12.357064232973796,13.017930991491783,11.698487700252912,10.887904831553664,12.098898675166467,11.557802357861844,11.730760552628421,11.787176006434285,13.248322636292057,12.934981717160705,11.283915168764537,12.479458576004903,10.663613521865118,12.42680828828973,11.958377959591555,11.382040465573944,12.171248694121198,10.513370605208035,11.864855555407708,12.879790505835524,9.942599264993571,10.627319227062534,12.68257436330299,9.973279059870638,10.762545150107943,11.395803528020641,12.527241447789272,11.7739761976827,12.334224222923735,10.940056595777328,10.729006944777398,11.066010206623757,12.976283653502545,12.928744116843914,11.758791274922794,12.230503231370362,12.802625251125871,10.877517504524286,12.000416213694699,12.006228258815437,12.11475422012336,12.047532703952088,10.54768763149579,12.943609555566024,12.2894383130754,11.360883842495491,12.031027900842226,12.14142149813858,10.896244560624876,12.31572737357934,10.518663555394653,11.101800804698376,11.424506332489706,11.668829570628134,11.237144073564592,12.4720517077189,12.417175199538,11.173880752223655,11.369170876914577,12.08339653362321,12.172451634631459,12.174698333269854,11.561323141051668,11.679381337161498,12.117608681150852,11.41252560375215,11.949613881000126,13.436072892722786,11.980297413645301,12.520991662145699,11.799251760864747,11.104285811483741,10.830411120978242,11.372485962055265,11.371501046471227,10.83920308401662,10.87904091207724,10.245860865885554,11.956112114423219,12.733959631792192,11.41518771847007,11.250811573753037,12.240791574936376,12.65279305040966,12.473987910134719,11.593422976826924,11.31940645220211,11.930583779458582,13.49628554207529,13.017170558398059,11.35328317556048,12.047254294165413,12.614643105739882,12.501296376240807,12.846082023073395,11.650435947006999,11.564926687270384,12.012792235419939,9.920392634929001,11.760668707429161,11.736941283839414,13.182253756483492,12.480179710609926,12.198147342258148,12.966943369362935,12.300655490472103,11.093517121456687,11.131797642722265,10.946633568372478,11.623664024083743,11.996725996442418,11.751400977364716,12.96939807472311,11.369685986346326,10.57044072499231,12.501549025931215,10.759072379231132,12.776444803392032,11.693443849811374,12.52653005778652,11.437741584944117,12.189006851009948,11.153695181968574,12.456546523181574,12.209858219055631,12.536172285498324,11.716164075651008,12.054965356380091,11.19592063396152,13.17084054178549,10.916017829300594,12.679552553917047,10.993651122641296,12.087858480985672,11.867540505711496,12.436009380644457,11.500429113726632,12.505853074724019,12.407401067540683,10.597974973288826,13.29328417729147,13.71697402831382,10.957668353262326,11.389746466938623,11.66183587798024,11.501967947495913,12.17817987031573,12.354655316853455,12.274582230556186,11.41009218726175,12.945850567688414,9.92621177256062,10.356205934803732,11.594173247825628,11.702738066117602,11.064580334085214,12.6602271555923,12.065257773843404,12.275542035186461,11.017146323362708,11.87958332525169,11.681872659706483,11.723310358661807,12.638246965027227,11.902825597277724,12.232160082206995,12.298249096358743,11.327018567960183,13.51295648011321,10.919188995464284,13.229555805532565,11.702364375399256,12.447242442563107,10.82930161596363,10.97435906133894,12.12535452344377,12.821458500653863,11.176903714558012,12.274033002517646,11.54485664337021,10.955318358956157,14.119530625119577,12.782372431182239,12.21268624049484,13.195042273430602,12.731708255245826,11.867733125613537,12.308681029885575,11.374025949441732,11.445650951722754,12.21155141849646,11.734016864763275,12.97644960998232,10.358540434841233,13.138770227358576,12.532844701100151,12.827177859252476,12.462624125029661,12.481695982105219,12.479739105995204,13.24514299773993,11.772292658299543,11.916476249716602,12.814616332445189,12.810758955831092,11.484775780559474,12.67260155934342,11.894066417418127,12.244156931638862,10.504092928506665,12.497198663351968,10.832210855353074,12.547237494796555,12.110696505298929,12.85372350613416,12.15773024688497,11.35304841054415,12.23864051947578,11.388767588613845,10.93383736665171,12.097399006752196,12.49780469562248,13.568119211866593,11.921775324611136,11.088866502980478,12.15520590366472,11.088478210269349,11.599556370249607,12.16731284185601,12.006045241722083,12.284418236986612,12.831913413942663,12.469017730547215,13.088074660193406,12.173429947567644,12.344317114790863,11.776552314341204,11.269175257994025,13.63562214934301,9.629226322262406,13.655592171846477,11.392736693923096,12.732152666015324,14.158977154904894,13.047573518939394,10.505145620441716,10.47279999330261,11.27951024576004,12.075672460863775,12.970999032218245,12.443067229163614,11.357530172985584,11.224562423410934,11.71282067126422,12.013913650563152,11.36488383368896,12.71493666819349,12.02911250422191,12.138978318171848,12.760716478018134,13.06542369241078,11.498115140411135,10.720333628723266,9.903979785516304,11.628186392335165,12.758956516744854,11.514332512811741,12.51511872328348,11.19629053243628,11.229617762311902,11.539883985329988,13.113601358060393,13.55427188785468,12.415499311422339,10.261003332890443,13.98351911795082,12.255706532058046,12.68103057001482,10.709789047014501,12.095418167053724,10.554481659354257,11.74344064612079,10.867506978819293,10.409960569626499,11.752416627452186,12.24032804363552,12.802392485195787,13.448234050000622,13.167807699419518,12.96908706173432,10.34652479019145,10.663836193400089,11.518808728733346,11.317870669867537,12.344061132864717,12.43549499109898,12.731418217064265,10.110565525667436,12.459384652695253,12.119088045238696,11.789945086376122,13.13818544671288,11.532108602155025,12.637336070494875,11.764198488421233,12.124281303644441,13.122434084437906,12.102249443384316,12.086631419880515,11.969090371916595,12.978545697358479,10.51942008117528,12.66399875946835,11.682150188681213,11.753029775123384,13.481408318209766,12.73785260648655,11.554975641849202,11.420426538314256,11.253950208498278,12.460906218447231,12.114818650945715,11.404464045639628,12.13361421652692,13.044503920418117,12.115355179134793,11.164833875444312,10.549109456084828,12.258632552692172,11.83401768605895,12.26170912279299,12.759245696236572,10.561526742252676,11.22006675737919,10.386153387388115,11.819516892251736,10.423482679132347,12.555971203701272,11.620487257393167,12.55547791816974,11.860350017361212,12.330618715155753,10.575521684178945,14.247803991028045,12.724547962508499,12.347396706814452,11.669798851699941,11.617937912311003,12.496003862100116,10.730461236236899,10.813185315150802,10.494751134670768,12.297173227572095,12.539988206832714,11.147958943720663,12.695166510604821,11.91697497033509,11.114960432909028,12.513011980655637,10.632171875462358,11.290486228935016,10.31551086320335,12.714802264471047,10.740547082945536,10.290001089950787,10.603159981654441,12.74919701130452,11.202287396629208,12.519148795648496,11.617523927006019,10.042126607638,12.484289703289596,9.872542473886371,10.947581189424398,11.437213554341461,10.599349242889826,11.46200839815656,10.878610458670853,13.104958458195275,12.185787571572575,13.062570154204977,13.220372097121723,10.403651477489365,13.80928541145914,11.79503565400641,12.139280457376092,11.713950466969283,12.226248149315062,9.926778725057858,10.117486510780866,12.893702640208645,10.581168714271037,10.998592670119027,11.436836235195216,11.485125007554549,12.304062355415843,10.72236389929286,10.14845421232339,10.702657676076823,10.198001007840329,11.67320396399762,12.955050107487251,10.358450637115867,10.045541330456178,12.651203627376018,11.796248878440434,11.670358179778322,10.690161041539957,11.60466089495369,10.999625304673922,10.57399528497228,13.001876205989626,11.85662638718754,13.957641562350506,12.673383824622917,12.847986758971532,10.680384953413325,11.41795366279589,10.824926823374751,13.338097244471868,11.417085070446104,11.433986217842293,11.283244510120463,10.599954349491684,12.988583152178927,10.954254940671282,12.489715050533308,13.453484979378546,12.231008634203892,11.81097023964754,12.150172296536585,11.02018423982098,11.70223514591329,12.498894719672391,12.382393982386775,11.56748062990411,11.873615464340105,10.921737662439122,11.928456124133021,12.661210576729511,12.050785018435707,11.371146991559234,11.947291730055348,14.31628180855945,11.360195521963977,10.592246182569834,10.86037765916516,12.94400879186665,10.694470536381317,12.237123881295409,11.781021820396708,12.02665392821569,10.649275785882562,12.526618500714372,11.140349229334683,11.582108420747689,12.566284718473291,10.814727451069365,12.588524653221903,12.568961197137861,11.292330014012604,10.484780402291973,10.550277658566168,11.764880951562594,12.488271058765983,11.642377287571625,12.653759611012447,11.975134199447304,10.913524660773065,10.5971771826456,10.830341392823355,9.762389242051023,11.821931993929894,11.765222245046198,11.828939615041312,12.290093883424246,10.91806451512677,12.677853372687366,13.161063663866114,12.446645276011768,12.609186310959405,12.06091763558552,11.596833157527593,12.888854483448808,10.9506892305916,9.67234892056452,13.13733143347379,11.407545936519519,10.893872690172152,10.85237637031793,11.892854793148347,11.953265845793855,13.08117326000457,11.76092794365776,12.751946610749608,11.545543036154122,12.43933139925559,11.897541516452318,12.32861386473087,11.109518489199624,10.275615018448267,12.287500504752773,12.128466841080407,11.246743507025549,12.779104129765933,12.406312234639579,12.24190113838994,12.402420694358003,12.764261076505887,12.35940443626858,12.303271557230557,11.688730252357626,10.245086238638857,11.397188712021515,12.035232511503889,14.189278143324959,11.45381678632719,11.722242405137571,11.720902245395035,9.634499896990688,11.920834329074621,11.30092010107203,11.691163983721573,12.285094770527857,11.569659934431874,12.375777368493965,11.353245645791148,12.23760909970222,12.815157270566923,11.579346741801197,10.584568330190455,11.354910999815806,11.506160269817137,13.337648120255173,11.883445517024057,12.110828246123553,12.651835457729298,11.584918820582901,11.168560059899033,13.172972485869579,12.195024257612442,11.51151943734669,9.943084610242504,12.876901904356227,11.147743083825425,12.932343296429005,11.878975747214785,10.708153179550395,11.562167002447598,10.281919106981936,12.016757097410187,13.240643893817841,11.304135144212525,10.874377270687592,11.59973172879329,12.015580899560053,14.240662321093652,10.393419491614447,9.87963109332691,12.621384155618022,10.289877493442097,13.07596947262813,11.106656167184067,11.535245428830773,11.66976618536739,11.289208409713256,11.888629273643502,9.951557056007143,11.643380586099342,11.946191438206078,11.371755417235628,10.97480254065148,9.49407653561509,12.532159299837312,12.069199586322927,12.977947083660384,13.495117164876019,11.526383874516156,12.039648876510592,10.93151026376404,10.011802054404496,11.160558926888925,12.034615135293897,12.219038204818622,10.601910706386853,11.094033130581368,10.55799871999211,10.275207709261522,12.438805877207596,12.186325359967574,10.89544222540741,11.759168998933903,12.663756682338388,10.56389129961034,12.756708822109823,11.998867026354379,11.627298632861892,11.844588461672037,12.0617988678241,11.822505234618518,11.2664753784505,12.851962611053256,11.005128096804079,13.148577581513555,11.164179645073483,11.80193951296379,11.239148015039184,12.12098313181095,8.778629558236618,12.109852579266006,10.61477391811957,10.306458139044132,10.890328841822626,11.36089095891459,11.549974996568366,12.375420604231715,11.17759116553825,12.169474604533473,11.74654759227093,13.235374957150546,11.829516648703718,11.822216513032947,12.483500759062863,12.23882747970885,10.648117058583944,10.812383746640759,10.665001606669556,13.659732105801586,11.360392182374936,12.218102150520696,12.541252128080904,9.505393599403707,12.043002902816916,11.778804780645547,11.216659953748774,12.150463619323427,11.619375017037582,12.571113056897417,11.385032272785816,13.57615532018892,11.523235677116894,12.303280855909327,10.143467425944724,10.557130384399063,11.325367351289009,10.276194599785601,13.013604137425391,11.510511199705311,12.111688269616671,11.754861519570762,11.668233696965096,11.450428970164216,12.379005556535548,10.765747332375113,11.864002495470968,11.313203689224858,9.477825074933877,12.030734027309494,13.224380459210925,11.859650321550708,11.642753508298869,12.644842701748601,10.578696985185438,12.403882458297934,12.111683119749069,12.110005891100421,12.356970923705978,11.969224203605636,11.587558995262622,11.168097904807107,11.91960188360875,11.240280617886894,11.523739227559819,11.120499100447967,10.494405178229425,10.411698568219371,11.425052783594031,12.943728742969626,11.874270452853402,11.358315597736649,9.615695447043391,12.801803090949603,11.240051056359977,12.029548028351146,12.10132093706041,12.23207507206853,12.39032157574999,10.949574085194602,12.267764776519265,12.507498012297708,11.203902282925213,10.742183102230657,12.258334190852498,12.158718306632748,11.791803524349122,11.931746309546027,11.854990868766532,13.582081018401412,11.421239102891573,11.641091910266086,10.630220664615194,11.83302128144175,12.884194597542512,11.36607036349858,10.663591310489506,11.393677177303223,13.062070472325669,12.00014081776612,10.577595981289798,11.014057398468845,13.256123779010878,11.616714448064275,10.626262655812097,12.083323857210699,12.914647688512439,11.143246611635666,11.393912757284888,12.706892140333762,13.636371300286916,12.305653275304191,12.864361401543164,11.485692849546425,11.184120693811032,11.60867806987638,12.462122530171793,11.863539061063218,12.177002624235238,11.351361408119619,11.648260290623753,11.486535655368204,10.854756748589319,11.89555272765092,11.839994974553594,11.195353133868212,13.580404412091648,12.264678242698787,11.918697291713,11.936167751642065,11.555148374249942,11.420209935561724,11.325534536121747,11.501783783561791,12.132239048043884,10.548780725657075,12.322754169221083,11.328785456869781,12.456520588520856,11.614111877790572,12.32729098519753,11.726611456289783,11.329134175621222,13.045177783533788,10.315256918963543,9.196020396727555,10.71684788671849,9.676061374093672,10.084947384990436,12.385201307573848,12.252460436937092,12.470204620443841,12.340369515081616,11.884537533906801,10.952016244957992,12.815017049393337,11.455587898423031,12.340625947712057,12.313614419141832,12.306401294678084,12.650216683684427,12.669452316108421,12.376385987753828,12.225272103782183,12.046306802682789,11.294463684396561,12.538322558661223,8.799161109979947,11.512695943117972,10.670592192491235,11.949763627360195,10.83961214575875,11.547255238092212,11.711129340996358,11.103688109976375,11.398741020120578,11.159804082983026,11.821778619143924,11.712889852571367,13.071498636577248,12.165615256522736,13.073613939888721,12.499259006548188,11.133951355723795,9.535337180922879,11.712768089703909,12.050909297639134,10.949503706331852,13.212052048748372,12.16746149625911,12.143542761134144,12.231238709650567,10.950123463442269,12.496483166745254,12.394303174838443,11.42026689827616,12.302736390606187,10.781952658262178,11.787525149864013,11.719474860220215,11.616408670522794,12.368210381168232,10.8783611391351,10.968862618767313,12.334948776882571,10.624028224998524,10.997405039370097,11.774199784409815,11.427051350833814,12.875319580358122,3.331639575035438,4.0974203884697165,2.70058028208986,3.483027332143331,12.851392936299609,9.806079671862774,8.369736491929197,5.855041285934496,7.415797618126569,2.2158675737154194,4.001560707246204,3.157732106781449,2.7090075529288864,3.064916818058162,4.258313791902148,3.0518509379569596,4.214499943894964,11.677857014641704,11.730800054629022,3.862026558473204,11.388314117612037,4.4794655928289195,10.22366779332897,2.0603046723487894,3.7311735295416897,2.994745415239129,3.546325275354115,2.910648489447106,2.4511238747568087,3.4436293431146248,3.9760997002444016,2.88510341127482,4.7081866436236055,8.869209882756799,9.733500043422222,8.615161326257802,4.855490895563478,10.93115230620395,9.156054097414259,2.056694786608826,7.67378845726735,5.159798626346553,2.2326215503262543,8.87422076284636,5.238705389990432,11.596536930739603,2.513936190626384,11.44469207969525,5.973809896076542,3.2434282352419457,9.799405061252063,3.441855260487467,5.88072137580687,11.507075474141837,9.759506879247978,11.58991644297179,6.345651107184227,6.191504287689914,12.43118099883115,5.746867493083137,2.351746241716167,9.503241675810921,8.096970914157373,8.006375489620893,5.6971412400239565,3.59186077710428,3.602381810326457,2.3808679504795065,2.8938141398578083,6.595035072175911,8.551412242803954,6.1739379092253905,2.4775637230515173,2.2501891129475253,10.698107797033972,6.938972638065714,9.594963497435694,2.0656931875132973,4.873493667598862,9.850995837312357,3.8971951327831613,3.775386034100156,2.6901434578358008,2.4425861006702707,4.99994071030761,3.5140825116826697,2.0824179177239865,3.4876112086160944,6.637788611852849,8.983286094336627,7.83260610656459,4.593027197397857,1.9626502346440546,2.066875564896061,10.94787689802565,6.200632674384812,2.1977144999894223,6.615597895900392,8.061993791287433,3.1700162093882094,7.336874576273018,9.619081836130867,4.458637397534371,6.480169771913534,3.2982436915088083,5.139202791751049,4.384208293526957,5.690461664101365,3.79281426274944,4.531284947726903,2.189221299803365,12.534299714696031,4.56359806469909,3.143252846630664,2.7051659187628276,2.0828385583132345,5.907217663617506,2.6568011244753507,4.149286646828823,12.27052159930182,2.7424568351422263,10.709802117499828,12.049883043471645,6.931381066034775,3.3896995638024787,10.136358347138565,3.739710135537285,2.17224800285276,4.859895516236729,5.766982373704257,2.1141674259910044,6.051463778198839,4.186961738773519,9.450493882142547,10.34797340280412,9.549505266250055,5.57001089590416,2.8155970152293763,5.46727293722425,5.393945557317237,10.178438068592207,3.6571341789311886,3.515659337401087,5.653070428226578,8.69201962204186,4.897309057998361,2.6991689415627174,4.826902645636385,3.4329964455201254,3.4640669766464587,3.9558527461218884,7.706425113025515,9.002239455716074,8.83975600994507,2.463280044080439,10.516562470673469,8.314073845882785,8.432826200041589,10.236011556562937,4.759051951763536,11.702252937379804,3.4002964489008,4.106193024941675,2.8904952362400707,11.896089613441706,10.777380269782899,3.233993358121238,12.735796204439911,7.572714826918996,7.08489830560257,8.39506595705317,9.725584953546457,4.678629033386002,6.609538946749358,8.997579488249993,3.1111671592922923,8.370693491371938,2.1908843391751525,8.763235427509587,5.158703109626587,12.434008492354824,5.054587064937523,2.503924121649848,4.56309250239455,2.9565857207612822,6.814918893402344,9.931277270446959,4.125015699941933,1.7444273311436511,2.3255007681851385,9.048683793410698,3.9653229637139646,1.801309241459063,2.3359085486348854,6.245706346057795,10.475885638596463,6.252872048744095,8.579014230156082,2.3435963960413555,8.00162762306175,3.2288379082422836,3.431853072162836,11.053856624007905,4.9627152155641845,4.953442422012764,4.039606901232365,2.5454406947450767,3.1190378633279483,5.343651674475634,6.447667717147154,4.52164827429996,2.770340679162581,10.753812641521115,3.184909317849822,8.564334825653503,4.433551563513539,3.014593898125609,4.864793163562141,6.756460618630451,3.3600706346388063,12.723815310635635,2.7870708677160145,3.3427707759533787,7.084750253988592,3.8424441590495766,3.5026915850463967,1.9153772941451905,7.1728119427659225,12.091138907324018,4.886074640331614,3.786409310599207,3.3121122797390172,12.262042431054647,3.4482682511335474,3.3734460961549693,3.5697662314422716,11.487144418142863,9.203159575046183,4.20381043283907,11.456689795326382,5.38043404216648,2.2929576076864375,2.673259312005436,4.076042822919564,9.773268530340001,8.028842688975946,3.8139228790473414,4.664006066518528,2.586671441287906,2.786629530580605,1.7181208763191063,5.925979748335085,9.091053715329949,11.532622944567093,5.533408883748582,6.487535035585841,6.674472307926984,10.567014212016351,2.609471833153106,3.6348354244111944,3.729090958563598,10.942833732844955,10.107083811912373,3.2655728650312232,3.6254914940090677,7.708615572072676,2.9953166024541527,3.873186143373282,3.815156026567707,6.142549579729778,3.004207594696903,10.639488130841142,5.031850596579702,10.145156511858616,3.5532566536471575,2.7526712612264572,3.464403339127734,4.591501139521217,4.710299667566652,2.7210655733950753,8.386284074469117,2.0508309900221198,2.034762793597896,2.7648722341825,3.5780729587866635,2.458283839944103,6.3765174943474126,5.200938186598053,7.5173220785185135,2.6852526067932905,2.55151016786963,11.76043296818051,9.86718370734993,9.013308853377726,8.924084119828454,5.3790064099270625,2.389425399236597,2.97986922272352,8.936578249774687,3.6479979771218645,8.400777480137778,10.533504501737943,10.078809201802313,10.551022044826391,9.896245182910501,10.089853342825027,9.718385080792745,7.83185496490929,8.669539062951717,8.62906635377343,9.339644802707845,9.867103536904331,11.475815349192924,8.937962208346711,10.388356863721691,10.630418404141047,11.101032198772682,10.105537687496689,11.245793085573013,10.457353953246708,8.794395869341008,10.629677614026406,12.14052617477634,8.435309071530169,7.451138976205008,11.567045292227949,9.391644991159847,10.132078968530921,10.990232803488832,11.547364275966817,11.09576142849479,11.098796647099405,10.168536590372614,9.065034845515887,8.645779579619012,9.897032129671965,9.569209941778118,8.761168966231532,10.393662384138834,8.50680442793168,10.074045158230462,11.247808781980051,10.895761948813442,9.640452074446234,11.026959533568673,11.768693814321159,9.331700244797329,10.422300630300708,10.099796219616465,10.666360894730365,11.458351604211748,10.165110571906224,11.016784086141346,10.339203821434017,11.43338060955843,10.467646975587268,9.632313761863893,11.16801100845585,10.15695880066648,10.646168632637885,8.435220683883115,9.632818320527237,10.597695854183188,10.080890407955511,9.02342270598584,8.78711946118775,10.312891378799106,10.305189802048343,7.865133082280887,9.304084183786516,7.568079411950783,10.059800655768958,10.008145118366034,10.354493877080467,10.591964619106776,10.680298861098507,10.860315974363786,8.8542899924561,10.759700746037495,10.877412388702668,8.66934484462876,10.542727831223566,11.383112522332178,11.963064449129014,10.529235525395597,11.21630804763306,11.011051145792248,9.190887835444284,9.946076299595358,9.196368167774812,11.32849301663353,10.655819729918043,10.279825382451607,10.911251745831068,10.714341961989701,11.398844140254214,10.435747192552311,11.42684969647068,10.448146908090227,10.467047995699808,10.742341333772398,11.102693876826727,10.52011759548333,11.55494953932372,8.46905264089944,8.4600507477294,9.124460176852732,9.948811545054209,10.486652868946148,11.201037175163536,9.165324655524817,8.037861132199755,7.967811956711865,9.76327357315527,9.88935203588983,8.509088255971744,11.258303696529234,10.987949296021645,10.526290430841529,7.714310457547973,9.999097905803092,9.885746857665987,10.716327869800963,8.725182708673698,9.71215194317682,11.459469639319787,10.556815523523328,10.89188032840639,10.5128738187221,8.979970957674245,8.754053518758898,10.87403212687034,10.489538611275426,10.337955297387676,9.512125086228869,10.434368698984859,10.799951254568048,9.367139165070137,9.294276071754629,9.295650773991099,10.941797784230165,8.57376670911622,10.705371602003977,7.837821052238297,10.953217275763505,10.354095270693234,8.744545900627974,10.216765859754176,10.073816788966205,10.647759240127645,9.967924559753168,10.05259981862528,9.988788856738381,11.245915901033648,9.925179608644532,8.729394587231624,9.341274769612014,10.573236105026256,9.326731690325353,7.93623089327134,9.30284072340084,9.030450439478207,10.663094364814523,8.976991374655316,11.835900797086381,8.444125150826105,11.737160262736975,10.711227682367475,10.959114361570649,10.126800919509954,9.843141624984314,10.653738611791306,9.897139750790657,11.766907073299082,11.087207487714172,10.492807649874257,10.259284320790787,10.64340527918406,12.024219628065023,7.479270388933126,11.45033522960063,8.37699400135946,11.559040636809883,10.066806199276124,11.317718287031136,10.127020055180921,11.262072405759474,10.107004539850282,9.900917888068264,10.850704749951204,11.00150070658456,9.000133624752642,9.100582635053934,7.500977567121583,11.428976958948187,10.699119816563995,10.178468676149002,10.470979059455825,10.106284039353593,11.422806524735265,11.409069858677663,9.552350653681627,9.704221181248762,10.893014688270531,8.500300623745414,10.629143998049475,8.791508819167992,10.825005838284245,10.501147810801971,7.790803452943468,10.235392113709155,9.086785868862634,10.759578935876787,10.950225615176127,8.073337731139084,10.181511607648149,10.342745814353789,9.58578088839066,10.136455178028923,11.439528895385193,11.847607336206027,11.193624956400512,11.378346729385155,10.473266601269701,12.327599100742964,10.965519230624121,10.634794555450611,11.074843135851555,7.651397095547157,9.64388048181914,8.273281353356062,10.773647795138826,9.305114145252608,10.81874231539352,10.118412554263491,9.874075112475612,9.388081706738948,9.942601245978818,9.928633329276357,11.412306444249266,10.436945034755368,9.669421492011116,10.1919439459396,9.60777972974474,8.597377752144375,8.496131758248344,10.784433910368437,8.566142656991593,10.271148593886405,10.75221585087157,9.815565030700784,8.803379804789602,10.708635038632494,8.763306067944587,10.342170416692161,7.927770048603386,8.587716524333548,10.25863449106,7.357199642230625,11.906627476329643,9.993950058288233,9.41680017308622,11.335956672539558,9.834465671519505,10.505964596956646,10.860632152408419,11.037937440105035,8.234285978945447,9.348438451227622,10.864208555389954,11.276679431064005,10.842740272944646,8.627835739198066,11.356405050320907,11.265255363450205,10.128778042902084,10.518599313242087,9.682414857332057,9.698073298470218,9.346318232738238,10.79230089707489,9.70294758682584,11.420991929326712,10.000147567365996,10.100115858114977,11.216822996307826,8.928190466515833,10.393216813977467,11.22349465988896,10.606028736137258,10.239358904127673,11.592921903074636,7.533187966286853,8.831584741849246,11.406869034212807,7.569893041164552,12.063758199917757,10.610890658032165,10.447064149870382,9.903945529991537,5.108134615277525,3.706167740054628,5.789998446203206,3.0175822879358836,11.149930308712491,3.8497812690219266,3.0924585068289923,3.337915256174898,11.546497046675134,5.815350446432975,10.305769132314358,7.859429280542601,2.985668621066596,10.660690003591798,2.745315167859765,5.076535864526178,3.413670900944617,4.32650934430644,2.854345263739125,3.9353557597934627,4.776022287262171,4.66758085218899,4.920214697942861,10.306711939688894,7.782329660207296,6.002691051135916,10.95695910079112,6.618038204617317,8.17005095703216,4.205708474881243,3.96516869759685,5.903397300647558,3.5199086708226663,2.949939327091746,7.557379781390731,4.750515885250137,4.1597643211651665,2.4846266933735484,5.735754641808618,2.6987125011587123,10.648468514792269,7.920241883073953,10.501827194565601,4.4633664900958,10.013352868668864,7.124121316332561,10.856492189917374,11.310884117365244,2.742744395268028,4.6562663209219775,10.752215043047707,10.694817636750154,3.4526128779518475,7.353872285387627,8.42162566108461,3.498120260083491,3.9933351200984055,2.8058199099824064,10.429684886036672,3.1644466712754764,2.791525509190675,2.634733837042719,10.883320079768456,4.361912593078588,4.489992272815991,4.199464438369195,4.937680459128649,6.2844047262394165,4.983274652025585,2.824600824871323,6.888428647964194,9.521150366614942,10.258541678687385,4.241842729288374,11.054700527782437,9.854451708455379,7.844060184402575,3.590028130938262,9.534972885551415,2.978261479710033,5.441540667336108,7.772881836276548,5.537749253604359,10.266338626485666,5.2334711714769435,3.985515656275265,8.145475656633794,10.19194343872206,5.8664989521374755,6.338813264103642,3.00620761685176,4.761646054922747,4.757280670095917,8.428865901814032,5.073537063795018,6.543559970988735,5.088546015118025,9.887594361355049,3.542026338642898,5.067765899793168,9.302410140792865,8.380175200970442,7.943051673329324,7.205480057452772,6.194848632095997,10.800566810608037,8.954397374710073,8.78780112885858,3.315169405518528,3.1496743932534543,5.585665583731593,4.14724412964494,7.285067169723207,5.3847277614424,9.464824265944973,5.702461794442673,5.38438322762053,4.0761992676523455,7.931005626200703,3.0046621320600404,5.29346182639199,8.515883610674537,9.67555906258662,10.461124443448222,2.9775449492846873,5.088474838035595,3.280118571420085,3.466123095581869,6.936680107019669,5.987504744179544,4.328976537363431,5.889846833766834,10.644716804127919,9.458771376170827,3.5754419624435743,6.756180811768539,4.8125146551102365,4.932058375921518,10.088988691860436,10.465726598313458,4.457340714802701,10.994409952165215,10.404014234869372,8.594367604231849,10.814944910728755,9.037717387723465,5.780796002090159,2.4585812985618127,7.836953079740376,7.780068832904503,3.4826860744999584,3.078995440253472,5.486838886291422,4.340057660250753,3.4381218647056593,3.771963175481298,10.60073300663596,4.401866371609717,8.36395310405061,3.0092563258599716,4.317840722145366,4.591245063822476,3.377824599631761,10.61625914727624,2.6173471971830686,9.371577774301828,9.632041080676409,10.501662943074292,7.762531198646404,10.288714725797396,2.4260649139014574,6.731958205979986,9.91177882026709,2.5641315349080123,3.6335835502861227,10.182274213942291,10.02285357157262,4.658111653872317,6.005963328613507,3.1472558559248895,2.8322964330869,6.877926535449448,3.2459410412289436,3.134450794854939,7.757567093015056,3.545937648558241,6.194946322125891,4.929381243192254,8.573803727213313,3.14147043368084,3.845265337843905,8.844222137095125,3.680605067585673,6.573894202053734,11.318330257289617,10.086305786219587,8.440135801199256,4.317731049351438,10.932943883294273,3.6272949924621654,5.591718696017723,10.647658065405947,2.873582125650909,5.43443372261529,6.039986000341543,3.308381631673446,11.026020434202426,4.5141746369685585,3.2891580299538337,10.05473923827484,10.173134066794866,4.761730923241177,9.189873881914528,5.218856551853113,10.79441008814188,6.179506944808745,6.151955747414163,5.894647021020177,6.740299560076248,6.658305251295819,3.5828835268477635,4.5783367036212415,6.782156834976521,11.000139760855166,3.401933519433103,6.73619279174953,3.0807937654267494,5.792033422703926,3.396317135606978,7.35487916986661,4.554954905381188,4.58755327154631,4.488818066893333,4.381685192217103,9.733731030093713,3.548845748548206,6.329684039445854,5.251942092348689,4.385047161575298,2.89028072217651,11.107640803222019,6.619750430124016,3.168233755840487,8.251816510653693,4.939630491561965,3.7587807170690875,6.642977714971019,3.8979652658380286,8.019578935226846,2.6678286793820676,3.681685635601507,9.0602821470725,2.779443716561863,2.9670863239825382,10.578060352291196,3.4001118236109176,10.995598912551435,10.36874656480496,5.184655267247577,5.780549728207687,10.46595618978495,3.0169633692285918,10.679925504011798,10.160277037076526,3.673243022895468,7.4415958298086355,6.100014625194665,9.873887573241749,8.104596149577906,5.606260502557998,4.957191543853677,8.824918233112985,4.429491724398719,4.9545853200006915,6.251966339961097,4.683708033228356,3.5279796474987224,8.344920400444623,8.209069999379587,4.947707449909397,9.524799832179651,3.14197510393121,5.107547907073311,6.398572759473421,10.648310752371655,11.24514106127838,3.5479673282875113,10.20688175962661,10.008584481643608,10.030871751623367,4.889614733406853,8.182075236235683,6.7385654583398225,6.395772743286321,3.5197212635569635,3.124814392360572,2.996685641786397,4.735139650938817,10.012751838956396,5.689152582277297
41,23.52530705541258,23.21683810387085,21.757721602617757,23.101060957939346,23.797929949150166,23.49749146764293,23.69667860285064,24.15925580007464,22.241116997660843,21.67838774412777,23.92884619901574,23.483962660157424,23.508595087397374,23.564177277020654,23.17435858557204,23.884516465581868,23.68261411524572,21.72582333670406,22.64953469260271,21.923804188277686,22.744776391656647,24.17893525713733,22.030076782937805,23.50092113335484,22.61696541374401,22.237561803407004,23.946822125562385,23.286417157899447,22.454862529808853,23.15869807311481,22.641062227326742,23.443098647214672,21.248250176409503,21.434372225916544,24.029448423648237,23.97515342302251,22.599977896678165,23.12412063984245,23.47067703835137,22.752128375872633,22.643648906880085,23.152362510032507,25.301038510454486,23.948664048965085,23.236489600651932,23.30940872468919,21.80889017922434,23.899699437890735,22.106050148965693,22.933847449844244,23.129799458498624,23.696542382321972,22.041609723542955,23.19909012517022,22.25118548265358,23.01370705417506,24.069890320207634,23.401369486905793,23.571781521552584,24.148238758752736,21.184080441444188,23.328950471868573,23.828382380199972,23.490084431992194,21.592064263500944,22.56614334534581,22.683799405466765,23.29965735822517,22.706776448166824,22.412604911343454,22.855045934695713,21.318168337184446,23.270531516529147,22.84497702652872,22.095205145834704,21.503358491887564,22.227295920096704,22.64271392592449,24.145138477323155,23.249891166823726,24.174175622147434,23.712094591885702,21.973716219771923,23.27952086743934,22.61990742692416,23.064163434925412,23.25107929711902,24.6852522984915,22.79885582972975,22.52081639962511,24.002627590393992,21.612130492708577,22.558316068036145,21.908509927977978,22.583154482335335,23.291353757287386,23.506576266158966,24.963022489228365,21.294728931931786,22.748259433311816,23.846260727177985,23.241111163741817,23.339293699849755,23.63490758753085,22.65374418987503,23.612954263994506,22.60095125916357,24.26189389554319,22.484054711456164,23.503209352713345,22.633890347810386,22.27109013178299,22.286529503607184,23.289278806785024,24.33417959854359,23.389106560502086,22.62934128674048,22.64342785814856,23.518607561728572,22.257541064033973,23.35034083304601,22.31526506555579,22.254773746682783,22.665169159424785,23.601879527410286,21.211162544027452,23.36222859196424,22.025892119996342,22.537130171963327,23.056554521973855,25.534035752897886,23.2429433911554,21.946262662127115,23.913322767743697,23.049468575418015,24.20369615855786,22.636085749415653,23.494947248602134,22.824039893688788,22.430360564018994,22.471015881054818,22.17289972486422,23.14340738372573,22.4930576592348,22.088989487845186,24.663888019658913,22.213536977499476,23.198288311323402,23.360460077365182,22.841328032953463,22.651734161531177,21.021361734029785,23.520595105986178,23.379141826174447,23.489911140739572,24.28548114208973,22.8142442372719,23.258732031218326,23.926641159493165,23.59072395572306,22.838120352872142,24.665746682709067,22.853710207408803,22.445293782240224,22.795441339994852,21.858144439835424,23.620008151977927,22.611069238421013,23.25640293921559,22.618890104796268,23.235677402515336,23.292666266376237,23.063636281637557,22.714309441563852,22.478936427312796,22.509312691821872,23.342935690291622,22.318005083441644,24.222516092387057,23.508387391037424,22.038079104284254,23.365148483366937,23.532532245017233,25.03085881862371,24.116600713550984,23.213692177733424,23.1302419204433,22.410793325073183,23.988010538665673,23.91161365745877,22.46096194234697,22.477462088941834,22.530086913552243,22.614072602955886,22.375029163460074,23.29929892299025,23.112211770728067,23.401021260562125,23.449816844477915,22.52558650788975,23.20920602028718,25.07730330929103,22.27015912244534,22.654955142802773,23.153289837003072,22.82833834588906,23.135482603831427,24.001732347427808,22.704083660206898,23.33836001503789,23.80806715101367,21.39255734531788,24.118034037806787,24.71859789727745,22.47489554591614,21.22891727600205,21.61597018828378,23.325764923499754,23.460223486884765,22.54161522587216,23.287674991015642,23.482209503396522,22.460776616014734,22.370004325520544,22.77920425238232,22.00401197375805,23.621643059563873,22.400375704724283,24.032466264671616,21.977713121747385,22.326648567788595,23.005945615862792,21.092056930097325,21.815348993276096,22.4955929683818,22.207534728718617,23.895574279277973,22.49601694932517,22.31742547679176,22.744927969999885,24.248221861668025,23.234837641314392,24.26314400501729,22.863019398062463,23.65572694035422,21.127649094349334,23.319686750007442,23.823510729959033,22.773270493590484,23.578604698971013,23.96379609799887,22.439385967138342,24.64304296715439,22.498893377636946,23.261702553242063,23.190135951312733,23.379047691188372,23.093912439057696,24.664939281030048,24.644407060474744,23.794376702488325,23.59564487068844,23.266896660160626,23.247222060524326,22.88977697830969,22.755262446530665,21.627963843370242,22.622458548704635,21.795411091158243,22.179558773418545,22.57936610787471,22.867024044226245,22.78596322853905,23.260469965364546,23.457910872685524,23.230964308523205,23.6739234953522,22.420293406833785,22.66027063360287,23.298183330147296,23.915764886186928,22.570895949873307,23.16601306127673,22.93411946290535,24.46377514890835,23.756504840912122,23.645004068668634,23.82004492933014,23.36058020670541,21.824053611455064,23.231445663896213,22.515287515499626,22.371273277968672,21.949634013067453,22.598310586307115,21.761013150626752,22.64569159372974,23.978651441031786,22.881128178665737,25.722881448879185,24.360849493773827,21.353149822176817,22.289637094920472,25.726175277111494,22.833522605641633,23.220133626894395,23.32952788342635,24.214968106618826,21.149046312432695,22.48473464297392,22.738696581815603,22.403937597408838,24.79794431742931,23.837902676199924,24.61140625422054,24.551757769018227,21.76268585638829,24.049285481815293,23.759026303273252,22.189045335622726,21.74748622268299,22.593729443645362,21.883513804386038,24.395640139326133,24.977015963094203,23.870879560469383,24.816056270734272,21.950366222192567,22.47849783729401,22.66072248966439,21.134033505232612,25.433334460312636,22.406850942141162,26.483911565299223,22.891173970228632,22.968963305453343,23.58616348053908,22.27768809687558,23.469290155844494,23.685874102283663,27.159968934668466,26.967638957288706,23.810800074190002,23.599087915537666,22.818679724822474,23.441101516865704,22.31306992533966,24.592393234428535,24.285883685523594,25.259573303310724,23.374247085904813,22.97800405645477,22.455305601068837,21.860533569659754,21.75827184507063,21.905954100478702,22.527956508637182,23.191204755975694,23.030357348199324,22.10750680904404,23.757141888744584,24.587670829389953,24.568666595399087,23.963998408240965,24.640499048749906,21.855674632183128,22.492660358400617,21.472022966891466,22.67289201866703,22.625590331385943,22.30382203375987,24.535334656420495,22.8884178455283,22.417606163027962,22.172072317339538,24.24174030245066,22.448564627020943,21.42985524388776,22.789521605064888,22.25952585361216,21.09222593604138,24.64449697688455,23.52948706003651,22.80944587323596,24.749326851927048,22.46054092843445,22.251623967238732,22.45036549726218,23.749546671766407,23.973807930919165,22.896887421174018,22.21600388887717,22.445957878551656,24.93028661576942,21.865694569722926,21.394305636711813,24.065860150594755,24.624397052148854,24.25468890842693,25.866802729569336,22.9350352286949,22.563610288395807,21.84075701160068,23.182582170658677,22.432470384470218,21.68981030975104,22.999434144309095,22.76599136123732,24.50244173492607,21.57096935539712,21.569175890750074,23.107954627303034,24.55531916627184,22.522420803217333,22.31253537882547,22.63432755309452,24.844042317073676,23.970381938628528,22.038207743660102,23.48067056931497,20.34441031358172,20.625610416458365,21.746524302839788,24.315067520385913,25.205264498393667,22.529586739338637,21.26158778808752,23.33672471485664,20.549520230232876,21.358555883813207,22.955480376219956,23.838620013125407,24.030905871695246,23.248159563338472,23.500355563817042,22.492731604595956,24.79971687435879,22.378729050018126,24.250291694371217,23.92388989992618,23.96332282570735,22.11120973736866,26.80768043700051,23.952428208940148,22.396355208344968,23.108890488394444,24.313635111117957,24.128341216784012,22.351193242618464,22.76192730784399,24.54754751191083,22.9501196967851,24.587836521727862,21.861057779424435,21.937438071803022,23.262469930292337,23.520604174299272,24.29987663444609,22.899427831745324,22.467506610964286,22.118707285850387,22.203012507812787,22.424695724993562,25.0474934010879,26.47498900143491,21.82086214540159,23.95881829461049,25.07740431073815,22.535673601546627,24.708759149775865,22.480905492265233,22.15329665157801,22.719609822989224,20.580104169381016,22.18758794611787,24.02848247195659,22.040718698435448,22.911342576033555,24.569442446932634,24.123465875189602,25.688239662540695,22.33543618530011,22.579459108752232,22.90164390042118,24.255723874596526,21.58689780999608,22.17201842968576,26.24020367187238,23.708371023121664,23.73627004928687,23.41055528011911,24.923023260239265,21.8392232807527,21.14201559173913,24.45101301343478,24.655643584396547,22.691332599431373,23.334138467584282,23.201662472469458,22.865265687825595,25.021375515712517,21.863148273825637,22.496724086340123,23.938260748039635,23.382726576477975,23.777697572003397,21.917353505116687,21.95399341922115,23.760635260123053,22.43049557209393,23.337129703774444,22.05302018658927,22.767469325443816,22.456425540240893,23.542230693565607,26.84430536835314,24.635013431814002,25.309839158328206,22.72882047503822,23.559954994952804,25.20947926904539,22.694142563857064,22.584023801767152,22.29338774228536,22.819686693541065,23.199780416222037,21.419502793230144,23.098364509258005,23.860146905677766,22.343418326493744,24.571060950414957,23.620284345543954,22.51807394115337,25.683340310901542,23.13030581651194,23.411287533952358,22.609167468492334,22.51221991115655,22.283476221202992,22.36030106053483,21.172388466802573,26.04499618514621,24.40549909465451,22.5093991782284,20.34420540493897,22.00819871632633,21.022288616059477,24.570282654511985,23.50198785826926,23.522469722910746,22.474035893198085,23.248296491627467,24.29982384315258,22.11769978734497,22.09635478012441,22.601904735925654,24.869976927618,27.094245662379265,22.52782603825283,23.563629438897802,23.195618913281326,22.56607614513195,22.970057022199025,22.24773018678277,22.434640919080366,22.07440327805775,22.549360679664357,23.15433478144158,21.57295890482504,25.369914428030533,24.561451420899306,22.762359397497594,24.305460498298217,22.098004587217098,23.08303035064997,23.053335725072657,23.23745169500677,21.81873839223663,21.935662765447734,22.87923546450125,21.812989214410177,21.145948406036766,23.084504392613027,20.326500930465038,23.727127588879032,22.883889545309025,22.219940259026103,23.168613918366937,22.74157568840001,23.988393178956372,24.39281663961239,23.372275700330086,24.63789468056942,21.552079831502446,21.927606123816876,22.046410034916683,22.125287665704647,27.052587049849237,23.57750685556167,23.56048136068319,22.532555104094428,21.595885236502333,21.168407317821206,21.545280721763792,20.631738278065335,19.562276084864433,21.26236002560586,21.420166063082117,22.09390075202639,21.995207345161322,21.41210008594735,23.14913454205472,24.360744501278297,23.503403850860302,24.201220426811325,22.71065112003097,22.438080113333626,24.356843352876297,23.00534353154524,20.00157228683694,22.306162103054874,19.8840822054655,23.208089334767656,22.204396596927605,23.277670690143353,21.507167904009446,22.50860790084001,18.760282380339877,23.82174233110869,24.998342033462972,21.4276669708776,21.11336304445008,21.75068829841779,24.276831612586385,19.76745757930858,21.752911595460393,20.64059580403071,24.082602973349182,22.25433153243012,24.505853504149446,23.56648166459635,21.73971576113439,22.496518561221944,25.49300925464343,20.719413468310464,22.317603270840127,23.651716177219868,23.315578579284626,22.507577853212524,23.820471064569208,21.212007647980645,24.128046192334256,23.293433453399786,22.02118372867029,22.19166110902316,22.172615497668403,19.58350643970421,21.877896103741715,24.16515305378407,23.640456248893532,22.308971834960335,22.859457637471127,24.155718309941097,21.250773330577356,26.515690005667935,22.95737894060794,22.45428638061811,21.636581058714537,22.902747397985017,22.941442369379498,24.39517785975486,23.117319528012683,19.434788669185657,22.9466225263044,21.744503329009746,23.569055455524822,22.589558490735286,21.167062835827814,22.044437389903074,23.400227102917526,24.210044422530125,23.226145904449453,21.658096718948652,21.707962758787534,23.431807552737858,21.457818578922556,22.88943014494427,23.29881362676966,24.302865873465954,23.55153133083896,21.036183948712253,24.096865513135302,22.44000938066062,22.422213800988636,21.56619385174218,21.19339798865644,21.21251572743902,22.991632609282707,24.87986308027566,22.276456244290475,21.75676779664525,22.541074973159823,20.596074374370247,25.221960764769506,21.10595212952164,24.468743911604882,23.322363339156322,23.203467355690282,21.773376540462873,19.370716851364023,23.85797062397712,21.616043424797837,22.99029367003502,22.262798048456947,21.49893337717289,22.107909926755788,23.04107561612435,22.479736413596278,21.668492658446237,23.60130473407841,22.917421296205546,24.15837812433342,22.5442927752419,23.894446750123926,25.96686576283563,21.538813273471348,23.70836311173296,23.651656856014615,20.687920954831487,23.05242313975074,21.959847092014353,25.664500566105477,21.30600910407134,22.42055814674817,24.00009325512939,23.67078061904296,22.141157196460153,23.97556778715973,21.478610825143512,20.643775823765328,21.750537347192996,21.214604712051212,20.648490094159094,23.415626066111994,24.420651087433363,21.497556713675493,23.018102648314247,18.559731831995883,20.969086138844776,23.602032091702167,23.878201816071016,20.667989550895474,18.67233165615438,24.665307419024213,21.172354516755302,22.901401891518738,22.647913654722768,18.559894320294795,23.867919988204363,21.271012453794462,23.503629783694805,23.2813849296623,22.342064843669018,21.52499232901185,19.21439472477284,23.150940179967986,25.81755447831412,23.193248215754107,22.63282741469857,23.410617013169393,19.793346457779574,23.928919061355263,21.928116310327397,22.759831653824875,18.93196297861126,23.259225362239135,23.649213149429926,24.674591608750447,22.09716766992845,23.6176510195021,22.90137957747014,19.495835255282913,19.397600746662796,22.984194105699903,22.900414622188713,22.387001023862027,22.76055826197018,22.060437783508107,21.546748038715872,22.25940396731475,21.084618901191494,24.088566723413198,22.711016954860852,22.33032358350999,21.65857184650565,22.975743337183633,24.74706312244472,23.77912948539225,21.335835138809312,21.229123433410216,22.060146026364347,22.074219370553017,23.64249130732839,22.068003564606126,25.475627099861388,22.05225381318623,25.363665838292995,23.46481031823258,21.64431561086907,22.566151191709668,22.187033352283418,22.728111095982296,25.223915649678972,22.529590434881175,22.76019835966594,23.57187266231902,23.00634255401025,22.565169812239045,23.14658368127388,20.96072031630388,22.09775473684791,23.685862481354842,21.93387150895898,24.643284271679626,23.333228145243737,20.9501311653994,23.66987730417386,26.116734815079017,22.52757754163652,22.59005077439566,21.754496651864724,24.182553062018066,22.277012241547705,22.27960851840694,23.26556956546656,23.08025531742531,24.000448552154545,22.201013526168268,24.25761185759091,22.9175467741043,23.255388041646277,23.231232193420258,25.152752870031374,22.441735325228493,18.79417346950164,25.29144201274026,21.694203450775344,23.254585985955405,21.039281108025072,23.16345900125517,23.42021858127353,19.89230321578733,21.20901793376628,20.870833046465993,24.180648846796064,24.918106680555486,21.28792551318956,21.62042451245903,23.915664168514958,24.188028141814442,22.47135047157435,21.755349195654293,24.074737813242063,22.654635755460404,21.45598757355604,23.35992745498015,19.636384556867473,20.829996530327552,24.504018799089312,22.034084815049482,25.416022132104946,22.285364613600088,22.59999222259765,22.247591963733672,23.46645605334555,22.848059664818383,23.643636477591787,21.95092459626522,21.153262492244842,21.703690171473777,21.473617632735895,22.13154719582407,22.986701862794867,23.92360709953335,24.752192740828697,22.565370745983863,23.498037122303305,23.244278991366954,24.49324233595821,23.8898140241671,22.21982436222316,23.481303259242534,21.759223732299695,23.40601561241959,23.11129515726617,22.577474067638505,24.320813262621414,21.675519119613288,25.535779403979983,22.685837581963074,21.880147433474555,21.323948389635767,22.025988024474394,25.422785697105333,21.920794529366237,23.16172332649847,21.70887292463287,21.822818688032875,21.820707107098407,23.962873513113166,24.846424256383774,20.13022039676101,21.624194893137147,21.654440705166692,21.806726895370186,20.989500020743005,21.418499016037163,23.525929699340292,19.798975231345317,24.071650256274566,20.511330620408916,20.509196541202307,22.544051318540525,21.780462474013845,24.03473084125808,20.944375128745307,23.47407102256294,23.97479992863707,22.92389357469088,22.131500244728105,22.489673857348393,20.809176534111625,20.195379920382038,22.147684248598654,24.33671850099573,22.04185840548697,21.352634825450465,23.350919127180806,23.187358732030358,23.453694228335166,20.48791838660638,22.622214136219224,22.046446033465333,20.835720794691813,22.686057929404456,19.014398450998748,22.269997572727405,23.091169190270264,22.281182961678418,22.285830108743585,22.48656225281301,21.437497161352365,23.194783508532417,23.622724639920758,25.415464165432237,22.245408264738924,24.159623521181956,24.612832155563858,21.635149993936825,23.174039912292685,21.15765200361255,23.50231800257327,22.84192991606359,21.661720415116047,23.737030590942595,23.412440642977685,23.831592706404415,25.781381239736586,23.716193506728924,23.826770976770362,21.610730912473574,20.409505949828738,23.098613908510686,24.29682597373011,21.81824008298693,21.04599010225133,22.099284307493896,21.744392415217565,23.64718598509086,22.166647244109207,23.322195512382322,25.440945605623877,19.442694129325,25.298298145524818,22.102207703999227,22.452136975341055,23.340878431087578,26.712540618936817,22.46571237173318,23.834341235995435,21.001320615330116,22.27499734774041,24.658824653133703,23.317374886889354,23.601968353141878,22.005896497397835,21.308838314313654,23.002934888223916,21.38068314395995,20.476697034696336,21.905075890056473,22.9264847988524,20.8605751229127,24.33944701993636,19.73199792718862,22.91308790935373,23.137761232775002,23.846799534232176,21.799004459197345,21.52445085270858,21.732437021566906,22.764516289904016,23.833532198459356,20.335624543739158,21.24310353130793,23.07572618967934,23.135401890957517,22.21110120299574,21.021355553203463,23.982250655304355,24.82874379921242,22.637828376145915,22.13187168094308,23.59014266354313,21.325465119951957,22.651316765046623,23.507736383818337,24.003947430727937,23.295634453117586,20.66413787162724,23.92090239016805,22.47589127510473,22.36852996474919,22.90896649388045,23.210431380457127,19.962451126249523,22.723568660997334,19.116578895687688,21.630171220607714,20.3912080711928,23.731167589500775,21.9046878407494,23.173219721703724,22.812975863998332,22.489926932726092,23.43819717484047,21.746423849486824,22.11398279436742,21.476496093882883,22.766058192981365,23.29738963002142,22.082075202691378,23.32413789503049,19.35968190684277,22.60212422352785,21.666313340423176,22.3718720592029,21.97398923623362,22.908569641356838,25.43465676706236,19.278880272844287,22.10334487538957,21.591795106845737,25.004938249877434,22.593826504798287,23.03732058782731,21.367740635239848,21.859698391992204,22.311148358408477,22.939085633007497,21.489834084145688,22.389006501953602,23.40099495652661,23.032804764721305,24.275681653702737,22.70582507343681,23.71255971925725,20.275284949031988,22.222640880123357,22.57776256088655,21.287403921914287,21.5383790482188,22.878109407720608,24.024534270899267,22.274839882866885,22.682566678725237,23.24245757721682,24.863028393145008,22.244364401609918,22.877861727422225,23.385977005770055,21.846590698683475,24.417603413292735,21.982888413598968,24.465837646035013,24.56641653765515,22.08171511690608,21.784139917748686,24.561300288950395,22.805214694522725,23.189380851919662,24.933777210436844,23.122081761986585,22.794797576861754,22.170257998394973,23.495707953954128,21.797683444723663,21.098358815740152,21.546582005772077,23.334220575172303,24.30649633169877,22.288689993674087,21.949567900868853,22.24284526297413,23.84978516238276,23.062291349834744,22.223410164631222,23.756088362415902,22.660969698150936,23.08509145649402,23.053510909437602,21.41520713504145,21.580524739909897,23.113881450528897,22.171450221109787,22.219916267739674,22.528070391907423,22.592726562756532,24.53245441514451,22.568407785621133,21.549904056587916,21.076205280598792,23.196727828093067,23.13078147399625,21.936543472720153,20.787888358936083,20.733102075785588,21.110285993220884,21.239798508810736,22.374431735266782,22.378424212714037,24.588651806027354,21.836598041945642,23.84230344203618,21.81907093061698,22.089439477829966,23.332949324572734,21.949755214813415,23.102952847324183,24.98751420026499,22.313765242584548,23.474564388702355,24.355842780413315,22.238840361035738,22.946153869724082,24.069811227873036,23.36089645278611,21.00579288241128,21.181036928966677,22.030995921021553,24.220000444822848,22.72753427427863,22.823062506108492,23.465882844910297,22.32117061936096,22.241222276789276,21.466180322070933,24.793313820696905,21.409403761658247,23.974561365333667,24.514511630939342,23.194398518442963,21.455463399110347,21.34997188393419,23.600788264697517,23.47167962722496,23.54484066010096,20.69386144611368,22.35164052922685,24.667071039215507,21.951294398254166,22.658030265489494,23.08514435375338,21.696133024122272,23.23419474592154,24.06045214807378,20.0130773212501,25.506405856202587,22.1909522410422,22.187509398777575,23.751262007156285,24.659610421817444,21.244480705913258,22.982488715675817,20.820239816510497,22.92373812257186,20.55137259412387,21.96023928448649,18.71255048958967,22.133416001804203,18.313028567959677,18.82418220973893,19.234079258719085,16.93695771233057,21.821063066940592,19.949489105363252,18.96435761540736,18.31841034649682,19.2998014749184,19.021748291217303,19.6307746917014,17.03535337938312,17.781256207902267,18.717542530982232,14.938979451885634,17.660329805259035,17.457891265539207,21.26184048698177,23.634896225689612,18.715899594525137,22.502356100415383,18.451598945610005,21.23333981881188,20.04513391852276,17.48905448080709,17.202683389943104,18.88405547985443,17.942143633019015,16.322609069044073,18.419748180011048,16.952222200029727,20.188387604352382,19.43045589954084,19.41959251643092,21.805852073791332,20.90926360632218,18.480676174762298,21.22997162508905,20.18438816895227,19.975590252764963,19.34774474040413,19.215627730150747,18.87190567508401,18.986023051653277,19.179990534695204,22.46371666125033,16.78054073458908,21.094707951949033,19.34978530571062,19.68021745291267,20.276795828057264,19.427542421925157,18.359724439583506,23.276153701358016,20.142792792610894,22.2084439207089,19.51878001329117,19.479008982349978,22.120603265098996,17.858049448079043,17.7144708673206,19.44989226095318,20.245839238006024,19.638516400103335,18.9034406186381,18.549775078589636,18.51627300119875,18.34292582847161,17.21624645020817,18.373847450612654,18.731518261376333,18.190712634429595,17.92952246180133,17.72203150203872,19.71087821531431,18.321178271038004,21.514505751363085,20.051481901596496,18.49592959776438,20.841599033461183,19.28185380768318,18.06460369264262,18.884894143840157,20.226865712848102,18.304021330972045,17.758678958294894,17.446886167549646,17.419513125846535,18.815100304096973,19.000753171097784,18.980285823965342,20.028379669998706,17.713530634872498,17.596255592870246,21.360529737821217,17.519987300958206,17.836743020063487,18.030674597230146,17.417569368621674,17.843238387410125,18.807287045287257,20.228116187557546,19.4062800780883,19.203318120177684,18.07946638394761,19.48691724118312,19.732966238531798,18.289475376815314,16.839871680810667,19.544800155565483,18.19171621623862,23.430337682895217,18.510450085133023,19.396530096606515,17.942937175154448,17.700189641960694,19.06165658905441,17.754929802737536,18.083502744123845,22.00197800519186,18.309593078815556,21.737376593496336,22.861817981766738,18.564198171432672,17.245487711019994,21.181646677148525,19.329911964916366,17.52892870604564,18.24702899030068,16.91142260834297,18.228998962840024,19.39305995957915,19.619254161869403,20.65937509059674,21.637943601017945,20.416467442991685,18.25241963773732,18.10819952335134,18.581387110803533,19.140391872213193,20.105245822670632,19.763044886145867,18.87017757720854,19.134292752775547,18.74671874537636,17.991769964524597,16.824396811457728,18.509594077863852,17.30644842508791,17.158180474096735,17.50946421306845,17.784645249608428,21.248042921279296,19.106100621125496,18.83064038558365,20.348046118432023,18.75061751502404,20.305611116367313,21.614718215588873,18.277402098718223,22.44654615457076,19.989578020780947,18.130522803964258,19.833340720409367,21.729362736414917,21.762975729316604,18.922797160913465,23.605563071267195,19.56236628405966,19.57282131627049,17.9587557358121,20.03390519327067,18.8679098948409,18.26688120875862,20.71129561112931,20.395193057512483,19.945745047701813,17.571546246336812,19.062611250007947,19.633459210610432,22.196941552219126,18.652736302053032,18.765602664468876,17.974585199501295,18.996804867569157,16.751373344625996,21.116762029164313,18.79499713539752,16.78809822889991,17.341388047196084,19.268115657561136,16.15931444016291,17.94742100137785,20.523630826904917,15.75557097170788,21.05235419148758,19.020630123556884,18.70373116877269,18.077537560026784,18.012361475092195,18.021555783397183,19.01560180513234,21.614435648045003,18.391694701711288,18.55438662867768,18.39973431113358,18.34666175895173,18.182417642321507,18.94176416741432,15.93031483143163,19.530200898967227,19.55205023665219,21.816488690247446,19.52162662446123,20.12487200078604,19.79535167999801,17.231221469920207,18.984609891617144,18.265479841230203,18.786614846600177,24.322281380886174,19.49219545416204,17.24864159543695,19.27924495424421,18.768206133503018,17.694200311989125,20.482450990798057,19.825473007296797,23.796593914157107,18.772436713284264,19.704012852297595,16.87824905310855,23.712814380719824,17.970286904986924,18.06235992011777,20.27912715413883,21.82449315027421,18.591490677927293,18.467076008617298,21.99810264800736,19.743902899699115,20.35697094749103,19.14840862144424,16.478418437055545,20.73292218502879,19.195156732311315,19.142674999504987,19.452753964681296,18.55304124397768,17.518834605022157,18.31702921218138,18.22049644817232,17.903975224542265,22.32760193821579,17.88742116376709,19.560307272004852,19.42370643714295,21.997765564830384,18.44354928722614,20.01099498677822,19.662486370686192,21.856820281538862,20.19195232619601,18.121581848098447,16.784446379431746,18.559174881430277,18.118198967957813,18.76154056582818,19.39602023670377,19.36509342540349,18.239100077672294,21.86740965949031,18.61761075080651,20.20003832540031,18.47012459428268,17.44517709649636,18.66042743342635,19.645915200786355,17.20861478381165,17.950251054221273,18.623419183268425,17.58750925901815,19.52809812302364,20.025072318362923,18.441108958938237,20.15219561351512,18.990466348562876,19.135418669524228,18.082259921975982,18.869768074351434,18.407506129391994,20.752092983751705,19.677091484079643,19.57616633497137,21.34013333753548,17.588407632653485,18.6755486504452,17.09238371814499,19.148543897984737,18.178753118213713,20.504545457776484,23.732328078231557,22.810838733033293,23.827918455710307,20.70911978377578,22.573214186337196,21.549603222203615,20.864605224618796,20.00581227990399,21.305247419374634,19.725919867425528,22.86672380478325,21.89847500549954,20.1797424773925,21.366201027612565,20.420977158273036,18.37136042771626,19.19033285497805,22.18642380707898,23.95223001582798,20.49064962972474,21.3417440965523,20.61827943479259,21.650502934557416,22.640769376786547,24.515089537745304,22.986238498339702,20.21380330287592,23.104688831459583,20.47535822442674,23.83548444024344,23.137757766449027,21.659430091973945,22.204270167969064,20.106137034529493,21.50949355800834,22.71543921517595,19.99637444713893,21.9371435541648,19.010964470110356,19.979482132767455,21.90246259783023,21.153531033149598,19.696467493672316,20.696978114019007,24.38914094789685,19.111167844200715,21.224665647693943,19.07497575435564,20.1953348332611,22.186691273622575,20.747507382168703,22.414145637885404,21.93986070968815,20.68205537461923,23.981670359946747,20.41070734549599,20.412770476876975,24.25403428562411,22.16726437070571,19.951714576326435,22.784346064573427,20.412127695144374,21.967651629046653,20.56994185057148,20.494634567256313,21.356575498227972,22.29832673904939,19.958930727577034,19.121921660451676,22.368427287330697,23.457744602742714,20.500630136285356,21.847985614431252,20.215177353155187,20.184207093126126,25.22761792499177,22.101410426552714,21.126639518366105,22.571233972769228,20.433163318831518,19.88807260015024,20.7772503805021,24.31955698886225,22.559586597635715,20.425067053121083,21.926950333990487,18.9996078497653,19.753468317524767,19.548920401204004,24.557627899703657,21.383162388480145,20.19871389420435,21.556902643202438,19.68882480578948,21.52768277627986,23.616740929781365,21.03992917962379,19.503649841898397,21.739880581448418,22.37983339386074,20.941342107960217,23.73563758925141,21.104260330957544,19.9565183164924,20.76954290257693,20.577632919937972,20.879555374871156,23.808602667266765,21.84196763069375,19.752961279708327,21.088107879772156,20.104238672407547,22.805878777968772,20.647796062265783,20.709382182789895,25.01001452654696,21.738167974615806,23.55695479969168,22.691525874771013,21.537341781326557,19.978904313116413,21.685652748991394,19.95751065611302,21.732535211205132,23.213961735756733,22.989170992568223,21.16469588530779,22.31528903320882,20.646371734144612,20.032674509664105,20.865168435911276,22.471066460325346,23.6039078073046,22.43423128663758,20.571660213518335,22.487148785599565,20.479684086798127,20.34680206490547,22.60170731103703,20.081054742650096,20.3692617121452,20.50564508632919,22.65268948305649,21.792730529040625,20.882715452333333,20.74899640865549,22.14598335166335,21.28225604485833,22.59910358861338,20.94150516759562,20.216013958495935,20.121289779228903,22.155222879603254,23.840354042806727,22.145065515810643,19.699816939448727,21.75396295613137,19.835238388595933,20.05247461369836,20.358318602654922,20.65447975913476,20.624651879819265,22.610723989249863,20.742184206576532,20.276470877500596,21.698857132264695,21.83806428519388,22.513396114786154,20.32018243968421,20.212160341444903,21.282655656274105,21.497334367548888,21.80090027079945,22.517721162046293,21.522048552472725,20.236185636444468,21.352508050727348,24.30077499526183,19.617645495028633,23.02358506860011,23.488559368429385,22.405242424765852,24.401276674844066,22.03199581094881,21.984610582412092,20.774790821700094,22.01947080394136,20.540958523955872,25.227912305385324,19.92719828460863,20.983383555010867,20.79129938505418,21.720674590491654,22.392185232896203,22.31610956839068,19.596532354078615,23.770655599234647,21.365038242651632,21.49312241876953,23.133164468082228,22.153529893712996,23.647940847572883,22.51903281230932,20.23340609421048,21.688519628760965,22.072471879434474,21.564679534327578,21.176299722226826,20.70584254663809,23.818304553243287,21.65992632767663,22.195049234407,20.851295163988194,20.51654147629196,24.012281624195634,19.906361447368848,22.10835471817165,23.927949267800024,20.749119970031458,20.61974582045036,21.282273609259946,21.316266332574685,21.171395724236145,20.728167867606388,20.878486995478962,21.045926801636046,21.528483644129395,22.417728716599164,22.621131503998576,22.804689166021273,21.121540982496047,19.1420114662182,19.89562845592027,19.789917427015975,20.612785091267142,21.02141776598757,22.41646409883984,20.04786277485944,23.11877081062719,17.454730229984225,20.256254081516857,19.699532921217536,20.093443616738384,20.728638805113057,22.00942342176454,22.035998368143225,20.748337254156066,24.009321750968876,22.204124048633677,20.76057143711297,21.854743919812915,22.24703890804245,19.995641896504548,22.045073026163976,20.570750106917863,20.056134073591124,21.87340334593716,22.908041905921056,23.036695119000118,20.7066095197015,19.271958056889222,22.45512749799154,20.157027629102604,20.57399874621601,19.87380457245998,20.861207071041335,20.998413844618806,20.578745325140588,21.208261837112175,20.657151261217596,20.992212270272802,21.34646415129426,23.03112921511433,20.76194187113138,19.316271371054476,22.60688592602603,22.49980840153812,22.887152705211314,22.175090938281286,22.568113782275724,19.20194618966935,20.504613407313563,20.385401450923556,22.79000791342895,22.16210396321541,21.936012092504715,20.74962162585219,21.26055227947166,21.968630339275016,21.96963117626344,20.853454620396946,22.952201542884094,19.90825888170734,20.684148222693334,22.148932577741526,23.134992104485896,21.750397258084398,21.99722217850721,20.70066592358532,18.310194921547566,20.128691270674807,18.99658509679114,21.058869707156852,20.70125574760472,17.7263212478825,20.362677285518163,17.324379074385,21.41003188636803,19.283110720564526,20.965224737343554,18.99516080665674,20.220371241392304,21.40188051186703,18.794170733843867,18.496165024469633,18.988790997653616,19.497091762867175,18.501616419858276,17.73816848724307,19.33090698461299,20.554930915430706,19.243034479500363,21.40385602896908,20.112298943250163,17.5115928592652,21.64204949169881,18.47713541680905,19.694527766863985,19.311234810720443,17.868697537846888,18.721476472447655,21.05603499650398,17.31668778838582,20.516244063762564,19.054712996859866,19.849236856386284,17.96354006439235,16.707350182373474,17.773129224198005,20.928273096392854,18.753765572762756,22.440956131325297,18.769998164277965,20.33709938620523,18.06892744621401,20.79299015106793,21.538815829585996,18.94840870954443,18.311240218718055,21.6467208696519,20.29356029144037,19.017441440305696,22.49655864353381,19.946657414031232,17.829805381502087,17.99209309270544,19.284116377021416,21.197479250883553,17.349965991029805,18.39170550281451,16.922187061639484,22.998103649334222,16.593173253287024,17.648094495995597,16.551463422568006,18.475059014092274,19.392142028257787,18.163013679608515,15.915879273676861,17.028506266535814,18.583216210270074,19.887096117910545,18.664650556027087,23.365097744618247,22.2474021479739,19.381777911424365,19.52953123552802,20.939869461343985,18.17126123353218,17.07861625918497,20.517635661504926,18.44538772899134,20.97751026058092,17.617745539861964,19.384563292468158,19.44231476143993,20.283483783704693,17.934706653800326,17.29984302850262,18.223137178668573,18.71826966284427,19.608120742525955,20.978106271206446,17.56014388619848,22.494825568392017,18.28407342349264,19.618197404017437,19.128314151665844,18.899751946644024,21.51806054633295,19.11399136981106,22.709504178359683,19.99508438027234,20.408024758335074,20.988036279894814,20.01698695821752,21.339874960555033,17.809922573462046,20.481538694306426,19.353429831371667,20.0443861637955,20.10696060540352,17.38030766608798,21.118034824662985,19.187478276960128,18.409747196926148,19.575204564604967,18.83727999621163,17.486451376140977,16.434662777108485,19.247256812465842,22.298068712460676,19.78991553946459,17.190133879266227,18.843293856599637,17.432602946895265,20.085219701755662,18.54635336330506,19.149221915152967,16.998839786831816,17.53323188450123,21.93103229386617,20.55200702807709,20.851899886981276,19.752292237615386,18.703760231006964,18.599094755393608,20.144179269994286,23.32661927737769,19.00158459691256,21.8980570083115,22.54049260441286,19.062306547373343,23.451060570728064,21.059795547743235,20.02578318440882,20.894435589917542,19.96946199774941,19.07423514513727,18.74643591538302,17.577926732484713,18.697077977975127,18.28137468964515,18.251690153179606,18.923073201816738,22.001455705448645,20.472925598117524,20.711281052013124,17.94567712253038,17.980156058183233,19.319920052057242,18.141894765017256,20.802046622526436,18.960111375548877,19.961248389208436,20.948107830831265,20.34455097798389,20.39981847810071,20.569686819129025,17.07466567264227,16.974315582874098,21.210744541389975,17.681757094999522,17.425970906985587,20.530313491502934,21.643474468532965,15.92224628931592,19.650725186154745,17.63334224900528,20.25232421026053,20.256259393253657,18.980413842325888,17.764145229645532,19.654539881532955,15.80165008011413,19.07412475252105,19.215009263931865,20.44076010811567,17.09148820683773,18.67120540818453,19.34338228741359,17.80575565191021,18.856059196254392,21.11556274810711,21.09627764892236,19.24435403802208,18.399299498681692,20.91648472650744,17.94780296737933,19.52153257071581,21.33101991115144,20.96428781569477,18.652854959342598,17.926549250126754,17.5806227491787,21.191643154903616,19.308623452095084,17.589589738829808,23.291723013766994,21.793461028162106,16.044821810964663,18.820191129226036,17.597126870756224,22.176939611047434,17.146595343656433,19.854632028350558,19.91380227239355,19.412149878053985,18.51743798467173,17.840939954982062,19.878101462426667,17.7791290073909,21.911762806599757,18.53103107920751,19.72305845975375,18.079401371303252,17.933294868698855,17.587580553758684,20.011816939003666,18.991110012417927,19.396936784471013,20.425767447083214,19.09992885133582,21.93560959423357,17.531308476410086,20.83887785810421,21.94381271776057,19.621179195889333,20.41215104366079,23.341558142736115,19.682627400351294,16.807981128346746,18.8559869069402,17.590670865033236,17.673765705095555,17.842129758626662,17.440013016046816,19.998834356003975,17.94505435328652,17.97504826040666,21.060468018937048,17.216893980403746,18.902997141236213,22.180448763930713,18.810438393458575,22.571639098045726,22.968559554315217,18.00305852257282,18.973146901249578,19.734359900297033,19.15670584026425,23.52489360887357,21.796264585235097,18.65794077267512,21.368406610139985,17.97719488265313,18.947508007255593,20.030119314651344,20.50642824940471,19.600298502924907,20.3600736114431,17.800036720788942,20.951473635498544,20.43516912024202,17.15711767560867,17.833641709559558,17.90405789470664,18.72042912935672,18.299914536819998,20.473540829725792,17.822555158740904,18.946301119106217,21.273716875165608,21.71280891951707,23.239851613863642,18.526239909125902,21.293576476160677,23.422478045119504,22.520974157122485,20.4105601639109,22.91022273527822,18.776851251991268,20.537696232188548,18.863973517943133,17.26618491613566,18.858922366844617,16.47836660649865,22.08574139627102,17.482645239189413
42,2.4217100940031346,2.2236666462257992,1.963565898868494,2.433835539398987,2.8410949290219074,2.270063962054904,2.184054843673795,3.6626694415622456,2.292172836582789,2.167937503229143,2.5847603613287853,1.900851478994133,2.19936934051579,2.1997215387923412,1.8354624422924675,2.4657217255827937,2.186258681061592,1.9673892678865812,2.227643787497871,2.1278597264169905,1.9072380164584584,2.008430692537414,2.1525620737410573,2.0436684662569355,2.47276271410148,2.7390186025346903,2.453492873027212,2.2284310347181497,1.8043327206378015,2.0580176853837777,2.0760050802523344,1.893285178493315,1.629243396622117,1.9731760241776524,2.203526516815242,2.017064000917407,2.0007306026512803,1.9603174365046327,1.9899828825045522,1.8310490643559147,1.9068307672252887,1.8367994273657806,2.1207879076128164,3.244521200985447,2.411628046856628,2.3924353901715416,2.1161007889507646,2.0251541278086065,2.1688906390249936,1.9621143704471304,1.9584106922293172,2.374140536776529,2.0924304575457824,2.2296860892393338,2.163180946220607,2.0217521353416523,2.5517277349389507,1.9848288666847,2.264809475504239,3.686502466645857,1.7180610937931915,2.16254687423809,2.037232088440356,2.3203349284639425,2.180697298186829,2.2723054450646054,2.030557963914075,2.1430249205089202,2.4642874576824614,2.023698806830882,1.9455806743468327,2.186772511983962,2.004730257126997,1.868641283102646,2.1563113335337523,1.9571945131169903,2.1139570139921777,1.951521564491101,1.8346354312904507,2.432239862105233,2.4875521320141263,2.48314451592116,2.0585204779664834,2.417736987901797,2.0056202082531915,2.2824701166856003,2.2902329790027642,2.083239611807756,2.4553010733084357,2.0474104119909975,2.0189248541942946,1.993147532093958,2.2765836104141344,1.9912644316051766,1.9881186418222363,2.2459706488894966,2.2833581296059458,2.313207119726569,1.6761254919655186,2.47164405869567,2.9580452275197167,2.343687133823587,2.1656973120264773,1.837371091463831,1.9036433961285522,2.1903175007940736,1.9962259919044194,2.4514663162670924,2.126334980735622,2.3364733069956953,2.0294647056941253,2.0472586134213926,2.0429701599132613,2.3037399615956082,2.009920056999867,2.28358098518648,1.9413274654146389,1.9931830891322004,1.841817676476383,2.2695741048303875,2.3954892474079017,2.6825839153128994,2.155710413577924,1.93331018157571,1.8302639970357188,1.7224085082644505,2.384093666313621,2.160374116295111,2.222557259863418,2.039905336493367,2.119072518830961,2.113836035680649,1.982147538116862,2.4420979383704826,2.432312171766629,2.4963984712034515,1.8330557618280119,2.379761682345483,1.8269178537432837,2.1387715523644366,2.009987662990698,2.0143813517005706,2.0503787416325636,2.0350102714451372,2.1733191872767987,2.0955795549876846,2.188999770192016,1.8336012150428012,2.2291455856064015,1.9495676327658937,2.062912588647331,2.1503569687926265,2.3039935477959763,1.9882535878555694,2.3336473747176187,2.0305401571544373,1.8850333996404314,2.415176277626351,3.266446758917595,2.197263506361833,1.8656742347677358,2.060863858686491,1.9559324310674642,1.9494540924276902,1.9560428334120927,2.093552788335089,2.0339798844787724,2.328720993410292,2.28768213035345,1.9968039823305592,2.1203017272945446,2.2808769178997133,2.0010930147669694,1.826428325514845,2.0457344367260055,1.9883018610356997,1.9632871167627481,2.140137798477692,1.868265981859009,2.1335626419516753,2.0385832262744685,2.3361645817211043,2.287350017946327,2.2113340326406417,3.655183922770763,2.227824190774952,2.337569205210281,2.1125297182767033,2.005364688006867,2.444066595566612,2.042774924807913,2.2596890924630535,2.042308062277591,1.9846288278245146,2.0851164709521504,1.8974239819278835,2.4303309094560537,2.4268541881779875,1.8681792854856378,2.0436181997938556,2.284526790799543,2.325215978962563,2.0455356869628165,2.0665418575678434,2.326095528226459,1.8503161170045952,1.8477120956542858,2.446590043330047,1.9721152725241193,2.3164378663021115,3.5805841722566756,2.2001824298397974,1.83297317340219,2.07335553254495,2.074981733962756,1.7438950420009816,2.1764423619722475,2.1754250208707604,1.9065110295194765,1.8176294844923562,2.4296089130531486,2.2634877564241593,2.2573774010871714,2.0885597879294977,1.8945531488831946,2.138598622411712,1.8719711605183458,2.0407702603556626,2.623264709328996,2.1374347309269157,2.827811047135396,1.9205929293813775,1.8946132594490155,2.153710499239598,1.8185770823154626,2.0539310763130256,2.969515865662091,1.9843319982728662,2.1382958468465003,2.218518782827146,2.009427054307655,2.1326428948454463,2.5091016321709905,1.8833019451328774,1.9030086527210344,1.7607421854319236,2.159810003443012,2.7374790568697316,2.3386235975818033,2.1531830851457165,2.1681737402170262,2.0871778122956903,2.0969125598954217,2.018609615647427,2.135107598831496,2.160318608952974,1.8884836958675317,1.8149372198364844,2.1016414265251164,2.04125640936737,2.0204349282812806,2.2813662606653016,2.418015727184167,2.0999658388551072,2.4607178850610176,1.900385214970255,2.012065841926911,2.026311359124892,2.039704356328363,2.011848122877645,1.9507042359498064,1.959472049712744,1.9664832229625935,2.1498035288377584,2.2812825854909162,2.1382657694026674,1.8666588364397532,1.9825388624750473,1.8271384138203284,2.1731385057247805,2.447998889198535,2.2109169499634316,2.3295035914319104,2.3440154663897883,1.9527234792732462,2.189740480675565,1.9871117539838046,2.0007521844829106,2.385189163839087,2.0607624254681265,1.8425693381667925,2.015783604232172,2.0308688277773776,1.9803632145823475,2.169879700590055,2.1080862357891985,1.9526090646652523,2.4776626797587546,1.9681592358820879,2.1254665843131475,2.2551443571322376,2.669284780522328,2.427402508612962,2.122245622569913,2.222872178090485,2.085573789792441,2.5885827225371423,2.3560050526534,3.6038082053253215,3.7794348451303583,2.498325638288922,2.360157946311114,3.029942259502433,3.0625918877638205,2.2341664866084647,2.718159165306045,2.161196835774946,3.2531428715896533,1.9379744716782699,2.9934708908841996,2.4288431002187147,2.2665687433585058,2.1245122891136794,2.9365053348750854,2.7937278111241755,3.072391497357807,2.204032467965168,2.113564114588247,2.9825440646356953,2.5216909387537014,2.6099450189039124,1.9906940864122709,2.6152248952360546,2.3189615745198404,2.293739255082181,2.058167190167046,1.9424761344111396,2.0958723571480236,2.5654078805837925,4.555517304999604,3.8669156945782386,2.833531227322616,3.0651332494659895,2.9433596566437497,2.2836854589665387,1.9011301880133862,2.9873114479916922,2.29469437533888,2.508566733295925,2.449137040852637,2.3922489345002123,2.4367916226690896,2.4617581878709918,2.086859902941381,2.4810580259352863,2.145937932382314,2.167211832329548,2.893656573763945,3.3508851593078797,2.1362998538842475,3.1642994798544137,2.715824348990589,3.2465739215149787,3.0671067999515897,3.170323106865993,2.2508236164521476,2.0757646174116946,1.879213696236247,2.741447424015808,2.158491502133954,2.187799589447988,2.3244390982705694,2.7372709818942513,2.055013615806657,3.531030019538059,3.3393082808059895,4.788360647292678,2.7323036238428537,2.616052416877249,2.1934464104665636,1.9617430983140618,2.9233987746336525,2.851713197218863,2.2611930211244036,3.185324340939565,2.258085148850428,2.173454429155383,2.8754328481111022,2.496899505922128,2.636707865881241,2.3201966906311577,1.7197419819622162,2.468177731485894,2.9269831015131307,2.3917874315171774,2.2046996923701356,4.905940206496654,5.094398743390868,2.269574321237387,1.9952009938724475,2.244287628227198,3.0640160997436285,2.165430490848828,2.438159157692224,1.9295465587497198,2.2658569274681737,2.8659571428591977,2.215639498527862,2.4503912482821417,2.2547054698731746,2.119002994128745,2.8766112162116046,2.9276135865095707,2.197123602805701,2.6970918681456038,2.3982498634100833,2.9397351557108724,3.064711049048566,1.7902583817536073,3.1327847063532825,3.057477359447845,2.066718275139469,2.094341749485249,2.4952229302305837,3.297672596479534,3.51415128456634,1.8684417712481527,2.223565090556793,2.506168665883476,2.0058386160288677,3.462874758269301,2.92339509991109,3.1619954889940964,3.290203449380042,4.459979409356135,2.490087312318331,3.7024777078172826,4.7913551496233335,2.224600478439852,4.194463153248502,4.481742960960234,4.92264493863451,2.8701042317555427,4.587356841476383,2.2160592360613003,2.2777807380902155,2.383113517656481,4.644998578099357,4.757750126072062,2.2207383348556577,2.724194965238584,4.133280532557304,2.7335535898534125,2.312697433040766,2.1791770675648237,1.8630795594685574,3.5042311319105495,3.1972792123883056,3.4502114317959895,2.063392484872996,2.0611399277766465,3.0952829645260365,2.850896388359844,2.550757504751533,2.2531815363452634,2.6744569641841807,2.6708742694502403,1.9012148548368637,2.269018072036872,3.233575014470351,2.278415875224957,2.0685111586464853,2.1014669908269115,2.4832434917614465,2.2022458719541276,2.751978295647131,2.309148438865966,4.069184181859244,5.088421545452644,2.9694883628483955,1.8340727687461889,2.967678165599468,2.2029142066367755,2.332437217852449,2.881362581211132,2.79320128136322,2.7255007387877535,2.1757531347757406,4.5613925676711125,4.553257850272202,2.9444968128406983,2.8608918325846657,2.2849725071082743,3.62206490676217,2.857233426311809,5.1106957744756825,2.6009116892544237,2.3718429197664617,2.4638835458312647,2.3391041251359175,2.040056234465141,2.4434655731783854,2.2637567924067206,3.07719117714595,3.8402343817504137,2.0021797926897613,2.8445033368134296,2.1703119192950053,2.5023450090044523,2.770732829288985,3.2862321206287475,2.132188619527027,4.024086254999448,1.9252075817693037,2.9389405536794384,2.9434371035849027,3.2402363666775007,3.190749683525741,4.325660553932601,1.8805152923081934,2.1426793827938653,2.7316783495582646,1.619185904530993,2.4693368008467913,4.025248528082654,1.8713365810603346,2.2617961687272525,2.0426839132854333,3.1011648481684815,3.622647553275973,2.995728656422772,3.5098588693230797,3.5227056568819264,1.8265931025808821,2.7904744985434657,2.5291486925056694,2.1640530307871413,2.239898829226613,4.411963996470509,2.6529287168565445,1.8794748822188223,2.7416560370438434,2.711019849882065,2.5492492606749964,3.156662641084267,2.468575192673797,2.563961668874836,3.010548716568658,2.56374914847516,2.232808444751085,4.646255758178197,2.4433960645276644,2.7837943410165025,3.0294902305686082,3.3238680797521307,3.971535364562634,3.0084496094898463,3.8022097912238295,3.4554546962788306,4.604628138983585,2.0609384488413625,2.758132005420445,2.3445931853350555,4.254223588053218,1.708680484677936,4.634825697906681,3.370537183678015,2.485401886480461,2.257123499688011,3.6196843275979536,3.0817501477612987,2.6792868754914223,3.4412574632096304,3.0394641399310314,2.8961869430772413,2.9636597963465205,2.8484370027395713,2.024345489213268,2.2698189280540917,2.3494407359367253,2.0184037998291724,1.9243816451433045,1.8189722619329307,3.2148881958866626,2.6955466420921597,1.8771899409700572,2.6848056472532673,4.20133038919987,4.247536362012515,2.3993664008592575,2.7656617266416537,2.370675065495465,2.657836587734017,2.346287032143504,4.476124136210413,2.480662798865562,2.6711769398378182,3.6837541362756014,3.616226772875445,2.1606762702036035,2.426969358572979,2.607044283985483,2.2703750104543103,3.7295166525484675,3.1275317269474563,2.2197747770491514,3.847901849681627,3.232284742127946,2.0595061215641532,3.8494486404671804,3.2386595964565226,4.304679282512145,3.7456188667056964,3.771663993473245,2.8048748734661118,1.8139143777911306,3.4291609147409585,3.6141656051649016,2.728194087860817,2.1559481865321595,2.3988251035179906,1.765604311861033,2.231380275503534,2.4290738340851523,3.0065878591742834,2.383868091632271,1.4506147096284006,2.434434287684085,4.090419869317992,3.3071831035262584,2.113587325019105,3.2527324452542654,1.8070517812096787,4.1961380970806275,2.9777820200507485,3.039242364802066,2.1875633991103554,3.2211277909574982,3.6663083036178286,3.8729646535301425,2.4986919058486827,3.3604157236755534,1.9589042671550752,3.8617558764412325,3.1800856966079154,4.61304968511122,3.666685917693124,3.0825972813894795,3.714888852825207,2.538290963617562,3.846056312263557,2.934535720320398,3.270461471276604,2.400914120656509,2.4271235537520846,3.260357552592222,2.4584484307544074,2.4520941650655286,3.6567917544458366,1.6108600274682492,2.3857766012416435,3.9840145721145634,3.9600452401139723,3.5194586900447637,1.541538111495199,1.322240683770246,2.3826922516042304,3.459167862610329,3.847994380569159,2.7973740864269043,3.521187511081464,3.9776969155319923,2.6489631090735495,2.7052697424225625,3.0225219053242625,3.45432946746487,2.8324635065885038,2.0114633565267583,3.5788982289479048,3.2480649120970577,1.9631598713084795,2.7923467032122287,3.1075342780147124,2.2929734745028223,2.5700990629211344,2.018695777882847,3.3614658685003964,2.761282704778569,3.4876350643019545,2.4815098555292225,2.484013039575158,2.6825024758112264,3.322358582861632,2.3282612862665957,1.68706789993044,2.168565238280877,3.365210975950104,2.3276271080224618,2.4267576882356496,2.3035277262555285,3.189115554639939,2.3709427994017593,2.389433401348462,2.8205314174955407,2.942796980127575,3.7941996672133733,2.7524015938109496,2.4655526733547872,3.769517782934099,2.6529044709707144,3.730060168206007,2.6092118644223317,3.3832682225492667,3.6201847768472195,2.1103422555386553,2.1025776019211846,1.4214574437984804,3.7133060672775726,1.9399069070130255,1.6923748506659477,2.6320313414286454,2.6990589433536263,2.8844450025071415,2.584470223464616,1.8353052835942272,2.5193227879519253,3.6748420229558776,3.8727929751341024,2.9536251616990365,2.495128905230241,1.72854106485824,2.02845614310122,3.419087295904823,2.3488640743053346,2.6972311096467267,2.6004439257744596,2.0756607782869234,3.7060554990434285,2.894942479826205,2.1227100936107686,2.5005799634224837,3.571516256652731,2.823322678691723,3.3610608998817537,2.9014426735484355,2.726241668110778,3.7283581807074966,2.069660173427145,2.3156872542738505,3.4833926416560805,2.673938667935697,2.8992003873924808,2.34051623407024,3.768351813026818,1.8065824894552527,4.702008497179734,3.1139382741999144,2.1962564748959466,3.6625060907262723,3.2853188258676536,4.06049217619634,2.4931769902661327,2.899382003306426,3.2921236056593717,1.962884853373164,2.172000674127658,3.9631436236996707,2.761620870806261,3.3630085851908715,1.8499289562557897,3.1142681511259527,3.3399240489151714,4.049697802172464,2.7641076832108253,1.793506481142937,4.76057893048133,2.624637118668263,3.244089630478069,2.089351241709742,3.2327810767014014,4.488290072153343,2.4654546729960134,2.4027027997055574,3.972490533264428,1.405297787775164,4.61466430677837,2.6314883187253186,3.2765206382702443,3.3999957556183835,4.769283478885165,3.4443184763090815,3.727670440723902,2.5649976232806515,3.3345812119665266,2.6770904842443586,2.248990560523546,3.6106291854963506,3.18306031620853,2.0847789239946053,3.046870854751576,3.3163029456388693,2.441315362341454,3.692880882423227,2.234966504208172,3.0464162926357745,1.862648938859741,2.026140522285706,1.966874125592569,2.480366203089337,2.3908748099784063,3.2272292408447463,2.8572573531833463,2.83441884527045,1.9705785064684356,3.6128055020602527,3.6311683506909134,1.7664509004321316,2.4751017798929222,2.4726318785569537,2.101455820401027,3.5115461849200913,1.3923473042655898,2.8520367461234493,3.5041436955341974,3.567513088100968,2.687123919215206,2.5788475355923834,1.8600930044118817,4.957855155790634,1.922340576336159,2.0707783256116064,3.6457561386326742,3.2042383642297394,3.34690840138631,2.5021963735394173,1.8467383995400197,3.746469942117887,2.320270971257764,3.48370592298743,1.854356628651936,3.8497839068256896,3.8483568833472583,3.3509120414007363,2.295354567192285,2.508585170097525,2.120319079019685,3.1702064614449785,4.052388144942472,2.398195889018353,4.31149169805488,1.4094391689384909,2.49229051650014,3.407712687045337,1.7415408344862875,2.8324775306967385,2.2460431232613685,2.7064389031094787,3.5359856651397252,2.426034090076533,3.1342186614392546,2.133816436237351,3.445065422081534,3.533684391274977,3.696199575630459,3.0288892814422983,1.520596726954304,2.477025462397774,1.785505337878521,3.576294631653174,1.7501756863899736,2.159835296782419,4.487703424416873,4.01888019529007,2.6859660402152223,3.995476407454752,2.82012723020638,1.6367984515707386,3.268856637759842,2.018062576723416,2.7073502105223115,1.729516593185934,2.0733638385672064,1.3392855293449273,3.7047995739264885,3.7080047790802886,2.4985648273051924,4.198339577661056,2.5348486775088506,3.200444805091083,2.5382413736205005,3.651707279468995,3.592332956896225,1.9615216220000466,3.694592628066901,3.705574730327507,3.9456715341612907,3.839111427433858,2.3571878361671423,3.8148193394589516,3.5270190918681723,11.02580588890635,9.818891208392289,5.389017056185622,4.168793966932444,6.1066709648022925,7.759456807413214,11.567109847508384,5.602295584493151,6.404251622676049,5.515113555764863,5.810089614344223,11.53821061087788,7.276945960532034,5.793177965929244,6.815373138770695,3.7990537392109114,5.347659747943771,5.161717460207667,6.070399532628911,4.126233506700021,6.333952116976614,10.571755946372797,5.26887305346806,4.958377081438362,9.479777646308856,8.53471376541952,11.622055285532433,5.693127086471581,5.036529612923344,3.8454433078548664,6.871117605945776,10.68193259461214,9.430150315615164,12.109543169345013,4.748996709405465,10.343530627953108,9.530360270085799,4.6582260811262515,4.359454872337408,10.155693865376497,8.77996505481026,5.690966131904248,10.249772782510975,4.601961649061403,3.624156754957005,8.803791904306122,4.695347073096669,10.148587887678573,4.932288689167624,10.744576083480593,6.609406038025826,11.937575539128723,7.64061007395143,5.23230842456884,12.017187487738672,5.907992191753967,3.7452608222439574,5.159587781718148,9.470626608192404,7.0782666414581215,4.810186698974432,7.462237641017887,10.193633614855647,9.164375620635496,10.547989911186646,4.287143781967063,8.404044748868369,11.68470917298835,8.106029470917068,8.805567713213678,10.345538941962591,10.138087256357318,5.9719763000226385,4.516008510014794,8.388987607266225,12.633788672715205,7.118934426913444,10.0985640225925,9.831816828618214,6.097431224958928,6.816296462221196,10.711909216875934,9.473778868757785,10.028750056671734,7.820813709242155,8.005409295091923,7.62425588762703,5.893131808386708,3.6880668778932946,8.896105878847715,11.29854611256301,4.3494275655665,10.385754116583927,7.952348494416585,10.239358366846897,6.394835389731217,3.479551024185364,4.805501671717093,6.5359688520141805,8.641654286661813,10.703420124749425,6.497260197270823,6.292851502813515,7.074113114713066,7.586571257888829,3.893150975300639,3.8098691371476425,7.647966739485096,11.482687445049459,9.659285972186897,5.878901865766341,5.269139850468335,4.3309322714251355,10.375705565776792,4.6102320189581105,10.944706941286626,9.399907244316084,10.442199896486605,5.872924303429775,6.827176124940914,4.042710975417405,9.975770944663639,4.754199399649102,4.095002329961098,11.523806644284376,10.698766483272852,6.542216898540316,7.158755866649133,4.1013623168241375,5.4441553496330215,10.273609128128745,7.90923761983865,3.8648398468163654,3.8394611455751146,3.7199709371584277,8.18659259780078,7.228517116535073,9.286058200060449,9.497184423340494,8.006144303100593,4.521052485436838,4.23793031702551,6.841987814945114,5.257389865345373,9.779213973867483,4.43833727539622,7.8542969960990305,4.0627669043904335,7.804817105308947,6.159551427590597,3.637696310614736,5.3049460406885185,11.598242846044835,9.285429688035501,3.9020134765730314,8.594701437772454,10.718193490680548,10.853843639553274,3.852910524026653,4.3095736147403105,7.7731972932504165,7.954912037183434,10.637783216600079,9.464836241455487,9.719898777450645,3.577563400811894,5.534706229027197,6.356216683740182,4.7318385948312045,8.044127915602104,3.9207038022352743,6.124655842618338,4.608085076379644,9.340487591795176,3.6142222193753293,5.454565381352117,3.9698356521997504,10.055644786803077,8.366891833253879,10.605106702827653,4.299970024845347,7.014077141888845,9.134810299002284,4.2247587294567595,3.584533058671176,9.602209388729547,5.682029263467784,6.628114815473213,5.857295431300109,5.525620691092576,9.880586934869617,9.124181391864214,3.332510918640475,4.501265219164672,7.334697127210682,7.2743123283251485,7.605341430965086,3.7341158204501763,10.57515379522844,4.491430878529552,10.315042670790804,5.596412049053939,8.906442915082135,3.8634827605074853,9.324368677854494,7.515296600029174,8.730325361943057,8.074753494806291,9.849005604208239,9.420886160336924,4.696318623943397,3.852097575812098,8.918346427106037,7.202265859028019,6.080393170815549,6.1400679304768495,6.992341778961909,10.184623671713528,5.91186262501115,8.141337131804926,7.522582994043294,9.354977436809753,6.930514141268691,3.9361166415155924,3.944774910301385,10.086146154078017,4.349253188144334,7.645431234235702,12.429855886617787,6.193738253720024,9.202185688297595,3.6531391985160675,9.489991540309074,3.920243393041013,10.957126515139496,9.319142786136757,9.95164656832676,10.708329350056594,8.225190602152177,4.385648454080322,4.233981925893669,4.707721899304161,3.606744335950417,6.169223872969964,5.607242240576294,7.86390330643948,6.199540351449882,10.962549244080003,9.877849668205684,4.04411860305885,3.668274892700163,5.104259706895575,5.016486448445223,3.755140436783789,8.500062615273004,6.210917678861098,11.117088485094762,11.230963497740698,8.854146795917712,7.988604917461144,7.4725454998312895,5.422168579381502,7.726822718064257,10.596096785819798,9.298244606740631,7.647583435199591,10.141378338599694,4.363623971023297,7.235789477662172,5.86212691259234,12.095271798999448,4.967128809453141,4.065984088398886,10.253675805144955,10.39510638922816,10.593129781077227,6.59366935895103,6.152406169172918,3.848080716455821,8.232565679662862,12.151896283369233,5.415729429522703,6.2849109920438675,4.693577609048252,4.205282726656334,6.4593509197521914,8.393121791024006,7.675269626673294,5.8681770962109505,3.7856066096381853,8.879203440194116,8.587047173308418,7.633835396704041,11.982717883796576,6.151126554775372,9.404021708224526,8.57368211178554,7.272765155104464,9.725938984864202,6.7678827510839055,5.36737405564996,3.8555683228926374,5.075345561746179,3.786005413298042,4.060193807596203,3.3057577677961674,3.599145586576218,4.590863330927082,3.7183236486301654,3.826009783754704,3.6503059365115895,3.5083791930260944,4.731704881888955,3.9576076180740887,4.183359576661198,4.421566089524501,3.0822998587869113,3.4605774217540186,3.797399742187335,3.7668301782958262,4.035792109407304,5.367693985892632,2.861744039278309,2.8068624264274216,3.9198379800741057,3.6480954825219,2.681852157937598,5.020690853049204,1.637272747975251,5.726481254046244,4.747211520873638,3.2620392109960226,3.6894774484891713,3.584659515499077,4.23157138941252,5.468933505695299,3.6326125555534796,3.7296190681195895,3.6030154066399263,2.836029465919301,3.7450999305527097,2.585960168481321,3.8504401644538078,4.252564985268947,2.608377272183493,4.101625110975613,3.653087487423853,3.8501046669002945,4.073018975585758,5.965854723854945,3.564083541671122,2.915173370229514,5.0368672384764945,3.809629873822022,4.110829630732008,3.4487277689517906,4.100417180680562,3.6897329453484975,3.826812620784874,4.639109868542959,4.4261548873394805,4.22619932006269,3.5790252089574763,3.8084575214671665,4.6501399918970945,5.299816075525502,3.547837855750206,4.782896342740546,4.733482295686508,4.3097238891474134,3.4903433742004855,4.429521236239046,2.5973546710790876,5.436304144937251,3.8211534854555005,3.5910769811714376,4.51385185621254,2.793657545741344,3.6619805909745993,3.8975791597043203,2.54560348868917,3.569936465909585,4.147391397928344,3.779241484888746,3.2807994424844797,5.213416488744826,3.1666816139779645,3.490082303387908,4.04878670618274,3.9133695412460683,3.818090231792186,2.8718607028950487,3.9460993525222983,3.575099600962982,3.5831764603193896,2.9638407424028834,3.0895738148762057,4.73229363851973,3.8584184839974163,3.261225851768074,4.556210408084633,3.6513684761682526,2.409236608456888,3.7811459949834125,3.2327963275557723,4.621031020942663,5.33500250454463,5.089359971139488,2.53499723863023,5.227676963537908,2.6719800561639597,3.371504841018004,5.288876240958077,5.495070795659152,2.9387476514037147,3.56218460940713,5.339673425490026,3.175252966848684,3.2373749708822834,4.201430185238228,4.121875248141719,2.930862689160841,3.526468806308751,3.644431780943109,3.4812585364514246,2.8584261441513457,5.828013946775259,5.616764970468826,5.375168508730063,3.26832111121224,4.9075538438716695,3.796918214063728,3.6449588258641588,3.779700360174592,3.3510343149350637,4.135657263941743,5.130937680393061,3.8386751310491456,4.439872402260464,4.015296995414795,3.5558091468212614,6.336591485878776,5.3924344656996075,4.127883211299728,4.235247487937593,2.8380673785917256,3.83546007933458,4.237122552779721,3.33715927661259,2.35127039562123,3.912932958123563,4.239487317999083,3.3682175220141994,3.279877116720634,3.6146854930443584,3.3133589092453746,3.632150895058386,3.8182281795537008,3.952115852362624,5.373922835544506,3.5549959093642896,3.1825545207656427,4.334119449542006,3.853919128327127,4.409696143748435,3.794202385369659,4.681568067940981,3.390174280166046,3.657824087210189,4.0793705423483475,4.0170205032544875,4.127631263025645,2.8953021072232032,3.515284268494124,3.180719205454121,2.1727289160649033,3.8157257906890765,5.5209704539012865,4.149267245787937,3.8678469310456283,3.610444966614607,4.361091011521628,3.3162795182631917,3.3202587339407925,2.8331544776821125,3.659449676714928,2.830929690300688,3.8639449634064356,2.22100636210142,1.9362594621464433,4.181994339952318,4.289152838866711,3.801339746300226,4.025127811721124,3.794909932622055,3.7139988391887573,4.326276341600298,3.855533307656722,3.6649726084580134,4.309751939840628,2.657806796164238,2.7849994441353236,3.5179460699754834,4.220994194034328,4.320845161723177,2.9151185402240274,3.724137713933282,2.5711254682128635,5.10589120751863,3.816234775813381,3.5818682050659727,3.050532602871481,3.8062558421170434,5.811309057402403,3.608485379796119,6.37558153842885,4.70326548852778,2.869038184165465,4.4008456936783675,4.071904194624478,3.7689469745767132,3.0564861564862373,4.715744244143447,5.431231666354646,5.733189706134379,3.772446986978686,2.868900969202153,3.7676051157643675,3.688765936245135,3.9744250638171663,3.703887832254593,2.756360067306971,3.933358001683624,2.6902629734948458,3.693571750281854,3.7673812312315023,3.4422571063641687,3.738481533476656,3.5641687808224276,3.57349695331514,3.768798139226279,3.0139251719796154,2.334876690171234,2.993569056110308,3.8223880751142243,3.483321286822711,5.306065292996099,2.382030086744107,2.387334912099493,2.9992541679217783,2.434909707089251,3.6193511684341866,3.945973884350744,3.488379982160441,2.8467500081942405,2.9071658214683804,4.537848011711277,4.082606048520729,4.133521155394871,3.7738373198100637,3.7772822504352312,3.7743883919806875,4.24382034227508,5.361029498639864,3.959382337269079,3.6245783366693822,5.210597894992375,5.526103865849243,2.476739933055566,4.026778185872463,5.088560075114982,3.3113600743857154,4.357806732861024,4.173315365444456,5.800054453314485,3.1845908923116486,5.124529416125918,2.9248950165780525,3.149406572952186,3.831653545943248,3.872038573552105,3.499779679020431,3.456126754372871,3.8143259907513936,2.6434612068860557,3.156042262216817,4.580832681408206,4.433491445962168,4.077813204322978,4.178956645100896,3.7010802399150236,3.6513895328267445,3.6460812774852225,3.736603740656406,4.297942261171014,4.863345426475031,3.738273387415282,3.144727674603758,3.7181686658030895,3.1484066462707263,15.371585527172991,15.79024365606798,14.246304862314643,15.138271490169226,14.671853121663192,15.335987645213203,13.878372156616098,15.452512011992972,14.933739779040735,17.171537714649357,15.443086225107118,15.433413107830555,15.571958156651194,17.68357431021551,14.266823344815876,14.74516699868405,14.067857354050304,14.66901280374234,16.229860048505035,15.797252148746614,15.630093569208357,16.124779352014006,15.036229446712529,12.313894836604833,14.469538059246855,14.599044129373416,17.185866705165974,14.63925677455835,15.68729405190135,15.229387550821643,15.237897192857469,15.027774641297345,15.371079484186296,15.268724690398404,15.412183857702862,15.338518236696942,15.651744901047346,14.320085302418066,15.049990687170133,15.51089041104711,16.920596312369874,16.681529326552866,15.75688278552876,13.338078038586692,15.895557159457619,14.79348041618916,15.813870070288793,16.853791318500143,15.469664246695398,16.82064592674499,14.91164125522896,15.665687497804297,14.109730584511016,15.074873996780955,14.946350453928165,15.698174292878079,15.177583210063714,16.040007464393096,14.101567065828853,15.049043907296115,17.878898578521003,14.091359857766996,15.864466367200842,15.185893258085141,15.703309609650788,15.631489841665895,14.72835877092102,16.051672469349516,13.341928762949037,15.413443301403532,15.095820886673764,16.799542200872988,13.99057734452193,14.128906944438906,15.781848974445273,16.83332365141846,12.328976275626587,15.47476795597643,16.524888594802963,15.868504291908492,15.570332606943731,16.809198863341926,14.097507104723414,14.940858155512826,14.740094444555549,15.862431631898804,14.752646093452714,15.578723013376525,16.01357202548185,14.984933824660637,14.489981275887837,16.761484485697444,17.29964284526145,15.925118130221316,15.692907579583427,15.646515497304286,16.62226618082902,14.07507264183289,16.601989469591718,14.039896076469644,14.464327601806877,15.0191765465167,15.798750163603815,14.956912446223097,18.098404010531414,14.98148561252709,14.043544198634658,14.599546249209968,15.261378341277732,14.453253761155695,16.458786143372205,15.359068960761979,13.791518449213024,15.364488867952351,15.229248553999428,15.375168418788704,12.435072244245156,15.33680285615011,16.504520502931577,15.88132762318623,17.637734425351724,13.376233206579117,15.968378145114883,14.608121592465707,13.516551939805506,11.959824469130547,13.721795060580915,18.09191524186223,15.772811068990345,15.05841280479674,15.410374196252823,14.963720810964316,16.14453364262329,15.511257280886362,14.587969906411985,13.905049411078156,14.765885753413361,15.041035320213219,18.15064859344315,15.36976480454323,13.079961797685044,15.515736875283848,15.429845072388009,16.028254565357326,14.464957460047483,14.505821187341748,14.794888772075026,14.20708266412599,17.690698396709656,14.863368665510205,14.490855917787512,14.629294196143357,17.052101956313436,13.949805713726718,12.490671111324103,15.728038535294974,15.479344930115548,16.040137777231926,15.404931862230384,13.484735656342204,18.133222078248462,15.014026104222744,16.552233229416487,17.148768774183743,15.507916497559792,15.494414846995259,16.309335996754353,14.125099083102292,14.956038134901414,14.768294204368019,13.940971269401164,16.097626019027217,15.343684248650582,16.328217008401438,14.062696310013967,14.515086126908454,17.25185652794511,14.211468432002944,14.948961659259073,13.234542563676762,11.95229004699457,13.303513763987947,16.32387949492466,14.436031419778189,15.487230655218275,17.705570180254266,14.924356523276584,17.665436871930986,17.33546383974912,12.358375900853597,14.172089448746984,15.828490516695423,15.85487094437518,15.344959490900846,14.029700715521662,15.459685331065037,16.919298662244934,15.619964959770684,14.745136311232487,14.082691717137864,12.018079059137323,16.158738025243395,13.470599037388098,14.908302439130534,15.535508021647352,15.053871144975451,15.38796537302696,15.644127865059863,17.51297760208307,15.405542485596449,17.113354996825347,15.530461991445714,14.900768313281148,15.741369801204385,16.33007697655635,17.038921568356457,15.50976331497799,14.394227338166408,13.680366862558348,14.990231203745056,15.133794642463268,16.22952273442359,15.317108530862846,16.771715913376763,14.923754462003636,14.919212494947892,16.62816274213592,16.1438940181393,15.305023455455778,14.386947856541166,14.887053587303745,15.940938221863428,15.838273760312655,14.759359961517001,16.93235839481395,14.666923344318837,15.549573034475747,15.833364723261893,15.180416712772267,12.006327787603082,13.615006193551741,13.949407584487743,15.404825285240774,15.150781477514423,15.52470392946767,15.558226839936914,14.14260774220447,15.559259265254298,13.664347317720662,14.837678625660889,14.775975453895796,16.033114508589094,14.805714349101246,15.33428092853587,14.008107114277017,15.221378416742498,15.553010341437394,14.235688705447865,14.746867393156315,12.288680686229407,15.614277805181368,15.244633157022191,14.489532326419015,17.485657135720565,14.21401679095497,15.075043124597391,14.741638401846734,15.128633715690007,13.900752581642383,14.481542289483322,14.949724997035343,14.798794781753783,16.068818445421574,14.653516812454683,14.921452812711436,16.848530917163824,15.330231868223489,15.886371041752913,15.905455817560759,13.937987264653458,15.804770286217298,15.219356362602749,15.337047086306429,15.308840541265589,14.31459506431559,16.23729354975729,13.5243672334731,15.676286925278413,15.217456076287043,16.040814616987554,17.737079786589778,15.726283750059235,14.597037058885558,15.334005417016071,16.35959647416922,15.753985251481032,12.301141588307999,15.069828442517409,14.996494313696106,17.236793461319326,13.104144854375571,15.511043638711792,13.482615657340272,15.728085567446007,15.39425446819565,15.173285090519622,12.756937786016673,12.474441798321806,16.204118169338706,14.229498229274785,14.140485409169745,13.198450983302298,13.037566087513348,16.27316793341592,15.184125365588482,14.646194124801013,16.32590441658869,15.113012463084514,15.27985367769912,16.259247740995164,14.4859439122298,15.315381000852627,14.974465802613581,15.114949183343311,17.648867964048623,15.519341211034329,14.773798392678726,16.2351236405645,14.495116625392505,14.53986351440066,14.541177989268478,14.035378712492498,16.216650411949445,14.492517770773023,14.87601403097426,14.550418959168256,14.126089668553567,13.343898515636887,15.177727083829092,15.004099240470717,15.176448893798483,14.18980765994731,14.47662471388447,15.276473744921118,14.511695465086346,14.797834682842865,14.614762359146551,15.872290596866328,15.192105099063154,13.13952301759174,14.771842541984757,14.423824842937096,15.029516992535783,15.723257998107185,15.26640481667602,15.61541332927679,14.35613879467557,14.299072150624605,15.436162479625608,13.991073806191567,15.554029532917458,15.456841653077815,14.485347355584125,15.713852518880095,15.331667874026417,14.45164610618121,14.98045059170468,13.722840552692992,13.08905483377789,16.95835509465781,15.692891277082433,15.147720338514976,13.882566857312797,11.272597746593162,14.852343451610098,13.982705490036556,14.961930647857725,14.386031967914674,14.861033925090123,16.08880086258893,16.681285041433153,14.899172768471361,14.786698928803332,16.11286698520319,13.918200089091757,15.212361735384148,16.327226756812827,14.46427079230806,16.771448307550603,15.327380145869839,14.604385954537747,15.614620943409019,14.039335392481606,15.866880382648132,15.618300727481728,15.619371377926912,14.303281234968745,15.95926678388744,15.967329507133726,16.811072280915557,13.873101930407094,15.486527339528116,13.693575163377785,15.457958162256892,15.599649934743569,15.3058076776874,15.418190450679374,15.648663160795918,14.304760771615504,14.859123420501968,15.565245470160045,14.139982646132168,13.527078272388852,15.892165178519864,15.711910348594248,14.617289380195295,14.295756801481833,15.542204429311447,14.663123395403419,14.808793958827888,15.441399534537062,14.782607596309251,14.146679197621001,14.411443911765971,13.294276144774159,13.847466956214955,15.638621787866697,14.905488374164674,13.74547205340798,13.559051538924711,12.784620313014612,16.170630019495174,15.61827518199542,14.428422307323615,13.23620426388318,15.196725337014936,15.45482107833991,14.031025886010585,14.72125365223367,13.717385042713085,17.13508978841004,14.707658079401892,13.967377871643373,15.136290049460639,14.692499736364496,17.04293816287092,15.628969643135203,16.260850976931007,15.034827163677813,14.295176560987148,16.091074493741296,16.859910393365258,18.133744157795675,13.959789648253096,15.510313025729364,17.35654239142981,14.049825778992913,15.926507549239007,16.565922759199463,14.343665800032108,16.28345731115409,12.543807921650572,15.080498039019005,14.656220082386179,14.698650983109571,14.91340857840942,15.382434657769682,13.946699976491173,17.009988399913745,15.42392678117866,15.569784376828448,15.431074486741464,15.64748129976673,13.30037514744024,15.320399345191833,15.719522030240629,15.340432352725008,15.220862295906525,14.35223081670679,16.48138912831373,16.085162783480534,14.612323964036491,15.24308516733642,15.741607766985055,14.692529396092585,14.0930211633594,17.115659231742434,15.633988686470312,14.716161019093713,14.618370880484143,14.361651533963592,14.939070119811294,14.1779172698135,13.390114935331558,15.34094310428184,15.404821303021231,13.239847615482905,13.777491716495692,15.261836105052618,14.446795013988107,14.93106048974382,15.290825938026678,13.30923418728863,15.219085284850149,14.403835317611385,14.274021932974009,15.095354782583668,15.366858413604646,13.488586005127743,14.126790696394128,14.811709831960084,13.938477660198638,17.262365935095566,14.848850881243072,14.625341139199744,15.492004666112662,15.218977007819886,15.808796015863242,15.063873434378754,14.005536384556398,15.622763916079096,15.580171232666109,16.421300164357774,14.90790603886068,15.9329548602603,15.267364464878021,13.28515595116875,15.148408313533427,16.080070412068928,14.43021486858675,14.96996421826776,14.230194742428921,14.419685205125944,13.26569443049102,14.295801638778942,13.617989671171328,13.41674709211981,13.484271766823364,12.761845151641955,13.728544459947086,16.09332876303487,14.776965814239384,15.688567747373142,15.589530708128056,14.547808411672563,14.704021064723259,13.790621455728667,15.053722138188023,14.546307736900442,12.698134828324289,14.67696178025077,17.06539531036659,15.698005131956855,15.019764521070474,14.777100441826834,14.549329606971074,14.34997216026987,14.605594350452344,16.57412986236261,13.064195086336422,15.677806161963732,15.233304500701339,15.706183425785621,15.18301935325753,16.91948682517715,15.912417538364126,14.077999385348287,14.36664390156926,14.567660356259891,15.190252857675791,12.858040845498873,13.620166870494906,14.261681017621934,14.179911224602598,15.716116091518243,12.787192651703364,12.120584016838478,14.114751927645349,15.772987845809793,13.49194053885546,15.856388214785454,13.09512622376133,15.67455186257551,15.77787481308555,14.614467996733024,14.925457682282673,15.31974208447842,15.16778405212256,14.928200591931963,15.347268051974416,14.922572045670579,13.595294417749294,13.923197303126063,14.119876938197674,15.23145851317289,15.784329321062287,15.335321831435202,14.411449517664618,14.764407445475753,15.987512624982438
43,18.064142724227302,18.63161721560259,19.36777368853917,17.12492673559906,19.50720369702087,17.914863424640842,17.534907792521103,19.42898925109437,18.71085801814996,19.679184215207872,19.64097809681958,19.3689246849952,18.26871685168958,18.335282547776597,18.971935155040573,18.142105221454404,17.53008892278462,19.350754658174033,19.102452778663583,18.704471971177757,19.248130880612553,19.165821727903424,19.435196225391948,20.59994104686973,16.941778431332093,16.607070499401107,18.08849275874982,18.677826421224605,18.94710034631865,19.41555063813333,18.071514956729875,19.430205575933485,20.59866362219614,19.02071199026685,20.43404338779522,18.956889854061217,20.673312280301083,20.043994968608285,20.57645664743154,19.1652215358368,19.360082683014106,18.972044774798686,18.91456468912835,19.532218954575193,18.19817132004124,17.193792462493864,19.35682677255172,18.98073724384981,19.62342690525634,19.133865993322637,20.028184045473136,19.820733450833917,19.21710478068042,17.847052228732117,19.308164372859377,19.43701445552585,18.906901032172694,18.938139854449165,18.44074830724133,19.412362349299883,20.15534890222307,18.03643798510414,18.870247849126095,18.2684500865802,19.718939300264374,19.86195292588997,17.945988967371328,18.852396227357474,17.502442779651386,18.416748218908335,20.15727861752777,19.597047470330857,18.957407719811556,19.192606771373793,19.51033782691559,19.24192783970762,19.24854939018711,18.867819226417456,17.553917573922174,18.598898953880802,18.75066201380196,18.084386779274222,18.78963080863983,18.602689257854752,18.38373445946479,18.109056951102847,18.09473684704825,16.71680261861806,18.605426833528668,17.708033693484555,20.9964699314105,18.770684847243935,19.879959256936925,17.262525556770807,17.791162734991723,18.46289448087587,18.304788056242106,18.506877346209652,20.386729567243034,17.004431895307537,19.48592890104001,18.340317883842225,18.82094273625856,17.686168918162146,19.36707353477009,18.235507162218717,20.655380905810794,18.779014159546765,20.22335694987115,17.815226492472686,20.556043462673273,18.507124667095148,18.479493031977924,18.0784721755479,18.955918220586867,17.617806361206434,18.954808945528978,19.186832408525063,18.00410101187489,18.63446859870156,18.156950002373325,16.911106844569154,18.585388009354673,19.42291028835893,17.93216783283641,20.017731684999404,18.027548622971477,19.480376415940885,19.767140775606514,18.766741363035983,18.809322847928964,19.828265938981616,17.122037958060286,18.149352373906865,17.105579261061656,18.79505501924237,19.17286068103326,18.053823302569107,19.131279591127537,20.234140444176433,17.51754723198381,17.147892787371333,18.717398979224136,20.91443480009876,18.537185558737924,16.663118901186042,19.56257980995669,18.934702180877164,18.82423981805025,19.177415745016127,17.967531720956185,19.676135537034966,17.802795140632234,18.940556084185133,18.12982364876725,18.976966122864383,19.137613811457335,17.1776690478182,19.556841212376533,17.548422236896624,19.255699298523595,17.008617739683906,20.124961558418388,17.191029787890372,18.6988791210343,18.69152835047854,20.758969271030345,18.535515961242538,18.09271490945234,17.743804895068134,18.248490484515973,18.10969847628833,18.603041231718706,19.151029855049998,20.01431675294051,19.223269741059415,19.414143998641354,19.25936554189551,17.566307531899433,17.709279340746427,18.095713757000695,18.13963237449071,18.32439203443489,18.634626970861806,19.448620829011166,17.81447200942972,17.316155848207654,20.18488805561026,21.0027235775379,19.70932526221304,20.88989032754048,19.13977693556,18.20687573933468,17.313844814619042,18.075535963010694,19.330076227127318,17.18294171058783,18.265024065990772,19.989367321054885,20.71572325365557,18.07708873109285,18.260832042137384,18.464714575455904,18.068199699172503,17.57174589013307,19.17443847573483,18.985422686540723,19.786124216991034,19.087028268952217,17.621906958497377,19.5168099322804,19.57580833353853,17.586977664025856,16.933339605246566,20.120502446571393,19.594752421679377,19.72375124072337,18.05623775850114,19.3633200326179,18.929393529755448,18.195116095895226,18.133673635642637,19.838545543007417,18.085451980060878,17.15201895637791,18.754916287486623,17.840778833390132,17.94695624396431,19.030903643515906,18.73024351312971,16.844959891355188,18.70652605451273,18.69378923682139,19.719547842820095,18.995404876890237,17.947259215594976,19.502374061323774,19.1664007926977,18.094712455989267,17.67590584399644,19.151897903477607,18.231918722927876,18.808944067126298,19.26692044077704,17.837625976209708,19.66138096341153,18.792727891818238,19.663665645402652,18.16225446052246,18.11884377384137,20.331839236694904,20.157914767249117,16.68140140889799,20.846592172747997,18.078397656930758,18.003600254719878,18.789188031610365,18.646932164183806,16.68695176957819,18.291192261431902,18.844382177244032,18.319335960841986,18.286230823285162,19.796781903865696,17.117181822794254,17.183673891647416,18.729970125778554,20.57876420747338,19.248592953713658,17.172190460513633,17.35499197083715,19.138413592305707,18.60872267667564,17.758045105962516,18.14156319560869,18.038847012972166,17.88736488188174,21.00436785604175,19.073977553244788,18.84301572191335,18.143642557167237,20.440330164495393,17.61774426834885,17.743960249414815,17.4424274713139,17.54525373631043,18.7363362923209,20.93193742234113,18.185709090808242,18.810161368707593,18.972788767321262,20.818830668846047,17.968733465410754,17.270476466817765,18.943099994637834,18.72753208320107,17.414393428305566,19.70641086044134,19.148771465911448,18.722475614863438,18.448873090758635,18.156880239378737,19.314912693035847,21.4401023790328,19.36144986511954,19.306864500626947,18.986635432603197,19.828482456773198,18.31843941017575,19.840529778779814,19.33832719965572,18.201994243450933,20.024491017378296,18.055781853317658,17.81710485795433,19.883373003060075,19.595036605445525,18.381527229791043,17.512040596373886,18.334236406689946,17.652076221262824,18.42103366885859,18.3520891271334,18.99817231396974,17.789744980121565,19.101952991330126,20.00291542097609,18.421984815267002,19.043545410477552,19.395404235794025,18.056149165122925,18.18752758751845,18.725729517245536,22.23021137110971,17.75635572315874,19.55822844465324,17.69744403061594,19.08298533954138,19.143129708671133,17.754287045095946,20.763384649148527,21.274318929631868,18.103035053506062,18.93455513022873,17.742875309367097,17.805524652621685,20.715141955812417,20.8173125093119,18.844531944942585,18.874267614688883,19.259575560266452,18.217919436404976,18.28495130641683,19.792249432392474,17.84072927471904,18.275561645970416,19.26554021598374,18.11625528845088,16.724125735722023,19.935053410016753,19.34544792069871,18.517407795787555,18.07661380448855,18.86927012172778,17.92866630237885,19.66857834903632,18.32899158236,17.312362425516422,17.636244811717244,17.908347986018637,18.42463707945465,20.67550472015177,17.659337369161616,18.433366169875423,19.725313980297333,20.476774492564964,19.146029794711072,18.1115347524547,20.529161316803595,18.47476022145114,18.15061082344485,16.88067598204656,19.488705934538554,18.154350934894225,17.96250552764555,19.395256216723023,18.631249365468005,21.452882623346987,20.246812756188273,20.09068787693996,17.73523852030272,16.417989677171686,19.687201673038935,17.45651763876421,17.94139732128134,18.639498016438843,18.968676963902126,19.073815407189954,19.467868833180347,18.092935183931097,19.481801729983943,19.678062880225394,18.25793407477779,19.534997871343815,19.414433678114275,17.85489725310511,17.82080990215846,18.498464399201914,18.826967134894186,18.098814584088473,18.638276709340346,18.196019985626215,20.05388974334586,19.3854003902724,18.55311427167177,18.038855967931532,19.28326552140206,18.881888319603874,16.62706793955133,18.78293719828171,19.350912074227782,18.481449647988665,18.25149384955092,18.852772950883637,18.86944725847112,20.20496604042012,19.165023774524997,18.92065188769867,17.752689968846564,18.54653487771679,16.515993819704157,19.445413115866092,19.053305660989373,16.843799929711594,16.824620254139933,18.297650490094675,19.016374384184644,19.12590446114424,16.474004067174064,19.519210650092838,18.031161927601048,21.355690101119976,20.975058295466454,19.2416736185073,19.541833788036488,18.694651402255502,19.17534642901883,18.616946391640376,18.98641086653878,17.86251318170508,16.74868031061217,20.263128436158024,18.49199683949596,17.927001170438867,18.252316939439545,20.140907037643128,18.162762283719623,16.218108512503434,16.537298124784485,18.485985460392044,18.768251692095337,19.33907730493873,18.87161738760979,19.140178152661672,22.13748815788252,19.544690072006663,19.138838964399653,19.154773643320656,18.6743735605451,17.865207383482176,17.72519233590688,19.837305031487574,19.37235563797064,17.553089133019157,17.414009590949245,19.031834457712836,19.641549146125314,19.235061554542266,19.015864275240897,19.55023050915195,18.13424249052859,18.40325494101423,19.54528093367135,17.736193572808205,18.994409787722308,18.303125022152184,18.643455870355552,21.945944480891953,17.77245016543683,17.843682910100526,18.301505667164978,18.15382981925208,18.635516673914722,18.32823317667896,19.261404676093555,19.103047698234015,19.809414675609858,19.254690283914123,19.571045165239294,18.059882403232887,19.333745926233636,19.091691595455252,18.495107304838964,18.869283095872376,19.419440795902503,17.37660655828289,20.379347681625912,19.418649797387303,20.233124092289444,19.30553951508681,16.896878753896885,19.904536428284523,18.79376405285202,19.40790727222,18.34988234286926,20.97738900212207,18.04668376879986,18.42719868612122,19.23913325123513,18.051123331225202,21.098290531481094,17.618138206934464,16.270828376171902,17.92085876813321,18.838566935778406,20.121788949478518,18.058998987272716,19.456258332238185,18.85056333718002,19.83810944879046,19.036809130515973,18.394499544316748,20.18568652409299,18.09339324583023,19.90309850454136,18.896474869186804,19.232961793011018,19.343249092757812,20.752556463694983,18.937536554981932,19.110469959369308,19.39266277119531,18.10550604501474,18.15511695583077,18.919971515188596,19.13444139234269,17.878572305448355,19.019296590132882,19.205804950441614,19.047300225475773,19.368537084541043,19.38035397739064,18.430976657950332,18.353369080316575,19.31709710600759,18.615981626317183,20.072689151326593,20.550036712958065,20.215391618723807,17.57466174931644,19.29653032407806,21.590817198810722,19.097062893927408,19.231588006393228,19.449461207758013,21.10612481023123,20.399986854377016,18.221118060904917,18.087293997978826,17.21966449455791,16.431892104274876,18.58271773318662,20.63417221573707,18.37812625085118,17.41331003998213,20.44457157518459,17.504762824368285,20.048054996646314,19.705959994174425,19.112271337888103,20.03020278033293,17.64765401618607,19.327212738072024,18.954690135164466,19.76186051511361,18.609195789061772,18.564415917930194,17.145899864599272,20.423565310974592,19.9680313727716,19.81860099617191,19.85491965574608,18.85146828237237,18.388871274666503,20.76865228243932,18.769842910958825,18.614953504025216,20.58246235790154,19.539583981531802,17.703845983676953,19.96099490644726,17.372456426300186,18.75813619282189,17.67038847371537,18.90302653247985,18.97673795058187,19.27023382045282,19.73998601364613,17.780674157325514,20.17416560170781,19.699169607302338,17.683111999813427,20.277655366895615,19.229448521529783,18.64641103481562,18.999649985652052,20.426942814345583,19.42970106450011,19.023428733820634,18.024586620781292,16.670485098956668,18.544537886459164,17.94795275849865,18.653588998770125,18.551945867653288,17.943669132974467,18.346356386172463,17.412438775849573,17.586946825568614,18.66859223596728,18.755383673214723,18.59527492677732,19.724112386724332,17.903101291481555,18.555707743103167,18.27046442657828,17.470412136742347,18.3670752533275,18.28492036333037,19.3571266847224,18.138639220219506,19.21968798955832,18.032550057813893,18.718944365397427,18.26808126951109,16.61209198356816,18.68355187458999,18.253748125203398,20.881212361932405,19.5138675292574,19.010681882392685,17.690497621275917,18.529134729475203,16.26728923851862,16.992751756666923,20.48346956587841,16.339991104230137,17.813197024459814,19.646801938909075,16.449641493219982,15.69169866192263,18.356076933741036,17.49357390546282,18.421287768540555,16.370645635242614,18.352489753773018,18.22635045947089,18.696392795808162,18.48752367929735,18.242913000520762,18.469503831610876,18.66839885775375,16.44878499767097,18.46663037323035,20.373186158504033,19.167821577991326,18.76284115001392,19.32084515178795,18.84018892472829,17.770276930015473,16.019010289516515,18.734955198620433,18.51584298821587,17.251956331403303,18.713453583734683,17.49299370756525,21.047862967170417,18.8210066566117,18.33365891063559,18.146274823507966,19.19270769915155,18.31228669192896,18.474799398617304,15.519471448345746,20.11283919452686,17.948242245196184,20.07935567475937,17.723012490167893,19.138512041624537,18.315575812222107,20.809635517567962,15.449820978049328,18.72865657434942,18.89747582816646,17.641974317945653,18.24020282030342,19.271306958313463,19.291764674725798,19.538031832629446,16.686776071991194,19.258206805107744,15.12649674460184,18.078621527949373,18.863585830463848,17.960179200556173,17.92099189131979,18.130469996046468,20.9267900803741,18.822339518133784,16.44786101162468,18.987921449358048,18.39330375435994,17.10560858996858,18.17179883627863,16.17394674196778,18.049520802011358,17.31695524896095,19.170320382691642,15.321169167020724,18.792000652601875,19.660750064646834,16.262472844382245,18.898943172878024,15.53884352763774,18.09632405378903,17.74639305424746,17.92585727071616,17.616752844010126,21.590404710441174,17.59058394666489,17.656009133777207,16.820889040864625,17.26679726590408,20.292617649605198,17.416992873301105,18.608623213914612,17.81609970384275,17.0281742639461,17.556771599360665,18.94288252517993,19.662116943569963,15.40950617459744,18.29316908440529,18.293591066740774,18.503223859444397,16.106617975527282,18.092819142340403,17.280451360288456,19.19438581623131,17.37990202767835,18.348885301333805,19.15209610166203,16.992534755857818,17.543523678647226,18.3936577455162,18.04305580307307,18.510438463105245,18.8615124732087,19.754965853566976,19.726572783449097,17.53143568260504,19.825808403565997,18.18024854693366,18.647103425392547,17.035296596870094,17.100716634115262,18.57008791292211,19.076944369277875,17.887482718583268,20.4691109265467,18.178524566216183,16.382601373668116,18.472276136687395,18.627691333930905,18.23328045126566,16.601695130370352,16.69537029451536,17.482267626448092,19.690746820218298,16.920749481948402,18.842676318010664,18.447608754732965,18.36549763557709,18.474219475488663,19.592521840358007,18.152953531590395,19.162663497274572,17.481712368652524,17.867177845950767,18.402597884310516,19.215657847835164,18.01673254692777,17.89668222453965,18.173265178733534,19.44062927759724,18.7356570243457,18.27820591353576,17.58807358837661,17.841752179860155,17.03587205481297,19.864250640486528,18.785846717188555,18.86562985494223,17.00000560424205,20.07442783449806,17.138712659276386,16.343052060544636,15.217071858369794,21.70627951735142,17.58761254289134,20.003220035242133,21.200678587173446,19.35201449435752,18.688403037644644,18.265233699653805,18.541038395583737,18.5124688078382,19.78622936147671,15.928377765607403,18.381328872490474,17.995915509235253,19.637217869681038,17.013110563006872,18.16634463389646,18.305082962781572,16.355730041192693,18.477997110321247,18.318918402570098,18.774736390827805,16.76279266584938,19.481625059126685,19.41812746796924,18.678639563743133,15.405942754257307,17.264258910321125,19.456375425674405,20.038828911978797,17.928918363604723,18.593154849508814,17.730411098362307,18.474534013780406,16.11999383931845,18.9349183774679,18.381287944714394,18.78452968197174,19.186033015048643,14.979065318734076,18.56368151524996,18.00180941680267,18.214509187232693,18.018624371222813,19.36106551545063,19.016897227045742,19.441799365864103,17.803818646388684,16.628324648741327,17.993694220428164,18.446107326684963,18.502768563977362,19.06174061626548,16.328261188849925,16.281467982871526,18.1709126478191,17.1734603186355,18.383956534885314,18.934033317310057,16.473743788566054,21.034521285004544,19.309334823698865,19.558167186536863,19.50296064241195,17.756387851785632,18.1548129929845,19.24279642339556,18.874103027848527,19.2625707749663,18.23194684655483,19.234149029889448,18.997288281108688,18.10447024512282,18.922082909630387,17.2254484681183,19.36317409563971,18.56114829161808,17.80743283455481,19.87662466253556,19.53784970091244,17.9546337917386,18.814250562504416,19.702275206345888,16.93254373873616,16.53027638967565,16.122974418175378,18.826911277742344,17.385916385636474,19.56058103540286,16.683909470693806,18.93789855904759,18.19726065863586,18.012252719610515,19.33838961477298,17.92479179564185,19.05500519039158,18.861172719064182,18.42920070229285,19.272643281846577,18.546988509050706,17.938553002392226,19.022027762512998,19.830579355244062,19.893000642149726,19.73652791810936,18.287662762461967,20.542095981058207,19.453421995067828,17.188012658419645,15.451653941435428,18.757416884536575,19.798613870853377,18.475976496435685,18.53594578754614,18.738325129648544,20.065530484004356,18.27782457336114,16.957181515956133,19.261881613436074,19.784601514330344,19.20128367759404,18.12124973903809,16.203707233650018,17.625200356622226,19.291118831992872,19.93993872070746,17.468554204264805,17.1519959171825,19.539888016462992,18.273237087528265,17.419566009433026,18.834198414779575,15.8143689479769,19.63372337726449,16.884358356012093,18.71061273346825,18.20159670168721,17.673398620739377,18.333140826534855,17.911947270019912,17.86022548864239,18.574996970782948,18.750320340568624,18.069613388914792,15.39234213017842,15.38460758794794,18.041287155192823,18.48333007307503,18.283652898541874,14.860291010232345,15.777429026573499,16.2178255812146,17.001556710984588,16.635446809949052,17.809018430752484,19.905129694197537,19.211307221152378,18.30773094467065,16.524022926827875,19.32568955989425,17.327092644160217,16.83088040060293,21.246702728971396,16.850528258992583,17.233983708727784,18.841525567865105,17.93607045337113,17.89685201556952,18.63159536443012,18.183084516715514,17.675922102898397,18.56108175980381,18.363240613034836,18.90122702597687,18.633214755712494,17.888013749534085,19.7799768072494,19.04676601182142,20.135586665126922,17.565602380935672,18.58961375409842,20.30265983404657,18.333759434604197,18.70280544426471,19.794928435151228,19.373097263911315,17.160983553886375,18.009011850692506,18.33751431339229,20.322769265341222,15.164931149638631,17.846344165134944,18.69948894006855,19.369014965075753,18.41144874755104,19.212726456261194,19.38097913034536,17.956671013728034,17.653572885678866,18.024538458864598,19.067768335522537,18.47771314491855,17.36808533709077,18.916201273115906,18.126728254829803,19.16141830982633,18.185049317683916,16.841201431630203,17.4468114850708,19.757206758299812,18.612183769930418,20.425172710840123,19.153708713449916,18.90016054710994,17.766067414883846,18.596023698310635,17.532578022720724,18.141283213499932,18.617214365350016,18.75771725764578,19.17216414302215,16.620056044788285,18.617281408583526,18.451836927847324,19.592268291127525,18.19687480607803,18.92221980816425,16.389670525721225,19.328246620672747,17.335858211231017,18.862677603020202,18.234353267233008,18.946642632296378,19.25655705842929,17.650576394992473,18.78485936426105,15.970143502803976,19.535768364697535,20.055019275623984,16.72660814281108,18.22003626911152,20.227189081799928,20.303784267790295,16.715133943904895,18.379391419060262,17.05563583234065,18.58763980062156,18.55440182873617,17.470880699119164,18.518089982122312,18.3260856849607,17.56158273247194,17.311302737629642,19.913390621938294,18.81606385147025,18.08242168782932,15.791458102766523,19.94084407537941,18.7761018441436,19.235652999372586,18.843171575742872,17.181912136478363,18.067680398550856,18.89841386482518,18.220738000975967,16.439042670219564,18.83318520227793,18.766100916147295,18.43240865923453,21.096918780333592,18.954939018070014,19.937332422260347,18.218010795472164,16.593519506364736,19.338250763659925,19.694504652489503,18.885213519995947,19.18863890786297,19.36145781364609,17.796226254053053,20.678147755890482,18.09930468058346,18.6080073002432,19.48106511995896,19.527057671441003,18.24333968925451,18.43332636087534,16.744722673974206,16.562872994832745,19.449713524222318,15.06973297654909,16.703124733413976,18.070474419562995,19.21834171358402,19.143972388337534,17.909664007385164,18.534528573890693,19.09934095389777,17.76561927363739,18.814384572604354,19.882442300499836,18.91789441679643,18.94864223686715,18.519923446141508,17.177369896986878,19.801059094918685,17.932272279182538,19.498137252128597,18.65518747912138,17.249348172964964,17.882862382672418,18.601087944868414,19.675243898831994,17.242520901566763,18.598628318038312,20.461961713130602,18.51323914855594,18.172405480299407,14.862753155501952,16.102961332994106,17.484501439495162,16.681473756020395,17.921138332824807,19.917634438264322,19.007071575650446,18.908189104283768,19.144058006878737,18.70724203751292,19.17786129686076,19.42505970627626,18.68130081551759,18.246254642016375,18.056372439747733,18.48280411920949,18.1522675147304,18.547039418222518,19.82177316769445,18.315622836123822,18.177331751812144,18.963330717242794,18.906589138193723,20.501259064784982,20.17507009940007,20.368486200042653,19.39951434764315,19.356238702370053,17.21637492438668,17.734134364766746,17.863375286709655,16.97672553410771,19.103898639170772,18.859665689537604,18.664739477376017,17.49130373877046,19.059389878780305,18.33214250297892,17.423859455189582,19.688722527607613,17.213999616448568,17.47693436998287,18.92569407392309,19.26412001995693,17.376701343538357,17.453902831163397,18.775461856466304,18.668296784857603,18.558019854794832,19.68300615192037,17.201474397824143,17.63550121633346,18.280826508712853,18.437339439233273,18.611966602085687,18.805502586977322,17.49337560764061,19.05603407494613,18.978043877480133,18.810024159049078,17.313280090004266,17.35377488921819,19.977759328352494,18.156861585833166,17.315815016496117,5.227050610944328,6.214322325906885,3.813734981833427,5.500367990957187,18.78715947587683,13.931446764763718,13.865372236654641,11.094502998290283,12.037832681912345,3.6831452082320237,6.325565518272381,4.777731748038633,3.934583585564357,4.633558776944601,7.152260649728963,5.862583779851935,6.461148195669608,16.553133930845355,17.067170052851154,5.9206256178587235,15.893808879166421,7.402961347077922,13.401518474452907,3.9911593087879678,5.219372687081513,4.266402117434598,5.395766733610402,4.250146495608547,4.542579436608454,5.406827785901344,6.214700809888281,4.4030218086438415,6.471479176015679,12.65860703509138,16.28103611250433,13.233919799394835,7.676074397691265,16.15523726738298,14.94192718371629,3.923586448076832,12.454030030367587,8.387943225691064,3.683133661320167,14.842143644349367,8.4927889877415,19.193552004178127,3.5791877258380613,17.622648438585323,7.656192913829948,5.000069599224084,17.564970783367837,5.345456544510953,9.213600192844329,18.4791562659537,16.051133537238965,18.551064338790223,8.082228147884749,10.18457316603663,18.687328478937562,9.735798969959456,3.146013113741498,14.474382984810404,10.839707854760446,12.986347844556542,7.624898100016006,5.2376458074412495,5.432461345584949,4.431044615101813,4.21643947402648,12.267357962701825,13.607765759371398,11.636349170012677,5.1616937455682885,3.9594626233362544,17.200167565090553,11.561176600623584,13.670991820658012,4.001591194715724,7.693148910477113,15.954229703331148,6.420231160470373,4.921108760001975,4.189571954385927,4.497272459063318,8.342667863545799,6.990741528783074,3.0537253803968776,5.750660811204876,10.923793126880275,14.33332519589939,12.057652283854862,7.169356346648947,2.904285936832973,3.693486387411356,16.474615949347232,9.277409171835203,3.2498768685419903,10.51241290311173,12.051683337303835,4.840559470471138,11.809747980278217,17.2584855342232,7.158978206413848,12.042176697186388,5.0045162092088145,9.768683648831145,7.477340038452743,8.854906746424277,6.08552557171419,7.853385945286649,3.503757274522143,17.436007289313046,7.4922671346401595,4.544711731577995,5.215934035787919,3.078713668419677,9.696508917482452,3.9007557836690947,6.690821520149609,17.876868493921798,4.615580426956453,14.111561516185613,19.633235147582045,10.949878166627139,5.450123315791145,13.22936478290738,6.129499746920218,3.9391984931877126,7.902005594271567,8.970924512299845,4.2209089818808945,9.93161459899048,6.742424091691288,15.421686202718869,14.972879244650418,13.965602317029939,8.796540103489578,5.1249336062192405,8.535171504756422,6.895483689697181,16.22864395514873,5.646351441165501,6.202702294206716,8.907135245964271,14.522556512832374,7.556481159302747,3.880293386690592,6.578236607800635,5.287569547063197,5.771883879025297,5.853402317646127,11.92817209369839,14.59498310768124,14.718002065589626,4.146602168724787,14.699917246725251,13.059936190454938,14.609397889711133,14.53133360574121,7.84018944329943,17.562774169329888,5.400725304664378,8.420525518689296,4.455651439941649,17.48736062578411,16.806107633168526,4.729019370198904,17.7041155294531,12.999461863706065,9.298695213696352,14.256221579466729,15.960311942523537,7.548276180876376,10.341684418813536,13.183529941019858,5.175496370029569,13.50849014673636,3.93347734766163,13.373224039210141,7.422921972867829,18.417634821117634,6.882458427278854,3.4991982408926123,8.425072053564968,4.855166114753826,10.512715635218294,13.03740418206881,6.223580463151362,3.4047755125359056,4.380781625162106,13.942404041868032,6.374481131936581,2.6702481605909703,4.267334387117877,9.697073906085794,17.37150932227751,10.021312382620835,13.364214362218393,3.379533819675831,13.363554944085777,5.59249469340639,5.420596605733975,17.836636388536608,7.711468574393418,6.784596611903432,6.788704975941092,4.302679674300913,5.564028372379389,8.844674621377152,9.857114502669237,6.225989348486454,4.522084766032552,17.885173164384856,4.852945639373429,13.844490226514333,7.35358407985615,4.355640578935115,7.749890984699793,11.327604066453633,5.019156899109525,18.57339423010087,4.5487605141426135,5.219707011452023,11.221099594709415,5.991758186533957,5.014660180934347,3.79010116111416,10.226887164278414,17.574424981636394,6.198145880967466,6.0802426184825515,5.102176741274222,18.366260685422898,5.21973953538247,7.188925678257075,5.349902465905012,18.786853025693024,14.694622892139622,7.491305707183389,21.075776636615167,8.032626818327891,4.140325875544183,4.120570287496212,6.088899808530105,15.912058864665582,11.852946707741985,6.548342619571543,7.593495770096971,4.060658226589813,4.375177058393311,3.3535573326601615,8.992338824772778,15.012601389230593,18.581297204884137,8.357403406728707,10.377047218913031,8.93590692402348,17.749222709621094,3.9830325409461986,5.601784271069335,5.922176098723612,16.893986895331903,15.343945680602545,5.043322003824598,5.632528683137902,12.80987688571257,5.39871762374066,6.246908735228255,6.1632245002372725,7.857852692275436,4.485989992668217,15.188416702055177,6.86319316857921,15.940410837526393,5.543227807369329,4.053542586708687,5.041409368649121,6.562719588971657,8.535715707158209,4.994926329617993,12.900009730118294,3.0510492053051195,3.404128348553045,4.411483817389914,5.401005392138782,3.940431916616185,9.792036471371526,8.283590880236378,13.376267933245554,4.217275289729897,4.29447241561624,18.525774292456088,16.00065589560019,16.090226516223865,15.070732748340683,9.314788094545817,5.18872760016333,4.548540110815796,13.973278619024107,6.872204495238776,13.403101917517532,17.036390695601423,16.64821935285098,16.580839108394994,15.835488387841243,17.122852172473525,18.185267336380313,13.544302597220188,17.322815212523015,14.62222902677618,15.005141771588494,18.29131724975988,17.281075573251268,14.408158999293862,18.511665310152488,17.227113684779912,17.89876519787588,15.59488464108565,16.65666045979473,16.923283881760295,11.90861432024983,17.001243500626735,18.61533928063253,15.289754320829898,13.457159780700913,16.831437881224076,17.948340038489064,14.493711999752941,14.513080716870281,14.167782198267776,15.511078665054562,16.23448476149752,16.38638532744112,15.121467492313997,14.74856024577314,15.957857298610813,15.836459297379914,15.994504523493621,17.31436598153889,12.97746916427583,16.30324238397699,17.12625711820569,16.679608504666543,14.275247576386933,18.284296214533505,17.00562703040821,15.172399781647906,17.22934577759489,13.708836305683185,16.397107891551233,17.03690688744368,16.83950891380694,18.257196127863374,16.324746842978673,15.81286685756759,16.87269201393411,13.918792509126703,18.200182973151687,17.026691753791386,17.001762836089245,13.238381053544423,15.697121741148022,16.128307351668994,15.289658481997161,13.622849433438331,11.90981033316735,15.894661801901089,15.479444821274777,15.797017218959166,16.10536432258745,11.356171912531437,15.526986382151081,15.209756318348228,15.802182935291146,16.06971197014226,16.374567128156297,16.391381531823747,14.96568358884077,15.127666337748858,16.51010783917373,11.581684229222843,16.04368130704703,18.22486551507703,17.05408279333895,16.76048063981995,18.38117960961457,16.361615598947715,16.097638742376322,14.168708080793992,16.315526705583444,16.710781953669166,16.697935945665932,16.031979129292463,17.18853543642814,16.576982396951866,17.85901174225934,15.916125315863374,18.345954272017394,16.254864140615307,14.550566561912591,16.89867160173802,16.10533488376957,17.000816599140492,17.685338183053666,13.30851080650766,14.425495967625178,14.763854050005683,15.38739198387457,17.14506413057321,16.114894644708123,14.595206317411709,13.8159255940419,15.930521683302283,18.424102834578186,16.326562545145503,13.589157707765452,16.06892768904677,15.665820280080151,15.943106917436255,12.144944894923988,16.998927140395207,15.546704926843551,15.584355543266696,17.513459975680245,16.84341715298265,14.168804542525038,14.82053116274994,16.68237606237323,16.87578630817803,15.486282769110005,14.897144411756706,16.062890781311115,16.993988146621405,16.618000186202032,15.57582482418783,16.768142086554054,17.113488183965796,14.263190157470689,14.690946477674558,15.296622169819173,18.34649394849291,11.472505801228396,15.66066515075703,12.768639603321315,15.514218682849563,16.187329833282618,16.473988691939667,16.084201506769688,16.781451188263713,16.61019129542615,15.947458986496555,14.481969895842825,16.421399636759798,18.747005063932217,13.518646670794013,13.431555785957402,14.983448836942358,17.164634277236736,14.77634697840298,15.858744792150487,14.681170990319146,14.91455269354748,15.620416597174781,18.315639557439095,14.310394953762943,12.54021043566658,17.19745170053543,17.211862282039256,16.894368471872426,14.590716958028391,14.898832023530714,16.966018818734245,15.980514594252261,17.177240378482058,18.57060386063485,18.262999207108358,16.084916852402795,17.071191279072217,17.039212813588062,15.882905553147431,14.175522058985493,14.727289777206536,16.907313769029,16.955906054349672,17.7272526208008,14.830018595877272,16.94893276592677,14.639678004732664,16.207966133173432,16.415169962728644,16.587497321466998,15.355039906657376,15.347812741421347,11.353178014706383,15.59782963592302,16.68909210627851,16.09893924609421,16.91754899311714,15.480564320436121,18.586793071940754,14.120274821435283,18.081434348895453,15.20930617219095,17.043091913553095,12.724342688732637,16.470005199339788,14.890147629564721,16.93666235716309,16.40101333407865,13.841707666880376,15.610563854289829,13.191415726710034,16.304159518261603,16.595850116137274,13.64566400469972,15.77814148107048,17.19323467521438,15.49478016701753,15.454811820899947,15.918392312002505,17.98781591058834,15.030767949143012,17.00291818147572,17.130034643592822,19.294855273692782,16.03034178859065,15.389399337304972,16.56605213485968,11.50946843400722,15.60182036854156,11.820837270022933,16.634894334397384,15.170373969978844,17.375888471712233,16.3356468332852,15.85967569512159,13.136498513616848,17.89408213959652,15.486846090934163,14.199437686852507,16.56260883067021,14.8760586574928,17.08121892017803,17.06014399092169,13.826216878812449,14.713417401623094,16.97381236552959,13.96166983672326,15.976532296436085,16.286771559962844,16.385255752759335,14.352920075010429,16.318413101558402,14.978551964966615,16.48985119683937,14.21052533943679,12.71268841756161,16.46340017530313,13.84983378431775,17.692877498003163,14.097079043088927,16.001662339090768,16.09687454098481,14.171772802413498,16.348216262857367,17.519314283281492,17.600213860659718,14.388770207720196,14.76516084905957,17.08930001404326,15.609900673936522,16.980709328220296,15.075070938839136,16.051675530935515,16.946239715699388,16.08899334461258,16.94982590306972,17.881885350237237,16.56467241019595,16.15265844146388,16.579211331622222,15.359671815514783,17.07602885659992,14.7404854546368,16.631197851115942,16.559520178640458,15.57406752945243,16.2367565311392,15.403755118801724,17.09012245519683,14.974584788777744,17.408357573392788,13.740447375870733,14.997663001676152,17.95076897079112,11.642481487538603,17.481206420359133,16.47235287100564,17.302515109197852,16.032717639970027,8.606058730467664,6.103516918496056,9.396084991164336,4.174552473766993,16.0080784337547,6.120738353693691,4.771101167059315,4.765155473785542,16.541554282655994,6.15845160867,18.038546551603194,11.84164348906532,4.969351966914877,17.15800885001782,5.851922039181824,9.468953814252949,5.056500202767753,5.938598134987144,4.222617713697203,6.955629175400182,6.951438883284778,8.314946248994657,8.63589114710248,14.358552315918867,12.047921676943526,7.609406607999683,16.816981877896392,9.710750258462967,15.219208495033154,6.6566655710538285,6.28395990845681,9.061821128481585,6.376169000174756,5.951237791875081,13.491656723290543,8.209007676727362,5.723809563432541,4.948111390551528,8.213304281089425,4.130466413234574,18.021809297863356,10.911190345455797,16.39106707733154,5.3127881544554345,14.618404307940944,11.502586265892916,17.18393646547411,15.621254287276571,4.503494121494201,8.791582626584894,16.41718377840013,16.963630372762506,6.663049595790969,10.43032515563857,12.230498223917708,5.270134005891996,6.5668738290746855,5.079235622840227,15.834361120138492,4.587856862818069,6.0168889931964555,4.104027520426143,16.61421053692611,5.829742104344084,7.485871884531179,6.034901873807381,7.372431877668221,11.024170937526035,9.469880266968007,4.307817207168086,10.529396483920037,14.811789185106976,15.630422621555445,6.5503437553179715,16.481668836315592,16.930101680315857,11.053477790640338,4.82305903975235,16.57572596133266,4.908482368283213,7.869153604267183,13.255627084716425,7.779108963780402,16.024909285315644,8.799618728484619,7.549809402898393,12.411414146408408,16.722198692230045,8.735304893068111,9.939383348799643,5.990220514417573,8.676676580945786,6.117977579985438,14.183734554916052,7.321307757359187,8.937639849828582,8.076969209860486,16.378593172183972,5.146822745361793,7.010754952824484,16.437754448866137,13.366391003008683,13.021601475909694,11.456571679954013,9.604153979819783,17.129390675315708,14.325399916951616,14.750992224377933,5.334732877810949,3.9922276261671255,7.5704863633355615,5.385444787233663,12.313457872894531,6.905112180865464,14.913285057260305,8.853779716848633,8.997422026750195,7.5425429627968805,10.214300112035012,5.9569833660743825,7.5763395283471615,12.45631088112335,17.139448559520392,15.69871105127624,6.655984937095796,7.702482767128606,4.4762461157290225,5.540128240957809,9.88120972318252,9.897124441249842,6.878808719609226,11.079601710504447,16.916870251765168,15.5054997064094,6.301234377158682,9.248414229600446,7.192142764576181,7.507695431652422,13.93555939340214,15.501194971671774,6.420700325899034,16.71649045952825,18.144984906920538,12.933428682116913,17.37797270600864,12.856732010468262,10.38881340483725,4.938227886255482,11.290155495224148,12.3574367209329,5.176912515724088,4.402962515936152,7.846996629462254,7.2007475943760895,4.59555624474745,4.920133505974647,17.18112746250516,7.639733508971785,14.640633938576027,6.027810312773641,7.311603002144924,6.316982548142449,6.075077294944482,15.78518480705981,4.943955125742646,15.72631112198478,12.972076416441917,15.980009080378963,10.724156733864692,15.245755324017296,4.320527510369844,9.537747027980377,15.27946173044887,4.583862928781386,6.198284701906616,14.879660450232798,17.54738584851272,6.866095506624291,9.043972245128762,4.300359687499877,4.51052961458569,11.619059627626541,7.545797193253856,5.231262203339913,11.668842006326896,4.970424912422385,9.787153709674799,8.63150338766061,13.376301538773038,4.9337718438033304,7.428333586711124,14.677360650360317,5.265607465012087,10.828313091385048,16.228305680017478,15.456419354552372,12.419346757537763,6.669808813486597,17.57297049973658,5.266888463629194,8.953011850262861,18.30421347624811,5.306026438462641,7.0522390269937345,10.41047036641133,6.696733827189218,15.42690879738068,7.863444462396567,5.807731189485692,16.476287611247443,16.06631978286958,8.909563784539511,12.448592056606527,8.548380957909476,16.459471998746494,9.27954818307143,7.95479637602453,10.192833084586894,7.091924320918842,10.935989783995312,5.331024384957619,8.611516415101793,9.435938543539184,18.332246668256392,5.393782273964904,7.532810651762883,5.43979909140522,10.119651733439136,4.709010915763403,12.499830527701183,7.422852314815961,6.7471804081060744,6.293234727967789,6.811307389040727,15.808282015335514,5.3414140168997735,8.04591247861605,6.636347197022968,7.533184302993083,5.622441728405825,16.39399085733695,10.992459045544425,4.903880654306148,11.649409925252167,7.176756400454235,7.620330323726198,10.792629737393275,5.368026311582264,14.678539913829391,5.9449454697448445,5.886287103492823,12.864023147158688,3.9127339268835497,5.390408481028724,17.840208908241248,5.202396861613064,15.603731936382491,16.207459241478997,7.911103928694335,7.856723796904748,15.995413322021346,4.581553176045375,16.607013248573285,16.364512415233957,5.1948071658255195,10.77893648147629,10.898628558191511,15.095229583493605,14.064069490865545,7.215172095912972,8.114792280883998,15.554652604596178,6.094179832456717,7.082027597968255,7.441415620855696,7.393342762908442,4.551870623206546,10.314536680441217,11.442025785799254,6.747128560197608,16.273416124622273,4.5976781207900785,7.564495521080411,11.139975464170234,16.38407153415699,16.57883662600349,4.988983875079545,14.196184221142968,16.25250529851418,16.159882104115525,6.86812487077576,13.23809004561584,10.814959066466502,10.52229180815684,6.271135038380678,5.054094735196669,4.782682698625919,7.865240296833923,16.978268750917263,8.297141318328896
44,0.49829775031875656,0.5813773787285496,0.5222681701443774,0.45821986768314366,0.48261293599674615,0.5507541245867942,0.5769733179632213,0.5192474305572075,0.6009012677355301,0.5162231081985902,0.5203154160212485,0.5415120557430466,0.5361480130590541,0.5261810095137921,0.5346327838128968,0.5536933202454631,0.5751388455582294,0.5165114932004616,0.6029606210517481,0.5604569783429848,0.5794778115513838,0.4821358163645923,0.5243594044887665,0.6553791799433428,0.42176019446976487,0.5870279857075439,0.5457866994651169,0.5597331494055088,0.7154217976768352,0.611112314881257,0.6382579881607803,0.5574287464399084,0.6070540569210259,0.536130019466109,0.7654956716964488,0.5079048003954052,0.5570731783680545,0.5450846647445443,0.6847439733580044,0.6913437201515797,0.5781792837949786,0.5368096121637667,0.5845325588371602,0.48395201166892055,0.5136597949407896,0.46220179955640306,0.5160693349434059,0.49647381051982775,0.5404755133152486,0.546151474987698,0.5582795921649122,0.5574372207219992,0.5751136279583061,0.5342441041941439,0.5706540210075164,0.6340718601855351,0.5587084921693349,0.5304248121927035,0.49827442311281983,0.548518903070011,0.5789163560683068,0.6043556418378344,0.5022343819314955,0.5223991399061524,0.5175893722974407,0.5177516268474959,0.7135338137611935,0.5671589301951213,0.6259619654892913,0.6080266235217241,0.5298947309133551,0.511468993398891,0.5417198166992908,0.6398074037096685,0.5521553410416774,0.519424664924484,0.568731001562083,0.6305871055132561,0.5390419586127393,0.496298292532935,0.5742797364074612,0.5596459929440653,0.5585950299390156,0.49539003437564066,0.6059401590282854,0.5932078877183155,0.5293698538094188,0.5051931415029888,0.4854999110589726,0.7117616756072591,0.6649048505651237,0.5588181629630601,0.5192601230968339,0.6154657652841748,0.47248345319387774,0.5652894400187712,0.5009082625357861,0.5931586153326662,0.5985945932587498,0.43722995566828654,0.47394487283232156,0.5106024129848156,0.5846033238832599,0.5755517134843243,0.5722247018249956,0.5383652079713831,0.559710060147444,0.5806521805343728,0.4589236060207055,0.5207838898237244,0.6581695684589817,0.4858236740074595,0.5479311640798368,0.5578131965854287,0.45222270939695747,0.5569224459134466,0.6254016862594057,0.5728504159784213,0.7077924389339776,0.6113548853547456,0.5705408533536134,0.6081143412288258,0.5782426447817033,0.5700347763787065,0.7536593160821158,0.5810350804146682,0.5532578290103424,0.5355656897006175,0.5272320999461393,0.5582540390459557,0.5838930324683983,0.6428379996296012,0.5990279600421511,0.5522766627708353,0.4480595336762276,0.5746796448296726,0.7055770866551698,0.5576344834416523,0.6921491259754364,0.4585484690692899,0.7388318922777082,0.5835380362264736,0.5403006477099627,0.7314389548917664,0.5746115180081389,0.5094002528300019,0.5367215801424708,0.5435726452133761,0.5324256785337264,0.5477723068837761,0.6681594812527587,0.5481344433949935,0.522241398925387,0.5344870103341115,0.5264258731779278,0.460832866701387,0.6086317227747657,0.45865529983673187,0.48592793074139373,0.5601395055358942,0.682290174823736,0.5269492796623604,0.5247855265615374,0.5411863847282732,0.6908992330923426,0.5479814906891299,0.6676350057908653,0.6208720331248564,0.5278810629536533,0.4739908547036931,0.610852086392941,0.5384374197796917,0.6197041802502717,0.6851742686055361,0.4402752972569903,0.570731098980646,0.6173084132149222,0.566455431574354,0.5486163833091553,0.5425842310248933,0.5342909398243845,0.5286574545118522,0.5113167471843746,0.5835271006348307,0.5191803256662978,0.5343192721687298,0.470032709250153,0.45897741384872504,0.6705372776157612,0.5394489512431632,0.7327001159416338,0.589834840676109,0.5394149011556768,0.5093898971919508,0.5859599239307637,0.5365802004165959,0.4560002816629961,0.49394705058848865,0.862966545494469,0.7346732705378575,0.5417965768583,0.583519972793275,0.4894217005647215,0.6546795056199327,0.588984916342256,0.6451550567009062,0.5379896551684569,0.5199205436135621,0.5652968595535437,0.569761628506591,0.49814986377991005,0.5087094047435365,0.5288772908751828,0.5186552606233513,0.43791969199206193,0.5493772128001438,0.5187452182273388,0.5964529989234544,0.5385116494460064,0.7063366106293353,0.5104206461475674,0.6067664425471013,0.5245498735426922,0.6067036496237111,0.8561432109735945,0.565754772386748,0.6682045439394338,0.5286589329439435,0.5464066922431791,0.5660055519683147,0.6238498739278627,0.7567814966420813,0.5436630197853464,0.5219550205279186,0.7076331245769334,0.5383304491560574,0.4771191964945995,0.5676225423232794,0.6275786353820725,0.5425232283208137,0.47961004003150576,0.6070947235813322,0.5761678835297861,0.6787596899741998,0.6452575397763045,0.5551969540227715,0.5808330593209234,0.4936878282286543,0.6125450208537961,0.6324705989443198,0.7505475359528758,0.4447230499546691,0.5101399682649377,0.7468621701520403,0.6017347264740202,0.5867072622561997,0.8371483049557351,0.5506262577108954,0.5099607877455832,0.4430621180133673,0.5048303828624021,0.5063706832522258,0.4984015692769781,0.6358960510323921,0.4469061174166846,0.8576165451466158,0.535689405842826,0.6565091493874999,0.518276163886861,0.5891058109244692,0.4738838562341861,0.546663926637075,0.6780394211993407,0.5434643683025523,0.6058754780020805,0.5983404876695972,0.6193025006264821,0.747284539388923,0.6960767007630646,0.5350326451098512,0.5469426240315727,0.4830435556106209,0.587297316847007,0.6094858049716867,0.5351666668779663,0.5681918663857563,0.5224836419231594,0.6767364071067548,0.507331481150822,0.543142772228114,0.5509960052547855,0.7397465156286692,0.5324087658343608,0.6133283621040381,0.6079365852330726,0.5495017556817839,0.46460197840296413,0.5128004095497335,0.542035888450011,0.5822919184376731,0.5254159121567462,0.3340744714330489,0.21701954346733127,0.5009612918869808,0.46901066510630746,0.548924629258408,0.897927307261323,0.49596545203492326,0.45776840168181554,0.5209639827814435,0.5208333531408988,0.6906723610747579,0.4552941053200773,0.28655577021220335,0.5628933475888704,0.5335255693100348,0.5700532331487451,0.3398612286719052,0.3677901068503694,0.39979893671825173,0.37675401619885485,0.6078671931597367,0.31585848284919066,0.39236388096604774,0.3493105542281597,0.3190881210645004,0.4707846063560498,0.30953525474117616,0.6929361068217793,0.7050189240626116,0.33543582515305925,0.4149895366853801,0.7241210132004907,0.5499300013602477,0.6628327462547322,0.5442172168379955,0.39988953884911543,0.6748890498785688,0.939310837170473,0.8178083509825831,0.4671509175675984,0.5061184426003671,0.291344017734016,0.2923361072347433,0.6502388918378786,0.4097162775454102,1.1128893028715714,0.45223197771161333,0.550256586288088,0.525688750735995,0.4753807916963886,0.5611325282991604,0.84174834274629,0.5141639826702878,0.41964569053562717,0.3197775061788417,0.5203195965117138,0.6476609105113824,0.1830004265818885,0.5636515668036587,0.3468375138573144,0.5405360387636073,0.39934469419177454,0.3805618806689761,0.5059954836134869,0.5564127180151728,0.5426512655157976,0.7315833188315646,0.5819553668491457,0.5513124085473259,0.6051080489608806,0.49503994449806543,0.548968674783057,0.2646127603741328,0.4734766418771507,0.3430563273481783,0.6563349580927815,0.3293755123809194,0.7039874068472172,0.6066537650789581,0.6373480660653089,0.5888713087447147,0.4877121934753766,0.5398958645276887,0.5115796298453634,0.1824327857816674,0.5918164108695729,1.5268045419212817,0.5171243677577556,0.6422272822518824,0.6593713917700694,0.6937703572201009,0.21129861932411856,0.24083375341912103,0.44702793438073973,0.4104655880552645,0.7518346343897602,0.8047351561667826,0.5371548193118905,0.5409568560969698,0.47912018426417624,0.40259960279450707,0.31689657483044903,0.5064730092955283,0.5383395763121289,0.3370233778991716,0.6149391665520205,0.7967326986450702,0.49321972393235747,0.4957983107394998,0.41510153549645906,0.6508280399293641,0.44401619901633166,0.18848400528087192,0.6772585985976383,0.6159241100120322,0.34886243003529765,0.38195558676367,0.7006955072764856,0.688217684774367,0.6849660625509612,0.3880997492987208,0.49478001317624754,0.5425553015089071,0.6051593381769563,0.38886063126342185,0.4448787538672463,0.6156233169951216,0.406085916842339,0.5641146387513705,0.19120192252554494,0.4884133964209418,0.47638606126980304,0.1851188492352078,0.7121806101478738,0.8482183747624005,0.6802697938965961,0.6559062905373642,0.5813004962730662,0.742431777796962,0.8490756811221164,0.6603659406641779,0.5047762983232039,0.7396255229627926,0.6105725199891607,0.5910228546098298,0.506109750698148,0.7903366087696984,0.6470223705543638,0.7152137605898586,0.5321391196576747,0.5166781242103525,0.5410868823345799,0.4650780956325964,0.6438313717358201,0.6193740786199488,0.8929932968168333,0.7563184724064703,0.1973177976019354,0.2692327596468583,0.47931143814498584,0.4223075635198836,0.5682015835600958,0.4788323295186892,0.5330518931923373,0.6879753241971179,0.4312262718714231,0.5935403993127156,0.7165876208459437,0.4245370091905856,0.7151433490200655,0.5627022905230179,0.5321977076888318,0.4131036656701504,0.556563480791634,0.42066699437260496,0.5231504501395559,0.7026882718403387,0.8293436060409243,0.4002074908393798,0.4648818339690884,0.39836271890214775,0.5520626410256876,0.6571918285250535,0.3963528119982532,0.3066089182529198,0.6808027985160997,0.5199210722242497,0.8190137585083687,0.8178968631918552,0.6654854475335835,0.3481045412102569,0.5265368425171327,0.46266308618895874,0.5075302552936071,0.8013043963697715,0.4839102022773795,0.48887579446641855,0.511380650737014,0.5614384366600031,0.5348977231711974,0.6417771726970783,0.8141384702427584,0.36661347520367943,0.41316072280419247,0.3379759410234043,0.9817539678866943,0.5334354933376517,0.5150807758395965,0.5283116553767785,0.1954499350306389,0.5748566565716646,0.3599727949109304,0.5364299492639675,0.6841031236110591,0.5054822206354241,0.38757815190156775,0.5181741500358051,0.7778420673018712,0.47495918744070426,0.5466644468161812,0.5830956629254737,0.6815875748341673,0.7461257415069693,0.3705393115884294,0.6135629436773482,0.5078865916176245,0.5879908484155176,0.3545218518552766,0.4897934304613874,0.3634144225700889,0.8691687765685934,0.38787246419429594,0.4635743530639487,0.4771787160684205,0.38725072441754627,0.5243483361364889,0.18663606784204276,0.5842443758345461,0.5078363562333401,0.43290583641870617,0.4628028168900329,0.374224940488193,0.8672326499452778,0.6276235176429674,0.621398099557495,0.35553751427432867,0.36219526199618407,0.9383824484481917,0.6190967348525204,0.768448559461789,0.44304742154750065,0.5558485243954913,0.4100933099180258,0.4581857280027138,0.3352370856519456,0.4484445516941966,0.4692690476318582,0.4043401941943694,0.7794208337544098,0.5749727322193073,1.5158130117127586,0.41595503492372404,0.8149841420511471,0.42070293266748704,0.5668032120729692,0.3403254933473374,0.5728336102113396,0.5042308361938086,0.43669099373614706,0.7376858748339451,0.6223104710590794,0.3414590250216805,0.40316708420717406,0.6278846789932545,0.479553068206142,0.6110240454053937,0.46553892958804816,0.5387088799209738,0.4377434640452139,0.4805832489199296,0.6968185216955296,0.4326486005768333,0.6526335310570495,0.5849652381803774,0.5158234086196478,0.7150161185360273,0.7137517345255177,0.5554582369762107,0.7946720879289081,0.5136894843001757,0.5001770199698514,0.4550388197809281,0.7617633900011448,0.5827337035045068,0.5545891233621838,0.7137290066002898,0.45330320018502795,0.3419527550082869,0.29657749305044945,3.547376621633068,6.004573608696236,4.1751451601673475,0.3983862542575878,5.915214367765437,4.493464006251645,1.429059006422453,4.302419860433372,5.669276058481986,2.8713818435753096,4.313665561653327,1.0294841658037366,0.37448640823753143,1.3145819114169743,5.536973697814276,4.956357562700755,1.665028294819047,0.3739359983427891,2.7005883957516437,5.814558832026485,7.59732921642377,6.404660297887345,3.316554913786938,5.256089366183186,2.951928576733953,7.2246428890386145,5.86403948222555,4.545441746790433,0.4059142954115303,3.8260576396155592,4.281765636860283,5.264183166167676,7.3831438045586495,4.799420326817092,3.444963817745242,6.220489899920178,8.2259064170569,0.7195368129731474,0.7997330019857991,1.9877472758085455,4.590378006917676,2.4848069045771575,5.59558379739209,0.4474190303452083,6.023153303988031,5.551694511797358,0.4265107849731515,2.821713961386675,5.426469067764358,5.040033357664601,1.1252990943407617,1.178467560070041,3.379797237368927,5.99458043204251,7.418864257035187,1.898751916909356,4.1480061162306825,6.998203736388834,3.456332208021238,4.814779771033807,5.965144268706734,1.3476677852043648,0.3847787475170431,1.2590471068993117,5.881715333233736,6.134171263564316,4.650748568139658,0.6415516805933955,0.6267546900813508,2.5998993755954616,2.9644990876852892,0.9606197446239649,4.138940542539416,4.3861934737910735,3.9839998029726744,2.5524112362615994,6.0998332086838545,7.053643401451222,1.1363486218453343,4.583118145824462,3.610064290371723,6.311607432684683,4.79713239620649,7.568265504638467,5.939465322633413,5.857931107655626,1.31854430919961,6.304991053761582,3.1433962651539322,4.5888242692182875,3.9620884193079964,5.564775978367617,1.4215636232914197,6.143550381927771,6.57675646706938,6.144539522230694,4.547545613882117,3.285807434476305,5.333208626591099,5.431881006205084,4.266681309634,5.686240948756097,6.2675763530941175,5.633271753805778,2.807501536640204,0.578262369595419,3.402862622047394,5.802748259586647,1.8882241288748063,4.250677360246389,3.420588291529045,6.117115820026915,0.8831005793945714,1.5364789533656207,5.770354945769864,5.730674012257106,6.135997979992533,5.238435639976681,5.543159917769584,4.707244356654026,2.732545391118661,5.572766530986964,4.3171875433937235,4.1600565707327535,5.716455001986189,7.266235892293142,1.4126038150174018,0.6443831359612979,5.400660211902677,5.712873189250712,7.327988770418263,5.726704028505788,5.739909572501686,6.149462927602691,5.880019092089754,5.1082463002114515,5.716960618688204,1.0495307246167875,4.536077334875325,5.558274240220108,5.719977852480628,5.590947687847946,3.1363396024008097,5.812770222572426,5.7756171900817455,6.299517655285168,3.8421891720194394,6.409693798765172,8.020261818984162,2.3254217439583105,4.576774521808245,5.542402085188915,4.850321958140252,0.5580839881240944,5.739861698143609,2.2521283850538496,3.4750905153596343,6.248350889320511,0.38315770566689594,5.626880214292997,1.5271377110356628,5.908634113502377,3.6417513066715204,3.0160210707715445,6.1160744283005775,3.3785276918393183,0.8926516059064044,6.2687704327856935,1.8561362689293472,6.937427833883777,5.6161423857943,4.990215888102946,0.3820133482656295,4.25132901820911,6.886200541228312,5.431945871205826,6.066238812052223,3.5309100617130182,5.728483381416346,5.620131217512343,1.4459170692312797,4.123418103764187,4.106394970285275,0.8989413927354225,6.141222004427875,5.62171629104263,5.563167810972854,4.194996961162114,5.072013010436782,5.622119456603856,1.0935802059736202,1.0956595496360906,5.620148934342259,1.149930153907296,3.9205077310436276,3.741155594710003,0.4738884431768701,1.7892830273087779,5.682914815724187,1.9927741485439028,4.232432093067781,4.059049700588797,4.995499734264113,5.561001584132931,5.759713449297017,5.456295011189584,5.847693544484644,6.563823041848931,5.956293661637862,7.294011855553952,3.8743533828565218,2.1513146963865317,5.622627075171619,5.284012320574048,0.35330953652033603,1.774385361016299,4.656934756192576,5.95667166085609,4.506886222753449,5.6643847702950865,0.7950874145559917,4.742026064751933,4.010610135992982,0.48114935079839727,0.5513839364221542,6.948854633960107,6.185112827822745,5.367219979122108,3.373893768722377,5.264723752326467,5.805464451253918,3.4601075152294754,2.613294105639854,1.9094039587006737,5.41286542520092,4.244905791462159,1.4966764112112139,5.413079729698349,0.9440625318652736,5.422514311221895,0.9764715339781633,0.9829362982502396,3.8643763155170694,6.140140723874056,4.47081404291703,5.328178181921416,2.6254492368658853,0.4603538648533183,6.289845094947028,0.9716850670055245,5.632121642164945,3.8384821170815147,5.685264194166031,6.071293268529032,5.4485102878523275,5.334798896568051,6.077755157522441,0.499039063065724,6.545710403281118,2.2942878135189053,5.190527887343275,0.9274273710816732,2.985635718712949,0.38582669343179715,2.616603856691897,5.0206338335235285,5.691127813172044,6.089862418103921,2.825091429863088,5.631263894865013,5.695912721732757,4.54895262916283,1.7476172436404864,5.046877943693346,1.4647258491225796,2.5174793427648545,4.83337009652942,4.492226773730591,7.042996715066751,3.9299402758056736,6.8934409542555555,5.677353484686748,6.152291464570532,3.493500465930236,0.45373049650210445,3.528923897389643,2.2865874008816416,6.132639190539568,3.6143073139127697,5.131394141597821,1.599898755586038,2.1293054050360425,7.379334074912141,0.4426605048292238,3.8902365677372823,3.3907255186783702,2.2985526417761895,7.214687444017484,0.45871533140055554,1.4152703640715238,0.4631117892171617,0.7301445461011541,0.4798443354861194,0.2800398513353721,0.6663003811767548,0.27946457528118684,0.37460565383936606,0.6158018273340666,0.40775610455836975,0.41944447823133796,0.5525752297722855,0.3467654461373575,0.5260912184632559,0.7418716253826315,0.5117607565184225,0.38799911708880436,0.3745159468235224,0.4391535530074264,0.38963425746413255,0.514887634983368,0.31829039574596213,0.26537181214645467,0.37435848610099626,0.5608734998537849,0.3704481253098559,0.5118946523441297,0.21871628288743716,0.2964589177142017,0.28300336206333815,0.41378708708774997,0.3605581065808544,1.043343036960228,0.946109524529678,0.5322315323355747,0.3790200122941899,0.3204332252088296,0.36708068037676406,0.4899346476823771,0.4535032905521763,0.5262142780731284,0.8750702862349105,0.3753245846337489,0.39931217890388615,0.4959042470804619,0.3928205390833573,0.7149163401448205,0.34262971263043335,0.42551140624528766,0.4483382000018233,0.4775587231635279,0.49957637492919177,0.8106986466064482,0.46730324670136636,0.3269533384834661,0.30553696778113676,0.32647975058653195,0.4213094545181443,0.570947064680288,0.6367417731252384,0.3615136086983857,0.38592605753264336,0.40389331896872976,0.9043077742975663,0.8903667003372948,0.4340874790433735,0.45241095502765716,0.3755371307242788,0.4763683005843644,0.7801344860538987,0.6598981920287684,0.22457525492011787,0.36858648409414907,0.4117223422024421,0.5094607344250776,0.34903954740505055,0.6858019438512238,0.46500506615859394,0.27805644993250006,0.38078213020723234,0.3770326984723529,0.46668058237983695,0.5110345101490454,0.6604954757220235,0.23346789082726793,0.4667649655340683,0.41560178564480665,0.41571349037194055,0.6053235518518615,0.34309961407884465,0.43133582899726525,0.31551301832045764,0.4435382366971043,0.4246779546901598,0.4266052697674112,0.4286427584229802,0.6054221029975551,0.4018857726968869,0.2983897021710183,0.6118399694897431,0.5495003196323264,0.9426743986719166,0.40241921363312144,0.5229815228661115,0.5631046673792609,0.4569789165099347,0.42574314726356866,0.3645794459515242,0.39012885864172264,0.7369348753108037,0.6881409215016332,0.5823106951718385,0.29888874284300115,0.4879796730463127,0.383593543116519,0.39027527121290456,0.6127182324486872,0.83485385333156,0.5294750473947692,0.41377532320429145,0.35477391621225385,0.418651215371682,0.5433289490866363,0.6046589778739254,0.49665228605961736,0.37326328047425944,0.7433253852692195,0.5382397730922909,0.41050531184990696,0.4321635312731056,0.5395941498475654,0.530207015726162,0.44194568863729045,0.4343049214059414,0.35906841072909346,0.37490614607930395,0.6241624281164049,0.8741291981415165,0.6816188017701323,0.5597195265527506,0.4831054762640533,0.4827703589394912,0.5834538636958175,0.3224103282439053,0.3247396547535901,0.5875465383574081,0.3548021222019206,0.4135407763246831,0.42297200043552924,0.38563342707862464,0.4723657238510398,0.38055303757346576,0.3944067208464761,0.5219138432875089,0.4333481960584945,0.36228132936984964,0.8320559914268018,0.38341601183135077,1.0275501292403948,0.34091553601870017,0.4714649843661387,0.27111948152363285,0.3493549471396634,0.7618989186343996,0.30519878352092206,0.3013398203832446,0.33178868226418057,0.48978848351906784,0.5194463546343723,0.43333259199382995,0.8075941046972025,0.3879235176776553,0.30504395126502587,0.38560822252193633,0.33401358707456635,0.36556460823668724,0.5940437624651769,0.47030104736285855,0.46796153553440245,0.4825286628713028,0.5357596102029667,0.3613205034723256,0.5808489946039181,0.5924307365760003,0.35174523868548396,0.42078991659838494,0.5630699742195103,0.4056975348579722,0.33621467758937684,0.36930624613391105,0.32322541339619104,0.8956315960273253,0.5492039277029024,0.4138232386072859,0.5611390705587388,0.3174377255057555,0.6645782810917084,0.5404679964309943,0.43119215553969903,0.22800492307794173,0.44635851817197036,0.844824642788141,0.3311065449625298,0.4583451967176986,0.41822608516749915,1.2501888341605603,0.8218736432852859,1.0373393549321686,0.46245019873948184,0.5184609018444495,0.8374898117895978,0.5110491296124723,0.39320012109991753,0.6444342557713088,0.5109121347592783,0.5831692494972385,0.44996425573858884,0.8666737994719866,0.7724090616874597,0.6719570356601368,0.275836075403389,1.0057721696605961,0.4245403683483552,0.32101037405532595,0.3620456367205395,0.28253173011223703,0.553859575123568,0.45322821839011446,0.5256653732806243,0.41494242628869,0.5211990396417012,0.2619373721936218,0.41691575941131337,0.5324785500649821,0.36489996142608594,1.0200356997439404,1.343420869527433,0.6798176056266805,0.3575362118837849,0.38491040853155434,0.4254737469632124,0.37717016977025014,0.5078707300466001,0.4153307047805326,0.5594069850334986,0.631999009084254,0.48910450986139226,0.3644525933974011,0.3838004610800505,0.29947731271894795,0.35922524796028293,0.4023147081909299,0.30505335565056635,0.5498807253956601,0.5326605875822861,0.2734689333485794,0.3751790550842822,0.7703852141006251,0.3158085090836333,0.3647800905036751,0.31385951022515896,0.2979932511309692,0.5393622857311882,0.3853844284679256,0.3213640122742483,0.4493916635057705,0.3632723192364044,0.32710133622641385,0.33446613919756574,0.3736290876948156,0.2961142273708397,0.18938646412413646,0.6851875662095782,0.44775556371798386,0.5522811355655353,0.6719771182242096,0.32400194383237174,0.8350732257605818,0.3305497763877031,0.3908953794771071,0.4588816052587912,0.8977591056321478,0.6018373432468898,0.43767852234351845,0.4800781219714283,0.4314058950590156,0.48592104191007063,0.7476428290297945,0.4785923308163452,0.4398816881598564,0.4281652081138393,0.47423111988497274,0.4417681862470454,0.4039661334105694,0.37285016834800727,0.4370958572279606,0.582438418450305,0.6429634185589823,0.574700260348105,0.3532536868251396,0.4809177602427004,3.049224118883517,1.672484709880923,3.5143012230664255,1.3441181615097288,0.32794657241616454,1.2943361391109838,1.1009219053200663,1.7228232798534058,1.753222820188323,3.764161460787803,1.449467463129297,1.6431034778305844,2.7267901601218845,0.9732528478695059,1.6205622565233486,1.6946685274931326,2.039802738418607,0.7238313450274773,0.44056796457641406,1.6497220683666116,0.3951508944560149,1.6987695342442852,0.5966359829208434,2.4188176481511934,2.6907997888445143,3.1959470030743713,2.4034729119835796,3.0573087247620823,1.901264238236042,3.0274598886382487,2.957738043244576,1.5509029415731863,1.7801672356215335,1.31507407134546,0.8326254179160553,1.0076506004331933,0.8225187175672037,0.5047567992334844,0.4606499847241705,2.4017896269778225,1.6350633161467594,1.9287531005778225,3.813216297803292,0.4749527484260971,1.935765863809689,0.3295998877620086,2.7537158134333732,0.4234980533065665,1.261745519753903,3.533747041357536,0.581528892119937,1.9357931648055717,1.3903488021821016,0.4063442284060676,0.4033559847073253,0.41534962995850383,1.3510271127574338,1.4682991343413876,0.43106912150929966,2.0958465963239528,3.829486938724909,0.8848387615387302,0.7563530227015519,1.5105130482013418,1.4799201153352683,1.6746800713431027,1.789569845705676,1.5320084937294747,3.1177794427806025,1.5303806961431292,0.4623016985107971,1.6788869353723546,2.7605966684493644,1.9452863633258988,0.4089555059861877,1.283727998686076,0.6922380159933754,2.4270806697882863,0.8200749553671101,0.3863349593782103,2.25402377835512,0.9290136612009996,0.9560850518078261,2.237916174327837,1.7443862366498177,1.8091746520388252,3.1521239791485804,1.5899846151564898,1.992651918848898,1.193643802801088,1.2860678621101826,1.3516992972460309,2.9126334719581046,1.6513126045267927,0.4265256004443004,1.1856370365096331,3.1870336529731556,2.1497395387131784,1.176789683235628,1.2868915320624166,0.7614330549172021,0.6087015865311336,2.1630028080229478,1.2402240943259148,1.758779378173075,2.4308112421175583,1.9577971830771,1.4375895298314612,2.4555051187186745,1.886515293346659,4.382500530295577,0.4407215618528168,1.6676340777202203,3.3785587022757073,2.4540989527716404,2.367171270194249,1.8466519515293454,3.963406308961285,1.565246005064526,0.4954822076756861,1.4306990227119543,0.6375554346245883,0.39319997829702025,1.3482983225084484,1.622547577128145,0.5999362330750141,1.7739407118173556,2.0626287779762373,1.5596482177996942,1.86095643294549,1.7212501976728556,1.4461341379124282,1.4308791680249955,0.7368099389612566,0.7476284263594456,0.36396322109909485,1.4791114479108949,1.6534277536095636,1.8591436520938778,1.217204329821765,0.46344685058596136,3.3951350067349537,2.046864034017776,1.333066382989515,0.5576228300207281,1.3245674106242196,3.4440896249877677,1.7175484762261082,2.4718646028542874,2.564716615027165,2.7224382697011174,1.1277055443576631,0.9807305176030477,0.6111945980748875,2.1183429941611656,1.2198338810580818,0.6070037394173082,0.6823593087046256,0.4887577019123099,1.609125177953247,0.37261105152321455,1.3941395269859638,2.81719842454524,1.5936013832144,0.5296720522792433,0.59839830614891,1.372432431727175,0.40581817049419544,1.1479627103423067,1.4693556333449531,1.169517056210142,0.4076166640506197,1.5905696007873784,0.6457608580358735,1.116571513608124,2.413663726269396,1.3902470441972459,2.035025043748998,1.1591689797848352,1.5562554591708677,0.5346452244812679,1.6656511594736898,2.1598999803905152,1.404100133621875,1.9357657397828525,1.3939637006457823,0.5901406752928058,1.682547168514784,1.436515126438282,1.4619913787090455,1.0561456567661636,1.4344518520360863,2.793615861437101,2.4518172663911453,1.1045304765990478,0.7372791621847911,1.2572755088069218,1.2129894279910725,2.1372791747065674,0.7029812318500034,1.7458626520914193,2.0685320114666976,0.3293342759065846,1.9683783507478807,1.671641902734903,1.7686748274850284,2.075552250060819,1.7158627212367357,2.0753754611715127,1.0573080923281837,1.775656649202571,1.9079417823427087,0.6582082212177179,3.4300961260449503,0.5425365018381204,3.2007984756559935,3.14210049028398,1.5139784527355384,0.9542895281565602,0.9875366709321051,0.4158911784030472,1.8839802499011762,3.131101939920943,1.3630693984610527,2.898267823405186,2.2252299236876327,2.6937619152952537,0.942022679730303,0.46040100269387707,1.1265956063801659,1.4060802918004551,2.688863109526922,0.3849633823020209,2.251214066833938,2.8532495703575522,1.598000804852576,0.36555152438240357,0.4817680823579964,1.429893159498568,0.40854622607982155,1.333572393580457,2.1202120604947017,1.0708044271014494,2.3677243742119205,0.38702919215502646,0.5743216223363973,1.9665555470616134,2.107033356804906,2.773768711482707,1.8015944192840385,2.6857264662410696,1.7479590557269307,1.0648090575100373,0.41268377658919975,1.3381657580232218,1.3517070537079932,1.1199887532633923,0.3861874134149709,3.3918846553077944,1.450688370726249,1.421425328853143,0.6042155220933533,0.6894260866770628,3.0116195025938466,1.3808237358965902,1.3284956022877958,1.9642880420776339,2.933726286102407,2.243825996491842,1.2759240424420006,3.2958588635441197,0.36850073423462226,1.6676078733207507,0.5499246746583693,2.998452974631367,3.709693880447511,1.6329345702969724,1.7978008030872894,1.2145460605033898,1.7517853000284915,1.1726062184714277,2.5904902865471806,4.005146901765322,1.5772765422834003,2.3571722106767408,1.4974809168428285,1.6356447439307797,1.4178717235472758,1.3375548911843198,0.9468825126954994,2.0647815506859657,0.43978623810967177,1.0394150606036796,0.713097274430524,0.9104699183674329,2.0767936099556965,1.548573602718481,3.14342610577737,0.524342804669705,2.221238251086621,5.146653079447057,2.2647661153879475,2.32799586689033,0.7790927686330876,5.429682745146464,0.6526448043078128,4.159636725476542,4.415732529400363,5.425116119451573,5.038317889650964,4.061396357359609,0.6400857028005892,1.5251904955648483,5.884107462549087,0.6172350230415917,7.050719010207547,3.634040621932597,2.807423451765617,5.496983789251529,2.1510130407673316,5.734856304320743,0.6427034824630342,5.483903903829324,4.807047774844329,6.117550620951826,5.423754575483572,1.1840168828254327,6.112065682818548,5.759309397465557,4.0956231112878445,0.6118100326535696,0.6756374348243885,3.7978820534776707,2.550139235477578,4.832549474263616,3.5491162943443677,1.954790704376163,5.010619830444194,0.5969405841009598,6.262631446766358,4.68591607561878,1.9308021679939653,1.8617812633169748,5.748660154240615,5.13898971717728,5.394882852158001,5.590159913656357,4.938442837032295,5.322774975662208,3.7418949805472446,1.147217852989118,0.5812901508944588,1.299053508120394,1.7652824090950106,4.0353088115408005,2.0753190755554534,2.2457822581161486,5.745241066897247,1.8094246497519286,0.6498077230721756,4.3875112910211325,4.012805381135622,1.2347580907395637,5.788980192174591,5.078990510691748,5.73287856716868,3.0737468460318436,1.0489506553416086,6.736219962983657,6.779424600913391,6.692219642164135,5.138231896015379,6.180155394708951,5.138659596123553,1.0767322704295985,3.7485710176050624,2.731735120006411,2.806596411925483,3.972707271969584,4.362627685598912,5.7930001396612685,3.8787209437439802,2.237761639834374,5.427527125114738,0.7659247392629932,5.254242012986577,1.5155021068154204,6.744049264437955,5.483263406127811,5.096272013930776,5.247772806212903,0.577568022632539,4.2487700496295355,3.0616914900255754,3.7480548627304757,0.5855251007797683,5.2597315110678435,2.1684410887476826,4.3233635465889595,4.914991711823248,2.5039508776052237,4.513608283184038,2.2669731151431427,4.890022727283686,3.975696956264586,4.229778315119457,5.202762408212819,3.7392529906810754,0.5955859594394187,1.8051031113214695,5.986187621589142,3.8926409845526866,6.586193241083221,0.6547770865421668,5.419759656339269,5.26283096537279,2.1764783716322618,3.085825849269354,5.357068166211059,5.6869419181256875,4.705322338161187,5.828622976495858,5.709373360446754,5.11642452471485,6.526686575742643,4.9599732593702495,4.784574432796794,3.1916934568239315,0.6324883118558283,6.1762477490286285,4.690892987115103,4.830071169931754,0.8191770013169674,1.2772469754459643,4.874768561561701,5.112842980120308,0.8555076866788485,4.6792032434590105,5.325549537101904,2.344992301183171,4.061645213008714,5.81922497714844,3.3395440047668608,4.706070145052635,2.105375557468188,5.75802982121417,6.243626726371728,0.6994239305662282,4.3913243331776775,0.7238155526755918,2.300274560104101,6.17775794777432,4.679364843249056,1.7593891580401946,4.393082478308116,3.529589687039752,3.977858826447832,2.458987531704373,4.516943251968008,6.723410639844362,5.30088697861231,5.885303053688192,5.218366884225141,1.4655047814089497,3.9441099983749903,5.734922330109692,5.446694748304265,1.1258217439075275,0.8913446274175286,6.136321703704639,5.266049732556207,0.654328843874641,3.5541001953830706,5.439125887361735,1.5263995952243714,0.9594838924463547,4.253150796757071,0.8447671595675258,5.457680093968189,6.724619125959199,4.9288806670378165,3.778404353364983,5.58337163974637,2.077882801811222,0.6431118362497892,5.104351046770912,6.081684383959553,5.054693635185854,5.184099758252963,2.7345279248455583,1.532956112432297,3.4205040089136296,3.283615013929123,6.398204784317537,6.41890435459083,0.5678165093247663,4.672550867295892,1.6962437098468734,6.0356270360098385,2.058254839636257,4.995744578391419,2.819065374169417,2.9104745360431616,0.8031090563928288,5.7481320013436985,0.8869317300394688,2.9655504208917236,6.445055290619238,5.377610958527564,4.372569519035661,5.51252722908828,3.1816910101232647,0.615358014764832,1.772744274181727,5.035652259438975,5.442873937826281,0.9905313315620912,5.09672279273385,5.673671503323921,4.092217319374371,5.312229942103925,2.8854939434057956,4.605849145975309,4.9657237417797635,5.755085282837044,4.802222512225719,4.108063868770706,6.229782372661137,6.723655115316719,4.47088266477908,6.408082903534154,0.6801266121428196,5.609425171914582,1.8941349891200416,4.702262278652516,5.4005000067530835,2.8535258048774295,3.9698584839019126,6.391968496680048,5.013144888123309,4.429342500690818,5.167068313647165,6.035596695438053,3.0871015287577666,5.28461594364572,3.2331041919386774,1.268279372642263,5.222747427773742,5.647323575223545,0.6119606643998255,2.612630195176555,4.528247890836362,0.6153954654479296,4.63244651572737,1.1866970869087605,4.308572545557843,5.7734668337459185,2.029361901708824,6.761167330608982,5.4032152872076145,5.546934601309287,6.695326888052203,6.621314771529973,2.8382830528645173,0.5982693627957559,1.854543635101524,5.873502574694597,4.146069070436825,5.1864204348059255,0.6507677950081348,3.9083577125508238,4.644806157991879,3.8337922667685245,0.961042679518704,6.067041054710176,4.391125491825408,1.0861265271545517,3.637459200800428,1.5536565772445796,3.590437985548406,4.316225095935621,3.413340153658916,6.164832378777867,6.246906331310063,2.12796531696861,5.476404896127613,3.8609483063677543,2.4018955506760187,3.4883702094174356,2.3341171606127347,5.246631765786957,6.261306538030234,4.86891579550647,4.602740357266947,6.10147950077446,6.392197900633471,5.5310129139881,0.8875680231154507,0.6206039494569525,4.45815246910407,0.37720359432947115,1.5901129599132804,0.8331124699309935,0.506485137911054,0.5583766578656019,0.6036573546146584,1.1645233198681548,0.7659865799591523,0.6723740718868207,1.469450721375559,0.6551646201218492,0.7772314366179689,1.8749565551200778,0.6353009221516354,1.7033326650815264,1.36196202493492,1.842680731256927,1.7433004355343742,2.2762722845595187,0.4331418688417803,0.4204827722391775,1.146316380752661,0.6331364813052285,0.9130860307307719,1.1258402084449208,1.3155362449116905,0.8537086743639429,0.9371208299415192,0.6542293468364194,1.057314828704854,1.4223244780173423,0.9819738734162236,1.126694847722092,1.2129501150260358,0.8966089462272242,1.2936605237190122,0.7016274814410901,1.545822738565902,0.631646737343451,0.7112453383118986,0.6373430629853886,1.0855452730386845,0.5846411025787522,1.3200470271862534,1.1091934860661492,1.0278382267315007,0.6596281335131746,0.607734761838278,2.2319591289396605,1.1044149419688547,0.6281669584240892,0.5810730502722403,0.8375971370202971,0.8040903561295876,0.49294016382400857,0.6919799271845112,1.0636373405737145,1.338288712588798,0.7478552820469571,1.151791410280771,1.2117817726202664,1.6733319179806454,0.6348080591199704,1.8589979034068955,1.1060874907614229,0.7982965645197224,1.147129684239125,0.7565129370766558,1.1827321827759412,0.45297546126517485,1.058922027937118,0.500385226209166,0.5691752827415549,1.4064348559757702,0.6257075979211334,0.8226240065511116,0.9554911059022816,0.8796623019561067,0.9264668953433381,0.8886940187676334,1.8625304606766762,0.5948416262746108,1.556356175213281,0.49480576968176687,0.9635441510486835,0.7712610028111656,0.6426951845575288,0.5284552539535075,0.9846621367135718,1.3437377358467946,1.1785535486435545,0.860605911686918,0.6112920100206093,0.509730172270979,0.8505034969816073,0.7729226585930578,0.4063281894258103,0.5474576561414608,1.6415538267959797,0.7981169472081135,0.6055667959802962,0.4572332617111789,0.4781965347480123,0.6084005498992697,1.1474005499949445,0.6706543775480347,0.6221359635687805,0.5320646821538617,0.9000190884356574,0.7641254131257529,1.3940658278226985,1.2641499194471457,1.4485443887512666,1.052279528821836,0.6835815500076758,0.8567250943089844,1.032476986221868,1.1320230059720504,0.7442387779759319,1.1974106271177358,0.638726047233553,0.5647785886171037,0.7278197628314056,0.7403237234113549,1.2185966452385983,1.1289475924840846,0.6595036543264126,0.4482772878409598,1.5247356576548101,1.5319579514744546,1.58818138009993,0.8183993547851847,0.7034220498104486,0.7822151401795993,0.6681453279897649,1.5434081111232254,1.1503643474237952,0.6756438436874267,0.4991593715014228,0.641055753306809,1.751391710451466,0.625580178296468,0.7022150020103213,0.9477360078035779,0.6722440480310953,0.7753269849443908,1.2242304425538713,1.1425214611872556,0.6137223477662366,1.3345498064041343,1.647066335088942,0.9446310690601005,1.9976512323102196,1.047515095047457,1.842875643520907,1.5462283451962702,0.5962236987713425,0.5387773082168679,0.7899314603090792,1.1464907380149958,1.377488027952062,1.258676219045979,0.857705280978589,0.4515853266791579,1.5463462498057565,0.5129813416509424,0.780459795645549,0.5509458860108865,0.9367845545730319,0.685215595319949,1.0188802996631159,1.500831291304313,0.7196500714313083,1.9128810179286735,0.4159027922569689,1.1351225916199472,0.6344868218092947,1.044367197204535,1.1814121483126547,0.8742447949169481,1.576437132581577,1.0203849867955088,1.2888923115262605,1.181425654512818,0.5792429894701704,1.3370795817793149,1.2068455736446795,0.7471869585893093,0.9515365757770843,2.0594543246738195,1.905476600284792,0.557819004590275,1.564014550762015,0.8297430897800353,0.5685936789441981,0.7162561718574981,0.746776107058256,0.4025647407535325,0.6379820452535404,1.9773803333169349,1.020349266915744,0.6799735338061844,1.6388019702487109,1.1566237346694503,0.7727818669245093,1.0427279358656392,0.669442312343616,0.8284439817123048,0.9581722071810199,0.5911565992305399,0.6423096990652305,1.3928889896033771,0.6081303796886771,0.8245454417158958,0.5821109846675764,1.5223308424718645,1.6312033421477243,0.9507413245991558,1.3219557834489881,0.8314691039973621,0.7011415128862839,1.3396431301334086,0.8745582488000028,0.6209898046915392,1.2480655804014724,1.1414406284900462,0.9237916113790111,0.8741056264953586,1.3177261527546846,1.0003152335398802,1.5894026401407055,0.4472159394624949,0.7029999767300936,1.060810381256294,0.761553770676372,2.1727124338087123,0.5450726101661406,1.0863444449417758,1.0778757545907234,1.0865851381509903,0.6462423031267434,1.2742116422387788,1.5946089326802833,0.5250045598776688,1.018365979323326,1.5616769622732238,0.43175647788578053,1.0742270869180275,1.229735002940765,0.9815316689477699,0.9648118051330131,0.763397184940016,1.0921650307615733,1.4874793660067236,0.6516731659470577,0.9608396201687326,0.5879609853510955,0.7616155412323153,1.2268668129456846,0.8746906319879151,0.6277103549430094,2.1523087762168336,0.6339377570822278,0.5728740857751022,1.2710580207834439,1.2394631034851458,1.1879395617631756,0.5273562032184342,0.5617657563939461,1.5556485219614409,1.8918133823966132,0.6856169655775587,1.0067586156409842,0.6770366631211722,1.8100680918997953,1.3342136535831712,1.034188598003028,1.1936159188333197,0.6321992308104158,0.8531194671622099,0.6625669257464726,2.598798490829362,0.9951605081429421,0.8877971435961575,0.6446594499020198,0.621696401512849,1.309610845280536,0.9537547914719596,0.5745219049735206,0.6743929174779871,0.9396182127848133,0.45468693331623544,1.7304104273018839,1.4032858388132514,1.3149792131688918,1.6703616617863124,1.1402912233734703,1.6301698163155969,0.5106353020193479,1.6465498650051225
45,10.978083700019479,9.92493220775941,9.960384190189838,9.86286402451059,9.546503114420887,10.563066090881012,9.861514662360026,9.71463220766874,11.455214295468725,10.123844432006354,9.715136579718012,9.317207315747158,10.428320743049822,10.452951890511162,9.276235550688009,9.23379917221692,9.854513063680525,9.947353071884246,9.478560586469273,10.427435778567457,8.921241650114824,9.193049395686687,10.126222114910025,9.42994417950228,9.591882026062926,10.522386644490636,9.22206242254538,9.918585040998027,8.4380497150276,8.866491914787371,9.36917662266548,9.304183380342872,10.591604070493949,9.95756739556527,9.240691872869895,9.270173899125476,9.489798413641699,9.590880574025494,9.406070108121105,8.653793708611142,8.880640573655267,9.248266397992786,9.930950910669953,9.65487140243609,10.240291509207728,10.001646713774552,10.124289478163872,9.327327554758039,10.19974872266816,9.124428535321464,9.51428254487325,9.882559998093015,9.110310300759425,9.80191300271497,9.38128442837307,9.522018909784789,9.69988365232218,9.133387490807088,10.705284708403502,9.702799814028833,10.729795391705663,10.222785447445377,9.210127735490929,9.914705355032806,10.157976324532209,9.620726574491561,9.35520472622044,9.356652799252767,10.269532276150679,10.466850418690647,9.542181580171942,10.260202777367294,9.143865013703357,8.88918132676946,9.336030546702501,9.90467078930445,9.186015721619766,9.587722470170167,9.320940658622927,9.854926021100678,9.866558810776649,9.176081303214284,8.881740746466939,9.870266066680571,10.363817724565001,10.167677184190063,9.535012663028748,9.827378850647932,10.132072088389721,9.321744868883762,9.32412032679492,10.676034827951543,9.617472725765264,9.50869273189548,8.625696945403046,10.08096738628982,10.816360488058507,9.918734351033919,10.682269413192444,9.645735550023293,9.674975672326578,10.696654752003475,9.361789963976658,8.930290320943339,8.900070699790838,10.438591588065659,9.464470176818711,10.071688785071297,9.501715545010507,10.566968295083436,9.79683077212852,9.228399017381228,9.74407961129917,10.13410706643879,9.448346391202211,10.761807645612876,9.621816055615662,8.811478552569454,8.716177256425443,11.493203312853812,9.415485724190003,10.371452218110251,10.35428567021647,8.890565682530664,8.655111022095843,10.74207507263796,9.444219763446016,10.145980852877106,9.553766218190244,9.310233570334066,9.940735791851479,9.532246916676158,9.505182954417098,9.283883745495604,9.809274924092916,9.851119180369576,8.6326528315343,9.290170878375639,8.707949822556548,9.48785566314026,9.37570873548869,9.490484445928502,9.359986410083856,9.724073587897019,10.372130981888763,9.822012929681673,9.408713970778537,9.213493418119828,9.839523204198821,9.171822691368073,9.307503107357904,10.519085138379511,10.54461553759637,9.130373033590041,9.946313144448903,9.47993891913512,8.885001745448045,9.990876148675541,9.63290721636627,9.827522287512673,8.73999125364459,9.855388480233824,9.554816763570917,9.277051184082975,9.14221136847171,10.466175998970206,9.421168404797733,11.378319884795417,9.544445114859151,8.642427474115626,10.206011451491875,9.553687255251342,9.28399032816733,8.66530511679044,9.47482347589547,8.769338515713061,9.055260279549021,9.315860138254388,9.375223448101313,9.904933920913406,10.137085604522534,9.944043560503236,10.817772628539313,9.809894595860474,9.710649333781474,9.801802150891884,10.019949037549605,9.481144232313703,9.325067164568939,9.8135327570367,9.706972444142624,9.514809803086957,9.539645611757221,9.072337741052232,8.459976240779373,9.38424116552857,9.850105972589583,10.756084683528732,9.751532467734183,9.857444088755038,9.520169144252913,9.373498391283986,9.160736415064635,9.350168008823724,10.952769535738103,8.881396747272765,9.249353638921137,9.792112849575853,8.790226266716916,10.875535386471382,9.594188044434288,10.299388192621207,9.21356632351086,9.828550693025129,9.4613879851741,10.712221771693581,10.159519410934324,10.241638491284341,9.347233493432176,8.55466133929592,10.274532050447812,10.074322069932249,9.614169600888093,8.449874878847583,9.298979530820887,10.38905617769617,8.828084943871783,8.4399187113023,9.768652727759962,10.419269805898423,10.503220122932536,9.002455019313084,10.009536589911894,10.119764346190708,8.546332363692164,10.011686879839866,9.692611683015013,8.7791785471454,8.41431327275696,10.132448048848515,9.176317203662164,10.2025698468073,10.019023108578775,8.75818711688996,8.902370805886594,10.727771099886658,9.292013939692298,9.523201919139717,11.216314305071393,10.317017624273198,9.190200180573449,9.486113619061118,9.82499921332479,9.805699490785594,10.111337671848744,10.073860367442458,8.938828520428885,9.454916449061514,9.829614247595204,9.611482105381361,9.203380013567404,10.741052560194879,10.770210887805106,9.569345922409084,9.66576622135916,9.319149588434646,10.597366524829743,9.811279355264789,9.996756718841647,9.450827914978321,8.865751411988546,9.169450369697499,9.146534032333514,9.87405928277054,10.059116213430055,10.10418197023623,8.901594576148998,9.705808834243108,8.59014180313326,9.386347163742414,9.255503745268106,9.496640682541916,10.988505075826957,11.075991387112307,9.482808648291028,9.851854943266067,9.112336378273882,9.328246547502182,10.845697870503756,10.539537505372104,9.237172825953886,9.898433948474961,8.431583031283944,9.58305952864362,9.489010916026135,10.509721823751127,8.864424933933924,9.730983019758433,9.129118776046495,9.96228199508607,9.769954886714757,9.887465373538335,9.786155912832356,8.798321552677598,10.007633524120832,9.58961914268574,9.285009344506479,10.262286550898487,8.864218272335714,10.413911522908323,9.85288978982624,10.26154234253479,10.576515031755353,10.087083183923767,9.478363074295656,9.233230774571572,10.247313607600582,10.186204589992682,9.93382777215467,8.662045180306045,9.723707815421488,10.477746451271305,9.90156025660715,9.365622031787321,10.357079639561386,8.639919043024292,8.993012890396969,9.83412340059112,9.555834909883583,9.186120307207718,9.851701876846416,9.48240628893366,9.447497512080174,8.919079090509939,10.28149475063763,9.890774856918533,10.025630023862902,9.449064158955279,9.403389468038547,9.603318386333301,8.7740743686232,8.784297249369162,10.123291498555318,8.530994569431089,10.351559283674522,10.114515363529957,11.67126133175468,10.176430045565349,10.26149122646486,9.148161315392523,9.537952171993558,9.33756059246878,10.263269901096653,9.466931772854265,9.739881345082837,9.909932633370955,10.569185847750466,9.001757385371391,9.755152656189358,9.373050411595191,9.59317796096253,10.60669914256578,10.412756351890648,8.713705218921135,10.77402356387647,10.414338143352289,9.540813741919184,8.155684976882421,8.616238920861257,9.540139065967136,9.269456717006777,10.164021194098073,8.721620135628473,9.388260945567115,10.292208921558128,10.674622553751595,9.9806925255989,9.93517127369297,9.575521305880919,9.273355622260775,8.5107219566243,8.743032430824845,9.287839699915645,9.405434184938176,10.753332791331454,9.63180263672148,9.136578479414009,11.028303208385944,10.450351105840689,9.311009099617458,10.299089427560567,7.934720446616143,9.684622832847607,8.5270906719869,9.992677671135887,9.046298053835116,9.299270065067846,9.41469654867355,9.772663546237055,9.752712000046083,10.010972419919343,10.945179067548032,9.893839770053146,10.622089210272408,9.773480726402935,9.953854778002725,8.880283980528409,9.631235468033951,10.210323146936878,10.108481500641133,9.184418030983336,8.984741322881188,10.474470993757823,9.762926448913003,9.33796459106482,10.454344896406567,10.497046195599761,8.734434720287394,7.945542380587562,9.208892898268546,9.181310249051363,9.051198946308547,10.990226654335068,10.218493859150888,9.451928294132118,10.700710546628617,8.839848865415982,10.121955724671523,10.118360128509572,8.768681525012603,9.765286362129514,9.207434763349111,9.637544566755631,9.73471167425849,9.878765061006332,10.236585323916417,9.652622479445647,9.691190198671203,8.307306004426264,9.685632786040834,9.864673460588234,11.143613661845137,8.82339593448409,9.319063831978232,10.035596643474511,10.47043320600873,9.826637555365398,10.47856005483364,9.800982197488175,10.379003182377744,8.745604874609226,10.449215050132928,10.61865958339884,10.086978257492747,9.996684555746473,8.787999041462612,9.07845570854259,9.417786801306704,9.76449633532154,9.43682799685295,9.532021824447531,10.29219700959095,10.176873118984863,9.887044681517407,8.863332549708124,9.32612877729774,9.438576081901864,9.581412543901644,9.712960419979833,10.568900917748772,10.356609463565114,9.463759548518057,10.597428506905556,10.206979594252084,9.851407143261781,9.468463525147849,10.502322535771892,9.431848179492457,9.405495047912236,9.36977013070874,9.388262199607276,8.585443147609613,10.070979097825491,10.326216295324459,9.426771081823773,10.019563414118943,9.34627817897523,8.806013032158013,9.565856091756345,9.615119073407111,8.979644483078998,10.376279536847587,11.40831644696542,8.874943197706163,9.59875734250937,9.389031749391862,10.092440570532114,9.591183694508523,10.643546048406561,9.445233486759747,9.317853807305072,9.518010486593264,9.713396749587618,8.7189020764484,9.721034744362305,9.913807163086542,12.079740783323802,10.736375139203822,10.443650963019763,9.036742557211051,9.636668094333583,9.413786541194213,9.704072450219765,9.79051676317995,9.111370164463244,8.7581078273136,10.363614560358148,9.874178325283792,9.517597211232854,10.203964397586093,8.759307826353613,8.585903003363601,7.885869329901603,10.325398169660092,9.664004328562308,8.730535176656437,10.141632666347475,9.743362638542095,8.721099219148911,10.305014927535362,9.145648984916457,8.969203537666564,10.671111211671514,9.380813613787828,10.101841724478032,11.385001803218929,10.625481003114789,9.741967634519412,10.352993047502169,9.056069767337025,8.90455395057462,9.615251374581877,10.19933242733371,10.18309491493524,9.02552158094413,9.502596784651189,9.887267814245583,9.109814469115452,9.388938137980025,10.19980506327432,8.891244836593964,10.997384504419498,9.677679222340338,8.665701834130175,10.271657469036368,9.675237410112343,10.539001561625557,8.83479411668794,10.850985275733285,9.427143812739342,9.674269803645325,11.026546812632223,11.143192450721521,8.494866049331478,8.70868823819647,10.730652087922477,10.258093577381826,9.328053681001153,10.108629706819487,8.713814616083287,8.977950135739272,9.588695710059838,10.627847207114531,8.64998866701448,9.668378377880426,10.115944933685622,9.60228893180979,10.703702478326255,10.392935568016119,10.409320557176462,10.756630579451295,8.319576197993182,8.830039366709777,9.074138445115322,9.268278108897864,10.013508775368676,9.266108486094218,9.788375620226658,10.390540522702562,9.627700174135098,9.207813440210506,10.168138158853528,9.556383702694989,10.039940993214287,10.56428584907621,9.273221389461218,9.249068411972248,8.853509025902708,9.807866707135924,9.092449671216517,9.014785221911401,7.959587290764638,9.344983384569739,9.841304184525873,8.916494265238626,10.442599838442765,8.523281162216177,11.577424406624182,10.05689101683125,9.567467066991265,11.578604911000292,9.502745457154546,10.475147259916499,9.391964131859687,10.221014096264833,8.158784540353931,10.492162384948756,9.691164078984816,9.514414124698032,9.275173988375084,9.158367250107768,9.856083345243448,9.638299710932767,9.258256218089922,10.849083983886432,8.819974147126063,9.985062193324096,9.701693956750225,9.640156976720544,10.653795773946833,9.174235492553628,9.216507942721016,11.15504339612638,10.207507344843226,9.108182594188598,9.63272684068735,9.676281983259871,9.108455239563142,9.721088956674683,9.933191174692185,10.501554395110038,9.650557959320835,8.809131534994648,9.827434250014292,11.057171673344241,10.177069620911771,9.393333405388205,10.756755625954282,10.592330962550548,11.321469686061334,8.528697159667997,9.18301949867937,8.797816603309183,9.417401540127255,8.95019844485973,10.645086482659819,9.549020407503368,8.765790323620081,9.903778181254836,9.658772524908537,9.74413113309527,11.204706656894995,9.624321469654012,9.658500154180274,10.006390279497268,9.911883209308703,8.819563662482905,9.258236039347993,9.788477913086904,10.307598576532145,9.09054706977823,9.498711048450486,9.685221025117484,9.051971368150053,11.27712203168516,10.470635620286224,11.181391342683295,10.924259989600726,9.573225265976554,8.459585656144652,9.28830544864685,11.409194372579098,9.267142638041976,9.223637573713932,9.670663104467316,9.110275579609114,10.01502574470221,11.372463321666936,9.184791195619168,10.484567259042992,9.587296361864281,9.560454629876178,9.532382362309548,9.86980632765013,8.963802627571331,10.47156121676347,11.057682025329282,9.739667723352529,9.638148342778662,9.762963223649944,11.240325512167226,9.961351037588416,9.853322602540736,10.034273511660313,9.314877388737642,9.791547510846422,11.036884285321262,10.64283527493574,8.518669216873912,9.843883871286614,9.913904410909028,9.693150687746925,10.330129381923532,9.290109691274113,10.012201515917754,9.956883690685462,9.95311283533774,10.885375970321245,9.754939089693137,9.639154258082746,9.461752843030187,10.187868761897205,10.212348320222034,9.798557135536953,10.184510733466661,8.715514558982305,9.546746077035333,9.621686590607753,9.387081703348516,9.329383976221044,11.108108059066133,10.104741337772728,9.850609023500823,9.851229692951248,9.269008646638385,11.495215402837477,9.988643449699204,9.631057648160121,10.262553050385653,10.031296653874739,10.230374106990489,10.119839011917316,9.56545417086665,9.566502815050269,8.851181765552258,10.62366018280707,8.580589610084647,9.025117518091545,9.47407829105798,10.296899052057746,11.352579081400972,9.42539077984172,8.97142931099709,10.280757346266643,10.229692951542335,9.2813022166801,9.897398010569537,9.07843239589134,9.619512507514138,10.002085683148382,9.55531297404162,10.38723890702986,10.700720040876464,10.652939671138844,9.32054039146371,9.591077532188272,10.03422054270223,11.3774305108895,10.215531048138,10.928485316260819,11.252440555966784,9.30353025935744,9.819971538400488,9.092753312429641,8.632824738217884,10.788768890818881,9.800004011106259,12.007558238669883,10.307742726666612,9.572989067100483,9.469331693731306,9.62797636731014,9.622426578876345,9.479248441931773,9.981239126832186,10.256059603371822,9.203390813681079,9.226651284455224,10.821973738659015,10.598975253192876,9.059135701092343,9.9721165443184,8.660719688872767,9.48109139203861,8.657128543873444,9.722451987262845,9.951401908253732,12.05504104864951,9.945787731534404,9.109640601853926,9.247359217456763,9.680945801355806,9.827082079148221,9.941527173789092,9.787373709102392,9.614264711330016,10.72008738631907,10.685094639454732,10.134286313906102,8.976915893128652,11.789383315547255,9.629775023894114,10.035533149787838,8.446659756176246,10.130012570238534,9.553648125851852,9.614195746811795,9.965179624577434,9.902127823530675,9.905741537183308,9.517468346023179,11.465346634055104,8.700557326428438,9.519109826965048,10.249521707223494,8.880606867565511,9.848532222929867,9.936656460123457,9.370355336364991,8.532841960799466,10.117789375436253,9.903090226838904,10.06676028030651,10.34822320440675,8.554527336808574,9.252135228717863,9.995012740800147,9.775188782696462,9.75699304567513,8.469828228958793,9.453099214479849,9.44157443861138,10.61150842034525,9.790771186860528,9.718595078977255,11.31456448558006,10.88941558492856,9.761008873061458,9.995705777853441,9.553573635070798,10.210224093117066,9.499332805737396,9.739300318761762,10.115468326530635,9.856786901583892,11.468118730629696,9.694402702401263,9.256377144978703,10.242743290255412,10.823474405523923,9.43229512091754,10.484630981577084,12.436168358595145,10.036848612974032,9.235116376275313,9.630617670193502,9.258446575329636,10.227135119108013,9.141333213475075,9.703471382902688,9.97067119695171,9.617324138004454,11.4545324283693,10.220843110249811,9.486570049786977,9.596734609568962,9.603008387695114,11.392062886500145,10.939584786422467,8.6714190663302,8.514394605250112,10.037680391179476,10.131128566625584,9.992017156784764,9.928978841072988,11.42275788888526,9.640332324578639,10.436305789998235,11.749483966293504,11.647353863003515,9.187991970109511,9.516378042056173,11.109730190143019,9.359567780130158,8.572814432235226,9.595037780364956,9.853767264744594,8.816748859305918,9.772830384526756,9.881146208115927,8.844397311406599,9.239614631344296,10.58077900154666,10.08076349556495,9.87985177693724,10.678749306131525,8.538110560915916,10.850990011567296,9.746001278098166,8.96074642551333,9.752125982540155,7.842515867190708,9.99799672808845,9.555997783218924,9.909518029056743,9.661136581360422,9.895144344231095,9.093193020142722,8.526866537451964,10.666821074088787,9.039845355578462,10.090697809606917,10.089670214820172,9.756429711550199,10.22211931591842,9.700952334361352,10.249610149539778,10.614024495948646,9.560591819534572,10.095238703584636,8.995406223719176,8.889279111923328,10.517021393214826,9.233202626521331,9.950239107262187,8.2257128398108,9.36357208802276,9.139173076916473,10.012755664125574,11.422839920055807,10.37227617179755,9.075631037889135,10.1236565531287,9.804024261318514,8.599371328345908,9.90302371083071,9.05600679597939,9.942109189044643,9.630417518997923,7.994697319076302,9.031767985436915,10.12389347297736,10.022281684979571,10.343650614699202,11.60942772031368,9.404175354266936,9.42355638340553,9.871792330130267,9.42386289702267,9.631257298515617,10.594629439729557,10.212202310064143,9.749782588309163,9.199368537296266,8.878740668705987,9.295800444795217,10.09087623044004,9.904456626719336,8.347512914891675,9.633610591296067,9.58589886726033,8.41328820316628,10.117711522399095,9.06438293867625,9.161277609909845,9.904342868397524,9.791082613650238,10.441605314840917,11.078164710814432,9.618765489273077,9.041643476866703,9.965295199756648,10.131763285291491,10.212855380120347,9.826949351247455,9.468810108241842,8.885702819161741,9.378724545870305,9.459965188473538,9.688748488359883,8.811042123727761,9.930850824233806,11.020517870768753,9.979433641095772,10.950030238075396,9.486011469415278,9.26046211712599,9.219393937195122,8.861196725058006,9.288348954418248,9.270259858831631,9.043457219648074,9.095279911794536,9.410755440157043,8.252609626115746,9.755063061703337,10.191590242059474,10.22240026793348,9.170037286587792,9.536164029001354,9.450072405974948,9.114132726417786,9.094791493237077,9.093295888195177,9.970909610723712,10.861450744461482,9.92590815654481,9.908521605545939,8.499592433554735,10.631892923570787,9.56580388711509,9.20349722344758,9.829001597995084,10.35923692939468,8.476986423214694,8.86742716547755,9.876053313509566,8.617936091579399,9.686498673589462,9.957817906502974,9.046209744791534,9.632293185613277,9.930992954820969,9.543564993226672,10.7326164295757,10.190220734462264,9.317181551130913,9.940559502938212,9.16853599039204,9.265481674941988,10.582108166507217,9.332590610215423,9.333664168305994,9.124606627050332,9.905004390020528,9.98281066898967,10.14894510119128,9.97759126929248,8.778210642583474,9.117879480528831,9.97908035068797,10.426128238805262,9.87189673743975,8.354033520797099,9.893362960635347,10.056773029876847,10.71053387852614,9.06164173142281,10.281833806740089,9.38678241719647,9.21352321745605,8.925566856720778,9.656005290471182,10.129792409165754,9.105293245047223,10.047043576166745,9.387790300968183,8.945981934514563,9.01078108428327,10.56359359750242,9.446235104548972,9.357817661317984,10.377360139022368,9.136439636125926,8.953585271690374,10.368600627715203,9.124768064013658,8.806404437705776,10.351297898780011,9.319006324561212,9.94444505596632,10.262844500779607,8.482773530176717,9.651846758172681,9.992437146334847,10.237764690022624,9.272392688832364,9.356087480044964,9.76372380958801,9.160996728504529,9.127042739728331,11.419404437754482,9.584592711589607,9.67363869551282,9.333396257676531,9.461187107077363,9.084995215884584,9.349025587521943,9.586375944732813,9.793928988864916,10.546624243323874,10.094118776078385,10.84789488965065,9.741715256147401,9.975667964291304,10.017221714340799,10.154445837265014,10.156588351924958,9.165243965538414,10.006864613560552,9.357982014430963,9.9058856456656,9.62810484526632,9.442810452254932,10.140115698366053,9.678243462379479,8.058697755802111,9.755839018715339,10.479208249820106,10.952211274117513,9.27750685757208,8.66718388034708,9.542769833035699,9.45329437877454,9.4575487365192,9.520596565419812,10.604763072407039,9.502633252102738,9.001717527217538,8.751958447637422,10.131247396231089,9.673484602082887,10.473750424217718,9.765279384450979,9.094947407902113,10.114021187098404,9.865060010899304,10.500300524115431,9.524104411349562,9.70343855964049,9.005698110158368,9.551448475464085,9.762025461086111,10.105413093567341,9.424288644504188,9.710331549488107,12.164347201223354,10.004061549839667,8.354464001990841,9.416452442207035,9.520293827127164,10.004210323407632,9.812553661580626,9.474816951348322,10.955499151349269,10.538019729668422,10.275919632801838,8.805701646383588,7.870568425263619,10.269599465916215,10.728562893037413,10.500968022044296,9.271107243532178,10.315481288654437,9.637898381361948,10.26369744704666,10.012501811951893,9.698923948716887,9.834467168666887,10.557822211972237,10.342537366734318,8.692396025229222,10.287711869590726,9.902933001426765,8.405884323991721,10.261781285008357,9.558870278112238,9.234576235060723,9.067308356866576,9.731368360010297,9.624964098259678,10.394987322889218,10.782117677684653,9.421180469985247,10.267677856086605,9.730609054994513,9.42705208548653,8.339833907338814,10.07844611004248,10.057162953022482,9.477413968653739,9.5899671567913,10.917539569292673,8.67650764640696,9.572278103993709,10.573623318629803,9.656558978193537,10.159004429507998,9.422166678009885,9.31689463591086,12.193164805581906,9.014132706821616,10.860287226500965,9.690806741836663,9.410799640334467,9.829355830620948,9.36833189369209,9.884824876231017,9.265187722735336,10.690784073427096,9.95994738682056,10.995007495161733,12.002713537530225,11.74436260046448,10.439207427055038,10.294141308976696,10.304252661452066,9.417837514476274,8.804562066005328,8.902512014554372,9.1945464500338,11.2192225422686,8.526359190890544,11.817418752645096,11.721440763821882,10.735304900647986,11.490371867536233,12.60421250569468,10.141601982197118,12.060553240410933,10.420195345999383,10.564053108548622,10.405762680857961,9.762894537233324,8.647706350793898,10.153912922866532,11.134590545492948,8.567714478536303,8.87213359484906,10.449639240436328,9.180865738415338,10.43203638907168,10.682194624555802,9.203875864529268,10.394052089484688,9.805779789072133,11.863438389580297,9.147880360575652,10.665068014743905,10.841565520593432,9.922537210160858,12.032482968613987,10.756597186216077,10.147763328568796,8.830104335209763,8.963496759771056,10.701099268525061,8.650934789157862,10.495811059346886,9.852266077758948,11.609366536834571,9.775435711006242,9.017591886935456,9.103746597358422,9.55377400349938,11.263491068077885,8.977641568406733,10.573182847583174,10.728400225221732,9.809702218480675,10.309973038183962,9.910799451557967,11.202684199077583,11.821412641798362,8.595284092835456,8.734342475087358,9.212697306199308,11.826296247641276,11.080475070780558,8.828741105812767,9.204398010624134,10.69364239196341,11.769687009286438,10.120230673198686,11.006729331856667,10.593365830835596,8.716857650028587,10.997891676325459,9.388148443361127,9.88394070378078,10.669388826275476,9.412914552505757,11.183716611559323,10.794908479994925,8.986770467747228,10.797201164002272,8.72096764256279,10.425865431293873,8.534347641441057,9.245137637126291,9.872673108415519,9.918650970770118,9.802447127475052,10.16369436310142,9.391391233292232,9.688848122411812,10.803424339607432,11.087171988302186,7.977560654975825,10.701425112492492,9.22926707187338,9.950621375015727,11.396827583857476,10.70845345201728,11.080423269857002,10.984296134898225,10.316496876384996,9.39267517550717,11.842117943404446,9.51928958087419,10.901998058867889,8.699554878364841,9.34814168134802,10.449415956340147,11.080422294413703,8.601463034322066,11.052459577885527,11.81745865739389,11.685253678664383,8.259201305581321,10.418092687456001,8.63546117250227,9.810979467677777,9.062485159466686,9.223065285896794,9.545781915128316,11.223407258220274,8.981930474510838,9.989680804793332,10.421803700367857,10.624556949261185,11.042744772902116,10.84435402614769,9.865981567498755,9.31348965774933,11.567677997076403,10.752415417376888,9.379800322514587,10.22511203445589,8.027715317623779,11.52542665180335,7.830279008995244,9.732086992828613,8.809759941155853,9.372481208361386,9.568515860580405,9.389350861588648,8.610940910632543,9.868263377346617,11.515349752145159,9.642479285988486,10.559509078782408,9.663288653974163,10.607531284752177,9.521152384576725,9.297258584140915,11.120609044115103,9.97807633397593,8.501853225221945,10.357762882013505,9.095613644105278,8.821914318468012,8.858581410412329,10.549903689422873,9.257952622622392,9.099321901445034,9.113548491693074,11.913297510246194,9.85389664140277,10.267149789489125,9.65062401456449,9.457849356808184,10.977426475354765,8.3996732109483,10.567244354908757,8.680634163049623,8.579422087789002,9.071112594032975,10.106622799787921,10.364963438872488,9.849084168263271,10.297165949243698,11.217265654423008,10.076161727575702,9.583771949241386,9.528167960514672,9.90269682942726,10.159672039587221,10.568579128986357,9.54104774130059,9.668336191345158,12.105248461215668,8.672603134409151,10.555647637744475,9.409649600090939,9.262210188320491,9.21691869946757,9.759283365031136,10.718031455990523,9.548000721653565,10.595225871321725,10.38622158669331,9.685802178894017,10.772317004479868,8.741807944748796,11.16622598524422,10.650941963734962,8.925819797233554,9.800673567444278,11.682874416236093,9.782567790620913,10.374596577865837,10.447898670267884,10.385690400343272,11.881292114531332,10.426593021163548,9.700525968930727,10.504833368786088,8.881800133550172,10.263528150814032,10.01295502085861,9.914417012323328,9.610364346795603,10.841967367594705,9.30033196532632,10.32909445569085,8.963916855006861,8.722988590825421,8.43747307833186,9.449270078268457,10.41019916014555,10.479980668761838,9.265218114666844,8.95089215434385,8.831585887162062,9.571621639236959,10.947976035133347,9.957704842759275,8.531657431590881,9.738434328725114,12.513670206410739,9.414752435017755,8.96152145661217,8.993944030494,11.135074168605087,10.404261712014007,8.910944130955384,8.62446534920761,11.04218796693482,10.137325319552673,10.07406583027913,9.325803402582535,9.590722140345735,12.216070657300778,9.871472337481135,9.126161500670365,10.676394083596625,11.798156272909836,9.09463450977855,10.705766412580088,12.758421544676045,9.412031896049754,9.449788038342122,8.79869782713616,12.061728390996883,9.620402341977615,11.21951747679886,10.462020181273964,10.74700396909678,8.932150868256631,10.315568205740641,10.928444819840582,10.178047795756536,10.605503147873934,11.119828372757471,10.369078221162496,9.792844009035951,9.226508413513084,9.383476307889365,11.744996069503157,9.234043751312957,8.91343531491295,9.454284313653206,9.89442196990111,8.837007361361369,9.989693177795676,10.346550179210162,9.77769948634422,9.445334563739813,12.222483306707913,9.113076389136575,9.524807486696286,8.868254537639267,9.7566422859468,7.484593771402072,9.893895879639654,8.350592244363648,9.51362535398459,9.892019824248942,9.764881357344755,9.375207677783283,10.078978418142675,9.810089685140952,10.76734862022428,10.441948097690435,9.891749106690845,7.773597406754478,8.764773981662003,10.938960328273865,9.476026944273817,9.187427821072422,9.478721951281017,8.38135661358971,7.842939542407744,9.358359562672405,11.106115641410849,9.443976633897197,8.621184672821942,10.646534320521809,10.287771085998122,10.105439194415982,9.373968966492,9.630728796258044,8.153007370160418,8.215349161884507,9.693975992224326,8.627494744393859,7.952090950738158,9.447100746300713,8.17827157799241,10.72284458526348,9.541961586474757,10.462821559336257,9.778044857080706,9.02371915013271,11.144969821520812,9.286092775106065,8.513638234166363,9.5471117995414,10.187943262395802,9.972866530602856,10.01918716979511,8.839538437601652,8.868127264621362,9.416335193038298,9.515808548096409,9.660600199264639,9.330798980342754,9.664753619309396,9.761406291029088,7.473967511655002,11.548472185854694,10.107916025297769,9.526607344757325,10.39164059828113,9.18547309437093,9.679261706192658,9.347955302659605,9.578053364317928,8.771764429596946,10.15164481814183,10.537686633711047,9.253626163377737,8.008602578957394,10.193821549363873,10.208778715998143,9.273080500393139,8.005523035297049,9.402227835531091,9.80671365352838,8.975314017951106,10.2863822481414,8.431242762274929,11.115671201785338,8.949304295806565,9.077513352104098,9.800015932771064,8.89821866539993,9.968680712744264,8.4720633353514,10.950127566484182,9.612322234008252,10.632705516302407,9.855091190627657,10.628879577222184,8.693575943786842,10.531344036501018,8.50080886699736,10.703577673813626,8.362313527598971,10.029292917204652,9.009253757292397,9.51487217245532,8.474993749480628,7.445544008645503,8.362325323745461,7.384400227942215,9.757197583326374,9.41170773570803,9.743239034053866,10.877142544371933,7.956204251693389,9.553487174042253,10.086991800055829,8.233250241825056,9.088257090556796,9.6566278710532,10.369910795719768,10.344631440398555,10.94326327427544,8.401624444439705,10.646233108959049,11.547564985925677,9.783444874375014,9.476423894426222,10.280724497031633,8.859854030314041,8.937880054343994,10.028928323471792,9.791748484704758,8.338102659906625,8.817749661050394,10.368964382628501,9.746311587877655,11.834560511284065,9.01692537564483,9.176019859889925,10.277176034123647,10.69360175335177,8.339357281794838,9.499488185547989,8.892995596660413,11.158627646565252,10.859242662101652,9.395823478427095,10.55295281269873,9.892132101150269,9.127743342452563,8.58925538278017,8.924719027316618,9.742440874591802,8.633298134503216,10.7896273387991,8.62801374075627,9.386095262659794,10.295592471204937,9.38254130951811,9.901154463911894,9.244662568289572,9.67455036989225,10.688769362311401,10.3456895744848,8.76688253850716,9.098119450422299,10.371062159346748,8.948777588925635,10.250695337664043,9.54074748915563,9.659026258603935,8.651518928028988,6.934806440175289,9.451293691849145,9.703794346574526,10.268382394486947,8.664552631316408,10.47364799757346,10.665878071994026,9.487011894470026,11.129954724121468,9.83345813833973,10.491652927914872,8.882430477715344,10.608205631856794,9.696209457853062,9.918766572802975,10.34939921590798,9.277544317230172,10.404113317001666,10.721714715518633,9.250356986699575,9.802351768321136,9.681289901839989,9.747338821734377,10.42909282719849,9.394380703633109,10.157920167271591,10.603039655535373,9.776737153718484,9.4066695765602,8.485078075376414,10.305970205656985,9.41812115293969,11.03022331055253,9.07086105348118,8.853140761886719,9.707247300399393,7.973815048290755,10.86542924263809,8.902078180581421,9.538437897816133,9.658111728792294,9.944797267046448,9.230859453814242,10.326475059118982,7.864630208697634,9.484540047992432,9.681275242892895,12.072956277615157,12.857481520658252,9.326613315266865,8.226865639586643,9.459612930580553,9.258617311856613,8.501299897429602,8.306089016343552,8.785141723784841,9.474645692286542,9.72863638638268,10.122911698119651,11.745764351598796,9.620660024567583,9.300210379235471,9.300437421551361,9.864733195697173,10.686580751512983,7.582393346091245,9.595314425939288,9.472227538932504,8.42301931631834,10.36221141783081,7.5665299838214715,6.952430054354336,9.718657852360609,10.051894248153772,9.000525012806294,7.954986802584436,9.551031544319093,8.671027470582633,12.89754367403733,9.248945434030718,9.769709647764067,8.892240154201886,9.10303854158816,8.389176050078424,9.251760339435636,9.531118784134868,8.552019048017799,8.551768191749183,9.737166825698207,8.982543964731127,10.394935423020291,8.731052477358736,9.294943594113844,8.511312236181954,9.087252850935492,9.846201793761974,9.697738455753372,8.377980173449634,7.196697874270633,9.516865957475028,9.682755377753754,9.077776983543407,9.086470031299532,9.635514040441906,9.257285285052983,10.671265227433384,9.68491443882669,9.593389416810654,9.126849829685153,7.990327321747709,9.760300040525749,9.086240944436065,8.790020894896383,8.769420892089148,8.970759677035172,10.964030824766219,7.871023016053714,10.960397000227582,10.152103782775702,9.732831297216086,10.343054099080701,8.53088773558276,9.349233990366919,8.429281627361057,9.255721166490627,10.541440679159363,9.030857920649266,9.735156634982166,9.504900837565113,10.679804947076974,10.754480260368116,10.567817858107292,10.653170402627607,11.656180141087212,9.02419171798008,9.407680919286753,11.007171682786225,11.047352782230996,8.977868409787057,11.516829199508711,9.410849613781938,8.884450658519722,11.420616333059739,9.663095501219425,10.752975862179715,9.188949847004052,10.532178100381513,11.205108052361437,10.262663898324247,10.938100047034478,10.019739745156642,10.902703486078456,9.675435025323123,10.80103070393811,10.194892330127916,8.995599852142215,9.71033429192331,9.505153217146844,9.766810762230598,10.776193828436078,8.419197725797295,9.425980787242935,10.557739269733434,10.15504497052826,8.730369117410543,10.299445494562635,9.905788378951133,11.295508147929027,8.436505805873653,9.945007557945157,10.373545275850766,8.91339838304813,9.013052642188866,11.035124427937912,9.191221497814713,10.556279907507987,9.277014768381015,9.385140158885497,10.81673021303274,10.189228342674252,9.835379030701853,9.445391047159601,9.708490195294546,10.218342745521818,9.544511975011595,8.815225547686568,10.028978079410667,11.191597803348788,9.718074396976832,10.447309856054462,11.26012520988782,9.705368697832217,9.827649967165348,9.967101038540344,8.916444634142787,8.71945300053139,9.789288680012268,10.015480847558441,10.094425792927666,12.82773147776681,9.269635314896457,9.618672707329058,9.589673895129538,9.69570434439758,9.721551791514441,9.842236869754291,9.276130075817328,10.485244324837554,10.192520554759849,12.41735752488391,10.44964280236022,9.26664600984678,10.325727225454182,10.067915434535113,12.073948544178823,10.430126524418291,10.782077817817168,9.895750408846835,8.264048102067083,9.139496388289094,9.783171089278136,9.366893866737598,11.743047667500791,10.186841422252055,9.095375120990848,10.546879418992967,8.799078138773874,9.858891196428047,9.005277972018598,9.060833084297727,10.663981895196695,8.783538917199085,9.956195349005222,9.129970131625148,10.114472049965585,9.783826548514995,8.810040850352307,10.098298673627182,10.904753438591253,10.696475221649754,10.308647483813903,11.890908160607486,10.620899621494718,11.239387133064348,8.93433306011051,9.063240903032131,9.842092368995237,8.619905715492633,8.671366870004986,9.705173065891616,8.91362894964999,9.865750964995762,9.75836194426285,9.769417966729275,9.484840634336425,9.969416666577544,10.105348535616686,9.551966036943437,8.740149353237236,10.646329139119077,9.32171555550855,9.864082922399236,9.855480078961513,8.253138246606301,10.132374656876205,9.590319338243987,10.326021044076231,11.260281510612069,8.099206582170247,9.011265664761087,10.799863224151126,9.468029546022132,9.589010412445619,8.593546873409823,9.868211746794218,9.235489872249008,9.604483182987368,10.55702829183452,8.519744163973755,9.953384187707282,10.588032622703116,11.462488420267064,8.816616390011577,8.706955867411649,10.466180905449038,11.558810008660764,9.409927106563103,8.89578564874679,10.647999763319774,9.087748800886997,9.131604305082273,8.153392282613389,9.625171751325407,9.260844319300508,10.82504165786291,8.871476698051348,8.479840861513104,9.515969376644431,9.359902746245774,8.56203527765487,10.900543719578422,7.184527075770668,8.90937799575991,11.639248407797677,12.864095994301564,9.257001093776987,10.108412367807903,9.897272250406553,9.689689503763187,10.57272113795513,11.477022173660758,9.018991651940267,10.589207641696783,11.354176429828753,8.974144985139286,10.932783023970982,9.463796062931744,10.957139023680796,9.523685221786435,10.460897579478752,10.395693348328916,9.713887609060786,10.909708339950454,10.222418760878831,9.697523480233047,8.725755549988715,8.270169447529751,8.885133648470205,9.990900097748515,10.937006232609422,9.918566074281324,9.25772296622093,11.376219493914466,10.075082384562608,9.692117382960188,11.697841269814822,8.95668824210857,9.698048255954607,11.45298034279439,9.472394165629128,10.443305374343517,8.823603152539844,9.541182365470096,9.05631694622486,9.539196358814152,10.208032847925848,10.358589796794229,9.290945113906343,11.211032264058918,9.021042201503224,8.831522221317543,10.70664758036118,9.204041692102196,9.404479836306878,10.62341889604297,9.428392659260473,12.07541480537491,8.72050707406573,11.69476430226941,9.239098866725989,10.88179252543639,10.006843678542163,11.479560071476412,10.007829124508685,9.68638613555591,12.467570726322657,10.815510691654177,8.670654349336724,9.964558702222453,10.678274240262509,8.691498820473639,8.19875770860776,9.920955346974837,9.89757263489455,9.374216990207302,11.042502774544685,10.136731201535156,10.0860603731082,8.59088485160464,8.646720184768684,10.848635805852828,9.235159146043385,9.168704730481421,9.495047134305175,10.09350413085126,10.980929244265555,9.337061690822031,9.746876612300944,10.789314300239779,11.791409115850124,9.676174301021444,10.523727898402983,9.139193841016947,9.419294072837808,8.831553652491113,9.807316836377481,9.344937707565252,8.528853576878177,9.074022866685347,11.018526721534416,11.835706128464082,9.917476878691861,10.582511812980261,10.178304683186456,10.652452266943518,9.134776321942406,11.999410549349513,10.37341471586944,10.292514792748959,10.539398125643144,9.378505419700593,11.169238303297961,8.90387843968415,9.004890346719753,8.99858695940666,9.664039830294739,11.515333258610331,10.765503786126954,9.204601559810062,10.70203231093811,11.357387286376131,9.745029707805505,9.889511199901538,9.323304658422288,8.795943817208208,9.40556966118978,9.751453748501318,8.965587078076743,9.768675709902064,8.952850957805506
46,1.7383949026344137,1.4817690139130741,1.4756851024236903,1.283922559099697,1.617373121735617,1.4570454871120935,1.4293809440732088,1.7513413480953313,1.2491496100093302,1.616329406142611,1.5695661575880784,1.350813672855559,1.55174683357512,1.5675366368062937,1.4443497315985796,1.253932194536245,1.4422536359322073,1.4752512916948002,1.550151670670105,1.3005857696056438,1.6790084843877604,1.336522038441511,1.483623170694649,1.2929839114276713,1.242236358870118,1.6147094196408176,1.2143162872098288,1.4542389859496763,1.8355628774338195,1.4940320419685535,1.1674568264910985,1.3771749358858087,1.0416625368381986,1.50865613981821,1.625569723306886,1.3352090932385654,1.5972133711399945,1.595194527926146,1.5604514845696071,1.7708074707264692,1.610229102368581,1.4400411771922554,1.4594645526355037,1.6578721651849788,1.3436011279875533,1.287986384642902,1.467042185646887,1.344801347064759,1.5289858778371086,1.3445993559767937,1.5903387828750772,1.4128997996620487,1.4958728930371137,1.4254153334528237,1.5285928414262477,1.3745586986416534,2.1381303022047997,1.3932070822854055,1.583899985375419,1.7600986360583832,1.0594221052618453,1.5527217544812677,1.358195960012674,1.4987703843634292,1.6218389302886407,1.4604989124361492,1.1577242709086484,1.458915593043769,1.5870287863687125,1.485484750959467,1.6341392028392072,1.65271001658177,1.3596126251754526,1.7092654013897883,1.4213506147243837,1.4673634864648362,1.4895141016269309,1.404716907560136,1.5691823152122388,1.4282390372718046,2.065539689144607,1.3104149899661657,1.578228010638192,1.431183580947763,1.5052207740863452,1.4523414430480641,1.4334156060791137,1.5077010443301253,1.4041722347250922,1.1548938014344279,1.2878667701078939,1.2376811049050853,1.4708246635221747,1.586882451800081,1.5987299640212338,1.4826825803278525,1.53205133129683,1.5125441639048642,1.0504989449408295,1.2384552732138294,1.6388908384781196,1.6588631683745947,1.4338507346073341,1.5350858010434172,1.612768554514249,1.5383705156242216,1.598824552123415,1.9071984134863365,1.674301505499111,1.4496508029778021,1.6196027199121867,1.5178322641218869,1.4636566858873084,1.407128407766074,1.2996694352281075,1.3929285856043285,1.4200183566884863,1.5504390769964729,1.4627120582629016,1.2677646705101713,1.345552834635632,1.6805806164866655,1.3289517829399473,1.588437171412328,1.4435537712238842,1.0635087448302865,1.3449575007931163,1.483134674418299,1.4768850663697732,1.3837355474475235,1.4241758193374254,1.320662598046815,1.5603140853608448,1.2481755795796274,1.240448113605688,2.0729866358256754,1.7738283773972527,1.353252625030447,1.7595192632562677,1.6579723846662366,1.1423417698646008,1.5190085876619073,1.4024963267847876,1.5628071233759637,1.320324916589155,1.4990487243175459,1.468696578569959,1.4574040840673024,1.4308696638438294,1.327844146456951,1.153299876163531,1.508861412707206,1.4449493828883115,1.3797727060370324,1.4786982475280621,1.2918697604916507,1.7365057182073882,1.2888085881799904,1.6671136577629988,1.473302667363603,1.7713422291407355,1.5446026165589222,1.6326559210581435,1.5075420313809207,1.4035846915695647,1.2903645585841008,1.2854782103742974,1.3304414524508617,1.444304527342117,1.5860806041406161,1.5276413939710263,1.4438381885117972,1.382938676427141,1.7617967988347492,1.6535925821711506,1.605764147326386,1.4448019127495753,1.4934836970873153,1.59375267943716,1.4479487313694546,1.3316152523486877,1.482318975746948,1.5564351123977478,1.4839076457640492,1.7500207983486697,1.4230966164847685,1.312516668845092,1.6629968125392356,1.2917775408296273,1.444246641637094,1.5554494462322013,1.5519961265582496,1.2632072182779366,1.582948707624103,1.5526517253121046,1.3886541177386988,1.2770022487423676,1.6441852422573309,1.4289001442323774,1.5347040491884008,1.447470884810509,1.1310810941939078,1.5145829992024356,1.1605352583613806,1.3678433549405833,1.7245006172593447,1.447765449454544,1.4594390032503743,1.5422950077309725,1.3754481044390026,1.723325039411615,1.6291240373590279,1.552922465947279,1.5176751768332095,1.6567418269525822,1.1079391846650968,1.6204472091103885,1.5364629297251449,1.347509569534055,1.8232154589412986,1.3435376474939213,1.4779575611774607,1.4876071541438878,1.5561511160169772,1.1430278936240705,1.2994958907968703,1.4998447097028866,1.560053749410387,2.2124578226286844,1.3014615731615617,1.5514222033465739,1.3932867816389198,1.4239205965649004,1.5881556992804775,1.8233995142312345,1.3734434483478442,1.6431466236090413,1.5991874937642216,1.5642186273864302,1.4181486026682673,1.3345165208573226,1.5203708512101182,1.9701860670821796,1.7866782125411065,1.4945154666774663,1.1134467557748098,1.4380342004407873,1.5993334486368935,1.4235835445899345,1.4986734356360056,1.627235854451267,1.6702587957847512,1.498807674731681,1.5460740770052919,1.5030856332597557,1.4350267657876123,1.3218374599205538,1.5150218280599148,1.5033788946240352,1.3091903483758585,1.3723455480462952,1.561381026853602,1.6481715322053752,1.3256440759909494,1.2580029031421416,1.1358057611033752,1.2463005773692957,1.6171530224474537,1.4579204241612789,1.5337358359027915,1.6059991430874379,1.343306546040961,1.421287317268376,1.403109268105763,1.4627638935810088,1.4997659166490651,1.5298612092609218,1.5975143566516319,1.806923704241509,1.4233374400891168,1.2334740288554666,1.6327854638565857,1.3805337845676182,1.414671718749384,1.629929302740099,1.4417574599071858,1.3849055958019878,1.2674442603491107,1.700164931830464,1.2406943104402082,1.4759277899477805,1.5171659685939116,1.566579321933172,1.5936377607666166,1.5176888375241553,1.2744594490684358,1.6000988145423327,1.4880281431535582,1.3432974376709377,1.4063540859098436,1.4530333909304431,1.7035769086395116,2.2329950953241653,1.1674158101789618,1.6904189178094358,1.5125353984700827,2.050147745053703,1.232357315947026,1.8596605207112178,2.6605021887916407,1.706645992860933,1.5651797096925224,1.7933149509478294,2.2290615610258455,1.421346830286158,1.6088173366643088,1.6370206141460482,1.9027112863356126,2.0457461761333846,1.504581635670672,2.2368569309902777,1.626976262336905,2.2760902386421598,1.4857144181647965,1.5773468841504503,1.448987326427808,1.2642435789043767,2.257996157086041,1.6356245351229057,1.8294913414583305,1.600703742386986,1.5856300798261715,2.05581144938708,1.5595055428822198,1.4620086437449122,1.5674380948150948,1.900639880752304,1.6257930342857854,2.023387958974902,2.9293224079548503,1.6465925562873,1.7809615673571975,2.2259230531221723,1.4112845783556642,1.4940562783084714,1.8442350727824839,1.7259634375588264,1.3421975803686064,1.4715162357033982,1.3647994589819725,1.531376218277935,1.5731227642139691,1.7576867146144655,1.5478155168152605,2.0997414074939633,2.267532269220084,1.438132699208665,2.165923194378824,2.667354714706805,1.6278444183570122,1.8198138264467902,1.647186039197296,1.993317036152475,1.4729146206410046,1.7528276949971793,1.733081440581341,1.6652240672821939,1.591383020619981,1.9780240524504735,1.4802445410299983,1.4155293584717468,1.2920743637836534,1.995287446279649,2.1164469224619475,2.583880322621597,1.8679669660512965,1.9009850540479316,1.7767995180697267,1.3845417574806085,1.4317010299449608,1.5751191093264225,2.1775597716310697,1.2546355498864645,1.5016610334313445,1.7556198727272496,2.234705027987398,1.375419349659949,1.5806520514636493,1.3898029524650477,2.645804958751687,1.479453866218243,1.5859916327617334,2.3567677222905776,2.3810975250203965,1.8881138917980225,1.4141497752820735,2.7155263149965307,3.03083927030716,1.4104654264198948,1.5890016221225454,1.6585322704004948,2.811526110729668,2.276399411096903,1.4765029076276188,1.5692182349375934,2.2739152800622007,2.0486809682824854,1.36049685497634,1.3084537558281182,1.4479716753305731,1.4118368567511028,2.163144489077534,1.7856480935326728,2.2865771135126716,2.1332527185140133,1.559528690839418,1.7198742697639113,1.4774818712050715,1.6132455787443662,2.2431456909613257,1.7685683011422841,1.3150653796576162,1.6120614359837986,1.4662669271314046,1.7046624533488461,2.536182496017482,1.1829283406631041,1.4584370821253472,1.5181567114897803,1.5091536307502762,2.692338475333118,1.308144632646941,2.1488180238407666,2.5914579926166237,2.1232063572944857,1.7702354440616779,1.8390333520547517,2.1263637266578534,2.0281701831475565,2.535519635939994,3.258561359272927,2.8898274526086234,1.7447716609233432,2.734095982384782,1.530126137843255,1.2915243123445446,1.4638751516248723,3.372929302039287,2.017010013670113,1.5664938839215752,2.225439420563085,2.8472838548286856,1.6551736546811908,1.5920917538441648,1.4660110213969737,1.4538930388232545,2.3021896748048287,2.0808849617530067,2.688469006635634,2.1258037842903614,1.489887646300854,2.3978079310092886,2.5686745536170865,1.464360406685077,1.5324635636324653,1.9595991036212432,1.6115535276063058,1.4629453478482988,1.4296688749876414,1.9788341545649042,1.546406978821489,1.681470087744621,1.4008577163549554,1.4765830202583747,1.4307678878313985,1.5492079777584513,1.9195411737662975,1.8191697202806236,3.01528908295349,1.5936939104629724,1.66857715385811,1.5074829475535494,1.5027299094753088,1.4978317783268367,1.4947667791612578,1.7947201577053937,2.1367885290090944,1.4164028711011192,2.93112494338224,2.9258993617278137,2.219260964944685,1.54296130724839,1.6316286352798366,1.8522569190729052,1.6773560662479974,3.050159436496199,1.4422925653454657,1.527237276540068,1.4870785859409459,1.525028215393505,1.4156690511385994,1.9536565315043466,1.4339368938567676,1.4667477385163514,2.555069202323818,1.9568242450260172,1.610250689250603,1.770346550597774,1.3938731088664889,1.0513058673371765,2.5980583974349805,1.626226184493715,2.896867487482709,1.5787808940788082,2.214080630719933,1.7566768962936972,2.000645541213182,2.360469578391961,1.8444823543115219,1.8317826802362742,1.0989063334283413,1.9777847480100077,1.5958890341233134,1.6464473693707227,2.861284580779057,1.4559927632758,1.4357767539024997,1.5916192762071597,1.4693759556546362,2.642326687167338,1.4766397958330277,2.322648146842103,2.542325312142714,1.6644888007323657,1.4159958778725248,1.7371260335100955,1.4401426908796218,2.320411506247801,2.9306112447329347,1.071703244234599,1.1890008326599997,1.576126987140746,1.5534371250970833,1.7928865380739911,1.6697240021457291,1.9666792513973186,1.5768430820045993,1.484511377949841,2.011939005722305,1.4493184757902546,2.4072297148673085,1.458323910823472,1.9166979848785897,1.5981988575813064,2.557414543198639,2.9514074413019395,1.7954020978067478,1.6450790116111471,2.635196188999097,2.86161360154752,1.49497575731992,1.495294612173578,1.5028142940177442,2.342704277108162,1.254628999847482,2.9139303001528996,1.9981288096667023,1.5638273067154471,1.464589049669827,2.4652872732969326,2.1862117124709495,2.2749904982950455,1.9532064949470036,1.5765896727284514,2.2197229973517802,1.2978378128848163,2.120830864157053,1.7868405295557572,1.8652716304488546,1.8433979280665456,1.8125921881161795,1.5832875387461212,1.327087958636638,1.6866439295046118,2.6151252525228004,1.6926708458603703,2.180116551402832,2.0483201948054592,2.9185988606615436,2.0553337263257143,1.587800650808414,1.7831978500449641,2.2193725138876688,1.5889490743965582,2.9494254419271524,1.2037818725820744,2.1856441049150233,1.6413846672893027,2.478093297714927,1.9413802169086865,1.9324107792050682,2.1830134154508483,1.706628984680905,2.755523600245914,1.8796890296424813,2.080215645353717,2.5087335328063753,2.1850000152738347,1.803974571198945,2.812674851431994,2.1902184969101803,2.552485118849196,2.772064822405177,3.279058071667017,1.467262852707718,1.297944055935877,2.068552129424732,2.6402978304892994,2.068444036317381,1.5098457488397603,2.485152996031196,1.692234968656047,1.502213896984159,1.6802455129558533,2.3382349290889777,1.3563434626941728,1.1268135837238034,1.3403520008137635,2.7416849266602963,1.9636637982367176,1.6096678322596274,2.2712977044315563,1.068069347073476,2.1508139820499967,2.197981305237802,1.879543672756141,2.1753093863946034,2.676585840335073,2.588600360285757,2.2460114180246724,1.8206737317610124,1.9222591956341448,1.6249827715947214,2.5219584390087024,2.6928664497461865,1.7632869162405902,2.465983866218434,2.3402212565228453,3.4016498310959675,2.30649658898177,2.5859383437398575,2.666805396617308,1.8291383533125112,2.3494025949101194,2.334211648813461,1.9108720289020606,1.4274004352534209,1.559393802289272,2.849358558129293,1.0455772120559772,1.1646591688228412,2.0643773560735075,2.727724061990082,2.5514379477718196,1.1791462186362565,1.5540848191020975,1.9087739206078607,2.68592569540449,2.4818746410520656,2.0192422598087916,3.252663124733096,2.6294234186060557,1.299875595562711,2.583121009240651,2.265861798769683,2.8890676791410916,1.6149533137915628,1.102492390208357,2.4304700434230004,2.467817504748832,1.3230949418706242,1.4816199007847952,1.8765053088648402,2.324516067124699,1.7350577732922048,1.5810369446267847,2.777031845722282,1.4903273309718215,3.2582763410929676,1.8359098007923598,1.8942664462463372,2.271321229469073,2.2189289552582254,1.218283254922656,1.291518870334363,1.483502944450803,2.130167622733224,1.5301498934149886,1.941413744968028,1.7707058360371521,2.320448240958397,1.5870377901088815,1.1442625895330532,1.608580009648598,1.7550794698699956,2.673438581202517,2.252308593637095,2.3211628641082456,2.562277052138567,1.3017582870258448,2.908698619289369,1.9251872442345057,2.615689942330363,2.353287723101861,1.6073948928183308,1.787496740540048,1.6223922081819357,3.335077251177683,1.9826838576146801,1.0957866393331495,2.0398368821257598,1.3573888981900104,1.6625544156325236,1.9920702739352583,1.169117453596134,1.3546788096396865,2.7813710662186555,2.9623622770279305,2.221062473402654,1.7656067795695665,1.0496082430406417,1.18960948414274,2.078600112575186,1.2049433769893863,2.393691545949873,1.561060287008753,1.782129423125489,2.8353887872826227,2.1859429486717055,1.5356308193459989,1.221767978022974,1.8635411009620118,1.7111872944369548,1.466075965204938,2.519288835549778,2.5833933190432017,2.514697590532642,1.518352509757066,2.243006590393155,2.8866538820174257,2.2622028636444393,2.251372681391266,1.5883655935435732,2.5671265277816215,1.8952203808784556,3.069022778844412,1.7877285990859018,1.5503801188824613,2.5102614179992946,1.7863471002537625,2.7798631778780623,2.2349985400909826,1.966006518541366,2.2188874156802942,1.4697739035367303,1.485133492825352,2.2263304449168593,1.5131962393007157,2.4946592200228963,1.0456073936118104,2.0904166551850274,1.7979184155935684,2.5320281613698468,2.6477552392219192,1.4371219458924938,1.9912654996026886,1.6817213430547768,1.6014232576998209,1.7175597363802988,1.5059561668885797,2.7270919236605393,1.3871657474979922,1.9214380860759859,2.6215034607588406,1.6284933144524492,1.7817127395524655,2.265964784763881,1.5734869614777431,2.2532423478121033,2.064961955857457,2.842559080886415,2.6004926412412845,1.9544025732341275,2.2570778006471595,2.2689081812184377,1.4911283218821132,2.661953224440437,1.5308479904915608,1.5825067839679279,2.721002821004253,1.9776807330947563,1.4903776574651393,2.2473511740127083,1.8055698948118775,1.8493719736628675,1.9135685471167987,1.7627278382927765,1.5734230698265859,1.194325657778027,2.3094742117630616,2.169262922700259,2.06648294446358,1.6021344598719462,1.9059942473269798,2.322836156921703,2.7090419773831367,1.0625095336461026,1.668703206642557,1.313350363159604,1.5745438224142756,2.8393389133852605,1.2437650155045519,2.3121253620286155,2.4127278251245388,2.6303092952448925,1.430221023106165,1.6670995911817235,0.8022196872103246,2.9913604564051295,1.5160900899902845,1.6730980220894989,2.8360754207048977,2.127363219697056,2.4846589174054277,2.0625257728516857,1.1229049066481505,2.7218107991877294,1.7903136457628912,2.8329756808150317,1.7287739979008234,3.1973660826398906,3.1912320553327485,1.9944698092317272,1.2745515199694828,1.3221972616699116,1.070171810611293,1.811981664344403,2.587060187509985,1.0996809391514262,2.553648121300716,1.7232154935542576,1.6174811110005216,2.062727361523587,1.770065392400585,2.2285889581562217,1.1490118942546335,2.087378582880737,2.6587691209006747,1.649767219167179,2.2873037083460086,1.582370327993973,2.7468061148397926,1.5727156498070065,2.727159027320818,1.7873724163057676,1.0366854234819625,1.8032822432426783,1.6818614549705482,3.234628064992183,1.7498832412625949,1.2104046166640132,2.6640641592929235,2.071459455487269,1.4253803896065558,2.784434884432221,2.060086215020235,1.0505784547058126,2.411143071039714,1.1051023482289304,2.2433334990424045,1.304127496473608,1.7987114072225938,1.5254970149926297,2.8548970556275015,2.6769715925762165,2.0134887468433327,2.951515490523017,2.0205924678577087,1.6679355382376984,1.4839557601069826,2.3144472989990517,2.651951304004199,1.0967561924955016,2.4456563005047887,2.5228624371116055,2.7276266893261547,2.2056329508742154,1.3783905071709304,2.4985051847633217,2.606302695158532,8.466921707441694,7.779654643024282,4.426753176264038,3.192135455355083,3.311445277473052,5.068288917393164,9.261011382881573,3.5310456156700765,4.372269211856354,3.9723010403641736,4.484715182472774,8.248726151265808,5.272251354694684,3.89588152663872,3.901904889548893,2.6734363670425303,3.9068074055318895,3.1015804006759002,4.849692078758029,2.524155146421782,4.400890988665318,7.605653955088961,3.1674988863544433,3.892228162174807,8.022164492886269,6.061305459041357,6.779100345415944,4.155261466750751,4.192417437536118,2.8095316774146424,5.5567601622779925,6.606666713701388,6.112632058675505,6.52506552317251,3.05890063692644,6.941853961039701,7.815585193181073,2.7090767136804947,3.701650061591897,7.058280860650002,8.267589826833143,3.6678223418039195,7.14022934043224,2.842161025865667,2.584138401625294,5.74971904364765,3.3633084290380455,6.661309484454268,3.7843443484272976,6.7984515058543895,4.280932147195807,7.664771160982179,5.294159709838317,2.982366523269389,7.927235009239435,4.017321810938304,2.569445148618288,4.460458666156628,6.054369731445261,4.097381369938489,2.776096975021326,4.496145796217477,7.229074796011438,7.5000878503992565,7.933194970789679,3.510563569671936,5.2684145805118545,6.290770279150216,6.139083606240944,5.45966886474249,7.026833062202243,7.350790237229127,4.156823738816081,3.6508662290806377,6.056278164339592,7.795532557802395,4.087360449446777,7.371330660685198,6.2067184800738255,4.237854877172916,4.725826036660763,5.946420460692314,6.4334343548317285,5.436873945779068,6.298731588897575,5.565896799014638,4.838591445794049,4.142460562984998,2.605259439532675,5.7837227600435215,8.105423695566042,3.486250134392353,8.089523558584412,6.401582819074274,7.618388388129096,4.402365283487166,2.5997721216985896,3.548205783916166,5.460768954144552,6.014248557809055,6.993147987438812,3.59740555687948,3.936960191425258,4.242898763340429,4.7394292801989755,2.735044185265641,2.5941055728322557,4.756937624417176,8.832917895354056,6.318925945681109,4.5101839186337775,3.8149459323824284,3.0600641096825143,6.654235147034368,2.7951569994000525,7.4119874347805945,7.074813091986603,8.280166721624143,4.077507969284931,4.74696330871283,2.5060676082835225,6.406177495490775,3.1239232397719094,3.028321102465267,7.3176358564712825,7.2662585496062615,5.1325751886074045,7.105146347564748,2.626643986085489,3.2463337725386685,6.371168311676157,6.059514831602154,2.636218847861673,2.969919884016339,2.760734775639322,5.6398429589804735,6.3318044320854066,6.295759222372126,6.27507965652639,5.431732652346359,3.438087304081659,2.871289585015693,4.4301684268221715,2.874403071001329,5.752990784693679,3.064581750946045,5.362908741390622,2.6143250560514337,4.844531953718492,5.940552818770513,2.57813619954949,3.886500394204029,7.900286101550487,6.942379168362856,2.4490964091136234,6.221884114400635,7.180985745257154,7.0620657262958035,2.7991839148103086,2.6741039812659118,6.569853514840055,5.669889647352633,7.856419317744256,6.090211916713967,5.776521515819716,2.55055500122366,3.8151841633136208,3.567909700031411,3.2007992116322357,5.594003765954742,2.4838547822603276,3.4036371991842818,2.7143873949711517,6.637453807586066,2.4252250819020085,5.455275657446526,2.743491547016283,6.8414828401929055,5.972246195139646,6.650989829762723,3.1169890223123558,4.970539424756114,5.590281027522157,3.0259103380145067,2.5632207643469105,6.453869524025372,4.214157778278131,4.883345100982411,3.2920209274543453,5.045654997723851,5.6207448343416555,8.221383998479082,2.7368896695534546,3.5693716491625724,4.4084746276633515,5.606888370481571,5.8242069820586035,2.8146653725141824,6.949507739314512,3.111676525020502,6.925480400734072,4.089167437701209,5.128206747273527,2.583255336223142,6.402847422879331,6.185971708012951,6.658239770546708,6.338206170773853,6.535496765660708,7.051276255149907,2.9470798750252314,2.5359311075349837,5.303151939171692,4.810311520530003,4.514547651404867,4.401045902807213,5.053861724121961,7.4063630363960815,5.795669710110068,5.105180861950663,4.702858010570264,8.035261969896563,6.215381011995172,3.530181789363566,2.7967805824523304,5.451943100347907,3.497956939868272,4.85637194426427,8.350579687933031,4.743475986225498,6.528130000349695,2.4188912035801002,5.1728623743211735,2.9931389974587264,7.149681303119675,8.478036834104858,7.285848612512179,6.538350543575513,6.174021037356715,2.8309370126456974,2.940278712512212,3.991966550766375,2.504402686099779,4.485935960357957,4.5408768677901135,4.3987032391200955,4.821469411424833,5.889616332260114,6.2873443706684435,2.981915713608284,2.6298121564986987,3.0007609402240725,4.6670192622461,2.7754547866277925,5.4811610832861,3.972644060667417,6.267888938515982,8.099592803718377,6.205226503413266,4.6419632534099335,6.103816611557262,3.364064739311259,5.211897660187688,7.887545287502295,6.318721427562436,5.809178802097009,6.191133223135055,3.01836444856928,5.3072033327822155,4.318527452083484,7.29469474988658,3.286046383656703,2.6665817332288793,6.11979916497622,7.86294467581407,7.868551524873232,6.184226316731936,2.9933082700310853,2.5444858529157015,5.344410360199907,6.651618279839488,5.382035577764476,4.9795309225576805,2.985054176823996,2.796881351406014,4.950025481051384,7.0353541734375336,4.887432683216043,3.875869854927491,2.4700114097150947,6.89348197591702,5.518167207366287,6.161928816231683,6.015790322233588,4.2263082318779395,7.828083858564325,5.90631793307622,4.108873766383138,6.318358128478775,5.204292898001725,2.8223340072656398,3.0426257335392974,3.7571824377061342,1.935151715709132,2.90773675576851,2.770077828282979,1.8422905607711508,2.7426089286017308,2.6519780122490846,2.784216606311637,2.4845954412638025,2.59852849980456,2.49751040439102,3.5909650249061498,1.6749817982889095,2.196196621309297,1.4445021275195475,2.6331819585163676,2.366880777617607,2.968721845803108,2.4386672906460727,3.841845794046017,2.1532317223675554,2.036047841271111,2.776897467776913,3.4566888621013154,2.1979759874677804,2.8033987473897537,1.1277412703858796,2.737655753806748,4.382158790086478,1.973379562520218,2.3395188484645058,2.8594400165071527,2.507335108229222,3.095347108710535,3.209380166224029,2.5475441809273587,2.709622335948495,2.0934149951692533,2.7301788133339158,2.503274424796339,2.8385170414949887,2.5123168449075663,2.471741788413987,2.2766559959633024,2.912159592109828,3.14170577514748,2.0983884875088403,3.8077058200298484,2.674068750278835,2.354179897278164,3.4889445014037093,2.839926340756657,2.477507522968765,2.5227087353502995,1.8939071084283776,2.986944189996873,2.3004937562979544,2.8305811719820975,3.834342983644295,3.0526108390988353,2.6477919549168623,2.7642347664790754,3.765270448367883,3.5575414148271878,2.7871176718895083,3.353989188327735,3.761383021954654,2.577359809351127,1.8728495612594964,2.583242688069329,2.7525708012071863,3.497891002614312,3.0719380209809777,2.0236579280699125,2.4477707913581797,2.0328239823020926,3.212456750420828,2.709213476910519,2.094837405569507,2.6896238399611465,3.7462193724260304,1.5354257822642696,2.550153251761352,2.6072183041776045,2.134618513789663,2.4201143908805163,2.77968519475068,3.6969207279025764,3.364581239108173,2.5014292515294603,3.205705672801336,1.8246203897461555,3.0775072498015867,2.7959515351040882,2.147410146503918,3.8180193687567265,3.050895193030872,2.1854502204324318,3.100749785487996,2.711852276175933,2.385167229932285,3.380539594123137,2.6348942928798076,2.533074691488854,4.480064498160834,3.5855883575763783,1.9051458549271432,4.405964909461636,1.4065435867145013,2.5798262944662715,3.8028647667318203,3.630062070501218,3.026188182609171,2.4415929399259464,2.801247392776984,1.758012273813131,2.789951332132762,2.5601425584829083,2.6387077995277552,2.298153690872299,2.582233997151763,3.1683915878235487,2.434930360825516,2.1168778616763735,4.164237917838331,3.450609082399785,3.8705841840296435,2.9014467165206743,3.174105803174927,3.0360617103509835,2.5199287289822565,2.255171516695862,2.0318032235624615,2.989590691796015,3.611913651269996,2.104810886482048,2.905146518884394,2.2568376448370904,2.0052219994928415,3.829115295818182,3.93804848834705,2.325258611827115,2.5266828334939335,2.8768392607847204,3.190584639517344,3.8787945770610683,1.7880473873585176,1.71093261408537,2.6181476130905317,3.3375363898856265,2.8696429598804065,2.0255755974322156,2.2469167144788913,2.674988425939546,3.4470699318173006,3.090870245058239,2.202485745215641,3.854660187695313,2.868831776696918,2.2667476732074863,2.4246506033173634,2.967294463883816,2.5550906582098016,2.4501178089783098,3.1890764048493487,2.63312358456519,3.1990878170459514,1.8412915360054507,2.1928016430516593,2.505039384821919,1.9732498292227298,3.5755969768724487,1.8933694797031246,1.9448239445901345,2.692678839394734,3.4511020797231695,3.4962106843784286,2.6118505021362237,2.47795750307312,3.887008549421196,2.8805563632882896,2.1587867187580834,1.5773267190834062,3.1435505139266993,2.067492363875926,3.080586412754174,1.4716905074859057,1.532599327964635,3.2517696424523903,1.7856845410174687,3.1943881007277466,1.5206196491953634,1.789886713885701,3.3461271472038803,2.3615856196247766,3.7098238875023304,2.7371193611743045,2.504314412702673,2.179717594739854,2.3598099799406764,2.3652391220580693,2.929424204747718,3.9116987374281167,2.0074048325037315,2.206875991058161,2.104225226598732,2.533252890615617,1.8099798293670386,2.290538275674754,1.7284624084171987,3.174812995941367,3.7133469612094387,2.6579471028661303,4.524308590615136,3.8281751062946796,1.9161574034163813,2.443068502697703,3.4427705663616766,2.6167757071338,1.741175987134985,4.164888864653415,2.9738807942938448,2.500269286494983,3.7409467718484004,2.3330033760311735,2.550721495072133,2.4313036167192053,2.356770586982059,2.5256556762582476,2.48682300913994,2.6309631825021937,2.4956010466053202,2.053531188808613,2.8399458179727284,2.3354082541113086,3.4916467006287153,2.2557508256805994,2.607076278439498,2.660855372966677,1.8129117051200832,1.6487840366118391,3.0210586558868022,2.694375220303256,2.9410193466744623,3.8904029542467837,2.3838683013763515,1.9784215738016786,2.3816972115253816,1.478578199620207,1.5168146946546013,1.9176400029534073,2.4998515677164255,2.9040718042213753,2.482581653287158,3.2943485887278534,2.644471312209756,2.5569614693078733,2.719628382550669,2.555862086006411,2.4828388443339655,2.7800868327341997,2.898700693479278,1.8043041311902412,1.7614194037743536,3.8841084110579756,2.4803851963231667,2.057776769302476,2.0094902962479377,3.1986708357678597,2.2068203169034804,3.893493507970984,3.166786465269043,2.7091278199427946,1.7454470804553732,3.47838343736043,1.321753730737925,2.264862126243915,2.1334657493864078,3.5795184440330554,2.3466540293050118,2.3330198884605537,2.9377811974137247,2.305632631724584,2.757326411579818,2.889689405870335,3.03876737490565,2.523086986322369,3.7171971315451167,2.1969597988326046,2.8646923916862908,3.4448873283175283,2.987610093963076,2.5471690585197693,2.9231066624346598,1.7896893550607265,1.6651251774831992,3.4292704485073027,2.278846079510098,10.410596584380945,11.522312769603571,10.457668412276552,10.953108568172045,10.239558896794211,10.478218881243595,13.239993622515975,10.28947994558114,9.679029623964173,12.60784218186885,10.091272552411782,10.27522073634182,10.716156531662515,11.355466160197553,9.916256551693131,9.735778481284854,11.846080119423435,10.478285965943313,9.671853248256413,11.465488741295571,10.160954339557353,11.00928679528961,10.377900977265979,9.887389633548633,10.803843664365514,9.566484397870294,10.359074875282353,9.954765110110847,9.784034420437871,10.699245545985024,11.075979383618192,10.141207414919421,9.66932884312201,11.049133949680025,10.416832153455438,9.648204836030995,10.55054536933187,9.811116698682941,10.647196142809396,11.487379186114227,10.243265757215047,10.189197169227842,9.417807050229174,10.762607150842195,10.813622527105723,9.51728240604608,8.774026014016133,10.024415769218729,12.1844392196259,9.054148584272827,11.12695490614449,10.541501221655235,10.971528287035055,11.046761831935088,10.067128331625979,11.518788421396376,9.555851799028689,10.807172646187361,10.359553584734696,11.509174652982354,8.511820458498756,9.429081399818054,9.135485662160384,10.77813337467425,10.448321372882134,10.167833795618664,10.760204550931673,10.059334645023132,10.072706650817528,10.42408804540775,10.134204068286742,9.631586979829553,10.9833715230726,11.397756056623745,9.12138288800149,9.054256946223045,10.43116072464711,11.111060073909954,9.860004807898255,9.807148089808436,9.976715184401206,9.053333533739375,11.625026603760425,9.564858076326361,10.25386512351767,10.907786457669987,10.460203432239528,10.300652700729986,11.637948693272008,10.06906357812668,9.869356392332849,10.526220191439272,9.444603120421222,9.592322269319714,9.784835360724943,10.733665934849098,9.472232369574442,11.499004079415581,9.803525774013531,10.80609993848805,10.44721793898197,9.968536286281374,11.547743358169742,10.25663133780146,8.549165808373838,10.364440660247665,9.48970451360634,10.574743525214096,10.666124700446561,10.441589397226943,11.007964924872477,10.944411570697369,10.095470585521543,10.309203367263231,9.703238244379882,10.407460604516,10.289036467432815,9.092953008705495,9.385258016159304,10.345298240298138,9.738699287577324,10.880834007697425,9.609229506990413,9.94655769729496,12.424391944735497,10.328323452513281,10.766857526237505,9.808109836342256,9.61546975877724,10.846668133026636,10.518091487649702,9.8912525281604,9.487228867690915,11.016363510260707,9.260482808056475,11.725805067237383,10.859792746677474,10.752110932765687,11.252111534464547,10.832833851261414,10.10154105189029,9.961775286645217,10.170307301581223,10.494592973794648,11.185633999543404,11.315953169287049,10.6153766052647,10.475596310511921,9.824541295020492,10.071043153559177,11.579452941135662,9.950257690793762,10.089175677451419,11.365583944773137,9.38922397020662,10.295787171024902,10.06875839975021,9.731233075972236,9.760517947652577,10.136792581976746,11.220242955419634,11.235449772873102,9.545422470507921,10.429112422092055,10.530930629047884,8.922440105142535,10.60997103281999,10.241949615762431,10.717151156643698,10.008285543446304,9.712842038469896,10.988921525592795,9.659640600693434,10.602200513333168,11.217349274784375,10.267002069228438,9.469726874176924,10.461334327420218,9.589106482095607,9.763387152431706,10.392080754745223,9.355027649703915,10.129231680621768,9.662199269502707,10.45782041379158,13.080421346198456,9.451287341238672,13.221669884881738,10.32380321988429,10.414734928408185,10.170150591562427,12.308376639054103,12.16271190847626,10.248329954291089,10.253089624259882,9.603345124514489,10.198119045776275,11.31145964671641,10.962899117385522,11.44579180269932,10.342167011578406,11.094311482574199,9.548135181751539,10.900297392991757,8.805672851821384,10.786342102363195,11.119806285605026,9.836686873969922,10.202527786932949,10.39613121103026,11.910935816793687,9.744786576813803,9.78104959015792,9.320672935609606,8.924746005609279,11.946614323285475,10.379013018939004,9.204254308449698,11.254932781046532,10.056808447713378,10.391881803916235,9.733341181374872,11.279862983481769,10.017001195299125,10.408851692910932,9.898752976102978,9.774703986413108,10.42601122607995,10.009321359439125,9.310675883553706,9.816765498441473,10.480064369798807,8.784516952736114,9.967968150783323,10.162284248172272,10.325243534005043,9.856817261773733,10.838019445652957,10.493850314045167,10.365647565765084,11.580539192069061,9.507799575966432,10.108257052434764,11.589400875473643,10.384670624972754,11.205536169873131,10.240876245039692,10.424636093664843,11.172647286377925,9.785993067745661,11.385126560917453,9.705100268113629,9.73176402420599,10.590724247021841,10.84217901005028,10.659235333819929,8.65275623442922,10.490094980554796,11.346092917656698,10.945298412831114,11.720571714418934,10.458147189177105,10.323367880874308,8.570895117608808,10.877180960668959,10.046352866360964,9.44763508714846,10.55953319197332,9.507644552206639,11.182093759797835,9.960317600478149,11.343438676957604,12.013670160741734,11.152130980043637,9.463818635557391,10.04602364907443,10.590447571448852,10.798477480272242,10.501361500031116,9.936922591787905,9.823583529312897,10.938647146390913,9.786065249607983,10.244547661260635,10.595390215259824,9.654651651830683,9.776157883774994,10.443643778263736,9.500099783204108,9.993869402930855,12.897271178583145,9.92695408166532,10.174808873960169,10.61330294984068,10.739291250254185,10.268662903226907,10.879590303600107,10.788672844958318,10.644999859340341,9.58993266413452,10.424779258429016,9.4438790044136,9.61160206441916,11.14205651469905,10.016566483180888,9.613725996014209,10.447742991902391,11.556919463561135,10.230101310463198,10.374649915097631,10.65014282816814,11.153603629531865,9.976139003625601,10.661951196020244,10.304505136515301,9.609708411168661,11.950789507705489,9.2420753187107,9.310999772366722,9.757524677752171,8.431447493109042,10.773607010411597,10.595406763042469,9.915936173009051,10.255677536623054,11.340755614337285,10.004147937340594,9.300251801874145,11.148409459062282,10.542610070310333,9.722326786676035,9.177136681416888,9.993633313248806,10.850405824111142,10.49927230283473,11.09920458087326,8.758606529369896,10.363075720657077,11.462020410266955,10.195057500255803,11.227384389865085,10.58348225802351,10.039325336825025,9.80001645288897,9.952932546910121,10.32287904813017,10.099712527059781,10.079482933074807,10.729392808471106,10.782047832835053,10.42124877679437,10.325250019726889,10.217745980273996,10.744701625835791,9.246800328323884,10.500328266129806,9.880595044756925,10.376432130573463,10.542560459742454,10.599568425957441,8.85244369920817,8.206425335159905,10.584006050159443,11.209506626333825,11.154602212986841,10.219053734466664,10.860173906834333,9.920938876639559,10.967672856264095,10.606706417904853,9.696277545382582,10.095022134697487,10.736776881438168,10.012764595242846,10.277842221992124,11.40248021798862,10.299233054521583,9.665488521202848,10.23321738734565,11.952995730687384,11.056436144567554,10.232752645369692,10.181563227517753,10.380490318499373,10.750932496117683,11.078258457036009,9.530529623583256,10.825527287477243,10.356973388806221,10.706105396397408,10.444955417586069,11.58111335391392,9.593466071870862,9.815971007420094,9.941795970411007,8.692159448772548,12.074054833468555,11.452816342883986,10.546735733961775,8.66686143350651,10.669408490862487,11.09037922358216,10.224635899494364,10.473472541206528,10.910405033445059,10.780173054697988,9.559822917807933,9.945046978604978,9.75937914444601,8.457726799420817,10.108754829403933,10.365002801990222,10.79083495419837,10.68575688261884,10.096199637603847,10.22027089696836,9.128675343483563,10.43610310802857,9.742946255456479,11.151724514809061,11.455278319535553,11.405657230376448,10.685169601636868,10.2700737465409,10.84654577881187,10.715548089454312,11.115115950747072,9.64886588583693,9.772708303937478,10.065060359663514,10.164379727081304,10.389558990890349,9.8424816891439,10.501653632306427,10.605921482870864,9.950065374125126,10.254120583367973,9.812008549598483,10.43950383770083,10.202409660388616,11.923966396670947,10.74524715163921,10.5493027103141,9.27527467772622,11.422262240154584,11.431488968512667,9.1162674763932,10.424877122157401,10.765027647011916,11.38229576020615,9.742258424659157,9.383358745089412,10.352008625282304,11.098025595887446,12.385955129674844,10.579640315139528,10.86297097266622,10.479392320082326,10.649845051040202,9.792478874689127,11.274770717178383,11.129735350477103,11.30398528341384,10.931083283521776,9.154854858206857,10.910090771041217,11.0388644615191,10.850823013213269,11.81871549222769,9.998158989376893,8.503264168778596,9.594168908844676,9.42120080459594,9.573079757905756,10.262888449493534,10.271917344537863,11.70804717455718,8.945839758610015,9.782533643273835,9.445156236019484,11.69038064930281,10.98598074546319,9.171794012273208,11.18231195339836,10.439790479995724,9.76294700047923,8.51001192049452,10.389386017386377,10.128550486876202,8.765781800842678,8.427957223083718,10.986130595228575,10.248495018090972,10.759005287117166,9.248137364430107,9.399712791556457,12.008265146652517,11.321843753962119,10.58069061006242,9.445711636382754,9.629977673772592,11.18847986301371,12.112912875990684,9.877654168976258,9.409020691729507,9.071253522419676,9.885203710853387,7.88404705984255,10.402728666510011,10.525651013787355,10.695204499437502,11.415452228499154,11.826199538551045,10.738680388116356,10.862887075295964,10.686990383231393,9.750387738819873,9.923390268433707,10.726892653892964,9.984808764053907,10.459003627833258,9.191151011770229,10.061776094807913,10.173409398279432,10.669762975768824,10.833358584545213,10.402398016523868,9.68777383181217,10.549013744896925,10.862332893906176,10.037099452826613,8.211763123303152,9.45457938074529,10.358268928075761,9.990830930911521,10.368678005105522,9.485094119102964,10.376539389225018,8.819376753075376,10.108364738725369,10.875569670337287,10.718697911011676,10.198805603651303,11.728271658286502,9.966193265292267,9.911278569752893,10.870227620548523,8.67851856127583,8.42529565742651,10.15892492852716,9.832966983427776,11.414803767328877,11.897202377869592,8.928855610420882,11.685427494311863,11.878074049509026,10.29163509521742,10.251783571999635,9.580288584601336,11.564065130294088,10.114068110311315,9.390927819466839,10.027530768889529,10.012334471644198,11.165009187491727,9.213091274349923,10.006470272196548,11.255612261082923,9.861085851376034,10.196308883363923,11.151041873797768,10.162818835945666,11.816788104612222,10.937271658637,9.507746560632581,10.187438886116505,9.974719435365346,10.017005163640189,9.575179749756975,10.469803333018383,9.588668870736198,9.662757562153553,9.771825174068212,10.367388045802898,10.63052547872901,10.255320860457934,9.24223416605731,9.840878152721064,10.389711030361214,10.1965312647815,9.277169589421055,10.090205292397792,10.863152677853728,9.902590952905008,10.16774771901107,10.032126609448076,11.406071662094522,9.99090803884676,10.542530942168979,10.284447348783146
47,2.9914693024475367,3.163260443306453,2.792001596952921,2.331210228110649,2.9681921882397035,2.699684418798033,3.176738007894476,3.269845567209583,3.0359858120168477,3.0171272429119718,3.009443308496264,3.0458659982157683,3.33219689843298,3.319736046369313,3.2039601903961072,3.192341134427572,3.180260797085311,2.795020791020917,2.9828769491709335,3.0620598412975166,2.856977356693362,3.0403616126356465,2.921375849793473,3.2629476923768723,2.2238743973371307,3.7220123395094524,3.2185616732223177,3.1697094179439236,2.598493918828574,3.0261826846476536,2.973735998965717,3.0557222732463907,2.9725224364321807,2.78500539123543,4.124669053664947,3.1415613073035864,3.1014148151181704,3.2604074414992925,3.609740544150377,2.643038490539481,2.890420863864402,3.2183518481770568,3.303020602581754,3.021772197851421,3.9717372486602693,2.4022085165404437,2.908226456459082,3.162995352632518,2.897984627625921,3.0682877023310393,3.3177909986854917,2.879127869880833,3.029557586806412,3.208624533602227,2.8984765113048683,3.2278308713488606,3.858481939754544,3.053139530626311,3.2425418543393434,3.289405559547803,2.969896640425207,3.111169725374779,3.1220838350353235,3.227273793375389,3.028317025636014,2.8763014891791783,2.938107112779299,3.211430963559114,3.3055738773115437,3.2547066814852745,3.1092991656051465,3.0744894304116372,3.050295045641458,2.7909862253980995,3.075385512341385,2.8087295233979113,3.0302974751696303,3.1688069992363492,3.496221725221131,3.1781507337314996,3.6991526778421058,3.1721230426263958,2.958423673760204,3.1775007469194816,3.288937479836482,3.2012377160668306,2.9338474215625263,3.4999234773292383,3.187365627341143,2.957816222363359,3.3052326864525785,2.9950095427739916,2.887099898149278,2.993075541322666,3.7951860867734193,3.177554773823453,3.1120779400615204,3.3905361154941507,2.9792162651747423,2.263094101514283,2.9988620758882747,3.0483839042646297,3.215308182665785,3.4198742442727865,2.8890927073996466,3.3306602078867082,3.089683568130074,3.5148761961775916,2.929872796306645,2.7149809006893606,3.307366993112798,2.907785935941239,3.14548224203438,3.721845109731682,2.8927809549718,2.777140637525481,3.1503907525565427,2.9138959315186077,3.161798176569099,3.0439344800299977,3.2175161877444753,3.507382215036758,3.0637255705854747,2.895356739737115,3.1192675697720658,2.971532651176615,3.2316500694908554,2.9006769987072776,2.9316063997402146,3.1711637536093282,3.2356456369317286,3.2294156148838424,3.037428666370032,3.228996471939583,2.285677008349245,3.7393909962484075,2.6327931359944774,3.242932845552076,2.6676863305225558,2.947031713519379,2.9163939022495793,2.991543514678129,3.1794246410202787,3.318990454212762,3.0245602517248087,3.486851038548188,3.0247753985596373,3.184896145633267,3.1726667777024304,2.985291138431315,2.9644036408216756,3.0955282426555235,2.7041725164214823,3.054485797648,3.209114993639654,2.9111118070946773,2.8007168316261097,2.3750275434961488,3.023813376385268,3.2439136336766743,2.648519590092236,3.555116091675821,3.1019796964437383,3.1387372951427253,3.0835388834355943,3.0443216118033356,3.314756317210234,3.0057519037504377,2.9216964376925603,3.8109487286930004,3.0981665534574714,2.936589715890254,3.1599883325616904,2.6330634416324554,2.8449694076465337,2.8907691964946856,3.1165868139784965,2.9150336593347586,3.5052423329842006,3.1991803899191082,3.1007491908729237,3.212433134072558,3.1924920332762965,3.3623438869360895,3.246102776633459,3.1976705262052487,2.45802103343033,2.9116359357266064,3.294973303785668,2.93639334209063,3.3221288550341006,2.960904489440993,3.120884567875598,3.315197814253248,3.988153765823569,3.12728930822149,2.3136391884407472,3.0036446306802866,3.0399248781911847,3.2568973477800234,2.9623696981524934,3.143018433777269,2.9060713588818263,2.9677388939022746,2.954890777546003,2.7761426235994957,3.1999964782505916,2.9329535578206367,2.9145492534523108,2.849060439584768,3.1428322742951065,3.085693408116422,3.477260594266741,3.5577440328132397,2.8692999064102533,2.893705806221861,3.029760010233719,3.097259748328374,3.0477196024891,2.620114123018379,3.9803194321846,3.641244080311802,2.8862671140684006,3.990607703838007,2.8648525389864203,3.0346060249415574,3.2305093461297383,3.8829322062453695,3.937973120227558,3.0563977624297873,3.7906022964189643,3.02218948879157,2.7929853441012242,2.9465541605491725,2.611218153778237,3.080645697961675,2.967348338564129,2.891219448373898,3.940404445385728,2.868596482341444,3.0388774443101756,3.1169426877428217,3.5583565085473805,2.6899560100722626,3.2672500422442274,2.907061713559923,3.2026961033372636,2.984121258374518,2.949142092650692,3.4184295453416986,4.147144827491437,2.901602339051808,3.499099046567951,3.3258412949998317,3.0206399219695776,2.9680302675908674,2.9038993988035444,3.1885348814595855,3.5019294994202,2.8727427919986104,3.1156606654762,3.1942823832967666,2.9986880580560986,3.2412675602649705,2.27880212684311,2.8490863948980367,2.991617953470453,3.306095036707899,2.8453909326074305,3.0193730592994754,3.443801521184737,2.996219988197099,3.086908752737945,3.185757155735596,3.6536416345050196,2.997987580148448,3.28476850196259,3.2933023211245254,2.6360921014460943,3.2313555367656277,3.2193791425637617,2.926080562030933,2.9658984265506807,2.960618621614504,3.5029529593066924,3.1788155594042857,3.068430961508061,3.3028469273405348,2.9884482862273747,3.0359148957684567,3.1815450676781083,3.306576025926283,3.9089560868083653,3.0309441439909808,3.0061825755634852,3.0189880799450464,3.5141700678577172,2.9358570656713323,3.0309784347239916,3.20721830382228,3.1955001958983464,7.648685140312035,8.191337884008341,3.9850121607557,3.6157109537603507,3.9915098123277253,7.475152083009831,8.685580335755176,11.249769852391461,8.50970176003022,10.173012940165142,4.240206074423077,6.384711246336796,8.983253277202207,3.2480877733899476,8.150983505788282,3.3680961814409245,7.976146617072191,5.880986555099552,8.296444649858948,5.53331989702985,8.243884160579988,7.024893187829128,6.552649819620622,6.581176603068774,7.5705837565395315,3.226423454582476,7.107535781361287,4.0829422667228785,4.1518962209354955,7.6616823937744325,6.933653252934014,4.7839423408073385,5.286229596008543,7.436733079758162,2.940504658889484,5.61537314069348,3.228988143302594,7.786945551674128,9.953972560222775,9.502637938794074,7.199586298583799,8.953520805032394,7.691162592201037,7.697100948788709,5.394780766224938,8.799088532702308,8.41116771432061,3.2707964507539926,5.261251724934682,4.9604550438947115,3.91129274333395,5.615460286485962,3.127226783606592,5.018772041546957,7.018222554366488,2.9935488002281327,8.752112049174356,8.785388481992984,3.200763546042265,8.79270140228741,3.8437058696406017,7.018803435970317,7.354963144825642,5.0426110304151095,3.629735787690208,3.1978623709193355,3.9746052540054744,9.137256947232709,3.2606001487525416,3.182261888444918,8.511352236866287,9.059733415488004,7.635605646112797,7.803074522962969,8.235699639699515,6.735245892927293,7.816533150221722,5.881113539717069,3.154099680113861,3.526404538184875,9.979285438191113,6.229833383122202,3.559065582010343,4.977554811473497,10.569605181260515,3.3292628348322943,9.83653113710833,6.845564746874986,11.71434382718573,7.4989202157217925,5.00551155278668,9.12816591795586,8.948935075270875,4.2389977667575405,3.2151515966175856,12.056210772746807,12.746149547082682,2.9968859007260242,3.861881163293883,3.515096307612385,6.0434965362030395,6.983691110221304,8.08182420773358,3.157597839545306,6.458323354140414,8.838091921508838,3.781310231490995,8.776876919155717,3.137483519479228,3.2123101334722404,8.756872497943156,7.001023974346646,10.17725912183505,5.341004903584447,7.97655130218553,7.6823741550833775,7.332094356257618,4.672613347271806,8.565186227148136,9.32444747105518,5.773598659819062,4.068143489711182,3.266284880038053,10.233703688173934,6.717604777353427,7.16928967342237,3.0261488353470702,6.7284332733443355,3.201737345371016,8.612470538586582,6.624976820945695,8.504417992937539,9.073215779394388,6.956053156050035,5.634233573367935,10.948243488441816,7.909189839363313,8.935696202013052,12.398158308713617,10.37123946429517,13.015212412860999,7.72245521272614,11.524885295089838,3.0965852294645315,3.3454255285141814,3.031615740338184,10.52211897989065,7.498034340107527,6.754171135217285,9.769463992084255,10.511495706073447,3.870945806695649,3.653436098603135,3.290902205369063,3.416161221072482,9.232486591666309,10.424034270267505,8.60927306958541,7.594414426723038,3.120439915369142,6.54651030537226,4.790577292898599,3.378998351322362,5.118483859053841,6.948155486101375,5.6438417400075815,3.0086119403382106,4.466391129526002,6.456327768427767,6.616328385676059,3.652881195506637,2.9284982079608755,6.574935428935774,3.2653744973761962,5.916172046287078,3.989253789949171,5.035025595049995,12.478441808892267,7.703312978867491,6.109233361935089,8.309909286834385,3.1001277912059524,7.526582359328382,6.410480189642123,7.850280077582832,5.524426614640614,4.817122149399641,9.930992341401968,10.00112276268014,8.70248321332884,7.149421467172906,4.916224987169401,11.293813121975624,9.293287177489757,12.757792179090734,3.254360655145072,4.730626086488352,8.236606534091454,3.8634682462393926,2.9293096589571244,6.167852693874465,4.0752920703869515,7.371835373018191,9.985606052455386,6.1266220967384255,8.429690469206744,8.862808972432695,6.833531107489598,4.718881282034968,9.147245129460497,3.199732815330611,10.539036268978979,3.1631430450731446,8.60276251160065,8.082573214550484,7.10267663079216,13.691995349203287,5.2424102506161105,4.712537345461634,3.826933248084564,9.13544731234234,5.516570615119206,5.789898645519067,10.418812870177577,3.4139084694097925,3.162652639007563,2.9290072940643705,7.397879665727874,8.157833998988524,6.794284359188376,9.360846722425661,6.743827199198168,6.060526300086368,3.5325964276746062,9.893664419143986,2.939649407682365,10.030711589460712,11.494047342269411,4.420368077778776,7.047190635567115,4.580438964642755,5.35804587770681,5.876280822955862,10.40948382899651,6.34821141077907,7.4841235615881025,6.75607593451354,7.829715130078991,2.9474428793776264,9.388250604230208,8.37201805593243,10.138784764486358,8.409364627382471,7.061522265296853,10.616358055080692,6.4608201345654175,9.335328286014335,6.54507397777103,9.852328481465644,3.9234751877335725,10.04937653058994,8.549669080418719,10.467958209741605,8.81457577135904,12.287911509027241,7.401059757203026,3.9496361164112104,3.1411845566705514,10.699235503627406,10.044500543921428,4.303364218041291,8.221217847939107,8.352967064692624,10.888776160820642,4.181011587426277,10.840260730941836,8.90956620922292,3.8327480382619865,4.314762110833476,8.939985571470134,3.7874448222241437,9.112404885374263,9.967691280163937,12.156701953440352,3.5092373946834536,6.072217399543032,6.378672300813074,11.030075107907727,10.122019496010708,8.479335639814375,8.50747915089696,12.832398509998754,3.6722493478634233,11.983539190000675,3.7441960012058706,6.004799883850545,9.155994353179397,9.734236046939767,7.047670106252037,12.346198721650314,11.992032299064933,11.223123934033529,12.462059419132093,11.143026462153353,11.40049909184781,12.207602376374144,12.93820070902071,10.82450154832761,11.667562091531968,12.92501361928956,13.772622745538749,12.45402667248498,13.128594699440452,10.535817838392521,12.253386147761281,12.070565967258009,12.856851943367786,12.485698676421215,9.981799643644965,12.316546084699391,13.175116212011952,10.17843849723359,12.314031279386889,11.706665140801638,9.66950647846994,11.632205347064355,9.711141797065666,13.258157244035154,13.55251903194401,11.485536861962126,11.261600668891912,11.003492067641355,14.41741844744009,12.406417277215045,14.343787968867582,10.945624912844105,11.600905206793973,12.012103305663052,12.004374738171014,12.17049410129668,11.379734654104974,12.013617206052139,11.967278672786643,13.33288909059413,13.581008257893126,12.815927732627117,11.663451741649308,14.159229445291489,11.013206375522076,12.153153448626425,11.158230461589968,13.163378188597783,12.574130299269651,12.14810020587852,12.035018650424618,10.457869634707814,9.34243300373091,13.42970287309418,11.861860873676907,10.786591050259519,11.63160033084721,13.243482094542848,13.608644890246925,9.544799923123978,12.136453047640455,11.019392404042666,13.28468370381013,12.76927935675791,10.325980984446614,12.311838502825847,12.567434792477322,10.448463084366443,12.954875513181534,13.088329182878018,12.555075134462399,12.912861143453249,10.825243752728326,11.997590257973316,11.559540494754073,12.069841645465903,13.050194008647985,11.052539159391575,11.463585438510604,11.992764078253021,12.00207970353401,12.686247757673385,13.077899922882098,12.121503991580274,12.165198148753067,11.343501807261466,10.808975485679573,11.053848774046477,11.140514277440818,12.751756967547337,10.458763666693379,12.397838773112408,10.135288734642327,11.876275609134067,11.011143129012167,12.968497297085129,10.94855428993172,12.076502157365487,10.494187161857532,11.417467984266642,13.257585998098811,11.798620343323897,10.824179275138569,12.562597215461468,10.407096654439636,12.988537842332402,11.203974149371318,12.808537078359683,11.758054164842015,10.78313270433861,10.654322743369704,12.583995812147597,14.001349376091929,12.42801400033157,11.831739916883246,12.57987257265607,10.694422901167693,12.093723398819057,12.449729530702658,9.526355382029191,9.806130878689268,13.417503493224403,12.962484290822552,11.682396505432738,12.090822203543432,11.255160701615617,9.61038719546833,12.553764477826904,11.104793992939914,11.085907364086749,11.145885537443807,10.671644298321931,13.445672825270522,11.91150801254958,10.706786139465384,11.533595211430576,12.686166441169295,11.155673434249849,14.017995145007452,11.658066373798777,10.390405488479164,12.110826024040618,10.903683474457825,11.381963230411957,12.96462647437912,11.269348581687199,11.704286164249432,12.899485367819816,12.494916682649645,12.543653875128255,14.146467240846082,12.173737508740496,10.753497608608216,11.851183087344088,12.721357631463825,12.141907731523002,10.598164799708837,14.016143503081143,14.496571340697612,12.364841580236769,10.29779166007134,11.875762685667125,12.989619718436668,12.459965027781466,12.255709856863945,12.394629921031528,12.50673628708548,11.872819405300538,12.898913073754638,11.414770289686123,13.652893604096267,11.787814179073843,13.177604144862723,10.86897306651171,13.562437501382945,14.084792237850653,10.47606799279472,11.837532912195273,12.63210147115304,12.597264653043496,13.581344283660806,12.463470280583822,12.507415093540025,12.227658267771032,13.641334946097647,12.570677017490533,12.761302891448626,11.5759659440856,11.483062425164873,12.033405992048541,10.485290669504389,12.361705542724858,11.769464222852184,10.788083858321876,13.197396524996305,11.532182593371333,10.730796449006464,14.939987404194138,10.937323975628853,10.454046957318353,12.376903265392492,13.015333460254896,11.712889885648023,11.53016804109364,11.912934300704086,12.84235967882868,12.52066522235491,10.501621901890458,9.995817141041963,11.33760196686784,13.168468010626931,12.021188402234142,10.910473886890385,12.560229177408958,10.682693517944767,13.423501546860733,13.202857642785082,11.791749286293538,12.824413613421568,12.700488567889787,10.28124986356895,11.809069327554907,10.589963132283481,14.203046889544215,12.25150333990536,10.815344343391347,13.46212125654407,13.175864625644591,12.580133074471437,11.580637922472352,12.084877570868548,12.925446529104121,10.947172933158953,12.59573536316252,9.701942743899657,13.236660262670593,13.237691153817938,13.659131904078555,11.22474118098211,9.924118256427224,10.821970890689933,12.410543859192565,13.65067143226648,11.530128603398127,13.74785658625323,13.184987196023581,10.512109820597653,12.539127162984677,12.94744456921961,10.705381052058202,10.890666844583382,11.22922489575231,13.280904996973486,11.746981175870793,11.812072996600277,14.299677377618174,11.993226242304713,13.031184453121773,12.023512053842756,11.400303326217314,11.70199827600927,10.874930473826694,12.989381397855398,12.407368755839697,12.780031289180696,9.76268409195379,13.815301984504348,12.121689515827976,11.477927353175708,12.138415756733638,12.60815501385072,11.864383544856882,12.966186757715624,10.824707118522971,11.951094277882856,12.441621666322858,10.83053776056808,12.073080418295634,13.000626124261958,12.953533416035212,13.260082668955654,11.98304399877184,10.352684911353053,13.064870666755002,10.99753933656073,11.693068522510018,12.960868726827387,10.827642484768099,12.801518887766026,12.076246861092475,12.010407052171209,11.834251303411031,9.540067041900562,12.041030971007649,12.768625337248622,18.39005621915741,18.978194422530702,13.745494370891347,12.501687010250656,13.609149123984055,15.134829836511521,18.85409694919427,13.658480935891859,14.246274346706603,15.912966785398467,16.92616309225519,19.17006592114442,18.44785255715353,13.348853814722048,14.849982846912068,11.743858603654001,13.10295412696731,12.477343150198962,14.413167620450745,13.321179228606498,16.315598083053104,15.388727530903987,14.280553948348487,12.735506101357274,17.634716312489914,16.78442866397703,16.29161257003731,14.005769128778564,15.062643947910473,11.137829442691622,17.34652312318357,19.16554497199806,15.716264767057588,18.94435363269508,13.518238574204,19.620843493765193,18.23927102124445,12.770183419528998,14.725728239674558,18.078188208483674,19.429864213511134,14.1062335083245,16.58017065145805,13.758974835638055,12.908171812965385,15.483299386300256,13.683118468260862,16.07157062800322,15.987886277688652,18.98562052308838,15.105849476379248,19.419975539894054,16.61380997452851,13.20841531922729,17.33059345581012,14.551259225309112,12.569859862866744,14.976130575476606,16.27308332228862,15.086469558550307,13.109536373200154,14.701200633524081,17.559458971035063,16.087859584407422,17.147980841937272,12.94287414526788,15.626499175960634,18.060751357494805,16.475510789974575,16.82718408961877,19.551622904502572,18.54017235309196,12.980706182620391,14.067659896406514,16.996517468926353,18.727328689267953,15.187171571946537,17.27095200869326,18.837316325537987,12.54280314636731,16.828774992213727,17.178151140298393,16.20453677200102,18.27325350786553,16.139746939436797,14.123054735417925,18.034722289166,14.85459576772432,12.89988568199561,15.654645002836082,18.47065731053984,14.281673909376954,17.61071862566466,16.979678292405566,19.038877403826408,13.94827769362721,12.790028314225228,12.796883248087454,16.122136210590092,16.009314012590085,17.626318466745985,14.544390247454619,13.835641628181689,15.251154953359126,15.193375002850981,13.287167737199411,11.994293526238769,15.167452873789383,16.483766628370653,16.68294613282497,17.131092465938266,13.181323441677035,13.34579267125468,17.279051903155732,13.035964360735383,19.649470618545156,18.008565529920624,18.28405640341886,14.112915105210467,16.798398743067587,12.227651888018453,18.926688499046996,12.95542279978067,13.379634300557088,17.512875506252126,18.586956188526752,14.71750728549552,16.31864952028964,12.357067751966927,14.62680342820109,16.624133571702345,16.32306594059152,11.962726416695267,12.481247508636644,12.997446330515825,15.690158684102789,15.60566117205024,15.986523568857734,17.401024415617343,15.19919718198354,12.350549118494252,12.412454615153813,14.884523445412272,13.88576261053815,19.31354576888028,12.836488023207739,15.517733194387892,13.22482585404309,16.157558889028067,15.141240216016152,13.341419839846882,14.404406399691739,17.604331120085654,18.650282430269673,12.098185866685666,17.051888964474962,16.42206141671351,20.869280373024107,12.959533258764095,13.783389541161803,16.472170040095968,16.205252249298198,20.169293479885855,20.52905785060924,17.35890318354958,12.7134872374925,14.910739711089265,14.925293912622232,12.210448078364797,14.71862302595124,12.552923320498389,14.91547282017683,12.681941143413505,16.13015886598264,14.020985374302406,14.970815412968713,12.738450212945727,19.755288021338153,17.064899831005395,18.615925458140197,11.889976099405366,15.2312157118309,17.752431466314743,12.66235998060351,11.551681731887678,17.64399945847719,14.61380816226454,15.532494307553488,14.116741376776224,16.20070050967351,15.969205992545069,15.706476248982206,13.177846915838437,14.252429039978322,15.231816358494589,15.27570442307339,15.31262105203036,13.773805539212837,18.85689405636547,12.629593644258103,19.47970502409409,14.89275548524154,18.119764366053822,12.593880841660093,18.55967224017578,16.96468167040702,17.65526222679869,16.4335930792495,17.28922768257384,17.92611604137791,11.413856803838264,12.733268915816492,18.256357651907557,14.945620559276085,14.521333376997344,14.58929262445125,14.867813424073844,17.12970969370168,15.705130471683939,15.051234570133818,14.463212802391652,17.50008175700853,13.605221298701956,13.858944024352297,12.711787551597798,16.78662148877416,12.02553296083298,15.934927552935365,17.709610511075397,15.350549147760738,16.803428038620794,12.380434078056922,17.364517971399497,13.574486463632425,21.08277731634218,17.437314307703996,18.055921836465462,16.94109450309595,16.871531129144785,13.219387597625715,12.501106093151527,14.040243713734585,13.309612252329412,14.548817058568115,14.572354883808599,15.561124920239395,15.684866764369879,15.932929881961346,18.45519780276674,12.4403267959086,12.694376875687672,13.301541390035203,14.480990948167493,11.839255978407394,15.790327589749545,13.996581651862245,17.388110144270005,18.452464223605244,18.304527925075316,14.85371440023584,16.4647239413707,13.651609350376562,17.70075059915949,20.23554926564929,17.952802434436926,15.794530042272498,15.513378859932098,13.740412386968833,14.009320473312716,14.070590564539424,19.46879400684673,12.559117012939957,13.385496793535049,15.213128154129787,17.187402051652473,20.245154543914314,17.251061498289925,13.36080846466945,12.482685400666522,16.205710331604266,17.97043045824702,14.907069430720057,17.236008226343635,13.617984596320094,12.744029459710566,15.715601122212922,19.051447023531868,16.69879912943534,14.290055928877873,11.76515787091581,19.346657715794176,16.48397867008225,16.9036445262318,17.178719731251373,13.622014993241223,16.102551180829863,18.01258302175571,14.685945205516962,16.740167264253206,14.525843602354565,14.519562210473818,12.412967627141995,11.673500463387748,10.979695965893816,12.156831105828347,12.463248168831406,10.538001434021705,13.96193981786776,12.420679384375333,12.247972906820076,13.417415952222209,13.292023055936339,12.409026505109992,13.905831076968818,10.48940782782576,13.120915805719925,12.056212775861203,12.44601615754415,12.490940186378799,12.38905725229717,12.326794007797139,12.542546954686552,12.000524924517396,11.97146727612784,13.83696160466181,13.439771274954841,13.493490265287056,13.814962369103323,10.747681662144924,14.081144896665052,12.319252264628753,10.630172667839835,13.133234201226196,12.708585528283022,13.023021310278448,12.413273138369297,13.780304817558683,11.72584852966064,12.066550498438088,9.669096929607107,12.595768247143901,10.312661444997875,12.41398337236019,12.964767072886323,10.226005121362842,13.276686523011518,13.598269077451723,14.006695793030564,11.748421754122434,12.156208312781814,12.637114159921644,14.166088072275508,12.091670932014123,12.824805795709088,13.203914538158664,12.021901824744832,11.393587459803397,11.76293777466664,10.544897535956153,12.95762661576756,12.428060975199616,13.030353824400857,12.019964244442225,12.686591668413744,11.648597912209704,14.222063261394027,12.505272860398215,12.16602045705056,12.044741616038898,13.460262303546449,11.365464025275674,13.717783462259593,11.925083762322675,10.598159176026176,12.526463975309426,12.724825291339673,12.287829496408614,11.948227753444462,13.794393164490726,12.538153554695292,9.673633428369572,11.630832511915843,14.163993291494723,9.94829337783628,11.317745094121097,14.278912568183806,10.338063001902922,12.611774542839372,12.333625318594946,12.427233035370023,12.165153442301783,10.183046447175093,12.766451981025499,11.092202215582073,13.377004362488599,13.311549267421476,10.11308888828981,13.153615923001677,12.61559513568337,11.015594468253854,13.4071965230658,12.637347517540723,10.284157967705916,12.99981739339357,12.226042758131335,13.92262372942195,14.386792049182352,12.123431669835472,12.488257817592064,14.234711911023535,11.99530929900141,12.844535751320171,12.459411440722224,11.885155260784087,12.72933085357373,10.362011121800705,12.92931818079107,12.689601149450978,14.122126308639091,13.140532531163629,12.08658517160058,12.055150963319159,12.468023788052594,11.839426267118283,12.896681977643063,11.964397683914001,14.261558105306976,10.62278865601271,12.366437067066073,13.255355470172283,12.510855515450766,11.818137198967825,13.120109244923189,11.930084463721576,11.805388685162589,13.30566935930402,12.087094905432219,11.835600529804687,12.439345872811288,11.945211269405307,10.780959960322408,12.343823043008443,12.687367330484431,12.576615044737244,12.82810032796386,13.799918962260737,13.558926421868122,11.773876278430212,13.642252710519019,12.295573080202539,13.36101646167297,13.469286725459694,10.134067273741758,12.9013152472192,11.933908906783268,12.338896784328501,14.592126253225004,12.347309621407314,12.96161709723785,12.426952975141546,13.238368679716658,10.992106180302075,13.213262361698037,13.553067321729044,13.183490952805075,11.898630652847707,14.042968675999878,12.923404539350834,12.160332980597774,11.209954945837339,12.965203162721433,13.353669587823813,11.029545509209475,13.981989160449325,11.396977762674439,9.333025356696538,12.872995911571078,10.63609464621377,13.119006443367512,13.243086892361905,12.285966764239266,11.760112530609366,10.968205418877252,13.33509824895757,10.683809137054705,13.746422290126977,11.984520716285477,12.35054809925753,10.49888117660534,10.469902309188589,13.061019063729246,10.642072747632179,12.700301931133284,9.996234841141925,11.098516642994305,12.810735230544948,12.727775582485794,12.53579989958291,10.619015484038032,12.60864119345742,10.492456226960583,13.809143127181246,11.718018038492088,12.759498526570995,11.74113990215424,10.579741769456648,11.822276774652229,10.444076228531609,12.639040092386084,11.069511796940004,13.0425767414456,11.13144139064006,12.752810590172462,12.075176335270818,12.214868285829962,13.139690951601205,11.836572350434652,11.101201010356164,12.644257354753389,13.857616316368768,12.10552168198617,11.168494472914563,11.840125450436075,13.008583144912862,13.861840656696222,12.335759703244022,11.596960827622944,14.222238518371572,12.707330855986362,11.917239809836111,13.735257612408736,12.39183883338654,11.914713096212397,13.285296244860561,12.100536839211323,14.051753014705165,12.557576661441754,12.203740961655589,13.298607093976141,12.539197421461134,13.310522760570507,10.184649971418114,10.746973233842253,12.472086247961515,12.458924633772627,13.115424135098081,12.651559250388821,10.291435858035111,9.351296039393063,11.136009510932084,11.158721837665771,11.217119530341487,13.093518086403169,12.030546404695643,13.604786789874819,10.133305191262501,12.094223335467733,12.427285912468514,12.478914188147701,13.881377339710573,13.83242945590783,11.869119864572772,13.094885324307604,14.645845896504259,10.861996426570967,10.756179301175106,12.44183030906662,13.776469571193836,9.611331211202655,11.667843601351137,14.7923195540421,11.730841747499507,11.748598560359573,12.343515892105852,14.049378808554446,12.879929180003524,14.324426631234388,10.834532666137545,12.291152280095346,11.814986188693666,12.486955384926027,10.078043276065104,11.941033566293582,13.609708494364947,13.458004858519608,13.56540480119927,11.909330205142417,11.791153862083869,12.891799251376627,14.177267038338897,11.829816071787416,12.305247406588533,12.555108832287166,12.583116988416595,12.698828776853144,13.274273741284873,11.518889585877192,13.427822036574263,14.57517027686041,11.326858637033276,20.693976719009143,24.752435441073505,21.430005088074324,23.306870438069662,21.411970438212354,21.890359067757952,24.559626152392887,25.334340076757908,24.188730350370236,24.91497095185062,20.551484104036163,23.624028589436545,23.359652621927104,22.472941297245054,21.380087921028306,23.797763833749098,22.06046487812935,23.516899180299635,21.060804199885684,24.68539407505624,22.398355063765692,22.574300852484864,22.825515885170635,20.13827616130665,23.049723855862233,23.462998584693253,22.264488063471045,21.63748987777516,22.805639937547987,24.23737695556659,22.056980660730645,20.905497567865886,21.597477138099208,25.32005979964279,20.834901743639712,21.393749887843015,26.051257144927288,21.76586478240868,24.4571790063547,20.86798509578474,21.991541157815394,22.734641992170385,24.382749878798137,21.466945523873893,20.520044897491477,23.516936933378012,23.092577197846246,21.754144446756374,21.701509895256432,20.714997734216432,23.60628379921168,21.491068272659316,21.743302871154537,21.65609744047726,24.68513011563366,24.602424255879907,23.238189545440488,20.159553766005345,22.53968236828448,21.154337530560724,20.1956102252331,21.528775031156965,24.430681773337923,22.922287922187753,24.99842364930529,22.424434080844485,23.119232648707847,23.011641131446503,22.93932786412579,22.10366911084689,24.044599132913277,21.63822941608785,22.398843632443967,23.312346059028386,24.123168799417787,20.729398132622084,22.679794100583475,25.090371818344355,23.30790720988973,21.956755073780688,22.439416722590174,20.630975277234583,21.992073845447795,23.636148266682063,23.27770978339728,20.190858108590856,24.8485668748537,22.07012351024695,21.945218769635936,21.949695783239694,23.29229869468368,22.653931224983552,20.863169143563265,21.828674305855774,21.620210526623257,22.37528747694454,21.399689086039558,21.939087356781673,21.28670619275679,23.252969422090022,21.778733621419526,23.413338749970098,24.779704553242038,22.10947000983552,20.24040754144954,21.03714282280982,20.0863498449384,22.682035428879164,20.048730575453863,24.81045171956747,21.46367486459879,22.199787200192894,22.761574363961284,23.749472360151387,21.687360916993093,20.905186660889502,23.213281740461642,25.32116986743284,21.404812740335228,23.874615750399126,22.15614731046125,21.813760878657362,21.283111036283884,24.26496717129043,22.794441230444246,20.324692577402764,23.300726209938077,22.430378678666266,21.524915464849546,23.085888078138392,20.941324143586954,23.55267456218853,21.14907405816769,23.97531449906946,20.97097796150182,23.31521990727077,21.698112543420013,24.28756672722172,23.241556363207437,25.788261638164062,21.16446169468556,22.463790298367854,23.166782028329905,23.73427093386301,22.913869960783195,23.5096435922179,23.066601818350076,20.49617058148003,22.374111151064568,23.594947303963124,23.802747974675178,21.59596586245509,21.905622190541198,21.75830137872384,20.71009829622017,23.120592709183327,20.603094490372275,22.96940045071263,20.344050213881022,22.874747028203476,23.202574307003623,23.90423310316934,22.984424346397667,22.030458534437393,23.856974140797323,22.613076239630455,20.94947411521079,21.471127389721808,24.497338495242957,21.634086902629534,20.658594005153553,22.59860159756712,21.401791698337647,20.93144565390039,21.83392069599327,21.569003813141837,20.811278207603916,21.354253550046476,23.588876657895913,23.04267156976947,20.34579002538812,22.11112692669088,20.998072848087805,24.50798583022622,22.409556404561027,23.689661398307454,23.4854783733788,23.769037492186207,21.964718132618852,22.684463225517135,22.590106666786127,22.22436253749432,22.117357064609724,24.356575461628335,22.621279786961136,21.498258870381804,21.650262570940573,24.41065129821872,22.722843840419504,21.754383610207615,20.35155497330208,21.684190290013042,21.98911309774907,21.758402715241782,22.60542390275135,21.592393632526523,25.00499761747289,20.509587388189214,23.886535303426847,25.454751257035756,22.53418415394532,22.28505803692052,23.961143830392164,24.273112653535396,21.6949196427803,22.19914966856917,21.177942248008375,20.817494613216848,22.43510726013388,24.502265091756602,22.339530863747225,22.66544611391232,23.742482855285928,21.596790206032438,23.262893913935763,23.46295683140044,24.079723702965214,20.329080993806677,24.01646853630413,21.42999807609213,23.34717209518303,22.52093372349556,23.07349219633327,21.249643515149728,21.871441718638394,21.405953497852884,22.59756781534631,21.604350893463614,21.92849918166407,20.3425977903077,21.661827911734463,20.58589566606156,24.612357188679532,23.582287339213195,21.03873809256735,24.763455187545546,21.672336546962253,21.603192264158153,22.935299006058038,23.919367930964338,23.501050471353743,22.020116210962165,23.68527880643082,20.849812082679318,21.149636741074964,25.446510076740065,22.749692501409115,22.460007026747483,23.207796468636968,21.613898335891623,22.217256174373233,22.13654645953676,23.0537946295891,20.692887842843263,21.602733184368198,21.190024864915475,24.054212783374265,21.474426898165145,20.267704434478176,24.072291137974474,25.048048096208877,23.45401355753139,22.24314211329993,22.317078741963112,23.46017573273977,21.467912133373595,22.691191206290252,21.680135668168557,25.60517283816924,21.281659313615002,21.8099160214044,23.515881836892355,23.332607780817142,21.473749807383186,21.312300087889106,20.950745163991492,21.556204934201794,22.18985002763687,25.508581192611217,23.062179242063632,23.43515986234711,23.41560422223384,23.31038094265425,20.862418492196834,20.386045698646864,24.709288835880894,21.877104435851685,21.54424254175703,24.4346632438671,20.645992843643135,19.702290816167384,21.27991560812271,21.715207014458347,21.89727882948688,20.970379994728553,22.92173363420008,23.981933125724787,21.4330509622925,20.701618986961414,23.350544543047977,20.59055204138765,22.745325159399204,22.643299552951405,23.934100012456543,23.610345820867845,20.649280420500073,23.744594208383706,22.494377753656348,23.10458147157152,22.6249673198576,21.209862917912815,24.372052061140383,24.038622131893813,22.92518783478553,22.192210662205166,22.3925391790806,23.446128647299105,22.28527927444647,21.95652373533035,23.152461913885436,20.613829774691137,22.08538948400166,20.092857523077335,24.95590190770609,22.182946007599583,25.20481853747616,19.49152980142134,21.051269437432374,22.323051619219214,21.414139854838567,22.595015364470537,21.524513861610817,22.58375806492899,22.50755443569497,22.482679959263848,22.140576257817106,22.65471155093165,23.120100555998707,21.789341957788366,24.148640355058006,21.913711631212507,23.044086526733025,21.812198602499915,21.661499340874396,22.973526163577066,20.77779987959646,23.734857769083366,22.319077726940968,22.31734654375838,23.280347281466447,22.673137307196566,23.85129333132524,21.165203241751698,24.07636016887244,21.779498601833588,21.69509073794697,21.99432835730435,20.11748052574263,23.749368441406954,22.365336765178327,22.936711067153837,20.906814241830133,23.14031041213945,21.33920222882723,22.807865561478895,23.74848580248197,20.96958563267682,18.6757373488741,21.8752244832453,23.963733990377538,22.35637795884353,23.85676871032669,21.902674606665833,22.8342558669995,24.381329656900142,23.03554491877221,23.675596662520977,20.781348275983365,21.71658551203275,21.33895438872412,22.277649240848735,20.01034432582287,20.81610684214012,21.812342411510876,21.660463052518573,23.328827685369458,22.117578088379066,21.544746124817415,24.147987444286937,21.71706114205427,22.255642323163944,21.212998202068626,21.9000948833591,24.678740047501876,20.40139766127621,23.060012438554583,22.315078770565762,21.983853032316837,21.69016367739487,20.142846361909374,24.2165750407921,23.784729372890066,21.87138654344267,22.39007616542556,24.386707256808876,21.298231735467372,22.11783227389274,21.089407474408908,23.871660021712458,25.11014274854335,21.941554658663655,22.49178096193809,21.859838450017666,21.33982715616614,22.547971894560057,22.28964131249869,22.927221212821472,22.939277529495975,20.926356766065975,21.957374554256536,20.164306907415035,20.805313821262693,21.819457452632776,22.131514075302594,23.304828980916636,22.050425046597255,22.674629634850106,21.730663146497502,21.594101036814116,22.335115580666134,22.369845811870334,23.391830217030595,21.38618715773148,25.23315969123265,21.89567385287937,20.544061009268013,20.848556266425987,20.051634330071987,22.259923735383754,21.35325063854618,20.780702399295762,21.788680196435962,23.142027501095324,22.227705335519076,23.126294323506603,21.973972258541465,23.89959843677779,22.441131036498305,20.84780352294274,23.281367370267645,21.491268067023203,21.190997834006545,22.318746486326436,21.38139359108093,24.313519227953265,21.889047222210802,21.757848291503343,23.036421443373502,20.903750518405804,25.170192087813273,20.634638336655904,22.337280692964878,23.54838430353055,20.888286342671137,21.273973756429392,23.184575404829104,23.212434458867634,20.901088284306713,18.99309853863899,23.651500735580033,22.487525818200044,20.46173566040679,23.052615384933322,22.081555679910483,22.96346152552587,26.282068543189553,21.387812789839913,21.120482444813806,24.10765862297207,20.12704902645975,22.988509399392036,20.421115778562783,23.106430460821617,23.21694929615141,23.002125199626082,22.82847959302851,21.979732658058552,22.737994977737507,23.17541000602893,22.44478870499575,21.779574795461027,23.464659807976258,23.59029213375324,20.094712327499195,22.323626295120285,21.93008233435533,23.27606330018936,23.267907068613592,20.540758463542623,23.03417436210487,23.811471193766018,21.335812686563788,21.843865824494383,23.361284321942364,21.4800259769457,22.31751575536163,22.61567666643144,24.05944784056469,22.793991039311347,22.296828430110175,20.891619911718355,23.765507476269473,21.82453098868295,23.244375116484527,22.012577341107246,20.68495491185346,20.817450434662813,20.932528583036813,24.04644271463105,20.50679268793507,20.612766205636696,20.97712690664861,21.75019240600975,23.746911441208177,22.382359693768997,21.322280672241334,22.204010214806786,20.64999321644945,22.46622435275135,22.38198049482987,22.96244802904832,20.07947864100335,22.816458350211654,23.41959650796483,22.09674086282083,19.86779122712503,19.60620185614793,20.45629316171161,22.05398933207241,23.27868138492162,21.757218441785547,20.535779853229243,20.921993756699102,21.738350987566914,23.090927939612662,27.15794413251442,21.91031033481367,21.241236826697133,20.30964107083558,21.714936852896646,22.88621745090395,23.718058227980187,24.421970735932387,22.156912157188195,21.24242645710783,21.72672741036761,23.00617915575153,22.805695865013213,24.10222673034177,23.947780170739673,20.45741151326567,21.469759560142418,22.86616979822424,22.03271327412795,23.523535540390238,20.30507799796587,21.908217226016763,21.37235914086748,22.565501074519933,24.53473054421573,22.554858788795258,21.133325799843252,23.985891949005993,23.011831666871274,22.47158053291082,22.709990795295013,24.42493494728969,23.056341023945546,21.378986726338457,21.394698300759394,22.42291079460752,22.00818242652862,20.658936878702093,23.28744902878342,21.094089065415126,21.395896507538595,22.60217099605988,21.025407520108427,24.673603735744912,21.634991426814658
48,4.374952850719732,4.282115198740157,5.0155201041050645,4.817507828629234,4.681453084929224,4.759453581420657,4.882316184928883,4.582236173125639,5.077813544477833,5.09721570234164,4.838273761125384,4.5683991848237415,4.13838291062012,4.1440069164458295,4.695911394058594,4.896847405786507,4.883737283084076,5.021462878352923,5.132679486273457,4.137897000932431,5.01289731859654,4.3804780802145045,5.055277180906631,4.80896159710728,4.942493925839538,4.791690275030784,4.93040103860472,4.278293426391734,4.947129102042338,4.5842072582132305,4.635266561360429,4.5554510188271635,4.483552035149456,4.947506737663328,4.741812369122507,4.3649218991933525,4.368130215952113,4.494822986574299,4.509809669320278,5.053881196974303,5.048214019408389,4.691568966161165,4.597805871714563,4.556718193439822,4.326608085205652,4.798409244960029,5.055340885212947,4.403260485228467,5.045084940207288,4.407503231066877,4.462326655906201,4.848842690250988,5.193135050882415,4.9377096538546095,5.177807818294574,4.799360104272675,4.541057326556137,4.416055515702687,4.267965313995502,4.596039367012222,4.335286177845932,4.388322425393737,4.413956599736352,4.95741708091865,5.094934532598031,5.044771006332575,4.528224654486236,4.700554585489926,4.656923172499123,4.612187557165972,4.533889898553719,5.157305963828417,4.46929341021856,4.935248294581711,4.719752156624198,4.971393546136023,5.188996259041878,4.589928999593017,4.583859661393101,4.840094809411188,4.419122861631786,4.905214414983819,5.249729451801541,4.82825200524635,4.570509146797352,4.477268603588542,5.002177418478338,4.830918480759664,4.805272274153693,4.582060736482965,4.507929983887438,4.009763335178852,5.046543544401553,4.804700475386726,4.655134879692957,4.3257711070601745,4.3923187983392795,4.377802648853961,4.436178440539302,4.882908240357121,4.603601542709082,4.397500309106229,4.715096449521776,4.529857690816924,5.055728850259955,4.1206146868833535,4.351823352070522,4.386063638179137,5.513343824340951,4.794959948091846,4.8192435644607725,5.306823741781617,4.46047400092861,4.428693043674321,4.4430867296637135,4.796367704671366,4.628001366992488,4.752595842763992,4.290738225472412,5.08655371451771,5.000344691962367,4.555013051458961,4.180148149390546,5.029424940048069,4.309502591929606,4.292492268861326,4.954378022945483,5.062154713382517,4.914764042168632,4.6865150802551065,4.552505586306869,4.855161726538664,4.73745322340074,4.904649474752561,4.844580389730227,4.426435583717704,5.043998729914869,4.955090849672995,5.079845576472807,5.497815591721862,4.606426902041532,4.755066484204895,4.67956788669858,4.7350075162629555,4.192770688802805,4.8307818392601005,4.7099029603920135,4.685359955037923,4.374737539825471,4.335201076604166,4.63972941083054,5.156748019484815,4.79669996888061,4.42542794490548,5.020581971787069,4.4319568916745125,4.94233666612128,4.780428369181384,4.5651653567368715,4.82337293208978,5.106601473572851,4.728530386777514,4.5285461900684325,4.850351400349614,4.688201619767865,4.137675300748002,4.794728526058481,5.052856786487953,4.998832852337456,4.659467651344011,4.41413565312552,5.016040639252485,4.654070319485029,5.062727961102632,5.42045627002815,4.773302861319034,4.6262677824718965,5.233353481805221,4.606961608351054,4.761995173754805,4.6639801638711615,4.997002078292834,4.411248258821751,4.41417049725166,4.572598335133014,4.912517698958963,4.732738556615771,5.50333711809665,4.498628134680599,4.84935622111205,4.728411224697007,5.148190817905203,4.666014200933183,4.838655286021542,4.534890276694058,4.684033450684509,4.8212839769545885,4.33565090891815,4.50226949235579,4.786427571676834,5.0145805233631675,5.048840501006531,5.29841754957445,4.629942513694137,4.959272927245038,4.943358431459481,4.673727574903538,4.900481886866646,4.77746954901104,4.782397210010952,4.5315459858696485,5.145500114273723,4.526773354801582,4.739173303857017,5.459045500802544,4.175547047862758,5.086025705010761,4.387413665813007,4.6048646552781065,4.977919024237895,4.288710069653908,4.4410245106596635,4.956944871364762,4.5345565554520135,4.539740361484524,4.180200713892904,4.327086113823927,4.630333628307179,4.5510554883069005,4.161568938886516,5.007662728632316,4.637303096916118,4.882116975980674,5.049058005767843,4.985425905871842,4.625836175642451,4.575096329497771,4.76727662864281,4.535040897589757,4.754415885222995,4.330627342269286,4.417556627837498,4.403019925053396,5.079743682867073,4.358601292729138,4.218082604496711,4.693789429719378,4.680975928028062,5.094086583396884,4.38466224334574,4.671618516153221,5.493356724370789,4.841502601583919,4.7888460935269785,4.526345013266184,4.659170980230922,4.55361865387827,4.652667444922064,4.851162272726887,4.458982095747082,4.444349876812279,4.3646242931325405,4.326176449895707,4.853335958541496,4.8605426176289415,4.543932920480168,3.988266163973734,4.8065758310190185,5.069541047234509,4.737603267079157,4.783058847170678,4.332117626732821,4.669192256104239,4.793828486016373,4.43413389141056,4.545597333225496,4.380215327827936,4.713127779366552,4.971047071871161,4.728289241693181,4.918709538085864,5.373034417681857,4.983944510237726,5.03372798671298,4.6422478387959005,4.875927430178247,4.443430657122863,4.6235680445252925,4.358787197673879,4.026079815059043,4.701046989341306,4.819715085091928,4.6225498810613015,4.795049167918652,5.025724357991294,4.088786982116958,4.774622506429536,4.914365233489974,4.410116889245099,4.519192898914662,4.778844977814309,4.917720305136148,4.987603378909064,4.187135656920422,5.100630555159948,5.06529851693583,5.6324857961066295,4.772507482991578,5.7723623604316945,4.936324324021944,4.944972948969807,4.901891285813955,4.843017163587837,5.040645474613473,4.555655434245681,4.977036398846288,4.600509538770222,4.694232535750295,3.711636480411534,5.645149148666827,4.677424810642884,5.128534092399181,4.439008013880103,5.714931675324223,4.49914924767316,6.069424063627677,4.525782378499997,4.430166079211167,5.274916120040129,5.002876439262166,4.961058178847435,5.500435365592823,5.208555655490418,4.127490049916093,4.944181905754452,4.783627945253315,3.418322961162112,4.817320408759598,5.5803963817761755,5.394391563271523,4.337876715141757,4.415006033726805,5.041005243541318,6.0328619902934415,5.040353746452709,3.504382182202814,5.24710222253338,4.652056109276106,4.620669656393314,4.921277271508528,5.223536764884544,4.798124560769052,4.838192565513854,4.909223557529797,4.708998653349037,4.443125945486361,4.7614366342133545,3.5629852461479223,5.383293182879022,4.981958908016209,3.870711183205942,4.492278132369292,4.617576164395735,6.093376916483427,4.482153577450068,4.489341668516394,5.058907423784387,5.093819679352255,3.677244416631817,4.855327634246496,4.033055059933054,4.632391082681681,3.6534735905856066,4.62235998152573,5.0478676894827474,4.513547487767838,5.271499225784667,4.863781219276723,4.224318130021399,4.0330631308541,4.964926432880054,5.136554790529521,3.892594332443532,4.770111794885338,4.450909644017576,5.268358530608089,4.006751000368226,4.947036155074238,4.648331521679261,4.771416512876456,4.996052148485022,5.1386773954316896,5.236797727383293,4.082424534601738,4.854881177030344,4.409544931446399,4.935288595071399,5.127887340224532,4.492367571579139,4.60508417390179,5.125063342407297,4.011115199025147,4.456572015081761,4.46725288921629,5.040761320885031,4.465331611329283,3.6171474249654048,4.400915071731987,5.079964689778628,5.037659070426402,4.403484363400598,3.5893443764276602,4.72189388693056,5.3381210051790235,5.476550742501954,5.135199491325461,4.48079883580058,6.095742944230942,5.236402604728882,3.696830860621982,6.1202470753815605,4.4895441038659225,4.778740746199438,4.625056036174572,5.328125269899633,4.226851033427553,4.590261161283811,4.545184102198255,5.324601472692537,4.806898624289903,5.420586127923902,3.9057046892329184,3.7658529533780816,5.476504433128784,5.02122915541727,4.841841635308356,5.014131459759698,5.030591421326582,4.9467750649054745,4.7254207263030965,5.323898627562889,5.28948781733106,4.472213556798243,4.7871167948154065,4.849643444939982,5.151867515916898,4.5170731713034,4.975014374047555,5.14757542949088,4.648327177506569,4.998421007621269,4.879832978646289,4.502508033073949,4.999222194139208,4.886746303517122,4.649159347262738,4.716548211319933,5.1687484634120455,5.437291814006669,4.614159751659359,4.309453749218141,5.040142900011745,3.95944755091587,4.256927633568609,4.070410167317855,4.923647608614592,5.299829752748112,4.7560818360118375,4.261482564346769,4.6570197939609095,4.575684192841124,4.875183155486381,4.80910097731807,5.176083753137128,4.837161897529898,5.486324698509165,4.576840510899417,5.397845718174514,5.060157750068359,3.921803579339592,5.36772881851774,5.659722752085431,4.895164487885606,5.020167670195737,5.643950487397081,4.914189697215552,5.477006128579982,4.052848130725263,5.426635598871345,5.411778154960045,3.575854876045847,4.502962715362624,4.858696206949681,5.72128585940653,5.141044980927044,5.134918950062254,4.6973716374588115,5.1262419613062296,4.425680067990265,4.694975775396522,4.620313998758496,4.77072142433848,4.344426317156718,6.125208648916277,3.5086904780482024,3.7524541925511903,4.922843358057359,5.004333694797819,4.6633229386250745,3.899603952199953,5.489804242863465,4.977457028754011,3.339546600325847,5.043879715763612,3.616707125974998,4.4820268128487015,4.621068522939032,4.607042639108401,5.355883153385291,3.8652608072610772,4.316554733778665,3.6691858013049274,5.061680251830709,4.445620756450523,3.3845970414575524,4.652074514093281,5.08579846519913,4.717106317606741,6.158800709364637,5.053377096961696,5.872182215468307,4.693145532033077,4.229218786603529,5.3506274272507275,4.717097752635985,5.115370355516053,4.802938992961039,5.345388994374375,4.983556506976243,3.921159171618106,4.546861436852772,3.9196144188456423,4.6277846096572075,4.823711279032579,6.407760548311992,4.8229559235996575,5.076021085840491,5.845078983803292,5.566765525243013,4.522095373767968,4.715546562453513,4.258437422845614,5.15711032599233,5.5751058516634595,5.070207742289382,3.453557809999332,4.81713391921049,4.321617743879467,4.2255097043479815,5.3071447206161295,5.068306157208341,4.802554923570836,4.22108861971148,4.719958325600417,4.8106747658073985,5.123467500340207,4.632051761356881,4.86458440488584,4.981335170331906,4.538561628764752,5.217562691055645,4.100429953634424,4.527571628371899,5.585377039724722,5.123753623247117,4.295440024417086,5.005049878135096,5.009243993114288,4.484715736121558,4.900915634021061,4.991604500435424,4.987268482876256,4.759722874483242,6.410108217180064,4.682675900167652,4.516071636800029,5.514910548141678,5.08240365824947,4.929868526224667,5.41252171330238,4.984211123964962,4.725479371897911,4.666195921193616,4.96837911095935,5.035229691830507,3.9009811423234066,5.47141736175458,4.345913792837604,3.476878054900046,3.9975498372936453,6.064829420976041,4.7693517448203195,5.183156512205534,5.046372911674435,4.988618063881843,4.156200725910032,4.822852997865721,5.1125711369004545,4.600777041108703,4.830624364372476,5.1366436548875285,4.47490017942796,4.601778158289348,4.9065681850993075,3.8357406547195807,5.247683386877976,4.827456709694456,4.77974076425557,5.513742531151118,5.725622457745571,3.5212734914701267,4.539670722256345,5.751178359739897,4.461965832455074,4.760249104399082,4.493632114531694,4.598785539963367,4.919528055270245,5.118339580736244,4.737861502849185,5.117813159852299,5.020971366075403,4.686144135346757,4.445572392349166,4.504665176674424,5.519332748688154,3.9620830656130277,4.5560084563786525,5.068440561072047,4.348111668424414,4.809562579555085,4.853087371296425,5.185973576557976,4.931360404540539,4.463349401074142,3.4497986409092003,4.790893199753017,4.7798714209130315,4.20332042097162,4.489133448945662,4.754140211993227,4.643548607630409,4.083102444771567,4.212862409499549,3.6428307469902714,5.0107840424226,5.019044663892706,4.519935691431194,4.239283137696515,4.299084847376639,5.013308987783684,4.791461582652678,5.219389807076161,4.4859370100125515,4.470098224738318,4.261718327183077,6.147044666646257,4.863724628205248,4.787415988382769,5.319115922676068,4.386900693573295,5.198542754549585,4.8227312974039815,4.98369318956807,4.300911103479509,4.833430099506775,4.021795463939103,4.632852120357366,4.85173030544387,5.666573143689094,4.968565608043426,4.0087021514683725,4.30691546384706,4.254063175014711,4.909950884049495,5.003369194304206,4.965758631815806,3.949116140101318,4.415364270243893,4.800756453901541,5.394125383765514,4.568878205586049,5.360215521947114,4.820733588987621,3.7820735090183226,5.765453162354584,4.9638000564177736,5.766988230764226,4.671391289498731,5.13906154304593,4.329881854538268,4.710804237040041,4.6014448879965135,3.9454753160987797,5.283955681854048,4.248529598365295,4.513341700493297,4.536459017156619,4.934918627804219,4.819206644704266,4.62779984707565,4.520184141715276,4.422941792807925,4.781237889680585,4.574314463849915,4.7617382937187775,4.216706948237395,4.197073835640172,4.626755057287286,4.404549467398344,5.599248405177782,3.818370802231929,4.909907439209899,4.933604728258356,4.174084195165524,4.49825643065908,4.287804153373527,4.736036911121202,4.525397129243438,4.8081545670810035,4.661639257028192,4.132194477177045,4.23027399161374,4.828929063939328,4.5120324725047105,5.587042426316194,4.682239854700799,4.190405884661717,5.148050881246595,4.766239894917869,5.342770102700406,4.2095426517028445,5.3453079469747875,3.8427966408768763,4.4554701297093535,4.998295202813441,5.398620905674419,4.543815094948665,4.187915300396144,4.865705968068878,4.482660830938071,4.547316213690434,3.999070222615988,4.662192594226438,4.53614932545794,4.632919279277496,5.71947605089997,4.660109096539879,4.8082648056725965,4.086257627590551,5.204974728778501,4.54479549459771,3.822996616231463,4.005563908320387,4.0458941647882245,5.751864205125844,4.676113937753724,3.9438395872452046,5.557644658365251,4.5426802203719525,3.879323043528357,3.985810411397707,4.838714882447687,4.9685662281264165,4.299220706745363,4.0855040454976885,5.019844952585029,5.247217865383614,4.4911989405397685,3.6885859660343523,5.008409392751886,4.926425086823797,4.234952392798882,5.110106976655429,4.191153142378072,3.465867460958252,4.592514003259083,3.9456933418566678,4.860816074466242,3.5949507578087956,4.22876540098565,4.826972092217256,4.551408819684012,5.497348798020659,5.918548623093539,5.348012488280065,5.030100311200408,5.1911018940409175,4.590438681967997,3.866148135857413,4.2091785531591155,5.137227073345514,4.791699991728198,5.023875077595427,3.9701374657934165,4.586972237670539,4.620642745288539,4.136301820628993,5.3812475988109565,3.8102264410282087,4.8066399404262485,5.529102481478817,3.9513191341497604,6.256158127456923,5.229904820682811,4.483387365979363,4.691923701198698,4.654024510996414,4.7762610393185785,4.834981326900544,4.849711774386986,4.891755905474719,5.845058863011085,4.744343863716354,4.627054491211657,4.517695640709527,4.971380255579487,5.267628323482617,4.484605490472835,5.291032594700288,4.50148943606475,4.228403035828222,5.0643369673926735,3.893826401304437,4.694207968350656,4.9729260174204395,4.845318088235134,5.182875812807483,5.242337075693144,6.005741660637392,4.7743846156297165,4.779906990763275,4.691921218583529,4.824585014127202,4.914089719473368,5.854149194590836,4.800631989749121,4.576047694316357,5.0836072716463105,4.50027694854123,4.314467469162575,5.062162139266159,4.177588880670039,4.597168999608289,4.505289992373126,6.006923034271497,4.559167474587639,4.871279387866007,5.005459658357819,5.119563231846134,3.717156403192062,5.018743471607377,5.147760327130466,4.774946704306809,5.2722868780081535,4.245547504521079,4.889843530995651,4.5750425907667545,4.4008192199944745,4.627706182515102,4.046829581159224,4.402901875423726,5.214299019525917,5.148591122739523,5.171644053115662,5.479367552029006,4.29026032960833,4.41630040974257,4.611127921943399,5.910854316361079,3.9926323156379917,4.621415692071922,4.26101536450674,4.576729407391356,4.441410551396398,4.223377575695902,5.159194764637207,4.462249876428899,5.316337505189875,5.963162431638043,4.760002493782833,4.6776823652418456,4.721232696507697,4.804200132420417,5.41719636703093,4.530004485856292,4.3546945630903915,4.528017813518249,4.969073778788176,5.390622005624843,4.937074230220199,4.169272284430318,4.346446539449458,4.547694761961952,4.3052770684704775,5.267907729933027,5.452656041958782,3.981577487028286,4.903909291272114,5.0843351149905045,5.5337018464185865,4.407691765407356,4.407989731636421,5.14961604117289,4.687645035718331,5.285820736979192,4.538648328451647,4.737123640471565,4.560296864322538,4.656221019076056,4.406628531181752,4.937992879454017,4.155252670661838,4.9330320581261455,4.508814404234666,4.329120694152008,4.33468361193774,4.606629187799394,4.435315944507652,4.722123339346651,4.9548451357989,5.014975582914205,4.932258265884264,4.372207625800658,4.512312549919178,4.023720601696237,4.788924550874374,4.557454819055969,4.73641717457325,4.686799910591601,4.525803938469802,5.168753026169424,5.712958161306237,4.7534966696559815,4.8870222902475255,4.64218312888894,4.747285541112364,3.747757431810074,4.3965380146438955,4.5642217767761135,5.091578848776481,5.412983409415765,5.460892425452622,4.285148971026497,3.8858638245304675,5.286573891908565,5.052187434558466,6.150575533971678,5.3600255230326415,5.335830877079685,4.331209651840002,5.294268152794455,3.465267103882823,3.8287209864571325,3.974783160109394,4.416003697383498,5.5256734560787555,4.672915350257034,5.09746568218627,4.683579789011468,4.926622057172713,3.727950905109682,5.39896720862692,4.206541455776147,4.040950316061744,4.461538368708286,4.420521848607657,5.161352686162117,3.9601806523828045,4.8063260365615,4.6325343212102235,5.1121954838533,4.478827274440526,4.642984709770222,4.8564502562954415,4.5250658325912365,5.297609374451514,4.5244867211993816,4.9939689048159135,3.641056681150068,5.444252364588827,4.494576992816012,5.0574955833981585,4.592760063598793,5.377007556090195,4.844226942276611,4.47450913705234,4.799306232136001,4.347436275585853,4.4778109907409,3.695663254617919,5.388175992736229,4.571995062262162,4.67069569249888,4.442809566376697,4.87818705967357,4.782171872790866,5.414322429243288,4.24595295244179,5.475805624774467,4.632369047569002,4.711646708540133,4.303071312507113,5.628983145908564,4.874003760910467,4.257550236109768,3.7906945461228063,4.325581495374743,4.585343840400747,4.202586055196,5.023704955756442,5.290184091099836,5.266879209177566,5.554039184078369,3.939111667108426,5.3263729755190745,4.064453565953805,3.80137713662138,5.247116582846528,5.267717312970668,5.419318225786636,5.017886770910308,5.051222494551496,4.73339376703873,4.419131703088749,4.744407273196077,5.472674617066851,4.5774054694860835,5.025119127708847,4.378336424546048,4.954910208189062,4.912304812372495,4.552139227346724,4.229757721518851,4.993764340045307,4.947131870758927,5.044312462556011,4.43914849205391,3.966212691487126,4.547403779041927,4.876248354238981,4.572114395185078,5.13969326396512,4.9814708706264295,4.845562533933376,4.877442482879274,4.24532914271279,4.290240922609111,4.562597557843104,4.824931256931525,4.987070527495111,4.482339324450722,4.5490354650599105,4.736570985225214,4.517519589629583,4.540525673814326,4.6637497493997495,4.055879695973164,4.87228575919553,4.545557241595975,4.6394797619296035,3.9708125731939825,4.303733377054145,4.418440032931842,5.006774832798269,3.8809180035288353,4.812694944275252,4.439192553478807,4.877923711257265,5.3782610548667735,4.603913305234367,4.508486090912662,4.510212962402301,4.520205139267444,5.206029352249761,3.9626880415669996,4.241669550461466,4.649194698740024,4.82395300313549,5.2975219879869435,4.572177009927396,4.561522071450303,4.860687046903882,4.288655637976131,5.742033923700089,4.692949913473755,4.51628953805039,4.447350459595077,5.016849451506323,4.963588979746748,3.6632291586031824,5.16550301621509,4.458223717960458,4.701687232845889,5.5836177910328715,4.081094276961808,4.087127094180844,4.246841027519481,4.048517482206192,3.727634432093354,4.579640804902479,4.508764464902962,4.338951896837362,4.453856232457598,3.829138239735581,5.1504930111384,5.075611466430621,4.858797250799273,4.014858731284753,4.483225927494431,4.555908958168864,4.446198895112541,4.607499339960062,4.747288063808357,5.750207968576437,3.985092060958578,4.56680436195007,5.100031284046773,4.024382065853271,5.1973528633866115,5.031051816028342,5.094687193999711,5.20779309558072,4.702157181305693,4.23152393517643,3.7037899546264206,3.7309386958568957,3.8783366292912507,4.581956641774909,5.541184390136658,4.654614048809422,4.303982240192,5.078227368655983,3.7925062149406417,4.108216734796962,4.115783749028335,5.203563902899666,4.15178839898059,3.9831869768392165,5.478807414404893,4.8484088199218425,4.873047850131867,4.153042909921049,5.084759205568765,4.540712782790808,4.880547495653567,4.6108693725046,5.4598892463900865,4.187881986557659,4.854828180128059,4.627676500215929,4.371963508639764,4.534549501807749,4.581373079184193,5.4480762729210594,4.3356772027874975,4.3032386234525735,4.6432863255900525,3.801369935114865,4.639106641808776,4.762069377325116,5.306812167679854,4.657523571595575,4.909275829621088,3.565506296548314,4.540506403262472,4.143547039920859,4.649288149139186,4.888561654817541,5.023388539655148,3.868143176228586,3.9082454650971505,4.277003650842069,4.111066045042507,5.071969159359732,4.273700036304995,4.346130447749961,4.035229573788839,4.50855975931855,4.515255949216624,4.288140640202487,5.043380449651178,4.612787709760659,3.9912895590673507,4.604893191583217,3.8007394558956853,4.104736722780327,4.688876739859018,4.299467332433938,4.775024215487497,1.329373272268069,1.3248458071112765,1.0012029234653121,1.68862865938778,4.621431004540881,3.410962983351759,3.656240044151036,2.3899004030392175,3.2208203918566265,0.7962408362543801,1.4331250231567627,0.9510548466235208,1.073852215073315,0.9539841123135336,1.8730196987489145,1.4600550554486433,1.7642141773340534,4.190070807268377,4.269312747808662,1.2454385443101754,4.532508286601412,1.4807676061100477,3.4753976352032363,0.9654448981568245,1.0200405446052785,0.9675521824163302,1.3164204383558715,1.07102685723405,1.3483141547661082,1.4271257923505785,1.6131559093307837,1.2689417569347392,1.9138463656518514,3.039974683202396,4.109468198728648,3.6411851835104696,1.5486757079589721,4.304485974509115,3.853258068452462,0.9779876083465512,3.334133846439641,2.743439025385449,0.7907097791624614,4.037473691043413,2.770842345330619,4.992236065383929,0.8870142570407828,4.183810485750555,1.9548443418749215,1.0774849535726991,4.363178113383543,1.4605703931161163,1.8934066138672778,5.256513351990973,4.240976631616158,5.00832093607446,2.029069606451569,2.849715192317982,4.899360725364289,2.577182934985182,0.8852633652708651,3.72109307850424,2.7248630817518094,3.411812791764423,1.8667175070735729,1.4808659941054063,1.120530054166766,0.7659520223570249,1.0335302962044488,2.7645976489853608,3.5864889469268175,2.5546547409077385,1.0960291963157283,1.0048621191023335,4.47243510152647,3.1061490186763425,3.161829333110899,0.9851784088911127,1.5522194753573961,3.9932285777757905,2.2481330897964105,1.4701690555257865,0.885637909024233,1.1584829643816,1.9929413649061163,1.747624168420693,1.0764475273644345,1.1525433227250057,2.964905106507915,3.820416766310671,3.1238151901280062,2.1746227121130133,0.7115863408927372,0.6192469908028094,4.445325885299307,2.273110522784739,1.084194861178238,2.73859678763624,3.085991896427015,1.3184309437023385,2.6576834250075576,4.3067969521491,2.3045293328220735,2.999973595911035,0.9913701311700716,2.1319296997806774,1.8887022908265232,1.7960139080573136,1.47039617451748,1.9214605744443418,1.0389011906723291,4.575502893363306,1.475048946411446,1.0044518606517159,1.2535074958146804,0.852359949390094,2.4742444840957614,1.0171167359148658,1.6338808299936414,4.557146513275094,1.1320163810261725,3.656254347836948,4.775942616684204,2.744950017076644,1.0897461499387158,3.4373359861036814,1.6839175729066287,0.9909838854594359,1.5550531568642025,2.1896040021517456,0.7329623836433079,2.7915106169442065,1.5184231592370663,4.061916510372278,3.6532155418382097,3.7998161424061228,1.7591555293272185,1.1502743722412014,2.0263493941124,1.8901514448721415,4.214990219798993,1.3524779942227563,1.1909112228380991,2.062454994176576,3.9409407783655412,1.8233667278173311,0.8587958636014454,1.6081534273495621,1.3753644890661227,1.4902685787358991,1.0929619127149839,3.187374691680503,4.42748870310436,3.435518955567904,1.0229508056532919,3.6410850658643583,2.8062483870974733,4.288910514933939,4.424052689158067,1.556185254700346,4.790179587578463,1.7910303619695784,1.9258949704707031,1.0110287551540473,4.327157545063592,4.4919075487637805,1.2888662446498416,4.715772051654851,3.801017959727492,2.2608574807685216,3.3391694949587074,4.217654310442157,1.4934649871615326,2.1271332188556635,3.188067558527737,1.8531072668078123,3.523385868189518,1.0065441807938826,3.4425671223320626,2.196469951672906,4.636964500405774,1.6801927474491942,1.0168239198333577,2.1235002191880445,1.2303820944738935,2.650972484252341,3.4080930998189367,1.3505385166180504,0.817845919745414,0.9644741681314062,3.575716666683171,1.9404364858484824,0.6926846807758283,1.1872556176899351,2.3308619850246313,4.429655571992588,2.3142568370824326,3.5112175186057164,0.9532025538258405,3.6155287789765587,1.1943488261237731,1.4659097864537904,4.814723198352038,1.9267110667272962,1.6402381215335071,1.3512171424609123,1.0871404355383791,1.1618934312676046,2.2033324526525786,2.380328347286817,1.8968170465155276,1.0773281141530249,4.8450678489252965,1.0321281850673882,3.573354562013832,1.8636728254731434,1.078888770575149,1.545685917119104,2.620516137103977,1.017486820113399,5.0806345928456915,1.0748043722122727,1.3432184253302673,2.9946266333132345,1.6047569166541638,1.1408764794849815,0.88138135600011,3.2375004090199946,4.396594858545789,1.7530361702921022,1.3885941614473891,1.2340369544957437,4.684908173640599,1.1221213456180972,1.7745160654994583,1.3224640175958609,4.694150102240699,3.8862401939052846,1.860966189284163,4.924797632990401,2.3392675765480377,1.1164777956858873,1.0135458627303533,1.4857998244218031,3.97457738548933,3.1826618504274524,1.2461458422241758,2.381159267614112,1.3690816735097633,0.8737593029376933,1.2724453762640846,2.4018728084283256,3.527426733106733,5.032342448989473,2.0481167824073103,3.618159723242887,2.2781018085229316,4.719313778323554,0.993395802337948,1.3792152631085441,1.3772529970769558,4.553324380493395,3.907795847880299,1.2801022189568676,1.7427780241950688,3.4498122647934855,0.9708309461380363,1.631841085618641,2.2116259417241957,1.9870107154924146,1.0621677529782918,3.9477222148797035,1.6741552033602582,4.004279960895129,1.458997559510913,1.0754128229338396,1.436859949195124,1.4803359138711651,1.8210846358811155,1.1357804896961494,3.3231597489904154,0.7736014648003198,0.7380290697075295,0.9948614406803095,1.2260153964448466,0.8367742151436574,2.270298512252779,2.040074167415872,3.0124000906491735,0.8712131593129648,1.0793949988094904,4.912295162683082,4.172394544418521,4.043500827475107,3.9294010302838234,2.402737304056944,1.1590828592583033,1.127081699162227,3.127231063440534,1.7777048575924945,2.4543734377720736,4.871517374851367,3.783587885965454,4.172457595590541,3.9670738575585145,3.912323276018041,4.80755574175534,3.620774493966579,4.159571349902756,3.6505693950253457,4.340123400957434,4.463814785600333,3.9992486300917065,3.556499077349809,4.85193864022693,3.8571345651458335,3.8982638215223577,4.235611676069332,3.2716094421269037,4.8274293147742,2.9694791369748637,4.162952414211691,4.850965044180794,4.565644963659261,3.3704363386276635,4.612917888886021,3.965351261110012,5.213321653238548,4.697122290832796,4.093958948199881,4.413896032293217,4.173241763942573,3.896604609813644,3.5695811493054648,2.674225656294649,3.872893584051598,3.9745499663214052,4.465987852101261,4.3533605159906426,4.230301760043685,3.057416271846607,3.9198090287704828,4.351843194318506,4.288393064250376,4.947973928526157,4.598743242484872,3.243004940654016,3.9738359609896516,3.892128699709505,4.348216982073454,4.016793855368599,4.533504680899293,4.475827045349244,4.53033437468314,2.8931951993252145,4.779637571171587,4.421996434454677,5.244585642443252,4.3747084526589095,4.478016785249659,3.6946197028514023,3.1903993643491666,4.3287945665667396,4.094577145740553,3.152191081325074,2.9660144940560293,4.137598912560183,4.070296243484744,2.9297419968086187,5.157395407458571,3.3759113207150993,3.525590567573227,3.9510077434338196,4.409719889339219,4.410611013117508,4.35371696610626,4.170441131115505,3.4575143969409052,4.220990736263094,4.10434554058035,2.9382062413696426,4.272748840262298,4.127868830568478,4.63049625011819,4.386727612572116,5.0845839256163385,4.682354241820712,5.16643978712751,3.9513058745692007,4.3253239402610015,4.666682796296718,4.486123585457186,3.791571184850765,4.359789785394714,3.539791274777461,4.310252215524917,3.5103768125174146,4.163437622746158,3.431327702480362,3.7457587821033256,4.936570833369455,2.812645846903003,4.85969593717134,4.529811647502075,3.694580849097406,2.8869718120832055,3.6282877797790887,3.8816097079798646,4.482487537441633,4.729778666217158,3.716736836380979,2.8969455343523283,2.870536645057619,4.556403412123773,3.8946000497090063,2.4659569494920413,4.233531888244547,3.633679219742643,3.5034335374520578,3.9223474252820063,3.84268446871981,4.209537844410483,3.4768044849454594,4.0694604005814625,3.709643334952005,3.7207862554465865,3.712819161310671,3.840120143141073,4.391276747071356,3.0131916790949784,2.7572483912379617,2.8190670858915894,4.416249816282463,4.31938570799122,3.0359488987184973,3.4316007951450334,4.2985896013463964,3.395210011413242,3.7151529796926406,3.7251259009746933,3.511697860560136,2.8752737436832176,4.172018736519228,3.986053797077586,4.248373923036619,3.774485251474902,3.1662770075599047,4.036781898460102,3.6325519263415953,4.418494605487328,4.079677124478292,5.203486481140644,3.1855648548081867,4.448229108620508,3.6060951830709276,3.99990628988898,4.351327500165281,4.462473123530675,4.352842653170882,2.945285905408163,3.713682534158028,2.8493641220226764,2.8799471137343007,3.8858090769710314,4.135413062148657,2.7191202346587424,2.8788163772288087,4.728478967569888,4.47340896230687,5.263941235225906,3.651321038621847,4.1708228858904235,3.8624504634295724,2.8937137865211113,4.406215506869643,4.568297756687993,3.773613713873423,4.476918254990826,4.641606277734841,3.0524715737623223,3.7223697483938474,3.8778454109015748,3.1127956417686637,4.348401217181966,4.326896025308303,3.6430632714176814,3.7282395356582567,3.678155987903384,3.163158278767233,4.166547027426381,4.42656018581251,4.003303905719548,4.161883935960473,3.505931058853375,2.8481391528114783,4.364643921031923,3.218053954972934,4.479310345901474,4.010572476983094,4.23596310924137,3.721229552209365,4.159989530830553,3.508577738561354,4.326785445258509,2.7446160467778093,4.340554228707716,3.375549281908385,5.352072430563876,3.2200004868696035,3.6286963722458636,4.927676782242316,4.122400339332074,4.347427347307134,4.319542407173431,3.352356518926138,4.762685340164347,4.342520760423899,3.070242039652934,3.7166612140054602,2.8383227229178147,4.779568269027582,4.515624192386957,3.9059209386819917,4.023186008369868,4.954308031788196,2.8145230860295563,4.143541443316462,5.531112972003261,3.1513933274422343,3.1134243096785217,3.6522863520004796,4.965996646077981,3.242136632691473,3.8117688164817967,3.102673957331545,3.9931222090311205,4.357522313496909,4.420755228665244,5.250063840127331,3.728437294832235,3.742820972514721,3.6530257420017094,3.886788263101883,4.3280199460590865,2.406490217007389,3.3370290999233756,4.8283966986824,2.6477285430411883,3.850096657286881,4.313251067615485,4.237018868791885,3.5886022624800415,4.387348211141636,2.7950784599420957,4.031849559782101,3.7783868642310807,2.8455783075489145,4.934072614461534,3.2036484994623207,3.107349509716998,4.006442179709828,5.1731041367969395,3.054348207270276,4.252293595844228,4.2591358302341975,3.852057557112502,3.642939694250637,2.8450064833017628,3.635985113654937,4.321554256334649,2.975924216077567,3.7863955826770974,3.738831746708703,4.309816531921729,3.7280898937404006,3.365274630899275,4.125557707078858,4.368775689109538,4.151835966226134,3.9331331444081936,4.041826786045291,4.286910715390006,3.7628676473000517,5.410172463169147,3.771812976428293,3.3039239242216403,4.161331192879167,4.32039092962136,3.289187509732452,4.446075839916574,3.672059068803613,3.7334666813208077,3.752364115512243,2.8139700227995257,5.4241492454526545,3.7702640286851383,3.0523680977880807,4.33005716784518,4.292227657487942,3.505148395329819,2.6713315021305837,1.629017277553442,2.6726402281443273,1.2871367043617428,4.170894476543872,1.4361807883224167,1.4056344172724589,1.1479313566953715,4.526480627666325,1.427477505351315,4.33694550040373,3.0856717615199587,1.0720101351662064,4.360526273078161,1.0555372407123629,2.166047382768005,1.210980755895015,1.8611100404843746,1.4882108717573073,2.488321685345939,1.558573591859343,1.9840664072087781,2.0751992479004344,3.6513051926153324,2.596694614852311,1.9617223749308481,4.220428484007348,2.75714077884434,3.586000704753697,2.0290031356064167,1.6013724872178112,2.801190149045472,1.6899663162164054,1.6502597107443873,3.0781971548446565,1.547725956276969,1.819803337250585,1.0386276652929158,2.0299821489194576,1.1919181434558062,4.453687878207809,2.5900649543139442,4.152163120271672,1.7802359381400248,3.752788696591462,3.5686728410143016,4.241635798405502,4.26099923831267,0.9378056699273823,2.0541642764391406,4.168060222300936,3.932885191412254,1.2735485232093944,2.6754314812175717,3.6475206237753026,1.8208899332281547,1.8103947550406296,1.0752577083625348,3.173815590255692,1.459189277989973,1.0129678836137963,0.8918937940430014,4.557006499219389,1.9463153857339228,1.9109120163763016,1.3784886381478305,1.787348034399413,2.9220499047898727,2.254076023445479,1.2281401973675592,2.8900584542416046,3.9539243829928776,3.9411358436547013,1.8872782860590969,4.394519019191512,4.049934208048723,2.5932796256933845,1.673317167277262,3.9031588103572172,1.069085810481404,2.51357764026919,2.5962234019491097,1.9820350420177117,4.04615585487541,2.9422711338314156,1.7388490969984343,3.08800864937895,4.305899339549286,2.3721055094479584,2.3746561561854524,1.5372543333729762,2.1115871933299535,1.5810310302434247,3.3929443329343427,1.919200469828965,2.137945756849045,2.1056784479360604,3.953614070071403,1.2259616837051575,2.345678622636065,3.853473594203021,3.479747467444684,3.495076236973739,2.6523297887092103,2.3119571932231335,4.146938686514624,3.1659757133462443,3.5829829522990635,1.1382328934663168,1.4057972534532277,1.9222590173365728,1.5475775437822443,3.116688719058474,1.9222707528580012,3.849274166871775,2.351424308681265,2.2251752982037356,1.6846824172287764,3.4318471486367046,1.5798614808086036,1.9818166892253657,4.019667146027492,4.024242405001713,4.140144147591146,1.3646028633557532,2.350351255065703,1.443999456077993,1.422163732861168,2.567580549199706,2.6078705899394685,1.3574067524036624,2.4998081381556716,4.355503991864192,3.7425852905802475,1.4597216998982938,3.252286439600681,1.8546034218981275,2.004996804422801,3.359873083892141,4.133937138086213,1.3967594499361515,3.8968098877639834,4.376130533127715,2.6391162073908885,4.0967245514628665,3.0256728820102414,2.668603985283845,1.1608520053483922,2.570479085255419,3.2270286106451276,1.5292470979367236,1.4305943445935811,2.3326271082069936,1.9139792537635574,1.1752181301878022,1.1837391971422841,4.3149984098831995,1.8537360714445044,3.4625718720370546,1.5124514030694365,1.6729901618754834,1.589958536855707,1.3038165342442605,3.8036200425550013,1.3493711400732635,4.059410725308922,4.075481986886584,4.067417192496057,2.429580557119675,3.417377013108406,0.933570293414149,2.404918429729037,3.7705077007312116,1.235607280954791,1.8633291919014607,4.304871842541382,4.527121692901427,2.078809443759593,1.9438558583376493,1.7649546812003307,1.127193439580828,3.1459447796126248,1.5236386863164564,0.9203574095521052,3.6545299742120254,1.2149737791464248,2.663826945850288,2.25467529404365,2.7618031499630407,0.949134599773433,2.0152186550077054,4.186800564064764,1.1397320554800545,2.282412627586648,4.545751748504364,4.1709768342636835,3.3486435842450346,1.8665146521927691,4.268913398391203,1.5050262266472523,2.2600223950285416,4.6845399151928335,1.1559901224408862,2.0109299150514186,2.3795049979034,1.173492550213304,4.735933084787735,2.3533270658529952,1.4195558343707124,4.297478361217033,4.387346926774281,2.372173537481384,3.3515551539741457,1.9037489754285466,4.33828721360036,2.4559904158366126,2.3211784109343983,2.545642382582749,1.9154495791605846,2.992680869120306,1.8250570406545208,1.8176160658137415,2.8641872676413485,4.405683113852356,1.4288837496322213,2.557785915529762,1.384897521994321,2.526082651374972,1.1913175734239905,3.3233168657126493,1.4541451249018087,1.5715400798042953,1.4177928014473655,1.5257711735872288,3.8510170150526557,1.341714893165273,2.4795581426967512,2.599072102674317,2.3239738950134634,1.1340797715471056,4.538716535882532,3.4544368916095585,1.3788316073732905,3.1324206173286187,2.1603303425774825,1.3396792933013544,2.95107580327346,1.6763261277130168,3.725706811197413,0.985668603164931,1.237593737694824,3.030386641166912,1.0931396115399967,1.1599310722980491,4.391007609929124,1.020989400051959,4.431430766201934,4.067797101463729,2.3128140079007777,1.5516707732019535,3.9955136316908257,1.5460715298988126,4.680625458137297,4.2384354351128986,1.218608226610493,3.6999044935878493,2.147180215836215,4.2178384345046505,3.3146197701929747,1.622885656626352,1.861458844149654,3.8925757125250646,1.2010298311748324,1.757344561704653,2.09776927577406,1.469757089732283,1.4687781162145859,2.8011224103103025,2.4200362786945497,1.5748446766887807,4.23372784879876,1.1837681088167222,2.2721860515384855,2.8760617467634084,4.400904463204291,4.406887001485441,1.341349114494531,3.590802687528196,4.295834653610314,4.241860097117741,2.1117375320741036,3.6435328097168274,2.393599325966129,2.749266193517414,1.3800850782871255,1.2722688856263102,1.4472839748234512,2.3439677960683274,3.631261844900762,1.7450649762510024
49,1.1322347901049832,1.089223520481489,1.0908962023868785,1.1569910451172476,1.125816468327213,1.200893061761987,1.167847587734539,1.1586817509566456,1.1078405616206386,1.1335715415398164,1.1464068065875432,0.9656515677116753,1.0347640972788896,1.0389302030988448,0.9187522947062782,1.2783872408807664,1.1653809584188441,1.1009355677696326,1.1998749300695928,1.1463259864539366,1.130964239234729,0.979674342631606,1.1249227201811272,1.2225596522608546,1.2243791503740487,1.4337932049264352,1.225080764640846,1.090578306240922,1.2550890707767977,1.1419654034940427,1.0549637235728553,1.0112478274719445,1.033536126826941,1.1588140981358461,1.1100487507021193,0.9794303934388564,1.1633993864070122,1.2270613136366841,1.2072010941321676,1.1144777108385178,1.1392564543658044,0.9143391072031752,1.1206192205618568,1.125676837932371,0.9054554209079051,1.1777009549116102,1.1144458647934439,0.988469782068221,1.146393798596464,1.1180865847969825,1.2450951096214822,1.1582765110676994,1.2204149283371657,1.0271396732547984,1.1545296938638128,1.3077526151138756,1.2496893634466546,1.069893287486779,1.0028144968059431,1.1590345367244375,1.028133606340459,1.2513465947994968,1.0167785685566997,1.0519805920755099,1.1286338235644584,1.2483664228128732,1.00800395714155,1.03928384190479,1.152156481370667,1.127937772153024,1.227350051222776,1.1207005549135056,1.1106081309751055,1.1416233102610085,1.1941117849848795,1.1173987214543852,1.1945449775447918,1.2182662949686618,1.2452385348253001,1.1633096137849956,1.2238504696492516,1.2927576893697743,1.203892251130275,1.1601962596923205,1.1265667939910817,1.1338341436652288,1.2054194278682662,1.2132869624673084,1.2111075201808068,0.9847400775318217,1.2518995850577554,1.067266483202355,1.2511356580355193,1.2146683612876132,1.2346840622965538,1.1249612780186706,1.06060531436783,1.170591560348858,1.035068451407491,1.1670074879618662,1.1250370851406057,1.0612228723447363,1.0618040297156026,1.3991392853090743,1.1426719573387905,1.0371073756649642,1.1625300273738093,1.2416746662989866,0.9841760962442389,1.1994812811972717,1.1609938809256728,1.280110537026377,1.2176970722280405,0.9704001436763952,0.9725221360085523,1.1648065214483643,1.2364126871311707,1.1829141418022047,1.5761264881238728,1.0937797561282006,1.2539642890708043,1.3168135501500302,1.1871656077644734,1.1355469449563036,1.622361600366711,1.0446622235042105,1.2049658324814225,1.1383816987403492,1.2518560831717624,0.9344218459561922,1.1247328205047542,1.2731281800997645,1.1773968876567358,1.2574059231712484,1.1582550426510954,1.234289192107015,1.135066544750632,1.2347918117056855,1.1175046163311855,0.9850128236111941,0.9814388984586028,1.2147784554186838,0.9728306504413139,1.0302933332851267,1.182984254800434,1.2143250966034502,1.162782382019127,0.9005233188750449,1.1028850693596537,1.1795404319398979,1.0355352629429573,1.150461360005249,1.2117959853176246,1.0715868299899163,1.0470721139119137,0.9778595530684118,1.1494039638186402,1.163875439570957,1.1313160509809232,1.1363355180133474,1.1110804838838457,1.2007327761225874,1.2152705331186162,1.2653793386074383,0.9327175165075337,1.1226423485140966,1.220372634823001,1.0867952341687175,1.2021026994529378,1.2543053434330989,1.2442971184636966,1.1980464381124813,0.9214475492994806,1.1062529092391402,0.9365169594609949,1.179090233400334,1.1237426458818198,1.1710310408978466,1.2035427627560467,1.0787223802075812,1.1186749116663712,1.0397496471308327,1.0283950437760292,1.142181351809067,1.1583760647713017,1.0257347876473644,1.1656383399302628,0.9806692607981046,1.2574163267827163,1.1517542209634044,1.0329180367264759,1.2102377468752763,1.1257256897331476,1.2645138709167212,1.143014408451093,0.9664733727194067,1.1575977353183977,1.1021462265685797,0.7152120534380694,0.9492845720677919,1.2156725053305744,1.179762845183043,1.2898083089694932,1.0491486882766092,1.105854287339807,1.1475849936247133,0.9305356177907514,1.1458457833143334,1.1576194217535622,1.1342466466071544,1.1524633026485365,1.1315911391868663,1.3235195654375767,1.215655588886736,0.9600963744721412,1.0022149347965115,1.1310802863863616,1.2504920779516384,0.9725699686918446,1.2285138544588576,0.9055052257076431,1.0414046668451098,1.2776569498947923,1.1452592947526468,1.0300018186650026,1.159032613368755,1.4814584551261296,1.177825908116481,1.230122997594326,1.1539127621559646,1.4893890557745844,0.9615864745631055,1.3611302219924266,1.1252297517429062,1.2412038588683334,1.1493999448806185,1.1326211942171494,1.175719854210446,1.1544430872703189,1.2493716181441707,0.9877408773470244,1.2528283669546798,1.2468005966000744,1.1236780559223847,1.5144514258379125,0.996502116212129,1.042880651789091,1.1254499676541032,1.0738529216854387,1.1739216638435468,1.1012140385231526,0.9731458120039074,1.2069529807454604,1.0152688820610485,1.2678669239546554,1.2873824242343126,0.9810674604741981,0.860179421093779,1.2147458209857214,0.9405199363642995,1.026733064153631,1.0306903365244755,1.1234396005330598,1.2821128436877252,1.1744582892646336,1.0203883740145365,1.0771610134875078,1.1655015433558145,1.1206210753956,1.2013555059918537,1.2588867747649295,1.1704047151475307,0.9359535372872353,1.0485129871412755,1.0357308989813214,1.2667293109141693,1.5222208572488982,1.0935519225019668,1.1779806572458675,1.0282372356219318,1.2400989699579057,1.1207004540302965,1.1113154701923496,1.1005519599927647,1.1879005122015065,1.1664751543575855,1.0602910657286773,1.2358587799312943,1.1502975162744076,1.094261179835458,0.8795654345550594,0.9847381171603423,1.1724335318077588,1.2037081344530025,1.1724048046418356,1.104215246015179,1.2572232208573937,1.1377015148917342,1.1319835357407375,1.1369045965422202,1.2013023243551024,0.48988162705137905,0.8360148263818,0.8493823549863592,1.289798432451943,1.210320518432897,1.1131857825457694,1.3175070141046585,0.8340202251912386,0.6199127711177523,1.5618161149792653,1.595509089362446,1.571532681009503,1.4137248760949523,1.2182151488426711,0.9752172953186266,1.1296114440906313,1.2386949580957183,2.3289805886231876,0.9694221025618112,1.1718121687591005,1.3206001070302449,1.1196626248203436,0.8194355988046821,1.53493283485822,0.9020907405888301,0.8851685250473329,1.1221252988262689,0.9624992577730632,1.1581266145357323,0.5194706593423359,0.9807584039504647,1.0385980019614,0.8619102541484384,1.4116259587712903,1.1857056758739863,2.2713609470236245,1.2583184665010105,1.1177773885413493,1.4306231882445,0.5631900252338286,0.7402455256197288,1.4185817318316245,0.9153275589731662,1.3842089996738516,2.2635309958870726,0.8423886966645949,1.0622519746010175,0.9977031909416347,1.3273810317558794,1.0572130248429856,1.1967477196108016,1.760696919462917,1.090905014986754,1.2111525818941922,1.125132992278273,1.1838616385745595,1.9345089797769994,1.8401202507229109,1.129937378252405,0.959927371159818,1.0147165962088043,1.1189165064879432,0.7582055151661603,1.053087520332682,1.0651411911940367,1.1597579325053606,1.4538190647490763,2.1015427181185573,1.136424631186602,1.2444529868996717,1.1662372986102036,2.075168827627488,0.9094694676300333,0.6633687690433384,1.0060381510476866,0.8521593875813163,0.48690393881388755,1.1666155007894399,1.2365099898145309,1.3539089731926657,1.6126343453792014,1.0857444297429322,1.1012137558012383,1.0560633417930219,0.6856784951541011,1.1929821596273846,0.6913852964464461,0.5783814595280095,1.0641981336672492,1.4238792906639677,1.5788167695724453,0.8004551320195181,1.3943696571667936,1.31488819153051,0.9445082934962727,1.464343758304765,1.3577787371678613,1.0587380571094793,1.1788074121152639,1.27377770341961,1.24077555760841,1.1319374964668831,1.6386939904890476,1.3901105522573645,1.0387242038760574,2.02886115039035,1.0312738468215423,1.4183008187135133,1.2350644820367875,1.006395378099,1.9282076610779304,1.6465862404672136,0.7032915103463215,1.08616904302698,1.3459425567988337,1.17079687013015,0.7545070441150815,1.6064942818740873,1.56202764896846,0.8620153031308304,0.9090742160265461,1.1406056375678437,0.9901029952780388,0.7325243904313814,1.0920899689973933,0.8468575862393272,1.0798538151930164,0.6325867933657606,1.170571783223713,1.9836125570180645,1.0103815390384123,1.4688856299144026,1.7615340711139063,1.2028999871609265,1.7591121970892813,0.7506126826463597,0.8353694184435133,1.591749413322191,0.7635965736986398,1.5512817823286285,0.5449260814130509,0.6807422930405617,1.6080197335432496,1.1711186492801333,1.4030299389805558,1.081007911140127,1.6568742825619263,0.8201179871671964,1.457476862438778,1.6314399840842901,0.5411658234800021,1.0138469535925658,1.2368586697788606,1.2171527783195453,1.2979417999129557,1.8967140717287925,1.519216265426085,2.005430727506378,0.9072003965766466,1.1039440317646971,0.7322895321899389,1.6186715145054564,1.11093814452756,0.866689190395622,1.0833217354764257,0.9385740570295472,1.0858001812410658,0.8961827237016657,1.1251688178665074,1.4497770888958248,1.216775385582953,1.1847611952208938,0.6416310439501096,1.1354285581386565,0.9035226277985504,1.0241188338674383,0.8425035248440413,1.397080806336364,0.9508916413474011,0.9793393423211506,0.9734523458860234,1.106826344525304,1.4194572045017766,0.8217646632645306,0.4683130073510084,1.1104200318075776,0.8775447397588373,1.437326397217811,1.4128982941194175,1.8528517295040134,1.483454734881039,0.9982472454206184,0.8311185041961263,0.819686320597049,1.3653298745874693,1.1962127808361265,1.0529492707459196,1.5909816181385439,1.1738158954966067,1.071749382499581,1.1363598853407126,0.9652424522336567,0.7640661631930808,1.1464644878829358,2.252452199595426,0.9417666104042367,1.1223137905074154,0.58126026260035,1.1901585647859259,1.722811566115188,1.1390749443540809,1.2522363931210287,1.3921960120961876,1.7954604592034311,0.6490953406986348,1.1150555127058144,0.7980581703326045,0.8607710860708959,2.2004420401770135,0.8523156639427071,2.107561879739852,1.6608536754388847,1.360375021237248,1.2412770197498881,1.3117443477662647,1.2404294768195492,1.2295353875748638,0.7626154748577287,0.6400419172107645,0.803238086463456,1.8962855880749703,1.087961463313283,0.988345842458903,1.1921201696042985,0.7329755281199666,1.1910193230688755,0.7190080749189047,0.48736763268498495,1.1759530299902774,0.842947787386335,1.2310132769436557,1.442694216707901,1.8517671742409216,0.9536421372454654,1.1439884406252323,0.5386656383719873,0.7981921201131219,1.1341284148873583,1.0649486341596401,0.7563557951058478,1.5722262616027214,1.0038595990207368,0.9675201851994728,0.6820876338098442,1.2464617650106833,1.579133259194927,0.5863364888156213,1.1448487733717392,1.4129467130071809,1.249215502377516,0.6615558077040059,1.6426366028729897,0.8272145122484624,0.6980917802146724,0.5037449236454689,0.9698553831157692,1.1973894467810882,1.2292909727108596,1.3160497957363562,1.5084002253129325,1.490362070493782,1.0104198175004835,0.9663535174098222,1.3843145614291064,1.1311995021455392,1.322709957868098,1.160723576809849,1.0656323384058561,1.510385673365969,1.159206791780411,1.4010658180164952,0.6695237590661693,0.9766172151190139,1.0589750520564576,1.6485880319652282,1.1093810014126813,1.1976439192477486,0.5221824052342738,1.145216511937481,0.967336814271222,1.4196508608432221,0.6403004128611405,1.1955557394902954,0.4504358447920498,1.1124532655270274,1.1172380503861346,0.6140750629770315,0.9567945452119657,1.9104996671124692,0.9589276018803446,1.8673146053179541,1.8110608282825038,0.8673433472212043,1.1020738362217177,1.5458403665353502,2.004884214820868,2.40936378164265,1.0513232601429665,0.8608233401326335,2.4181481603463735,0.8023321331435901,0.8984181960210371,0.8118031091405868,1.9274488814661281,1.3369661439872498,1.3198019519172937,0.9566249241883338,0.956475060287546,1.2594783005656525,2.3112782892160575,1.4521215322689385,0.6335700322613413,1.5857977897270294,1.3172404888558604,1.5651805892860575,1.7275738657666044,1.2060687878424228,0.8942027288112028,1.258920624456562,1.6650763687824173,1.3382179562891294,1.0335008157108319,1.9362576783661734,1.2111159445393889,1.7942586773838143,2.076487528913315,0.8446948816057492,0.97528070530884,0.6468341693716704,2.6264938073246284,1.4839325471626925,1.401469184705631,0.9034404537415124,2.1077919026183483,2.9653128965554183,0.8912117824334989,1.296403493264661,1.2605125192340114,1.2815091715387315,1.7658134279644593,0.7654432905346978,0.8072370211793135,1.5527023571486758,2.3689220750824993,1.3476059407473364,1.220307009843685,1.9372471523860426,0.9429762791024876,1.401189036063548,1.770699693445479,0.9777270436059504,0.8982401940858157,1.4335652759313608,2.8076032445994383,2.495243232280157,1.2649143939924854,0.9911007454475864,0.9613499162058076,0.7055792919291353,0.9495051953502951,0.9462799784826595,1.089685597536517,1.2209792714443817,1.8892490072458825,1.550471438622949,1.3948395968290224,1.2009718620030136,1.0186688109693491,1.7546611541456991,1.359264549748553,1.4738064033713347,1.6635269072776184,2.246223806854353,1.386962610287496,1.6054329868489166,0.9786305073142484,1.4689990325149673,0.9278965689898998,2.642672352972199,1.8439206048465435,1.768211386122794,0.8480734902637023,1.8462438377297594,1.7005989237846588,1.0542517502341762,2.507709382011178,0.6632476948116695,1.3315401569321146,1.1167837764649926,1.8518698820317072,1.282734660314334,1.3832566471188892,1.8411093357177242,0.918932685866833,1.0061370538749366,1.3974249814422766,1.1284797446318087,2.1525357863011743,1.0972026728677726,0.9693865782517695,0.9615000049972051,1.0217600310881199,1.028070044394776,1.2318948520081041,1.0216634503763586,2.434710872875179,1.2653487718274268,1.5275948091578138,1.4055490367842403,0.9248623632553985,1.8581240027790606,0.9357830152088112,2.6504951906911542,2.585385121433322,1.4798468206674664,0.9180767976983495,0.8730594006545027,0.977786251471991,1.5403419246365544,1.0265595614659637,2.4927744419841393,1.8473081543588075,1.8428463350262254,1.6326769606876277,2.455752758577023,1.0273498718078466,0.9233833572299714,1.9183255041849017,1.2749178413669535,1.0832854135992689,1.84094750661244,0.9247200578029903,1.6966042023559003,1.460693985551562,1.9247721358483931,1.9578297888211653,2.2171760853668294,2.266891890046654,1.4190675612823374,1.335439275932613,0.9848063327860003,1.2584334420880419,0.7921541639721418,1.5743653693286317,1.5002527903773706,1.272681464562489,2.0547886461291522,0.893036058915474,1.742451211051567,0.8334615469531054,1.158752888986526,1.3225800821554297,1.4950009562050903,1.3053259360018272,0.6580197685122484,0.7518246778103076,1.4645773287745214,1.1914923851420738,0.9920971136829753,2.010151651112843,1.4724291796871047,0.9097232514900913,1.0996759773959848,2.4987457609653174,2.2482284466558147,1.342620498928961,0.966056324595741,1.0938455113890013,1.6525028656201106,1.1898353290896422,1.1980295640607712,1.6637575421036528,0.9533105585012039,2.470495625249704,2.966095687059713,1.4211129413712573,0.9689892993901378,2.6003973804368092,2.691612195139541,1.0402535144156324,1.100054127658218,1.8384371954534937,0.8820735986901073,1.2355343491973305,0.8398466602726188,0.8329686391442369,1.6976990851189173,1.1700771146598816,1.2472712094810314,0.9464703906884178,0.8587447143422844,2.544144822599918,1.0407042717243509,1.7416237836281914,1.4374591547533204,1.8299189611566278,1.3210183772184028,1.1282973218451928,2.366136568054853,2.4457416299840746,0.9761700200725626,1.8293755731184675,1.5397930474848576,0.9605412480931027,0.9028593692837731,1.4425654838452817,1.15343546438549,1.5683997137170722,1.2414373742297746,0.9761089814967067,0.8488771070480327,1.2216686586842351,1.1493118215576628,0.9537811956314268,1.2521166886937796,1.3243807470797129,1.574068425335283,1.8480215908739428,1.3312317603517603,1.1810302845406107,0.9380020761319185,1.124064576744546,1.4913574637586264,1.7753625976069407,1.3053518402995439,1.1775024277236836,1.1218329090399268,0.9334596960386218,1.7669330218994277,0.8653003585505794,0.864701854280164,1.2743880564118428,1.82809834822599,1.1177040904999682,2.1291578793921233,1.7119682326762,0.9454156775655321,1.318516673998068,0.8154520322591581,2.0699059996798974,1.2162541533629878,1.82911458170981,1.4582117578488172,1.7312064214123726,2.249210335786759,0.9389612698645637,0.9688950866452604,1.186454998833011,1.1917574346287951,1.4715920622847198,0.9874390204388979,1.108110466499592,0.9517271831186059,0.9559262594758822,1.2899708907039231,1.6413831671866441,1.462454498833808,0.950776423216459,1.2616465004744695,2.4566923037000046,1.9527705981730163,0.9424244152214157,0.9510311312736124,0.8359233562555207,0.9746309673016366,1.4110410394607942,1.7721789345344696,1.2029220361114679,1.2340062220946284,1.8387359821575506,1.0693064799466279,2.538052805632681,0.967482046764464,0.98221919062912,1.9796333880523016,0.8678377948958793,1.1117302403234053,0.9407384539208192,2.4186810596171755,1.02879315888807,0.868591889911682,1.129744244007643,0.8916203754226469,1.9125533232694203,0.9582486315411503,0.7229008428344355,1.6316740259455191,0.8746168349665575,0.8784616006445636,1.449563182252734,2.6639806561192265,1.4835913132703606,1.0777171284334526,1.5726880057817643,2.012786025165063,1.7656752757523004,0.7006716610021435,1.4377528139161706,1.32397419798351,1.1527270769303009,2.09410643319133,0.7532847003393842,0.9605671890683573,1.7117902051674456,0.8980514858410035,0.9314003768505827,1.0083996815013159,0.916908909233646,0.9155208707246028,1.0282469943200812,0.6369101158970504,1.2182188514294685,1.4344469700648625,1.6322768490913995,1.3632941526396614,2.707086399036457,0.9597304187349097,1.2362477159486196,0.846896152110257,1.3716614825616622,1.249595926482991,1.7072737980668697,1.2518716955219864,1.0433449181483594,2.119210614213855,1.2028134379177307,0.9605123577252652,1.161539826216137,2.0888678237831195,2.1394665166902818,1.221394578923729,1.202488511594082,1.232967808312686,0.876291501489387,1.1818785595830223,1.296895684258994,1.637720495740491,1.0839869874747863,2.307955086776776,1.4919598971689614,2.090657199491798,1.1856610153197629,0.8124633528837857,2.4360836025520713,0.8471129803870212,0.8681034328614742,1.0213092770592176,0.7634244577592494,0.9229523001241082,1.0554286318339854,1.3782145231402825,2.381833867355172,1.3101217094878368,0.9541573271277844,0.8827814690718314,1.703603058035619,1.5048696983329293,1.2103210449096757,1.8466386004636357,1.658476130278821,1.9152768361120405,0.6501552649337237,0.9154199053928008,1.7306196955567248,1.1627325732672196,1.8225062951520254,1.816921828030455,2.1944410759988506,0.6643091895354003,1.4475615812379332,1.3559810080911388,1.5755034969974178,1.0368754848632284,1.5964203922849542,1.0755203411348873,1.8821203532978363,1.2256079000302926,0.8627321577323729,1.5081883869893629,2.7286953297917176,0.916563433166674,0.9758555211150468,1.1861576119395025,1.927843440073464,1.7124927955051155,0.897171009141678,1.7644744940706545,1.5346296679509428,2.804337179455689,1.2654220441252904,1.1827599710044234,1.7036975698829804,1.0677248444819871,2.043814721750666,0.9885538519942106,0.8495016338873654,1.4433685459304455,1.5082039237684879,0.7730298865323216,1.425684267197699,1.9058652188203364,1.2152065386469408,2.2321562940802178,0.8777780218896104,2.360486192481715,2.2167091394946414,1.803303700421154,1.6704219293656086,1.093589300062406,0.961252304181347,1.543673289503389,0.8995902340735642,0.980354941941257,2.808245088424599,1.909193832254682,1.106636698801738,1.388210713636566,1.107041260040755,0.8375028751825677,0.9526757258973666,1.2005127451108455,0.9917025779297591,0.8549387198051087,0.996327138873457,3.061940194152286,2.24259201347587,1.474437608407007,2.5259669051499722,2.6294213635065935,0.8553217228004981,1.1266895588824244,1.0517060990421194,0.7711015194582613,1.9440638245804953,0.8211699476341576,1.1906059576631491,0.8486492212676434,1.3233473853388236,1.0233216468226887,0.8300103982372593,0.701411148488476,1.049805803001153,2.267094028088314,0.8441946723086261,1.0483085680586581,1.4512626542766038,2.289582631396517,0.9229138242506,0.825945984865272,2.3402244263909764,1.0828403229653185,2.789373551391472,1.1086924463544074,1.0545026831939064,0.9116747927877653,1.0769668972017954,1.0339970369375866,1.135640501546063,1.8287122403118106,0.9505253093770554,0.9345271505441307,0.8766960132389426,1.7674170100174704,0.9158081154481388,1.1950274176427844,0.8649488810885044,1.8373850583155698,1.5143344505359488,1.5327785314060856,0.9062412976889084,1.382870647591719,1.7702835187145713,0.9052254594052423,0.9623302395548432,1.2049299227744255,0.7357902953929871,1.3683604567121808,1.5762652184172874,0.8908580007001421,2.1430807648608146,0.9925034252740133,0.9710054238463579,0.9487605961514337,0.915552625620055,0.8446414058201082,1.1920734341281303,1.0430405123969047,2.0589260596428307,1.0137811998885058,1.194963864881206,0.885701805782313,1.7306794467628468,0.8645156787388659,1.1217409099847546,1.285261167018096,1.7054882247836318,1.907187769793886,1.7972469122783106,2.168394552211187,1.0173691111277494,0.8967872695456471,1.674512968179284,0.8276519307055721,1.0528087823653616,0.7890494163410028,1.046407490603054,0.8731756038329708,1.2527019093531129,1.0231031740452432,0.7364264895653105,1.3254163863286776,1.2396855809506981,0.9811341676939009,0.8279718495598181,0.8942667757316007,1.0965151055985,0.798512017861674,0.936167035739326,1.8187044523866878,1.8179456372056133,0.8285947619018948,1.336127030182784,1.131176330040914,2.34665737504394,3.053135553190589,1.6358535968250674,2.7903607433493245,1.653204594612052,0.979156969609343,1.1312306149013007,1.192033392445283,0.8992430333755073,1.038812649420011,1.6119237022544368,1.8758911160597536,0.9114903950213473,1.5749780233129982,0.9394066751737139,0.9010014577794916,1.0123184041452986,0.9153115360870311,1.3184109788159601,0.9786171046746718,1.143830281530064,0.8740087730626523,1.3107334896660128,2.7228475645725387,2.0104895503904308,1.3753997962639377,1.2064276129944478,1.0192808818117924,1.3464117124480786,1.6652631201455788,1.3144519404702304,1.026994946898468,1.4639280604913445,1.0736871249888549,0.9819270466471438,0.9744128610272011,1.1224661908556355,0.7335173271089455,0.9322891452635049,2.4145859485733676,2.6210695262957837,1.6643732360861296,1.4576935553731656,1.3497948957544152,0.9057745080012609,1.332720977875525,1.1185074345251043,1.1887370337272973,1.0946828374573487,1.0592370359646655,0.9465771953751964,1.0650770501850688,1.954599544059333,1.8384653811774239,0.7581371801972466,0.9339161533332405,1.8161145067219717,1.4663367470792594,0.4842147605685423,2.1232777763082615,0.9494546174531205,2.9993761140598867,1.7413547829451153,1.1971430686484146,1.6207883570336579,1.4211880082784463,10.380014824362616,12.55922503002782,11.732932526477102,9.416542630184265,1.9947713430730563,4.150956235945567,6.179151421725593,6.52306869603127,7.378466557671277,13.357189219487525,12.308991915171923,10.95886177545615,12.10283937468374,11.41901517987475,8.518627670008387,10.464345095782832,10.118554307198012,1.9306433203742532,2.3647134136824484,12.72163906649024,2.2552480630493856,10.301436949145355,4.535144844199913,13.572624870931778,8.598985153906108,12.58693886882133,11.753570103064346,11.528286238275228,11.752580940858774,10.026153088211132,10.327368319175266,10.766866611469005,9.15064106929968,5.299921296745059,3.0320280435555347,5.355488241491751,9.996841374623234,1.908722497057972,4.303801135444537,12.233981374235084,7.026859727927571,8.267744315383496,13.30310503414467,3.351120999772333,8.252902247287345,1.2135740770855554,10.549791175382452,2.4410779645217198,9.314369363894746,12.228343979625702,2.9113491499164454,11.036481223924197,9.788834294413908,0.8233522228661787,2.633410923818939,0.9183121948009,8.93193625097159,8.701329748834596,1.1025894369754405,9.288315461818284,11.391619704295177,4.466470947317071,6.57070677077316,6.659898636038155,9.242242355657822,10.877114428738953,12.882644180462313,12.005793128955741,10.685915553103946,5.791000513903133,4.797384822436392,6.2170766333967,10.737423030660358,12.35855247174283,2.273355420325897,7.3330854459742,4.78059413847697,13.580666495888305,9.957874520794379,2.9814407033453643,10.38720847051497,11.054056959171188,11.45754936318621,10.550396595852925,8.481812083191107,10.538746891585255,12.817085406892714,10.895460914096887,8.139600146196944,3.9667448017181335,5.751176147578757,10.366332589064669,11.189117768737981,13.89932437207803,2.4985706869887268,6.403823164120169,12.808401978440592,7.770676512449958,5.001159350811457,9.155700884221575,6.966921198874601,3.089209895336006,8.94441283721339,6.862302198572218,13.416376373887248,9.769487445097862,10.21970636694245,9.969363502383324,10.630539515866685,9.892589773321241,12.872592680422239,1.0211172285480252,10.266714597988212,11.928370932776199,10.030741799557443,12.766213811239377,7.219317528718503,11.25290952183159,8.543484186114608,1.4651728143708052,11.392151152534238,3.985165004618004,0.9051790860868183,6.764440759702066,10.88996012751722,4.62823166275732,10.986284594789216,12.09696280133464,10.263365891391222,8.554955177125084,12.209169007451093,8.695188036976733,12.068155562587634,4.4609484333864575,2.8457094947719113,3.794762044072027,10.072395723971653,11.373397435120342,8.18763073044625,10.01858961875873,2.4053051881062153,12.177366956399256,11.033941206575866,9.39022753740195,3.4706410067276376,7.641725906691443,12.706108617895712,10.309471066277212,10.71494592977596,10.943323878555216,8.12062371061887,4.924138323299691,4.161189386957556,4.34470310241312,10.332859559234798,3.376631317018511,6.894704385112776,4.928198235136382,3.425288382862168,10.249311638007805,1.2721342171641405,10.908608928432212,11.807249573663295,12.304164541541553,1.765988296694144,2.70085956798786,11.377376321638705,0.8742614134281441,6.4456141974268375,8.060876116682516,4.311784934729264,2.759976745549082,9.962792340729361,8.81067720860071,4.209864863855651,11.30911148258276,6.289206792330817,12.192619193732387,5.397753415779721,8.79082294913089,1.14626404255428,9.92415322327436,12.408482813368687,9.311810591112778,11.22886680149347,6.805466407747825,4.76922115414648,12.513124521275895,14.16644029486908,12.566455953087651,4.894540058603265,9.221620322338888,11.156693991804573,10.874606760149746,6.960307553097276,1.6386340155001262,7.956539763592365,4.503895578082243,12.91510002398921,4.868268845135946,11.86463125316113,11.475313670610076,1.7239859496019876,8.687277470507752,10.013862002211498,10.703633504384996,10.544755081800075,12.035025621350478,7.467667952003827,6.848304227380229,9.371566822636861,11.114609438943784,1.3699253348434521,12.194616167890963,5.5163170882182895,11.244761589658056,10.43307325449424,9.768506393382308,6.828459908020502,11.223182194783991,0.8992339636433714,11.118961225703005,10.360969779260152,6.5389826130689235,9.379116765132451,12.625434100182735,10.680754727418861,7.479599372872185,1.9988838661728414,10.218648145041831,12.681841815865404,9.854701592975998,0.893257910754613,11.869713717916023,12.455808251339912,12.982585557867932,1.1752236929006163,4.724004995654878,10.192401781104685,0.9099143713322932,8.573614154213043,11.854612231581942,11.444713857798208,8.782866704388995,3.156912117488387,4.667109203671358,10.92920809410006,8.604668316956113,11.762265354735698,14.088459284590943,12.065241423068963,9.544170841803842,3.3825626523346286,0.9244789388299084,6.969115322653522,7.124129180829281,7.442050031972841,1.6494778455078847,12.720372206171309,13.025728929704142,12.86338823343632,2.6171223669544257,3.5130850987739017,10.64988787715443,9.461148981451641,6.851048024230073,11.563551101473626,9.163693289953454,10.757267336978257,9.147445462785706,11.425878100541809,2.817650698553712,9.923134879952116,4.778110492489471,9.880978786948853,10.9668718693781,10.842910855292832,10.669736718308615,10.006974011359981,11.080368033415352,4.820977645600871,13.063531484340185,13.958810379765481,12.414192832376772,11.676352230767689,12.527597097859754,6.996612179704338,9.856508635667744,5.078227352469872,11.422755954391992,10.510205938835421,1.2352558489426273,2.58412784213936,4.022185720706016,3.820630271780799,9.626369763972692,10.37320407946831,10.682381171726519,5.652503809060377,9.351661190422124,3.989554850949723,2.2012392418606743,2.9413142116145754,2.3593762664062194,2.8968818667138776,2.243654556856798,2.8332360200125635,4.916733039325638,3.1352171522162564,4.528662196595093,2.8070006866196824,2.330444875301174,2.221642577524607,5.74515712625267,2.2103377429348785,2.1780266478444044,2.669556554288422,3.232924061633469,3.5851007747679318,2.2162819315325106,4.62822135057805,2.292240310476879,2.6087135849242893,3.8402008665796923,4.819684206385708,2.3378946855416274,3.0295784275703412,2.327691897725454,3.1260906217124487,2.3987499192729054,2.1993828587983657,2.3254332211859334,3.632255900254835,3.0655894405471544,3.412615562751832,3.683718122845693,2.826456308621449,3.175679810962247,2.374393801740542,4.192647249388906,3.7103779033533844,2.0507393420838134,2.6409373156441487,4.590465599819863,3.2177384623736836,2.440760897402963,5.037808213856414,2.429184024988532,4.248484491001414,2.6312308270854667,2.338546326268905,2.3103293141008288,1.7659421931883814,3.3045050876016275,3.585376868268955,2.2547853536234266,4.279219725904663,2.6596305653387673,1.9646460732677145,2.4005349664230144,4.583424961348209,2.9693187453917687,2.3992744824075976,3.2603845375700775,3.978490821077975,4.615627882227296,3.6467747780651347,2.9935529145034043,4.130594255455788,3.116799170379961,5.987712561707778,2.3732751442361923,3.712485287213495,3.704230628464939,2.3632739918919006,2.636437855596398,2.248030911748228,3.2417792628344873,2.9819232792547448,3.4505486759302295,4.728312149667375,2.6340328190419933,2.0640714669360056,2.403239212548091,2.2999718125118633,2.8811106650186202,2.8977625945039365,3.171136023744225,4.5744324952090745,3.0704936554660938,2.302271856610616,2.507616287665071,2.404497459591341,2.012575611461134,2.7513811710152964,2.274650956317344,2.4438166995529014,2.0470466032089116,3.1946640778094544,3.797517778453136,3.096398308692155,3.9446834925834606,2.2043924837700675,2.707849582191194,4.556386837537015,3.157204149484047,3.8614818037805336,3.70916416450532,2.3310440045843777,2.9022807006524816,5.812093920234997,3.367436841055737,4.1329970034972145,2.314316967301006,2.8599623899450677,4.089684458992282,2.370670405112422,3.175751106213609,2.3981785173425165,5.8642751287202,2.430727874955852,4.815159249326549,3.8717646297682324,3.1528674312221643,2.61325040967205,3.2711217916230195,3.8603631436022674,2.2853512198761905,2.3744916413252244,3.525868524261732,3.3808419462414228,4.013010010697511,2.3876340320628766,2.2479543762760166,3.027684838299914,3.3556940585728596,2.372197836649263,3.7249692945280137,4.9111857552692575,2.974529273675189,2.1264978442156024,4.757133659986372,2.4284123528701342,5.621357814482808,2.894264687500813,3.1096774746134854,3.4800198773153315,2.4995100772844983,2.4740354279660566,2.349294766388731,2.893043295009896,2.334411190775679,3.6761074296923315,1.841098976674415,3.6393115902365483,4.426700172625469,2.8003203597104322,2.029279117860675,2.755769685720283,4.11349305175487,4.923255664659186,3.7515097603361203,4.046570120781293,3.3508271764078668,2.4600678711867445,4.849478807263667,3.176908731838226,2.7206147579622844,2.693910200343829,2.3412163204333556,3.6157804352627525,2.2672367431040126,3.673675347999301,3.212676160273181,1.7931916685633784,2.3173067750073235,2.3893342227636998,2.4749509753753856,2.409351760386177,3.9080956317016016,3.334990884752757,3.9088173289671286,3.4197586501357478,2.666026722103815,2.342696223149042,2.809326650704162,2.9112623839645573,2.7965348695733856,3.661497267034537,2.251354772683355,2.4489972476995607,4.0407070213501175,4.018181772278546,6.093114065531349,2.458758226057447,2.220905480243893,3.5417965184989995,2.150315941700775,3.1914597553444963,1.9645619047644405,3.2981523080746133,4.571463688511157,2.3580142796233514,2.408281580291142,4.871170616143625,2.453190007922476,3.316396134694794,2.764037305270923,3.4936126026243683,4.876089228111488,3.388641357340582,4.559454947395189,2.2152713998553906,2.6503230804283007,4.393580299126794,3.269469879916092,2.2108274805359396,3.134107702328717,3.219724101939422,3.615814692689766,2.6609861619400563,2.8058863866365265,3.9947100186130062,2.4838783943803397,2.6107004537529974,3.9776990511264954,3.0235493394253914,2.597521310148155,5.889567230174125,3.0505880873187676,5.327368848774185,2.377558831423603,5.040362420024804,1.9494205133367728,3.6765680098704916,2.8739140472651705,4.632405705922385,4.448202316388493,2.8886182192404353,3.3139284781047715,2.919898102871805,3.8050684135501185,2.6225122386183526,2.37282901272311,4.0987120034234,3.3974202435521,2.719388325861699,3.942557605617603,3.0980593138381853,2.222700992488395,2.6755603673372317,4.5810261789088536,2.2731342991329164,3.3389316649054233,2.7112928916814756,4.416924926826693,4.940912207990312,2.7163964155812304,4.717303273690328,1.8749173720041992,4.466439799073666,3.10136860645972,2.5555532856145278,3.9541128363749487,2.4189033840876637,1.9358757730442822,2.832169730165372,3.2060459076543335,3.879670198793484,2.413024964802043,3.609956920810711,3.8959647176233285,4.598916069206234,2.156272299139289,2.9109304990896674,3.3695628423526522,2.5111715554017833,4.5048455480669185,2.7253734565097836,3.0698455731399945,3.5187814204769694,3.652982412532154,3.047913068752353,2.509121519350338,2.9120343114654785,3.5926731604366573,3.386247178195323,2.5703072841044956,3.4350238842820366,2.063105531909019,2.8913995910775254,3.1328582934712714,4.827682284028382,3.3149258589596324,2.5258147845394063,6.111686773968815,1.9149396404145957,2.4320789052304845,2.4067543175082013,2.343947366332739,8.345764235331094,11.299354337282084,7.622306243175772,10.53519139273387,3.2612586788254436,10.055796240281058,10.00076561742248,11.511101280295566,2.936673852335367,10.537291453927212,2.491064313982443,6.30725643337414,9.019082296431476,2.2507612998853443,10.832659538591876,7.901294043869981,12.409824574469694,9.888218468276028,10.413956705815346,10.238675015591737,7.359615600208878,9.455011487903597,8.125194279990229,3.4467942523683286,5.888057077859686,8.315403101509407,2.5176448123763775,6.072891165868686,3.741818031786258,10.028559005634575,8.140779093911403,7.93777554046006,10.406557108073816,11.618815347051337,5.24777031478944,10.429045833425057,11.107131868625022,13.945343189970988,9.783960818750042,11.544224215920632,2.2859396792569497,6.114555979293007,2.2783271485826466,10.180807266670033,4.2365876897490615,6.983714063775427,2.8695383835717947,2.42543139675465,13.295997487150398,9.304048460003006,2.3987205011547954,2.7160236605462895,9.703236347806623,7.485056850200902,6.149015937267792,9.853484221466747,10.70543476754193,10.682053507904195,2.868152138594516,10.470798436258212,11.465336480937276,11.32091105455367,2.411038878747425,10.45886135361977,9.709943566748548,11.658095397790278,10.03870900058885,6.67384419491713,8.652158733782489,10.98856433425468,7.420535751214907,3.439631827067518,2.3914473909961553,11.411754603055174,2.5831607181208445,4.060596433559739,6.410563907177678,12.926050506595345,3.641139534472303,12.70217351559173,7.844289651994455,6.70558807459262,9.097240504839007,2.552622573890077,6.877443373226413,8.988746585806037,5.838814652816251,2.7283072734727054,9.150456098782312,7.787583217928565,11.105837800362142,7.640542188134007,9.619157488950668,3.905304597023919,8.188628142704324,8.814661567787764,8.097570642071535,2.3939992943592583,10.578537474517182,11.46379730135399,3.729587074579654,5.206755254308124,5.0877587469256484,6.408681500561818,9.047665909900461,2.689743355873184,4.734089340333102,3.563721963369738,9.215672945158998,12.006801202909896,10.434907961409472,7.588182184170097,7.200100038175894,8.028035129647623,5.071754501824989,8.748895920818693,7.5908978806675735,8.717121828434363,6.1488243638332465,11.640042593425292,10.67884820061633,5.4173872453263,2.901601123399648,3.023874024176842,10.377334777757621,9.141111511077087,13.321230759495771,9.841271535470682,5.70644074910228,8.657408455453146,9.344175875669924,8.34485845721708,2.9252387285732664,4.0811335732733145,9.939098636325202,8.835726580716575,10.663750444631942,7.658359968929213,4.3131527791924675,2.4158744905274014,10.161057909038313,2.3392858241084857,2.461924757578972,6.157153056717774,2.39465640881974,5.0140854468041836,7.550295340515536,11.392003949770876,5.836369746131915,5.4630986591987885,14.106958867980296,11.989581675599041,6.983711498875656,8.735967330312324,10.537930428049664,10.367247504937044,2.4394824381656464,9.288182386852785,3.4183856871454306,10.794286956679356,10.813646771429017,9.759788829416488,12.353159297303579,2.912190165526151,12.79730639511954,4.094952483043219,5.126450578048577,2.2172140298609833,6.516159308263662,4.356769969466665,10.911656633136499,7.261079080488589,4.140927662983254,10.762838036369848,9.788424609231555,4.664888370653928,2.7845271286447675,8.539394070657645,8.807675444287039,10.88643638294794,10.131655662251024,6.7187462141536844,11.37830906829323,11.444497188813777,5.061132145231445,10.76885485871024,7.365062597919263,8.592061315854837,5.265740845847129,11.371653064946486,8.982486704736646,4.776951880992335,13.004472800973346,8.009338057560123,2.275875367653347,3.291518869686552,5.20751598900919,9.460792300219863,2.341527044641936,11.151428546495685,7.7237824870797676,2.1724735932924073,11.48492589897543,9.574451293452274,7.096281692087018,11.232060062488253,2.951909961964884,10.040462540086805,9.88360610269685,2.533333036317112,2.5873521351779534,7.817689579953248,4.98709618298448,8.056545348489495,2.1240078995713914,7.995417809746271,8.188663467308826,9.1641449723769,8.822559134870986,7.327683729749991,9.84295437458292,8.431256536236654,6.692319885445451,2.2438413707791143,12.184593807922871,9.160225428981764,10.214187713835111,7.738364472982805,11.279442274005703,6.285746355459639,10.505846450814959,7.4801387375912185,10.121107712794318,9.536739891269287,2.7181255079789106,10.396354796183177,8.464229293240006,11.187734696424885,9.405877806261657,9.018010510850432,2.3197321598092797,6.124299873593645,10.816306148211085,5.703697941180997,8.938622951302909,10.652110474852941,6.602637615512746,11.400592866475877,4.343212310842936,12.387520968798505,9.11232171435868,5.011009873345451,11.615152630669332,11.423278336203065,2.2391503178788157,11.835868289391291,2.711435007249415,2.9066805429108094,8.91362212579374,8.841157838099107,3.2127758434144607,10.29832865006949,2.3742897647627,2.7550296293899077,11.57910011263438,5.839727226912592,8.048554768098596,4.497446438786434,4.324345460540665,9.727506228698745,9.09028789443782,4.269356468127056,9.13726410149596,9.375233437479903,9.28481626254321,8.892229750806138,9.821727601432915,5.939906375818828,4.92315219160996,9.092219142170608,4.089872062348098,11.086362415245612,8.793200107041775,7.0366632599246905,2.5608369856676894,2.4258060255117404,11.788830456638781,3.506462929261674,2.4183502960201264,2.280585222751759,9.038052049219914,4.88733362822107,7.33594315508884,7.639807623332644,9.663483666839257,11.113522890028566,11.548651904104474,7.668510640489729,3.391897746557006,9.545942316318245
50,2.6301820651334356,2.4643746706044305,2.3716494776585857,2.397990128345484,2.4404554172784785,2.044097145303579,2.3349170467511304,2.9441998934578026,1.720042588109406,2.3600430442873264,2.3600786580381685,2.2523315192258324,2.441057505576617,2.4386473389431846,2.068235973431686,2.2125688833479167,2.3302040204684604,2.372651012307835,2.4141326796724725,2.198579153621414,2.299474620726165,2.331485491533484,2.38282550857416,2.377352079580743,2.422674042399753,3.149795165418588,2.2237241785186876,2.4810519009384846,2.093103292806109,2.329788275528123,2.4077613333217918,2.350372101950394,2.210389554022228,2.3727372326137517,2.654539465291937,2.3454976480663148,2.4661371860946315,2.494598151536784,2.3783617924364435,2.0631325753534346,2.3467443651315554,2.0524126229259463,2.3531369406602627,2.6464731470485026,2.295850090997562,2.376541624488272,2.36079429042027,2.3556822380618376,2.3806526232365206,2.267491719290825,2.4560159296367394,2.359715530152601,2.112612364221887,2.4221342251600655,2.309798363461115,2.3615304768703664,2.7205425361989235,2.2675454163262523,2.4454283250880082,2.951419310590673,2.169254006389614,2.1349388540756213,2.345607548421302,2.44561231436529,2.371499525029057,2.4392541604607527,2.4749546255947323,2.2325852924949112,2.6061457020077867,2.18343259885079,2.422220789011198,2.3287912591771724,2.2278217103427376,2.289234826119309,2.37191663459894,2.3538462200096197,2.2371094047982303,2.3697950988641594,2.4163390835181713,2.446861902444268,2.653343122179981,2.158544603539921,1.9251160772593576,2.4376217926042703,2.1253475510790127,2.4722261686128455,1.9883455500328533,2.4329878352177547,2.345626161792181,2.4838590060939474,2.473965280542964,2.2714535452131255,2.433262275137235,2.177483489296825,2.386129189151765,2.473774077328395,2.4316301248919716,2.39331401876712,2.2340112909666554,2.4633130310876385,2.502176685031463,2.4298221530919664,2.205285780174898,2.3372571684734185,2.3437065393667584,2.45454214034265,2.462105265747845,2.5871408714813446,2.1007759965179265,2.055937892910861,2.3084358749485827,1.733845532280667,2.3024352886819153,2.2180899932445772,2.303415802682035,2.022276177755639,2.390424094408535,2.3631602392068745,2.237975513510786,1.7322277007516491,2.070784265727888,2.987967773421363,2.179287826392607,2.3568212661034713,2.220955508186028,2.15909424361663,2.0621674918617985,2.378952916364115,2.3921949979435047,2.1889889273338903,2.295736944565826,2.352072434578062,2.208282360461728,2.216502465865055,2.3975828509627015,2.6619738765227203,2.057254726975697,2.121913626195024,2.1221581409991184,2.108620095621656,2.4522352761319115,2.225526485009212,2.196704552858972,2.2182572727538545,2.1760508959029417,2.4109051552613847,2.3399080655874873,2.0382860058293883,2.50399805447124,2.236286534367478,2.4514313934374323,2.300999863322598,2.072772425695111,2.28760072933514,2.4638599584865464,2.2969987635657505,2.295921687876831,2.3639632287318437,2.6560037423216234,2.289614950876606,2.1693341752655293,2.478797774404215,2.425038041417136,2.2815012205871668,2.2338071787173983,2.211481282930318,2.381425426963524,1.8055431927597394,1.987028236758511,2.3965373534685255,2.1644257492647845,1.983553647180217,2.1776683939382444,2.0706822848274062,2.037399728847758,2.364602260968635,2.3977002245667136,2.3037287641428477,2.4379581178369447,2.3431502910857804,2.2066809116461426,2.494758515891386,2.406173330498444,2.441472703732709,2.9477684832421116,2.415353882871969,2.369040351879906,2.0705074249317317,2.476183420269078,2.3368521650063405,2.2229591202371255,2.388451959526269,2.258428685982022,2.3003111144440456,2.31929960160426,2.197576512314801,2.4044080051465064,2.4842236940171,2.3010664913324663,2.1573215637831575,1.9817500658290952,2.0391868931639303,1.7525922466855235,2.411705396384567,1.9721554663067538,2.274656841069814,2.1021218663991124,2.319613577417859,2.3704584179044015,1.9948929571234149,2.881606042589457,2.3464964235637265,2.3897654981416716,2.4550792124429823,2.044989839038905,2.0964635361227546,2.355675812711776,2.1307019057177237,2.230550830464515,2.1084456184813214,2.292377053223303,2.232169870873469,2.4237756471842244,2.2827323575956298,2.4226804582459107,2.1937589485903475,2.27137558983016,2.355385454038692,2.8310589265013384,2.2016374812691613,3.175883195940138,2.251777225636454,2.266946885054136,2.3517889903785534,2.1010980201640996,2.2196588675583024,2.5140625022418432,2.3777216871668445,2.292840303459633,2.2860376687417197,2.3368275635299574,2.1617470095067257,2.646618320167481,2.1826926232659885,2.3196664968313048,2.10884372219125,2.2204264551093966,2.4139118812178957,1.8892535440248779,2.1415850692022023,2.655445701756173,2.049972107165678,2.412968437451337,2.1835179709508443,2.2110245165306788,2.2774482491902908,2.1803193260940845,1.9480136060649722,2.4077002749879357,2.268759089206074,2.3368660343985623,2.412930225311565,2.5447178417348417,2.3608814197706884,2.4266068199771085,2.427318955120364,2.2678262641143974,2.308581327657135,2.3758592564678054,2.2299638253612493,2.3370992970359667,2.225646755508987,2.217519801080873,2.399314502609754,2.2597627533611884,2.191482777371669,2.347359363171672,2.2407548375076596,2.0914655086524743,2.233303110391714,2.2169735933108354,2.1888533143102276,1.9617646268127822,1.8855788550460093,2.4760217623280356,2.3367991859826627,2.288645819262235,2.4468881120060364,2.6079863313894167,2.2364297219142175,2.0254233072768955,2.1688770796848824,2.356351698158876,2.1777089746214653,2.3839407993065795,2.2191895489969045,2.37931301203415,2.3232511094226047,2.243162462628905,2.2994196054083105,2.1692482385800465,2.618588383252635,2.711885762839099,2.149694646334907,2.1571352416617424,2.2302752515503457,2.5308019287341814,2.7469410106548624,3.895953831604838,3.0712720471737054,2.6171716620209207,2.2909160493882323,2.6043245371513044,3.452452365175184,2.1258923823139226,3.114416492442678,2.013076462556185,3.2412851556440883,2.0601422269279484,3.0616049910515053,2.132429188874635,3.5519178096564588,2.526262449806392,3.3703000768576064,2.256324311349274,3.283344653747297,2.243590039245865,2.5295555977623114,2.417513219091759,2.332854633184435,2.595243812457231,2.811115999588541,2.5317727675269386,2.3069612516152076,3.396453847052369,2.2476122983943436,1.8985125583227231,2.1920325972893706,2.451980045929251,4.489596323374266,2.9269793268586604,2.443097981634301,3.461929120596271,3.214318081954435,3.4392908491182395,1.885716441300241,3.8189105616303802,2.3972137883458386,2.2216986019618723,2.4091163392375994,2.614538877166006,2.421035216026586,2.689844486925012,2.3122097535145425,2.1564198935630103,2.5290061782560147,2.0965855392539656,2.8189012531161457,3.8355511162854965,2.244000926708543,3.200122530175356,2.3469859768491816,3.0499477118125307,3.4231570320289477,2.643627499918624,2.064627022657385,2.053885076043393,2.1636577989594405,2.6833675022469756,2.181693817379071,2.339758380734389,2.402429758439341,2.762832244799365,2.729655026156729,2.9386369745814545,2.339391580090734,4.401947905344137,2.655635031381196,2.599122226347427,2.33611242162733,2.249758945157774,2.67551210402731,2.2342726350852775,2.2491448393177382,2.608138120283168,2.6188430366491526,2.3719597315531833,4.285714925068821,2.5412108935844007,2.593156440867109,3.4280928032679223,2.1712153565028673,2.80985545538665,2.9152349475006747,2.1038961812553967,1.9970742721897732,4.722026016774462,5.09996061799338,2.194998683313227,2.2265398978089728,2.1660121727391632,2.9946651392325907,2.5028604463899597,2.4948124814981796,2.0956109169662906,2.437901325820704,2.871845392422496,2.2298965908671997,3.184799147965152,2.0263698504919416,2.0439702764917707,2.8195532951677023,2.697083487019844,2.6609736620517475,2.4663406430568635,3.392220868385677,2.074346983087109,3.4145625268543167,2.212101313579405,2.974586394014186,2.9008798795986417,2.1785702084678005,2.2867414560673565,2.211609207618662,3.2176338553007326,2.737195075423949,2.2560398208671995,2.297717353505388,2.2192248521120717,2.241430209918632,3.774951767651375,2.3890878858775713,3.284445558327056,3.811745592112178,3.873981809358818,2.7046103853935537,3.3598403033742503,4.922961907533436,2.4995602068116365,4.098349087314232,4.644757410079829,4.597182373926569,2.4923498330203686,4.497186459276033,2.176392976423487,2.385940195890974,2.1653415104002507,4.47964998867498,4.773085080934277,3.222860308848765,2.7014271710030044,3.5045866027891357,2.3503030769126876,2.077562870216016,2.2608706567205203,2.23382829090994,3.8628895756669737,2.643620334808133,3.7587667502174775,2.782997589415174,2.084677948632399,2.556797959583787,2.5106081276408863,2.044394520226044,2.301667091129904,2.784572978598034,3.0006472933116815,2.230069171995124,2.3080652407491233,2.983442882366087,3.1306316880863547,2.1664132663971665,2.135556121663931,2.1722177873290223,2.111915897341196,3.1289793742410748,2.0722287841216085,3.2471038937923047,5.088693674878633,2.817642974801059,2.788966321087469,3.0030720845297667,2.142768337834691,3.3979504327373684,3.361545606723052,2.683822364871379,2.5209859625751854,2.2964934744721863,4.484985059094831,4.574667898589911,2.784077705985827,2.149149568850847,2.3828053272086387,3.953339960089473,3.2010794136219296,5.119800083393773,2.3203775122352552,2.5924375223560587,2.442996674515315,2.298114491801795,2.160825741647319,2.601261322590357,2.2410622746932995,3.4503387370893774,3.503492270678984,2.0735273703019974,3.2224590771678288,3.7625141450954365,2.5516438394177996,2.226882520066185,3.760545629507519,2.239876910798255,4.098257598037488,2.0900591846144563,2.807195917558756,2.5332159330864914,3.0416520254059853,2.4843123771475697,3.4059890933448727,1.7592726794503637,2.160346360836622,2.679940145796063,2.1795105363760463,2.7575405762049274,4.042300946594234,2.2231863439621073,2.014604977842163,2.297343420687652,3.4668905366364937,3.021237982796238,3.326606336124964,3.907448195068495,2.7408774163420375,2.7789157391651305,2.2493029967061715,2.885295476654207,2.103224363655136,2.6868028257242247,3.860698794262643,2.1771115166201294,2.2128092831119326,2.5938289877904315,2.3986098759012426,2.742885240600342,3.333318582605626,2.592936893060296,2.6334187311477546,3.3640041066969353,2.437574540626496,2.3440878767355438,4.802037456747774,2.3139380156706397,3.3144826206535316,3.0581889835524327,2.7619056181668715,4.26507340492175,2.645253536673984,2.8553401943699512,2.8066016122821127,4.352830806624913,2.1862869603850834,4.31644092066705,2.291493603614111,5.022111326733854,2.1008004998751195,4.353513532148782,2.3471824018876633,2.4361578614854538,2.0395799011093043,3.5076748456103557,2.658005945382386,2.5141719629705728,2.381742212511078,3.060144680652136,3.5850306478062035,2.2890474706744492,3.5610225322174016,3.550312308462992,2.0760865035604397,2.5246794015419276,3.5477113491434937,2.2159120178990004,2.167004403001612,3.3161558197246,2.6163219949313232,1.870701253367975,2.6054037889471946,3.586271471193464,3.6914329125129477,2.364286854820905,3.1231433770393866,2.845467971851144,2.428675381348948,2.3439172988636336,4.178710440602473,2.3115612924183755,2.586383833006565,2.840345723229937,3.402847593739285,2.0674321608478294,2.6173422455669684,3.4738225042379693,3.9521015781086786,4.063917696336034,2.4468401371748785,2.5753627719030767,4.411900133920907,2.772348433748764,2.2227233349303774,3.6229582873299075,2.7803374974167716,3.7412288906077014,4.10694006876769,4.332687870537758,2.0666867576002224,1.4644632507308175,3.1097385975129628,4.272811453998347,3.140199347475964,1.9706404637494737,2.5765025109365363,2.4916943739342203,2.513313558398245,3.226525570346661,3.890041436419568,2.4260998901649193,2.461934056262946,1.8222730826135434,4.174066572967292,2.88184944869357,3.7662593937885784,2.4936976132431656,2.142484547663235,3.050610717094201,3.0684482644609097,2.987115490273255,2.786185240102266,3.9939069548290553,3.8087689308843022,3.256406501059475,3.0094599189550024,2.8691984754957662,1.5839523794152492,3.985430027806137,3.400735687056183,3.356818627898635,3.954586026875594,3.8980080608892065,3.6650828188478877,3.7687764097671184,4.408075210290431,3.575326065416109,2.841433395562795,3.3487237426779135,2.5907254973221754,2.9901306012104936,2.060226241083858,2.5617299399037297,3.321618967309568,1.3390232226291128,2.5356045111472105,4.09935049226881,4.165543336441217,4.187472530072061,1.9379867430866402,2.277567043856371,2.690481650490103,3.9198595734548056,3.8887072259528583,3.3003316804582328,4.357742141092275,3.9050175777736724,1.9992539525166406,3.9815262087712915,3.0906178748856656,4.089813384307795,3.0849278341972317,2.063472279809691,3.5179036213773514,3.5788162876812653,1.6744746139806488,2.96985280427323,2.0948876029350467,2.702658249095138,2.959305545773058,1.7497535607849501,3.9617503487230032,2.9987474971628663,4.342048115599052,3.025404086593633,4.4206736434024245,2.4553898312714915,3.75294041069002,2.588763786556918,1.8334770426953158,1.4311485044649606,3.3261601938633736,2.5751452611411367,3.2673551515263193,2.5461835813209186,2.8325374746159975,2.6836583043912516,2.1857356341205367,2.0524678355725547,2.829105334219586,3.6520504074366005,3.891584712804118,3.8064278156379734,4.383559874941494,1.9591137193794375,3.367381106203637,2.7034125705244985,4.053651439775769,3.41058555199314,1.6621721679735904,2.2889411192359432,2.203434635136263,3.578196208146919,1.9630354966473056,1.3577377789022373,3.1716613476786426,2.0556251016971654,2.909354120068629,3.454206701084003,2.268268803359618,2.3277972437331766,3.702115723409902,4.399141584976524,2.796328840629161,3.1236523463195134,2.2003663348774256,2.30216772444753,2.9390968122843257,2.5774191197974625,2.6512441626549603,2.927511818083718,2.267670130007083,3.7325565334214588,3.2939120038934386,1.4364778564259104,2.5939792514156976,4.299860361443748,2.6999294151062463,2.90118057016652,3.088324841378583,2.427447585305324,3.708308012429684,2.117451691692162,2.899390132167864,4.135908096056805,3.7042907649471193,2.764421298877881,2.8332301617453144,3.72593239288292,1.9599203961895533,4.395339079891639,3.3178067217875316,2.2452714929216917,4.0538515246904785,4.121326496528942,3.7762905934877904,3.865852227880928,3.781695521592756,4.392103488280037,2.363538788678935,2.4663805523837232,3.7977768580186986,3.026865095679924,5.047977649488324,2.35769119356531,3.8950012111490553,3.093937772959891,3.807631947796344,3.888063211635187,2.0593004158691413,3.0723787293797016,2.888114586870001,3.1439101896731914,1.9015265299656687,2.9588145058041384,4.4139291572799815,2.062031610001323,2.579990958080808,3.946627966569743,2.190775387969019,3.386292411803097,3.4255211841292055,2.7169305767100944,3.7642149097707707,3.4214568259466813,4.29811939281345,3.9830411233911396,2.757053701613824,3.872642489071311,2.7737555971469834,2.7325879648362204,4.11351268935728,3.7603112785293216,1.6193456926379302,4.241662191126508,2.731122898921666,3.0121571149456177,2.291327340697571,2.466378804358364,2.084820489550731,1.9895631140005787,2.89599712863862,2.041239799780184,2.480634396154611,2.5623959666117275,2.7599767501577293,3.2182886557503427,2.0563215851854846,2.278690197671262,4.164040412358889,3.7542910558218425,1.3798318147470088,2.699199913512667,2.360814934310883,1.521393175990454,4.209268628273145,1.6526193905493567,2.7461775442181935,3.814342835549391,3.8734381609069217,2.279007944016159,2.8236830057533315,1.7922828467859684,4.5593953736225945,1.5192763813510348,1.764740149387067,3.3342426033905346,3.533073851558427,4.403894605274696,2.8072176540481046,1.4284288003989056,4.019190317063112,2.5570500283918767,4.306277215654544,1.9975967309498697,4.389479085946658,4.392526779472103,2.8422582799407783,2.5836380459972004,1.8430570707269116,2.426465084025826,2.761495833083074,3.899622972091072,2.2378083540860345,3.742949706882621,2.483209511220592,2.2331629884071864,2.9403204553507374,2.2364181229139466,2.2862038067388655,2.548988336344248,2.744996367164491,4.00556296893797,2.5280915459031927,4.14433876090174,2.6467859853346556,4.190023739523257,3.6699952753295104,3.782913206098391,2.8784413470637356,1.29022682112468,2.4109112338382976,2.3205072711272736,4.396277134000415,1.979102067397623,2.26967200551924,4.521786921561452,4.07556133535072,2.8080352472041996,3.820307218646237,3.199798639279889,1.3594647821839732,2.7811107772492787,2.064942507609452,2.768418030518373,1.6786733762693333,2.2465594074959587,2.353761178737869,3.3272163905776235,3.444692724583004,3.5048363052680624,3.810400958228838,3.8683922444771306,2.9840352507559387,2.843590182829733,3.3620043852019093,3.7820650346052935,2.101582773833938,3.937241096104148,3.7189616789024766,3.4757666747627014,3.210576221087607,2.480571016162544,4.00496756016658,4.444030798501114,11.381017552766226,10.45401474469256,6.559536333403531,4.744206052610028,5.985700602425549,7.700279112617812,10.338585537673813,6.072759719389886,6.2065438680302005,5.871708380833887,6.416238517642061,10.930470163630401,9.793231137411516,6.027495410706106,7.144633111011054,3.9565621253933743,6.701415391638994,5.274385266949805,5.907603945134638,4.447592342361199,7.698410826650994,9.22875434319162,4.478039483431357,5.063821146259161,11.386893567919552,11.347789357845118,10.705187791425313,7.1770723374812135,5.181501753502227,3.92613113555943,9.04789073625333,11.309019523586523,8.010544175259607,11.580891601926512,4.62470538826181,12.33293343921977,11.116031843811331,4.161182543423635,5.410982455327962,10.761036156647329,12.340861953581616,6.445708159580661,9.847306722869174,5.042325568047297,4.135060299587053,9.807883059398298,4.413047441062192,10.399492924241455,5.915001604305609,10.97930800707035,6.614755614279848,12.908858516980066,8.193857514723762,5.866088826252666,10.575500221438542,6.106340075312225,4.040906783402193,6.245947439181704,9.092952385692135,7.3278885573794135,4.322387017710562,7.359021360130518,10.010697937342519,10.656863789006588,8.214709499879001,4.859633006562637,8.713550732089391,12.053514203704738,6.624029108131135,8.806612485389872,12.318347586246798,10.113459103384853,5.4623101272096335,5.867927951592583,8.419760606058462,11.988006165344158,7.758702390814187,11.777991789403751,11.96268778775364,6.17350032089979,7.9107293270940096,10.528939481315438,10.538253657467585,8.82451285664281,8.531375851634733,8.855314466027664,9.37578529579533,6.907927087739928,4.223302552098982,9.544454171166128,12.01308477225042,5.712182629600228,11.500017137413488,9.203530608097127,10.811319740279435,5.832098131814827,3.846050197103751,5.652272203345033,8.426037701802406,9.546845022425137,10.404335874340044,4.862887607406949,6.726159015893911,6.911074377921329,7.399802182711113,3.84550216988443,3.9207396343946455,7.6623611008013635,9.607370047860494,9.523573406097695,7.210842382997521,6.270815514896017,5.465868344075238,11.016836876492112,4.280392281674865,9.827223783836812,8.734769699658468,10.800119338501862,7.317064746845781,7.62551840194491,4.037268665761453,11.256292103752202,4.826576183997118,4.874076726726811,11.505683598959596,13.389074652030644,6.617425002119236,8.74304049002436,4.4178220446211025,5.078441286259229,11.309066430436186,8.127078521060099,4.303894087343121,4.87222421990034,3.6877500541558983,10.638210287314868,7.38048692072673,10.298418084429413,9.208079103412564,8.979684276387584,5.632168990530086,4.2596504838275,6.565788287019576,4.877529179640274,9.761671572402319,5.311722034190761,7.603502567590742,4.2257000148937784,8.66637203261867,7.273013127963976,3.785692391624151,5.680923841801502,12.822296857496195,11.687206961383426,3.5600377696153602,8.048190525493393,11.298088934367904,10.020875361840252,4.757241139379079,4.18622199826741,7.356614978609408,8.365341867852699,10.983479275259533,11.281052356077206,9.596989500621746,3.8072409407871843,5.767827244938783,6.780296947267668,5.5379633963034145,7.431842602262856,4.339079911586793,5.827995929388038,4.793129662949728,9.751152475097287,4.036795302606967,6.542435458945637,3.930249605657477,9.33345358851141,9.421963182400948,11.812621071154869,4.427191624337373,6.0473062134709705,10.098086704028383,4.5636069138413005,3.8168896748579044,9.154314313166086,6.7744603405401715,6.51429554691318,6.2258971551991,6.315011983764834,10.580965657936725,10.147024821114089,3.968498008123842,5.259036005174047,6.8912469497838575,7.421692979051977,10.62014307860751,4.336711882475641,10.4219214183269,4.607640412743998,10.89916551878946,5.02545682487514,7.927271066804004,4.100654126013696,10.364943226214695,9.322093227050532,9.991437519469196,9.370827285551696,10.116238515998145,8.607106320748413,5.392935906182982,3.6648369280509665,10.550868230088376,5.121858486051229,8.01110229232874,6.47776341681786,7.0327591999876065,9.678453790950217,7.039015091276288,7.742685847795206,6.784749157081955,10.34803189486012,6.644019509726346,4.1387205821433675,5.1158903667090945,11.271690857492823,4.8087139898584,8.901902900890294,9.92896766228302,7.535714241914239,11.112587707434265,3.879553386591979,9.708881743706236,4.291168720026672,10.127551706935586,9.751377884462297,9.686062339346087,11.829126705233351,11.06924080619199,4.232005539653383,4.248099235214462,5.905786400446626,3.771377285130072,8.051151678708932,5.949723074794492,8.509974051047033,7.061705007032031,10.050086569897775,9.698837500619213,4.363323284516624,4.1860009437515515,4.637030836207848,6.636210046542871,3.846391027304708,8.595959991185756,7.38929926929714,11.14973208625977,12.037379841769052,10.49266093417598,7.510166709541922,9.0859745414443,5.200741970425185,8.732181480379836,12.011669674774057,9.218907847950991,8.852866053043083,10.809510827356085,5.1471432652630265,7.449492683220831,7.526148694789429,11.064669843874952,4.891272428214852,3.9721413774482595,8.65658690958285,10.890719358279322,11.988005620494006,8.788281644675335,5.94538691991701,4.012912955691527,8.95622966773937,9.126879604300635,6.522902933003727,8.87593233978708,5.579422791334503,3.9006010693088395,5.857292358093783,8.762380890388034,6.588513174239513,6.0415826133941,4.200843798178417,9.093197940611825,8.87663537180816,8.380579432150832,10.436393553581283,7.651644657077447,11.175170549694146,8.127991072102466,6.955319979921846,11.497868999992626,7.59661686191875,4.710237076727763,4.8657218199454055,4.503820078257736,3.1325848383921002,4.041520562437287,4.372879718401477,3.7793413322888725,4.333364049226673,4.296665646713019,3.9719481511357313,3.6465246269952587,4.872641809475185,4.308894808852282,4.281334255768088,2.7885724400019614,4.020151556971113,2.481916685389658,4.465802090871856,4.067765000542545,4.642732399694593,4.071136554350031,4.604812112096062,3.174546433862422,2.2481916148646213,3.5680941612092987,4.356837850418084,3.333969957889723,4.820528020146061,2.821249074149225,4.498643195883676,4.946864353753798,3.7454198947491664,3.94223584784431,4.434051825558656,4.565499035484087,5.4085192395205794,3.6754351248676103,3.461413114089858,4.079494456204332,2.676445570932746,4.307155984312405,3.2530599350290514,4.068548228974393,3.6930653497763917,3.2682473290536502,4.323877666589827,4.018560723230083,3.5130472833199895,3.2715496626370357,5.023291250476484,4.310051054099293,3.3197175777367955,4.270982434318055,3.884821712603567,3.865276228512723,3.5591395544489957,3.2573227539815988,3.9909654702406447,4.125662911806757,4.385228830576138,4.354614600804022,4.595994302067289,4.184118717311583,4.428807781161793,4.480236316090862,5.584937200934281,4.295300006193108,4.015569204953246,4.429553134978742,4.017062017895226,3.3839376997308177,4.155090135043687,3.494597566173689,5.952507331948601,4.093907204782241,4.0675971294258115,3.899234451083786,2.259353203661175,3.6735200523895783,4.160641380202609,2.739737176045298,3.9539286010783092,4.197462750463264,3.6777397115836292,4.180392310300439,4.54844803930564,3.4817753083240333,4.304441146049454,4.291532439324893,5.353251728576108,4.925772978213598,3.807784065453927,3.800746540297497,3.2104486751287924,3.8536985199082983,3.789175903746676,3.4808693833982662,5.3958120120159,3.6948734974453026,4.003086111095305,4.407659194385605,4.283430634416328,2.907085028976234,5.196268179296189,3.8034116252529606,4.272976210627158,6.217048891710145,4.222832443226347,3.7263299199214215,6.0099043778209635,3.3747799207943157,3.6623044740152473,4.5807363127066445,4.763308487582005,3.7984292818391276,4.03946409947966,5.060902366514478,3.255131456324213,3.7533133124596048,3.9930409927356156,3.880486793898529,3.0530048151879927,3.9536447043506264,4.531322441477875,4.682885601070776,3.1918845391903137,6.094568818895331,6.062701661995647,4.67082730636414,3.8810565040707345,4.215488881643108,4.077998962335207,3.61464223469141,4.124475704550985,3.1262716223519478,4.687507312871018,4.220037576830584,4.6799198404969635,4.529491287800831,3.3285848010338634,3.6864458319360764,5.395903379454986,4.233185416612264,3.5156820769024173,3.619415700761612,3.709056085715849,4.410392848176462,4.374728138154651,2.9170394632755805,3.4350982640548233,3.757747403110132,4.097854928012442,3.5628945928779903,3.5911013233882363,4.413850267236347,4.53070468134943,3.3748136181825017,4.431714361121819,4.1022777726442134,4.686956109014194,3.980219810299558,4.443921153179825,4.213441958303032,4.249930958857315,4.079684546168998,4.059461968942027,5.146044314313816,3.6782582174400242,4.0811023666771815,3.2975017609890287,3.6852226755467075,3.8232199793885373,3.4883469250897585,3.4639673766776182,3.023811771981598,2.595483690873738,4.485420449991847,5.995174853716887,4.835831840958893,4.041815781150419,4.216177210030831,4.513089968581769,3.563220998857938,4.16354062782713,3.030914924289449,3.8351348020944713,3.183144050795948,4.922456580463555,2.85213946013053,2.5633792652022778,4.786209843593618,2.8529300875680477,3.9188655230012985,3.908587235536607,2.629557371052814,4.145936783477512,3.786992893005788,5.299592463713613,3.52583684731207,3.3969538717441425,2.8607429164222036,3.323279415862551,3.58775691274225,4.54714647068563,4.47281617444832,3.323205506202652,4.472866580094,2.830525078081656,4.770740261038558,2.6520987338462594,3.9283157017650554,2.9137607368348815,3.9834557024319404,4.968830034087427,4.101005447966275,5.591907280171237,4.595353709920633,3.4525381824334676,3.7203839298702146,4.229568034326398,3.708022568080458,2.9192231000363553,4.977873241713403,5.6008961496993726,4.639937697279906,4.201137037946013,3.597083929110817,4.733674808877177,4.103983064858174,3.4515306183437002,3.6556832630703004,3.411914855759185,4.010657872969264,3.0239800091464275,3.8509634980143277,4.103029418393961,3.937532118947367,4.71184108745149,4.431741233756623,3.5092856828776364,4.1821020472930535,2.9960675118068374,3.4706991680291712,4.073991989452155,4.145354886405476,4.103724226259066,4.327117067271018,3.0139780635218134,3.052614805726148,3.3694396776799977,3.0218605466346826,3.5179778945705045,3.6982759477637592,3.5775408919723324,3.6043823447572043,3.380023321149796,4.474320310515807,4.043767605217007,3.319404849842481,3.8012611030318135,3.6724010860398617,4.047195599752436,4.209075281148916,4.791085072871378,2.9325548671503103,3.855278453854739,4.140333658501978,4.698247237572834,2.6891591588343937,3.2764542172160573,4.778096843944139,3.973870217543361,4.509547692842539,4.640413153080794,4.4980648819401665,3.1595548012702204,5.5075138877657315,2.8573910697312623,4.2254562675437555,4.538248168704348,5.1504619216833,4.069548172832698,3.541135555377497,4.079894045686737,3.1613880046903744,3.6775303886829622,4.3463743237740395,4.939222382690328,3.881313559760308,4.178346059505664,4.45792966836921,3.8660348752039693,4.871113148804258,4.388646493200184,4.751801704889613,4.445342279383439,3.6414148654688687,2.968433141152768,3.341359997098922,3.9088203574468556,17.522670205705342,15.147179362881396,14.917049183056717,15.951749422247895,17.47185537240999,16.416063155553072,14.579959598074439,14.387954861163903,16.46775144843611,17.082845273439105,16.449832046239056,16.607703071058697,16.16952943329371,14.557137291706425,15.26875977712404,15.448541512188816,17.528482567706078,17.127448139671188,15.76130930314565,15.27253930551531,15.616236663177881,16.30137068282197,15.94099981007712,16.24631747585626,13.521615233317945,13.99892310064498,16.29140390584788,15.673353732709842,14.31703169681807,15.193974656716884,17.915041843037965,15.095859232913385,16.744062468696256,17.20650549637204,16.861872709974097,16.532881810889243,17.656207916302225,15.531744054728938,16.495652736780638,17.05033801237617,16.320115356108882,16.00702269503205,15.944032937457857,15.903104056528065,14.92740073896024,14.074876990824803,17.700715870747835,16.391096583737745,16.17121962262106,14.888026075213027,15.749579423115081,15.53750084552103,16.275132439175792,16.91905466072689,15.6469290374515,15.22822042351621,14.689654400857524,15.49311673127759,16.575258902624835,15.980141686083789,15.922109067402333,16.05324428030141,15.969576979956177,16.173702641984036,19.20412326283734,15.623934856409962,18.277105292426004,15.57567879332205,17.62251839296137,15.679547406470906,15.041004598876993,14.404900157218542,16.619598107521895,16.497870514623692,15.877053705848835,14.887477394647405,15.088887725161038,16.941457187247384,18.03387898652875,16.889595874207973,15.719349609905517,14.674058041726717,16.87094822405389,14.06812489783487,16.63854337404033,15.250635245625869,17.318042285552366,15.62495004421362,16.056680549957164,15.461262708404876,14.301991021778417,14.477532285009467,14.436995943066353,16.066008140949833,15.99439878144212,17.10750692518926,14.87787909442399,16.71031518724626,16.339728977227846,16.13673605970619,15.927673200690908,15.602809329096036,15.120595802852865,16.493729766826846,16.066625847340358,15.454281704124393,17.307101318107982,18.818711538023972,16.62816008390548,17.4426709909249,14.32836750943363,15.650225688702308,17.77061540375428,16.476857188454563,17.655283524861606,17.16176184096609,14.421085180902487,15.662600420310474,15.123705342981479,14.392559219214501,16.161828642724643,14.855328568007376,14.94643244958285,16.55080743328032,16.920054535053076,13.076699972487244,16.078063100383332,16.057324329540204,16.580812875863046,17.609110267701137,16.69260607433698,15.067431258369602,16.51189724323935,15.774952107581765,14.912944476500218,18.210848613074077,16.42060815199533,19.45932480478917,14.790112704630092,17.461024858513717,15.942406556104604,15.748007460719446,15.689215317619652,14.238397481274038,17.96825860249947,16.527080211912004,17.316996159983713,14.5474116890147,15.937364522983692,16.965699096852337,17.184864561160307,15.702521359207816,16.40513293991793,16.301409980082628,13.267082069673265,14.73485016631887,16.395835654117246,16.053961113238802,16.302569706681076,17.70362980864156,14.795467689938025,17.8723668959991,15.202451344066999,16.359409746017274,15.283395183650864,16.19331156838644,16.236456065003313,16.618994205002657,16.82941670955318,15.657796657334028,17.129481327546372,16.334965790326915,16.54588178492647,16.17310864178661,16.331950158100792,14.578175815626523,14.339198981355583,16.17401097151652,14.086839073659137,17.29955333840879,13.249641783635074,13.123849102753226,15.796633450567443,14.837160487223382,14.31434312372646,16.864567144287587,16.199019515102563,16.976823179050946,16.354689859189904,15.082420094240193,16.39776788095694,16.749260011628074,16.674678552406412,14.17926368919903,17.19212996783341,16.34269258146518,16.42614457810926,15.6275176545495,16.461353440517154,16.74365687547009,13.154688411787786,16.406260225188415,16.590590022720473,16.350012906537465,16.180699828438357,15.661315488791994,16.888434092822465,16.26776863025482,16.10117131829189,14.380543043931583,16.559542874750466,15.205385561336964,17.446299531815832,15.87356072219814,15.088505246564523,16.59854778835972,15.703299612364413,14.524962302594394,14.668488976132014,15.569729218533803,16.186898601120294,17.27127504194704,17.405568417769462,16.44024677519337,15.58346144601815,15.153732436642263,17.96390925741997,16.251875202741843,15.2028637808748,15.647469953865825,15.644612248956046,17.153357375653002,17.68549193275274,15.416252167689207,16.269037590189328,17.426906954145657,14.757270201709273,15.539079610685532,15.454530771522816,13.213764031027683,17.188642205938034,17.165978677978636,16.393644161457868,17.531097234964253,17.174762851056496,16.91108163206558,16.56723190876748,16.847610869556693,14.913396721230047,17.421950292371633,17.577521322921257,18.225883812965147,17.194267883330685,16.595650544007242,14.601144309428859,14.1402595710345,16.01714346097625,16.066148114032863,14.119602571909917,16.12204482798209,16.355165998529145,15.568819337120987,18.08498177236804,16.187398384360993,16.04925435266924,15.380439386530751,16.62484831744164,15.550258076352542,17.209791794823357,15.91376138423025,15.572160099479836,17.49171485122408,16.903942154533436,17.934232840162977,16.14759227601672,16.46622142772068,16.358394530257556,15.95288608949836,17.12278983017318,15.559120299112912,17.03037798867481,17.574387976106532,16.328893931043122,15.393003238306932,14.852388793726323,15.76601465167659,16.589241894382273,14.672628160324278,15.594705254748417,16.048935111865134,16.817179445331284,16.147242426374618,13.178263041896464,16.600629137463798,15.83860021301195,14.154345730316253,16.049951315830555,15.639057335985239,16.554500677845414,13.855461272434454,15.877976785450556,14.591882017862135,15.666179130773259,13.497050756672683,16.13775793264846,14.38439519516886,17.590659671854688,14.958912411963105,16.49185880648757,14.62428880720057,15.488852015548428,17.05571809119656,13.717186954686087,16.588526542619558,16.445915115568173,14.48745046963491,16.21763165090893,15.142934186503922,13.222941696004304,15.931935104195306,14.951908466155304,15.007139208625686,15.113077727761965,14.23474376134769,15.907873948858436,15.59391302702955,16.23030943657744,14.024267148638243,15.100894290728798,14.274596619296684,17.860813243098555,15.501442903283788,14.975412991780082,14.686999436219025,16.1646274694338,17.179022773478575,14.531045492792437,16.66483384817413,15.176324727204825,13.890096874454478,16.087093550708083,16.11810451539761,16.609550922998178,14.64239968722885,14.979277749818033,18.01553528074812,15.93594438934289,15.497946930846421,15.436470325144533,15.38410215935405,16.530203712692508,16.326116270188592,15.924000962921571,15.030739528499208,15.597265401535543,15.39906469541538,18.001801284885552,15.224779496453388,14.596792650885272,14.772446352140465,14.726388407977948,14.490632301966544,15.5539596280371,16.386715644040695,15.243737901553677,14.85829713201271,17.546921287876305,14.857794740634201,14.986152977275086,15.29803104976969,15.682030993902437,15.33376628885465,14.380459799820185,14.377758011103024,17.675383544385447,15.98520132651633,18.088161212616754,16.634625714842887,14.296501555997505,16.658475927424092,17.420693334994855,15.81459994327547,18.875892063644233,15.294517593432142,14.41158970020126,16.761248560102292,14.579504299098238,15.546756386635847,16.55757480602196,14.16123833450818,16.683423021301245,16.26180728952814,14.748856517109488,15.57977311186589,15.340715194779584,15.470316535542324,14.835178799237005,15.279531140112487,17.068840728687295,14.30456535600676,15.002412973306086,18.175336634267243,16.203908493508795,15.39464811351589,16.405976147700496,15.753887788846574,16.065131142989944,15.589960818048306,14.808683544184042,15.172122784902271,16.474188635605213,15.592171812657803,14.046473937476934,15.72722836960601,15.552576668606825,14.341553482611943,14.91515008291758,15.1775152591044,14.163932652658902,14.926933599697977,15.4084589138106,16.79236845853122,14.83291192659252,16.824497842827782,16.03496242275326,14.079845402577053,15.64240087524163,15.456623141305968,15.169035801243098,13.691290941915891,14.707654882337488,16.327054929640436,14.976313449011718,16.189035555863654,16.336303897318412,15.177117489070769,15.209654482801716,14.645881742531971,15.102448643368499,15.783143263118305,17.45458706322415,15.528768975607651,15.680724729662105,15.756543772434872,15.601582548717879,15.488603703401221,16.862879354164054,16.180776596463833,16.327637909423604,13.822075613090984,14.944952186534467,16.563490878746606,15.535668082540324,16.052445990285566,15.994172861442369,18.409719409687284,16.575582794252472,15.405156817955906,15.614643956277673,15.38461914925647,15.043974407187394,14.815923941038525,14.50695131510919,15.32957507818916,15.518033243844124,17.636476390699904,17.215422455258977,14.462386014757598,15.92238205167434,15.96525276763858,16.74176563141451,16.09057811510143,15.155686894288747,14.232987777732,16.711205569737885,15.8636595427019,15.687199801836373,16.71816249364113,13.97861301784553,15.413507713336797,15.61561554754065,14.413943083018873,15.124535366455595,14.511433099862106,14.857711748751834,15.55095147868967,16.256177390820262,15.002132541884407,15.627899967633574,15.325112001189382,15.252839657847515,14.664732421493994,13.348004856332185,15.672273589710509,16.388037654706338,15.700162960401741,15.044948645465649,15.053583413665423,15.708702966869586,15.032213392362442,17.42077386753564,16.487833812538362,16.74672682704703,15.477244146807141,17.326189146601642,15.164947760681637,14.362220470296407,14.99658475829103,14.718307996736486,17.092080212725723,15.816254623841258,13.858893868405861,17.788242101965587,15.681511240035164,17.47780345695718,15.441939805222933,14.142245785790784,15.552104737461358,15.599471715940028,15.36783633711997,15.412730568067651,14.904018721009665,18.213157786818186,16.112437268175455,16.14160679086342,17.12317066156011,15.006276573460946,15.720408443577156,15.49495428991497,14.605378152792937,15.374840097540407,14.936043468108437,15.154100694898684,15.615073905478564,15.846043188270288,16.295535091184277,15.9858914724638,15.493517234945012,14.128852971009419,15.332768267541132,16.033066223334572,15.061041517200039,15.288824709369536,16.682945655194803,15.471224999425084,15.948894537130442,16.004941563172142,14.200835570923989,14.600303090667989,12.82561317923254,15.089569767662347,15.468907115013932,15.49497551753918,14.922551330476082,15.59092717433896,16.655479904711864,15.791391153311817,17.06174932644644,16.720901641961714,15.161473702852506,16.605049744153604,13.425554202904923,15.549386519244369,17.37933123560908,15.480037780358472,14.755088377205855,14.661895727718129,15.011885217866572,15.570906322622559,15.076010313068041,16.262639932343962,16.713420275005237,17.81746226148027,14.355611450563769,15.799130516669967,14.469950555500896,13.616602573765457,15.804407580561444,15.430682885323364,15.560033104634975,16.473589414710833,16.40973242752128,14.732506139116689,16.532888293577805,16.810460299052345,17.782583765487452,15.604067670585158,14.250990190345565,16.511570429097347,16.533155802613724,14.830181958843282,16.25343506672263,16.192357661240926,15.448378914080035,14.349577319291123,14.171416489662228,17.533854219697538,14.824269897102713,16.176196798307572,13.706798442841269
51,7.332081733683806,7.81452104154197,8.300658221404055,7.7742758068896505,7.996135483824762,7.530555845954915,7.339882608106662,7.5958529351193915,8.23989492561689,7.694125944933337,7.8943665482229335,7.006756188589227,7.318963408323116,7.290179325301981,7.038365036616246,8.398370504754233,7.342001054355229,8.281261258054247,7.773094901497354,7.698173497462892,7.700548573023627,7.758010341866513,8.158703071801842,7.845190152042809,7.626314003837711,7.658945098719594,8.5072343887582,7.78585524687134,7.693655501778124,7.68097592546407,7.924760219942758,7.18579917866236,7.591615184972368,8.222628290917159,7.4118501710155265,7.794045354100287,7.4191774932069965,7.738043593736102,7.636441444452832,7.8380963011439855,7.834688694727887,7.039647445615412,7.572081944688533,7.778192455958345,6.572699414154149,7.713860376885552,8.276093053360228,7.726483940690087,8.10439287201395,7.434273723746396,7.723082742547079,8.071550420084886,7.420637659393754,7.582898533024715,7.613693345278081,7.721498356405464,7.60725748844482,7.51810452590583,7.239382297394296,7.558746465341488,7.614484288072508,7.345946925981145,7.646813969281364,7.752580937845799,7.63368588623417,7.221776920211768,8.007262165513735,7.467208902898075,7.6854471142384515,7.467424906636275,7.618635330078819,7.413550290142654,7.485265385129394,7.768848325177787,7.435801085391503,8.200817252236037,7.536179095647732,7.782405333247803,6.828108750388754,7.639723382222765,7.5411354429029736,8.366748039756109,7.131437413870242,7.6599541690848465,7.41157474279291,7.896122134652901,8.553498985179777,6.838653354535066,7.5408732782622785,8.0138902111605,7.691715966494561,7.709464957524435,7.2158887170156145,8.090028137988012,7.462705461473798,7.891412718268229,7.232796606202748,7.604641651694434,7.561152989792739,7.708804494575155,7.910648737315436,7.197146500042111,7.594117247800888,6.670675133238338,7.816797998208389,7.334188198853409,7.410971937905242,7.530729821626573,6.524769041371736,7.605276846857355,8.038563797699203,6.974404086855032,7.904652657076829,6.648110027266335,7.711506414134508,7.718241131351521,7.769241166751467,7.98644479164342,6.599278162999737,8.22871765433065,8.556046936010445,7.6700062118948305,7.708186445355587,7.832707847502943,6.628779228680969,7.658004651917501,8.504620857626916,8.155893112646002,7.253513680185119,7.051478677989509,7.487842733271189,7.8528983648708035,8.069109738483265,8.437905889564188,7.748109515526272,7.545649153226792,7.835966024060775,8.439724896483037,7.819606786292153,6.528246422010904,7.976969166638808,7.9968722096302765,7.085438489426853,7.974769424279926,7.76240386503634,6.835660441386282,7.448155757058081,7.02942840597144,7.679715320879843,7.437749822657578,7.984295545315864,7.216921639821521,7.622010418867023,7.517409824026198,7.751449127919016,7.690582414015632,7.801529175228568,7.729621177104626,7.738862050132417,7.289125289260367,7.786257312366959,6.795638660937761,7.616696085947881,7.889383702474352,7.001930407476325,7.697938551996752,7.7907708626513,8.224855365456678,8.572688582810015,7.463244285045249,7.346998780580304,8.59970339405202,6.913869498977421,7.8643080151150455,6.52882070348076,8.164247789317667,7.561355580691002,7.597122024900342,6.868410086477734,7.306525863485383,7.784469720129887,7.737303611274042,7.251814133546157,7.613552113192151,7.609647410137312,7.57420992603953,7.5502498852040665,6.541545627665596,7.685889944706991,7.920184601219367,7.975691012430477,7.795234840903822,7.974569475849236,7.799800649190777,7.194053508122193,6.914546146580759,7.753896827309063,7.247185861269729,7.577495938173112,7.894200823604613,8.562125772203059,8.468040572081392,6.974317131962957,7.968346114014315,8.108297484192718,7.82765095785114,7.018302821593249,7.917066354515472,8.006541191842093,7.823614306872479,7.654021731446248,7.4546704430261785,6.811862864344455,6.814224512258983,6.5551479195906035,7.533369739038431,7.666447994446763,7.309267117963336,6.966332867176822,7.876420778150638,6.5938367934833115,6.7774339661376395,7.214665317063657,7.164674154013697,7.75550291029421,7.754822819705801,6.583609984519867,7.190056331070871,7.515521517186149,7.712475524316386,7.46256377776069,6.9486612335461775,7.916869059499557,7.804939048566663,7.845855658266062,7.75997139912647,7.87033625885182,8.144039343563563,7.104458008008901,7.611962567201699,7.773124531712371,7.357295371015388,7.476663069866845,7.7930550530123295,6.6322468644084545,7.59321792731911,7.535460229399728,8.002615128105363,8.158023140649103,7.194272490988557,7.533617149532551,6.541798885316059,6.834876885893418,7.909955727428842,7.4408438954781975,7.399237132483872,6.925236765291795,7.196328807437433,6.83112216335661,7.709596771047649,7.6256250729093065,7.2380953433790935,7.267046313643345,7.869131375159538,7.745848444714683,7.744882889243627,7.735694650592839,8.043293135358333,8.303359760609938,8.037644612101966,7.682885700097141,7.474414307433852,6.9568820542260275,7.465120880874762,6.766415001235042,7.399503540675492,6.660115740004873,8.008416789521338,7.8565720699937565,7.3006830054618455,8.467395132858025,6.922827712510128,8.102172197144546,8.113889181931189,6.931171023909131,7.331429643985608,7.556350361025961,7.786509043129488,7.329437121114237,7.7032211527091485,7.065796578087346,7.90448677595533,7.171737562591888,8.096639516402815,7.79525207013471,7.7092189794526735,7.593035777666143,7.901097761850108,7.434111249648107,7.400633793628072,7.5117352983677526,8.239796485289512,7.249808256694826,6.346646990864168,7.173596155376929,7.71328939075776,6.873667191222491,7.143383248041854,7.569258306216174,7.858008760769552,6.889086658539604,7.54160128032539,7.570678408827409,5.783796515250727,7.521414967940359,8.147691527400902,7.467678316301727,5.977952357724355,7.939213332202964,8.537596832542507,6.7184084442264655,8.703812728593896,6.753630739427049,7.779499854747611,6.636687401762099,8.240958119837305,7.005661601240277,6.763010804413136,7.6181336796909855,7.464962900797991,8.19771630205262,6.696993866449502,7.4547910613421395,6.381178287512558,8.585410871102969,7.617435820395066,7.51594651425104,7.479996602392433,6.836131584195018,7.867809850516788,6.136412039036397,6.505520123573565,5.787891428730738,8.156810214490521,8.632455056697765,7.3808103230748205,7.59030782598869,6.959453649851432,6.935086682268079,7.597212604648935,7.68121739064378,7.479990560503602,7.091657900092219,7.881493621623288,6.7339578011514645,6.770983560776193,7.583101058506249,7.311282424960572,5.856848076814251,7.8793380374742625,7.638131799317783,6.45519252318241,6.220338132491151,8.175192878393215,6.196094284660606,7.339794829998273,7.647242474708502,7.226785154002057,7.405626033812009,7.55577691013073,7.858091274082384,7.057370939666842,7.431429868903269,7.267561550651597,7.739224847083985,6.541665841146105,7.953112651730365,8.301761721316645,6.7534994821545,7.7859305171996755,7.396364806277796,6.625730368967497,8.062377738981082,7.4529462776701845,6.212466673969554,6.411227720807456,7.979060898509866,7.268117082410264,7.37288224155555,8.343910512631975,8.562931919505383,6.5418486033669,6.922528539420958,7.926219604029054,6.746635282481727,6.979059955381,6.891142315788083,7.440462534558789,7.422029404246369,7.247416484633102,7.18934381656612,7.228653170924849,6.797545371142701,7.628284962869644,7.345789810528374,6.788157786399515,7.34986531380244,7.30473554728625,7.382353503038654,7.4487683632855735,7.072850573804698,7.302710034251492,7.310126599543682,6.584051389113305,7.252539805915453,8.70947891441582,6.502229882643661,8.18964077952926,6.6398117091190665,7.438420198307765,7.610347569815849,7.018478462386875,7.433086190842026,6.931943356797889,6.776235283138164,7.160846930259105,7.149756978794808,7.220598159936114,8.126265170656874,7.549038885704003,6.053555861873756,7.927018667688014,7.349544122909145,5.6879689543934635,7.400472624545776,7.088292478990566,6.711164186818171,7.90720386774218,5.9733270872455195,5.7499401913454244,7.95476467940874,7.0690450693116045,6.281622836127357,6.8336716336131005,7.375879132748273,7.710056497906327,7.3086938592301,8.007828126768155,7.982486639633862,8.311296117126545,6.537148484843246,7.468993939275578,6.436489587785058,7.008307555739455,7.345284116663542,7.786717644577225,6.8950209709136345,7.150908717193779,6.0511624918384905,7.230960637849484,7.5170441137654045,7.467074948296654,6.841746386932399,7.386498867083387,6.378267528333868,7.870085643442861,7.841883658601849,7.439302895869807,7.167702903837614,6.353661250334637,8.172271525689883,7.80678499389411,7.627573385592737,8.23060894992544,7.552937140882737,7.819953366454079,7.094748005404287,7.754771853393397,7.2421763251717275,7.818062627756545,7.005878128069637,8.368734195897092,7.509783298926943,8.572969162351837,7.764897484609494,8.215081663426723,7.254306439217911,6.385592324714079,7.850245656746492,7.889449870957136,7.362732344948628,6.615672838197919,7.174164239823733,7.554906424113541,8.108581068673162,7.430120573909498,7.548017677667149,7.647418424840865,7.662012599098757,7.4739645786573945,7.436718623604151,7.75795608051919,7.170300914092264,8.185855611421571,7.166458262873352,7.9698457161282805,7.767085607604369,8.53309524250567,7.385508280835637,8.252713773619112,5.64067245169077,7.90633953299552,7.003912168960018,7.311850661947971,7.337899700904191,6.287104532056536,6.216971444242075,7.787918741453541,7.8972207424021885,6.962624135395577,6.419455247185699,7.407846009698208,6.496514842421101,7.914302366040419,6.965795366899635,7.749125096062483,7.4443289563259,7.66624794874164,8.216966159434273,7.898687476207434,7.6100704231579215,6.93264088312005,7.165726617764805,7.031246499836701,7.573546179318535,7.82677401611397,7.551592793384054,6.652294703012113,7.210685743094943,8.323884132113099,7.150558409552278,7.38435882966593,6.404927875737568,7.01100335485849,7.745697845256154,7.737921549085849,8.15798813169122,7.608969680859276,6.82744467850949,7.309285186770084,8.42554296964529,7.66788772581343,7.728441362951063,8.707818771390476,7.5478420910976265,6.949235981338762,7.510477812930528,6.079763062868182,7.226327487725703,7.4742755795462905,7.801737108971073,7.125844666807355,7.6953619499804145,8.94452171749789,7.224930869920957,6.963371871742283,7.120117328676983,7.463966975226977,7.47913934682576,7.857509409798997,6.775065671151001,6.992774237988532,6.513396385976239,8.66731897496374,7.197820964222593,7.402278777822828,7.215633156192697,8.182259849109636,7.217556711840571,6.695096104009071,8.198859667816038,7.292516561476619,7.560225421456728,7.737827030045293,8.171083801609226,7.193169581498534,7.250317032060723,7.55162149221038,7.302730294035167,8.093516409514189,8.159431069697355,6.730090548652091,8.111863055496945,7.504766161642497,7.155645574878213,8.061937710047717,7.21226681194746,6.150162097598638,7.2694292720797025,8.207398596094153,8.017194691721567,7.365442861849959,6.795237246039144,8.279424735852125,7.16304724027244,7.8276930605440755,8.37573658285166,6.771947861030036,7.701200137222982,8.357641062458628,6.77389068858592,7.499346393963789,7.690411162071338,8.193007971313863,7.05136200503706,7.51390710163059,7.683572414029125,7.620171366968055,8.456613163370534,8.217796530021005,7.244738406004577,6.5376973438520665,8.742590390457524,7.198652164226315,8.767216001990382,7.628044565903547,7.803113975902032,7.310132598395148,7.722206457926435,7.275419284341961,6.649197846654983,7.049568914181254,7.524724927325614,6.3025436453591,8.251592188883544,7.270729250890596,6.739130958906114,8.194038450716679,8.20287502683999,7.429593674679476,7.880751831195734,7.597224329550125,6.800265978789836,7.631047655887942,6.764955790120641,5.874663282287915,7.945156203450645,8.723241226432826,7.357203947327101,9.047639039786588,8.205857884262533,8.341888448530717,7.311230018711744,6.775293901208795,7.129799313023137,7.542427690867874,6.3857917401998385,7.981491575359081,7.3037709459498075,7.990201648881044,7.40725676128469,7.590905944313438,7.672630293053373,7.929140988476661,5.527135520286972,5.7258696470946235,6.871298066620178,8.189766005464744,8.708886339192501,8.54334652908314,9.015696410652497,8.325674413306693,6.653804236466311,7.261833830968019,8.166920643368979,7.771343597211634,7.1929055604095495,7.087000713783024,8.362671430735517,8.54046573095445,8.494577050633712,7.1781796999899115,6.547071656480751,6.790088233391924,7.388537622182095,7.091466790044572,8.825248829912537,7.123157644725497,8.938222943677792,7.892664766703257,7.190502181036297,6.695952432812941,8.34903899747011,7.508005351553942,7.228765607858358,8.412586946813391,6.9446163667457625,8.700319614185283,6.922908250148949,7.176100002580104,8.219992892696506,7.885670223175427,6.249391739695729,6.90135916813693,6.694742995905485,7.27433926665812,9.01086897843638,8.853057196815318,8.624230346876928,6.899803269205786,7.544180370865002,7.9116996688590975,8.15637085542806,8.211694346638174,7.967230862475813,7.4427464680225315,5.845954376480789,7.356083297685043,6.901524989540718,8.223005985307012,8.499019139959978,7.102168070509251,6.738047284927972,8.255840496408194,5.42213706731566,7.342639144486603,7.144118078218831,8.102671555148445,7.882564502503759,7.107326613879687,7.465027385225387,5.628901055471452,7.374624840812175,7.495153865760536,6.897862604053868,7.708075618061874,7.496406239273801,7.216701737185877,7.9078781566673495,8.033278970917264,6.946066489187176,7.909923935449478,6.569552350802282,7.959296438479841,7.208817839305124,7.694024117956339,8.60549648908342,8.289088037494459,6.990844601753067,7.585276840145836,8.909978310734596,7.848545078460756,7.159709298087524,8.171471595301737,7.082397817211341,9.017104266144369,7.249317554545356,8.204557043067807,8.086570248690858,7.490432445213174,7.993012659260565,8.705435385443158,7.090705928199209,7.720022198211958,6.619850038240037,8.684396289344773,7.475957898829759,7.046841363142766,7.613986598229354,7.181584065132571,7.488780453828647,7.829504076734006,7.752699533434848,7.3058081156601,8.222995787289717,6.201070393635001,7.528570064019184,8.04808849986156,7.842124042493478,7.781263740997602,8.911360926116679,6.462663297029142,7.9243276077660525,8.34274732047572,5.743162532108841,5.926267839477804,6.771856717309229,6.954446990670258,7.041568451785085,6.290633490730536,7.270833199692608,7.25337061678695,7.981031704922268,8.32909186785119,7.285116154802671,8.382811281423685,8.153363312663544,8.500807663300902,7.971196365900529,7.485792067952699,7.932493171107195,8.5172289348441,8.659657842263709,7.294050314947662,6.925693941939843,6.836689668015258,6.707371765467093,7.2278239145329195,6.8521372913121015,6.834365653490704,6.714251597188353,8.760394156222338,6.860284560187077,6.689742731555693,8.241209358749725,7.199599442098748,8.34655114636753,7.907118881985689,7.17259361977851,7.8873836826259005,8.076981144168577,7.670504594729742,7.1451583112493,7.675736687520217,8.02878987141057,6.944187244047015,7.573171286428554,7.1567035871637446,9.184975374566491,6.8773509494957645,7.967122779358106,7.278651288272767,7.651918967195849,7.833804207681913,8.116773873040206,8.572034818783415,7.184964755272011,7.219286209704378,8.409271216259244,6.558026610043365,8.102493602182602,8.090705583523446,7.180838248643745,7.597861559126922,7.3771159042740075,7.772607943351819,7.086057443017414,7.270521729795656,6.47893297771373,7.49271604716964,6.3551333375857295,6.407979199193898,7.319922385744063,6.9085273609063975,6.7880921903357265,7.597841362156378,7.94058443980756,8.280504135057885,7.409232887861763,8.61151506908959,7.151945439901702,8.205978562439585,7.822883411451666,7.741956786599258,6.8286092594825964,7.7336757880527855,7.931049049838991,6.869364579834742,9.089613227400326,6.693539015266334,5.76050023077946,9.581315859640952,7.6133504075353775,6.922367891070072,7.992427376689647,8.621364403005842,8.078442801473427,8.254160289535035,7.086757962070212,7.2573284486284875,7.5280312218714736,7.6678204945125925,5.746530125346758,7.4014965679955464,7.415981226808582,7.872566067850471,7.9511324783429025,8.686554752795983,8.062872010712285,7.796171948217084,8.121334971694223,7.223029689981069,7.250634836399806,7.980342555289864,8.671195972323616,8.186086535043662,7.27702464031356,7.771161810240784,7.647314270795715,8.090713419551982,8.038516593370355,6.9703460349496815,7.512747078547049,7.398252516166859,6.9687804514444185,7.724600366155582,6.231430200512078,7.484364265292834,7.857244696331494,6.52772852650489,7.8991876837485915,6.525166684897817,7.177881853287866,7.88840484395094,7.6352918509000025,7.9326221811115145,7.739993650414215,7.352884467314892,7.926466153285282,8.009132616391966,7.507412385878223,6.975755480603725,7.615172793189973,7.7772196047345306,7.0281498814353,7.241246688416078,5.576769645639652,7.189183517257814,7.778799134884287,7.722489787868514,6.232040417681244,6.421778856368828,7.35837095413031,8.169826307241195,7.834747476394139,8.93636543928193,8.076755573570775,7.726907221535174,7.770810642984337,7.156879596901604,6.966025063614092,7.161528881086781,7.510076519091661,8.43007235375375,7.883430772920418,8.159444572988772,7.469701353370167,8.412729217929131,6.9936309478243,6.428754268613124,7.312653513408164,5.578395050680513,7.539895347549274,7.683086841379682,7.252851651199141,7.909680670313255,7.491635514770341,8.026403183645213,7.148434513179778,8.545951324616116,7.467671842322038,7.613409749347709,5.735248389094116,8.215688916123112,6.877877870878449,8.141521906836488,7.5053301646454145,7.91101590695135,7.960930431309043,6.822931666772846,6.388834948030627,7.029713534195627,7.815430473149512,8.319241600805125,7.297660611425854,7.326216223853134,7.774604071146165,6.7409352373009,7.3259983373830035,6.6163082549042915,7.762034774114266,7.723205047407488,7.794352703038972,7.259984028356022,7.222394744132468,7.412974558766006,7.398040957228527,7.994265224685592,8.092277765041487,8.166115881752226,7.346199030190378,7.252965772719683,7.723318299330134,7.396910178765982,6.8245721986515715,7.220645395089805,7.551862993435081,7.159377977751224,6.746271278037891,6.742112157581447,6.859554786689886,7.576430672458114,6.8294078598530055,6.977496103349952,8.290213967150377,8.134748061377884,8.024107278981022,7.515887963963313,8.369119236145522,7.190424289051608,7.2414535952284815,7.277673043530549,7.745503977910549,7.0793317009427685,7.4880908581441155,7.832882668800121,7.831342289620335,6.179007821536348,7.901017008350971,7.933717499386259,7.377642746114892,8.856227903308628,7.745790727732973,7.67755537248452,5.833800906611216,6.623285694455213,7.122947783826445,7.672688550182679,8.155121040480275,8.486771409596265,7.68064130541489,6.319510127865715,7.1450248928898485,8.15059586496919,7.724559955625633,7.398412937188335,7.40488570815272,7.880278750825771,6.846571358703836,6.66963956372711,8.085188585758953,7.923723070874492,6.984849323563119,8.17825184148085,6.913794941253947,8.772862626331602,7.457410744213607,7.58748430597785,9.008280153240849,7.872771513786217,7.949512903878723,7.859065296438861,7.629942460736131,7.643728208105708,7.973888053611331,7.555824816297914,8.080303926605016,7.165794167864906,6.969300537243575,7.572608120659717,8.121480414822637,7.550849999525252,6.6628103951579085,7.30388615311751,7.509665345409653,8.106000641408686,8.216664652253122,7.364771420228993,7.561760542135951,9.073641003605037,7.409318511594469,7.779559962287737,7.538583170832976,7.449338633718709,7.560129675118122,7.63666641032388,7.741944209128804,7.32984934657287,7.473670755802084,8.936847919388272,7.2609450199488235,8.398231082327294,6.504461596063238,7.370924601744693,7.034120622582392,8.041259774980034,8.479060120627084,7.243706737049642,7.978429054868554,8.38146291606517,7.872091233859194,6.790590661160366,7.327971215503138,6.868154056502662,7.178701531848201,7.794635308427626,7.230486613622373,7.362364737285689,8.366355801816594,6.836795121891337,8.514443036479655,8.345719852419894,7.10001002973038,7.830500695139701,8.013238305104611,6.983989210027979,8.562908086088585,7.637182042168963,7.0820513376901415,7.96716763989041,7.5696676731286905,6.72716263827972,7.255562719954627,7.3239516841199475,7.948310027354594,7.518402045468412,7.686088106173904,8.082305856630597,7.342759428287471,6.595241548404584,7.641489777793399,7.0508249347968395,7.89865863807965,8.085047555068012,8.056977334168796,6.807609276413281,7.887865810423657,7.336338392339059,6.553786884200429,7.9194963279588615,6.877493452027599,8.065231910270839,7.197340996758342,8.428644588933997,7.166247228418756,5.9254829322035505,7.222413631133831,7.140443200879258,7.937538736442134,8.062614001497067,7.099693471109565,8.30802992643165,8.040744905010191,7.969462425928369,7.235435070580344,7.619209144476603,7.372986704140771,7.9639612755343805,7.821020780487418,7.78479555119318,8.289772034662784,7.756416283509767,8.251686717058014,7.775025834776152,6.518900905637609,6.339827142928131,7.061783621128287,7.310889014247328,9.231511906980016,6.9870244977721265,6.92232158604641,7.741209829507022,7.938825991559818,7.570721357137623,7.792775211093639,7.819133141113589,6.914461115784964,7.214139031112753,6.8664019758232495,7.062419822122563,7.305035039289583,7.335440353047354,7.131353047970366,6.821767081008351,8.091870333750759,7.562602429045567,7.892750126375915,6.749573512934301,8.616548427580133,7.8330935923974225,7.153825234122985,7.652445911995485,8.819194599477738,7.2560790225022025,7.328226579582678,7.646059955500045,6.891929844102537,7.614834926817696,7.354496652096558,7.671259947254204,8.002527413761786,7.953962242839164,8.058324388416738,8.934300345441546,8.362654802871292,6.428755421720694,8.827742131512037,7.741269808454704,7.8183812295517345,7.461787845902963,2.0872849969672123,2.482044270493509,2.198690611205993,1.9252756440404895,7.139200460723701,5.927745407094632,6.473986189728047,4.176379293011656,4.947744094907484,1.682214538960009,2.812401847275029,2.1219957070376183,1.0493215557008242,1.8354780467230136,2.572577360684866,2.025890543217172,2.641690442792661,7.044824342993885,6.725431511532713,2.359909551535057,6.649699161983109,2.6074908359411473,5.960933063076348,1.5308775422538083,1.72323948805334,2.3176680370834375,2.1665475741372053,1.314214418100977,2.3799246955476066,2.2372752482777174,2.8332806555294354,1.9030018178701795,2.590190152990449,5.324360120989073,6.536643878980014,5.121089650577824,2.5394662283312597,7.519848966484502,6.108040525376977,1.9847428803570533,5.125675721157911,3.0362894717298006,1.7200504701766992,6.028947993998845,3.065876391208717,8.00952401608215,1.5042116794099043,6.962038359015134,2.6732482369725323,2.3331592056808286,7.625873379774071,1.9213576874233356,3.056199512790336,7.574779983443834,6.424597826440288,8.117819165112142,2.8502111052935173,4.320983109361382,7.633600385178886,3.9061070559119013,2.2074754230073452,6.3799866743932405,5.801241400050506,5.34937989317043,4.445213480591022,2.3335731479772215,2.3218635464188124,1.3323275826440988,2.1186550803892708,4.784323634494116,5.233831165267209,4.412456779301424,1.8689536966678888,2.3795680918434985,7.04709244981609,4.651052532288225,4.733379313821099,1.5298168404456287,2.566874001491799,6.723843185795419,2.5414121684697335,1.8153979816702563,1.5504701634688745,1.5263800628877535,3.518241094910386,2.454797197642621,1.0391701694415734,2.478403887068122,4.409951103038165,6.029891484128006,5.138893514518939,2.8427818580872075,1.6755497914286446,1.6088348096871319,7.538302480947047,3.3408127791609745,1.0510727041524668,4.1392663106263505,5.820827891628736,1.8971042969304872,4.113884759374249,7.569207328697934,2.774599812982474,5.339760607730686,2.1475746869201386,3.771806615943847,3.5717558799303295,2.9726175595598274,3.520228142605354,3.710667475110367,1.2316690414454152,7.011401056184123,2.6266888200067777,2.485778096218126,1.9477344401703431,1.0893237071055395,3.7493642729451175,1.5260479195942616,2.408843996373329,8.117258565683901,2.574803973767071,6.171018888506488,7.4502365903353835,4.7347815373292095,2.330017217991484,5.930645554754545,2.8167528586311845,2.3335276618680494,2.6513306953293823,4.466376996594694,1.3455991289908626,4.255457947271572,2.8652402889062594,6.114331553090138,5.436150867399672,6.027661807684939,2.873044607091857,1.5962014341508968,3.396189193869047,2.5161947470037034,6.2084527315807,2.323679479194611,1.943531968691576,3.604674350614683,5.884721753550261,2.7324729346668715,2.133081856326444,3.8781572906189257,2.188334629779926,3.329724023134036,1.8984375923767653,5.273104555841518,5.214000451295542,6.007353862974857,1.4006783710443296,6.239886457163184,4.446771415562593,5.953574785464158,5.719841500190464,2.6172821829870285,8.27765040117421,2.1283061846709193,3.1198447899378334,1.7104179308083471,7.878830871903257,6.8753815144956185,2.0102082439318143,7.1013165011761545,5.326449922888254,3.1127503323493957,5.732251909021104,6.353333536197283,2.2316016297681016,3.3049969159378176,4.726493501693803,1.8521530597207632,5.604622293273622,2.3484578668100293,5.7764391507998925,2.800246767032991,7.491705809858098,4.015377668656686,1.280381283574804,3.3309424017604945,2.206533617901834,5.2106296310280955,5.923402420991957,2.472692866053121,1.2912366438141434,1.4986645689518732,6.078905628165395,2.1402531533423126,1.6624682422173498,1.4600197091816014,3.637607902511949,7.064462071737035,3.9149031978468334,5.6893007517661855,1.2033179581559246,5.1989919681008026,1.7291277011772745,1.9183645759527312,7.731129625491342,3.1240301958075216,3.9861650296889644,1.954872488110391,1.4177552770085984,1.67451847644165,3.4356990956077524,3.6926984093773054,2.586515825279538,2.2635341825226285,7.281875880171181,2.388893988090757,5.591734519231922,2.7712881184888536,2.1544681692001624,2.2964596735788354,4.375187272131513,1.971142771240577,7.287202933678116,2.265381098029724,2.380569722609474,4.319327320191713,2.4712522821811973,2.6555898283094748,1.0135699072295332,3.5751432387156266,6.887984488402904,2.3946096655715485,2.727542072365135,1.90236909983403,7.650842717242071,2.018902039596679,2.561364311775817,2.461049025235195,7.236025528472713,6.088944712703184,3.065452433704397,8.112910468346833,2.9344022739889475,1.9105721871676855,1.551770363000574,2.4789158756038066,6.641954747864676,4.577221239773249,2.067494085355443,2.7787693295978766,1.270068147270284,1.933465385070111,1.6413180342483882,3.878512377747798,6.23133106125022,8.08885261231801,2.932302916650271,3.890620235109246,4.983786758223762,7.169049000780025,1.7312688314017588,2.501157215994356,2.621169548526173,6.990158191911715,6.873863535012908,1.9981204854861667,1.9008757650250196,5.844328854070142,1.6901850879748297,2.4574138382826267,2.4416111601399337,2.732610148489088,1.6219551764993263,7.879339601501546,4.018616539844498,5.868628217003438,2.2503659595302907,1.6349474917571625,2.2133107660770848,2.854496218346682,3.5519372420701196,1.5382273315253592,5.4853328161796195,1.0402545428660168,1.3632360730884057,1.6595024925481416,2.134852101206391,1.4032792293456724,3.9107989014910287,3.508813811321866,5.2862132348380495,1.5446128017343261,1.4280706844266349,7.434701156065575,6.549072586259652,7.046042442982218,6.1993692995562055,3.6684608735501043,1.8198418515545762,1.832101146812831,4.957404465966938,2.798307366696839,6.644153368541597,7.484262076482859,6.807520786694423,7.048906005263729,6.318001270639899,6.778765003761146,7.351532969167949,5.968335917488796,4.925442758618645,5.674637273645062,5.868985512984433,7.101288530154053,7.9320093480193234,6.169522084559,7.206965063796393,6.553145024944486,7.294441609773074,6.357886435649291,6.644131582614219,7.492907736242521,5.905494595103096,7.31168405744682,5.901801379103578,5.122177079305005,5.073757418882026,6.940490562958313,6.773456496515114,6.999215997766702,8.080822587678615,6.647552470961265,6.903826356433295,6.624174496021514,6.203813299053565,6.930826292477058,7.00691855260299,6.309892351920382,7.219828834221346,6.083111116290663,6.649301169213358,6.181714852874641,6.130984000145378,8.140493457256872,7.477588840296412,4.692507329129289,6.219294899523769,6.937402237198985,6.7703063695820935,7.281463320516869,5.828549901259667,6.801928367517763,7.31051638700329,7.145224796496257,7.355227578493366,6.097216912904187,6.4632011743726885,7.477088733565717,6.559249276820337,6.712598245029382,6.415155527032147,7.208099476406613,5.822505580796704,5.740674134030422,6.9542275946516074,5.503386830210784,5.401666314905638,5.905796570096339,7.1655838769253775,6.931058448264308,5.736883614093546,7.751161363766086,6.039573318766495,7.028179744164908,5.692636731007093,6.650909556001586,6.8233254700521995,6.8237000450317185,5.995584106579626,6.966802586699526,7.328026871024344,5.962329387907958,5.866163357824417,6.8300019742002505,7.309365952389282,6.959107581774625,7.394733578173459,6.610863948179904,6.314720037910662,7.75745906636605,5.759677040334038,6.276324659823108,7.0037314819992975,6.990528320977345,6.571069713982183,6.475040328442885,6.287399484527972,7.590903278297146,6.925978479583243,7.27236242242184,6.242872471096733,6.607562383412923,6.27452020765772,6.119764234362307,7.4704449789759995,5.889819487721871,5.884767403137852,7.557649929719092,5.558391593526138,6.633453752032574,7.262964924354064,6.4161846611641895,6.406909700314462,7.403332143727732,5.868479168226774,7.0227969420895295,6.8519535768317175,6.519152778007932,5.796012110373121,6.956666493453873,6.770894489586005,5.961195505036258,7.478783931236676,4.742620274400638,6.926953166164178,5.059617235996315,6.553738321943221,6.640961278774659,6.522998586890497,7.837557705375728,6.451004276062344,5.9088104307489875,7.085739778276283,6.099082697679105,6.437857915017823,7.249827330316933,5.678817099742279,6.224261641627953,7.074371953099291,5.983789622116212,5.91748943610463,7.055929372482615,7.2197907500837175,5.877490755528534,6.609377145541693,5.897864254449434,7.099500320612455,6.88269536159133,6.024737322364479,6.788057850720618,7.824831462804634,7.497892601939198,5.724402001916034,6.978050962466363,6.127127688836691,7.366803852282892,7.1258993563605255,5.857579466386313,5.846819206811996,6.35282591153028,5.9541252627149035,5.7722319801986135,5.876260321455909,5.351453211476948,6.215840531376936,6.899038931441453,6.619402931492371,5.968316582843454,6.37884835187048,6.692280757730071,6.124907880406803,7.047858043285551,5.6337013571959185,7.3427651254098425,6.305640756822472,6.366912793606898,7.528418771521948,6.885587867130079,6.550239443045084,6.5910791073417725,7.002063540763609,5.689216032328649,6.541544059279594,7.111237674932312,6.298267284691348,7.222710389899345,6.898015693692754,5.995065638891043,7.1438845057835865,6.01758207012553,5.97363173309584,6.002794207912916,7.320275322350614,5.632728179820962,5.562583808228662,5.959780187247047,8.071622144003324,6.575981984795218,6.13818352684283,7.316937182932915,5.701159577712492,7.29218412969999,6.5897033304264605,6.589780559477479,6.077823298539817,7.052255298749319,5.863392040318425,6.473398846359465,7.007512067580841,6.009742703720274,6.814765192273277,5.909972363533979,6.940424969464602,5.8572965326393955,7.719914775222627,7.409738759830953,5.223994807122586,7.012215932021711,7.592484271398085,5.498569549653929,6.929084772024086,6.455998961537225,5.905733343921466,7.349102801495089,5.510229293645792,7.342933053587843,5.996051576540452,6.008691698542402,7.359801651193489,6.13220608881084,5.944191444230021,5.690221923475356,5.859142817884919,6.738326869359081,6.7646533917932885,7.547684139257168,6.188175062589245,6.338190170700901,6.066887833364352,6.348364324760094,7.743322617826337,6.566566762231634,6.754882251114354,5.663905857723648,5.160266603618434,5.648410646767946,6.4941361172323155,7.053275209510385,6.6719967193415775,6.537235706456238,6.957086351387599,7.7363717238349805,5.670442184750598,6.524130184231697,7.6580065552610055,7.084451493087726,6.688614210070753,5.974183569063952,5.93790136704694,6.660226851521569,5.254632127011061,7.587501159773581,5.556018911386828,7.770878558679582,8.092669478776338,6.383595952844714,6.717130599767645,7.6054317575007415,6.955354261332328,7.580320198447702,5.530439359882926,7.262601784487367,6.571174798444049,5.601248650325117,5.432098048735191,6.944319527839265,7.165316163706683,6.264912626305268,6.422144313004649,6.5092546660669175,7.399865091243102,6.257772937773333,5.970745033136898,6.192510684986238,7.209617946544743,7.214535463146872,6.7852734906707335,6.679836166732924,5.947636872728911,6.579149846569338,6.805642352891228,6.414304178714291,5.975518994362797,6.856339353304933,5.541908595500082,7.130624862369511,6.562870063049444,6.057665626329713,7.621721713797925,6.463895334520956,6.517250237582748,6.542193004373075,3.8626227495211833,2.2147070465461374,4.256718073197697,2.32331285601183,6.796382859096811,2.859395433250891,1.7588268151402162,1.9007176641379167,7.252658200922365,2.899931209781608,7.674584116362051,4.78563618283246,2.262347438952434,7.124993046591953,1.827348022041243,3.3386258574619383,2.6132220577206495,2.5575270500050413,2.1281743756760783,3.0229874248442545,3.561820817551194,2.618981757073106,3.80980786811483,5.742796752674335,5.804982692131586,4.404917525989936,6.892754986878089,4.16046647604916,5.762871731984245,3.44532299505396,3.092839980381274,3.6974043378663524,2.4365647594719104,2.565281339820566,5.788382348204974,2.969441857522948,1.8955001702247236,2.0995500432243106,3.5181982094348605,1.835954581857844,6.7794048257313975,4.655039482164364,7.2954690940961395,1.748646526238063,6.06744762104263,4.595771692020302,6.239807945576406,6.430798262332933,1.485893925568654,3.489392318289945,7.380396539303795,6.933903576316318,2.825501975195603,4.52774264374014,5.196770735128644,2.179681881610606,2.9390847340654846,1.8414437080666324,6.447046496079935,2.476612142498885,1.8793667354573687,2.0120102371430924,7.252301134026304,2.8697616911127404,2.8949689378068695,2.6588554129627786,2.70555197528266,4.129665883603299,3.6818997847977974,2.136328706617641,4.101405818243346,6.203811010433829,6.677894330047283,2.4693549947837723,7.158662462164374,6.563665476402843,4.582898071135834,2.8983368348333483,6.220831145733916,1.9904153736066346,3.9376783341186887,4.774773404393364,3.7698262756674885,6.150252456399245,3.3131480510268565,2.925817858740838,4.972961637812384,7.0219756019420565,3.802622660555019,3.6320415020006314,2.6485774960003954,4.360839431322734,3.0647202206906408,6.52190241579781,3.440847468384636,4.385995502415093,3.505401169155514,5.9664006644618315,2.189330526320681,3.416561219445533,6.841164418244848,5.566497357320467,5.275727158874547,3.7077247969039737,4.183130546618742,6.878628156862132,5.652490726388377,6.776766712808177,2.9313806787430323,2.3700779672654835,3.1834726401196147,2.693619671061909,4.456965683695289,3.246991268995893,5.271881782013178,3.472842934531284,4.030150553832635,2.398857675797371,4.711740978517544,2.474563651744078,3.2683040331877864,5.9460131864123245,6.560445087044397,6.904937874918855,3.0535037893638353,3.470769795778132,1.327384012594468,3.2605234617311187,3.9677889986788157,3.8914395514630655,2.6318026723760193,4.449816433684872,6.145421668762083,6.081205243380102,2.533758381015397,4.388446694918327,2.996002244669861,3.6928047309860106,5.813053537996426,7.091449010168667,2.3307984416758036,7.411854279881644,6.8529978720500155,4.822831900923644,7.233973577709666,5.150236195846627,4.920640285485826,2.3196333084255665,5.9647200454012665,5.773858842583427,2.068424481642784,1.79108657882931,3.5005706015339593,2.933984519712235,2.1418790906552356,2.0126688208570207,7.597221181092208,3.691033693869034,5.976963710409525,2.0825502773874796,2.202350131631034,2.556565432875951,2.207639557820464,6.724550815847077,2.1677750790003016,6.187151591819999,6.033612310390278,6.883537017452355,4.254483767842815,5.990064907981711,2.111260187244245,3.934116597223089,5.675696504681638,1.6987421733596666,2.6979055484693157,5.924458788518314,6.345753537605172,2.8445410151855675,3.7903194667342106,1.7271921676277437,2.0409792120515093,5.524502621821076,2.3182644691262224,1.9586287663363662,5.287699120705704,2.2417307738309673,3.584518182427863,3.0630067839499384,4.779584634282476,2.114412712237724,2.3688927882050375,5.283499091270043,2.4567653896813426,4.4369675440025516,6.501323626947771,7.401328116590963,6.144850807381766,2.930852540505334,7.092735000523094,1.9427470637597377,3.5177906441994224,6.891507243720588,1.7001539129676078,3.49281638962996,4.736478592140339,2.59957008238901,6.657963612803509,2.8608890738610384,2.056704012910554,7.328787401397408,6.677488337962846,3.8302814109660033,4.9000850343886,3.338583910732489,6.939807037681629,3.5104303142561006,3.3607787216358163,4.886870804429472,3.2848793360948596,4.5069294867630605,2.195451749259767,2.7716516867232985,3.8768813358673064,7.3184034217035965,2.3591495504561677,3.791357240168777,1.958337163736131,4.593067464892155,1.8010903007418866,5.885005907391163,2.513796814305793,3.5760344323510624,2.4403947051835373,2.55179440419685,7.100610904523484,1.7586976857146557,3.7334155736173207,4.738299753723391,3.2040521713771453,1.9956121875912367,6.943333392320788,4.5935445668401895,2.0233746370490753,4.779474350268895,3.255869633754141,2.656230467905085,4.955104003617298,2.4813621598713973,5.940461671130479,2.109956168659415,3.006203693134335,5.163552436057715,1.7818680241336735,1.7343464361754595,6.804311975325059,2.558785377912998,7.331183672870529,6.89023746665696,3.5358397232092758,4.509435292344264,6.650135059647073,2.2171191441547142,6.789735700664216,6.946497978012187,1.404810116433838,6.092371707396491,3.482209145737858,5.965798963303507,5.86552180910498,4.052553390573677,2.9707534487683636,6.119834972360018,2.3416518066690744,2.88970552547765,3.111644274942053,2.8887753345441576,2.400000597545943,4.35832614834924,4.75870792347978,3.606556360066173,6.9707542230787105,1.714720608049659,3.215024968572657,4.345583650772962,7.158169701156755,7.19263817505627,2.0484278832956235,5.632228973785225,6.892091341904124,6.833841231522343,3.1871452021167346,5.441203095458597,4.1399056869706365,4.3466366929230995,1.972495009174493,1.9941307439353833,2.095746443437085,3.1784207914753595,7.00182931378672,3.6706680355712074
52,13.959045477219833,15.147491248041542,15.373664023200888,14.074673048197042,13.005596825984549,13.477136158898789,13.403299926195576,13.092036951713773,14.816054171431526,15.421502185892667,13.104200880418574,12.77223634906758,13.218971855027961,13.193874706858038,12.774303083406052,15.249985576208745,13.407832433205906,15.38183593773281,14.346065158813957,14.186975091123,12.586311008083776,15.098552023107077,15.597612559109237,13.307796693249356,14.142642074980081,14.92265426289052,15.338740818623714,15.03759654019247,12.908108826455623,13.901137566163015,12.932788537335526,12.973312262548323,14.195387394505314,15.241960902092691,13.7380529509724,15.253574742075068,13.771059970211388,13.656367965169265,13.481497494719326,12.98924510276542,12.6843528476395,12.785917489533585,14.717563634927764,12.969110453573016,14.368208407903666,14.040237415629045,15.648715774377136,15.219174653049613,15.514312288239088,14.998441652254288,13.615087436008784,13.030047849143223,14.178129698942907,13.101935258498703,14.142408680714263,13.720375395610962,14.86528917197006,15.26170630296699,13.281466804716946,13.044671627637074,14.195472853533111,14.626895748426616,15.201500635611298,12.820797993791018,15.433713541026748,14.19809368316072,12.837999551365412,13.786844836945157,15.035892058569848,14.363464301758537,13.627214050018715,15.485889834309793,15.175791141735843,12.431385013791113,13.854706009903017,15.361915183406783,14.10531072312367,13.638830386770227,13.365893571062545,12.61151985185883,14.785715888111287,15.239693566698573,14.179114369243852,12.61468675010191,14.445168846159044,15.222430951238675,14.758615832909015,13.5703432873463,12.817899615684272,12.973286912112727,13.091417696604406,13.877762162138161,14.212156737047383,14.644928576677053,14.329205336253311,15.192631996781822,13.27398579206638,14.519457174617749,14.176802861391009,14.10276679680704,12.937378522689444,13.567005008397224,13.845014148038333,12.967280698096467,12.675073963389748,13.142622669164632,13.784621512869887,14.862559167547248,14.069249925803797,13.52839926597778,13.69075870388568,14.112966457979725,13.589642015181752,14.270730520564728,15.09527370287099,13.857323795299989,13.667111325386376,12.840687672841398,12.35112959291183,14.767147440319956,14.941858424613528,14.951899885185515,14.354429944547634,12.714761690578095,12.284057245336195,14.197413714515788,14.94574496406871,15.593413699491268,14.027713194718038,14.06642993920592,14.745240275312174,13.56452293389081,14.590097280261688,15.270202589233092,14.026221848259725,14.822553742228346,13.005760840759296,14.97707224192997,12.865551635008032,14.107491128837482,13.069112850881812,14.526533073260556,13.901862396925168,13.536711669560702,14.175488254757317,13.561030186643835,13.765822686171111,12.732067997372843,14.937631784558382,14.79295403619948,12.860878938200925,15.65460976178999,13.466940870221146,15.227494312474112,12.880566075509014,15.132706380641363,12.550805048149764,14.053747131129256,12.927613807501462,13.339854696840158,12.749323831722325,13.567992786009563,13.650061867200293,14.46516495065451,14.212707476196693,14.120941132903651,13.238595234304507,14.701672357888484,14.750223983969228,14.335834782922293,14.590445597070074,14.746884391178469,14.070590271130719,12.939936389574607,14.18024674368979,12.723737587134718,13.771949218199039,14.066583089517454,13.453342298656588,13.214410025979276,13.20635721631393,12.848321056409084,13.35926344572105,14.650618734201291,13.104832296835028,13.115402215321593,14.201523575528572,14.071539803469964,13.090522228064119,13.12955493553491,13.522043587240708,14.218633552786196,13.146001068262727,14.294950674899212,14.263729579134676,12.547644089931602,14.034311501074455,13.768139803604262,13.900182331508152,13.641648623147717,14.759854397180279,15.382148685681688,14.093682610557668,12.935292280677277,14.15852293310732,12.44162188049919,12.669494059202654,13.13343050166407,12.809040789282447,14.04931148376878,12.968644682000456,15.44091493716458,13.27227298527472,13.596263443907882,14.140425143487318,14.074428537371725,15.434288896613095,14.632996601003883,12.755114018993604,12.96968713391086,14.336149480926691,14.243764577109443,14.147701347279307,14.311433117808216,13.486139648529546,14.131583170981997,12.569291644298579,14.200690380093079,14.810119789703158,14.144691517232284,14.906973241714338,14.244371636401192,14.802157009359004,15.477387349152014,12.932157192764603,13.14421513056658,12.931849236105002,12.744365507052683,14.274603896437862,14.283866636850837,15.086764983845091,14.57289302761747,14.830526954091406,12.690893391036305,12.671800563833617,14.02799273088809,13.836098180573185,13.065006371516617,14.606805216329626,14.329426333988307,13.813103011948833,14.12912718684313,13.611083138983743,13.508760811013097,14.507560398322726,14.338955300130728,14.137203172742124,12.765064955650242,13.57441731796969,15.107721397041294,15.148009897677392,13.314161766895802,13.890238691467669,13.575946302074653,14.024807264521787,13.484055014692094,13.867596323357581,13.686380156519252,15.540393254495577,14.484110389827853,14.29453560018636,14.82447876461169,14.206221002996301,13.160297361414088,14.267376764640582,14.447180765530888,12.700312563142784,13.561047091506147,13.050524924674573,13.813417887108123,15.2292409909839,14.180631428095598,14.21889188429256,14.367368898063026,13.576764225564562,13.428909940143049,15.145172365167744,13.127894788857825,13.916539144794557,14.093147690219253,12.735170067255934,13.557689122094299,14.197129309637875,14.676838039070566,14.547766593223285,14.160209423783439,14.227312804991055,13.174154803684777,14.981530336458825,14.717009086338843,13.70803577738348,14.696322842316377,14.82998367529459,14.757649535467161,14.263665252748513,13.121163061688991,14.400530543849696,14.547054162783438,12.982754969555206,13.958591641227784,11.997817146521013,14.380781058628425,12.147520552665581,15.548215371277832,13.583816185197161,14.190427256979293,13.498733679298306,15.760089167957078,13.216684065231881,14.751403317544716,13.915193816784297,14.577097894794402,14.487643738425861,12.831813942105494,13.530437387210085,14.743296826692482,13.640278013576413,14.482041348384538,13.805695737534739,14.075206995661743,14.745422875378985,13.811721622465598,14.278909707520636,14.81043248841728,14.668313388515793,13.827907630466337,12.735056964422718,14.477090015457295,14.397845090023283,15.296908296364252,15.674816340045462,14.973379299202831,15.516244435379054,14.618683270247129,14.808500527339437,12.48738745740599,15.10410051567342,14.741576887706628,14.82837076058202,13.547903002506684,12.535307979578022,13.896201158079757,13.910926416858587,13.96876391198955,13.966878179831404,14.504288723449685,14.128849375390534,13.848941545472659,13.823278587363397,13.905461499650718,11.637477611733116,14.97168626897238,15.271313744620933,14.327325227435315,14.820416631586427,13.609671523049052,13.278797712979431,13.957486416878178,14.085919673011265,14.258408750556741,13.090384895306633,14.639862122483482,14.018182726242532,14.848234118514986,14.020890518709283,14.505810097625432,14.654479342271927,14.729810998942524,12.248815117876788,13.094819763264706,14.451102115418148,13.377585960033226,11.77251698260039,14.27873055813088,14.812595234735385,15.401318221077647,12.900512597591034,15.2438972145417,13.681930735913726,13.327219108629917,14.69773509814008,13.252457320378674,15.051972089072978,14.609566123650623,13.698610934728716,14.584615668003728,12.644153881325431,13.037976291760552,14.532951196628579,13.326490630326584,14.198184427674155,14.298014389554169,14.472884370853938,12.314928486405229,13.00539575598856,14.182053277144968,14.21077148487497,14.48943329497298,14.477371863263627,13.740946507494614,14.314212907406539,13.833829322226588,11.869331882129833,15.268847619006142,14.123411469353439,14.77161451873098,14.316485743561355,14.22437381990276,13.388000634342092,13.674638559084427,12.979789002843352,14.787905178703442,15.118597306384029,14.8587176125507,13.609246851763737,14.402698149210009,15.277013656719777,14.364998824954398,14.161692056522105,15.087355022927222,13.728067675201599,11.78600788204026,13.229251634601916,14.007595660948983,13.770921002408674,13.848640718753819,13.755016462805681,14.998496868110323,12.954117449775019,13.826567095472795,15.404347315058066,13.90181620867991,15.01681651226866,12.731936379367303,13.303598332968198,14.90321077970746,14.578078060597912,15.307039724968647,14.882277444306215,14.66075056226059,13.251980851996423,13.53335483054374,14.946298774824212,13.656011581729432,13.06494221500436,13.582726147288103,13.3252461244868,12.87940115526829,13.729423225824188,14.937170272577356,13.705820175024533,13.921855276599857,12.991221980397421,14.142790355557947,14.957174681546842,12.774413068027883,12.305800878836303,13.041297996506689,14.517820702882574,15.246847906919482,14.731854802472741,13.617489642108584,14.357842494871477,14.135534536688882,14.409377605542776,12.41921806705577,13.631401121727267,14.40321427510872,12.796115907281237,11.60582936633978,13.80084387072564,14.64716463053074,13.345566932984777,14.701734057438609,12.6393051614295,14.673845042397723,14.083174901858422,15.0112284263752,15.294383624290944,15.271401476484442,13.826837135339371,13.92156894133949,15.57880000279601,12.978454070408473,15.05051188658947,13.01282667438706,14.354754470503151,12.696597768441086,12.358394878195055,14.131097254455184,13.26489199981732,12.954307084379714,14.623772197578546,14.38454843790416,11.901732383840256,13.482910266125348,15.745915798485202,14.162980530360219,13.69594088413838,12.227258841041012,14.152747767520834,13.942899518566922,12.417711484262757,12.986311090892107,13.78983149449869,14.938543308667944,15.28163374120816,15.464374164642969,14.579995513290283,12.729023974679128,14.427925179511618,14.112881065988931,12.972929428008403,14.369158531048488,12.336710458393087,13.578901234672609,13.74981203566158,13.890790411062936,14.42780893255658,14.008204525831987,12.97008343214608,13.302060211372062,14.403997099224787,13.790598852736725,14.072397721946846,14.481328332784333,14.182469198955237,15.250389551323599,13.594189546414158,12.160626436970977,15.281713429877538,14.50186917198011,13.553896951007008,13.798821447459165,13.21591312615133,12.843354064929407,14.591203160123241,12.996952180387567,14.396572083639585,14.38866321152127,15.3666187215025,12.741041631823961,14.802877531418806,14.723258788084014,13.939115208660999,12.600004392561589,12.133084654087359,15.539418167611407,14.457260830090275,15.364963135640307,13.135066949175512,15.428566589231602,12.762498491118798,15.491596877273311,16.184733681300557,13.88966370118447,14.479627115854836,13.85050325557634,13.710424323308379,14.260351949548246,13.452883110304674,12.874315624721616,14.522923613797563,14.696424120348086,14.099813422104734,14.015376804988675,14.159146497852294,14.165807743528429,13.63732591562961,14.210379374641576,14.084804174528543,14.278386846809406,16.461612966320317,13.146473390568568,12.908097288188651,12.76451875648887,14.075039468781975,13.555682578520067,13.628663369351885,14.170512557152271,14.285980096988416,12.386974232522213,15.7467781523755,13.220927296274334,13.78132492801309,12.378973560702104,14.05936822782766,15.343547106013457,11.681781907113699,14.21618637523784,14.111169617199288,11.729240355573847,14.73827570084008,14.276600715817366,14.291793632848801,13.382721597236511,13.365305781023846,13.674935166716969,14.256763980071247,15.676422241694306,13.720115176491124,13.958241424325287,14.840330690701919,15.124791679037822,13.580310692554843,12.75568710682933,13.218839397518735,15.592731534492133,14.717642474086354,14.520338111305568,12.818577847076968,14.264974716349863,15.328595219309548,12.847235117709575,13.708689440520343,12.325938639480386,15.409279879525368,14.643662020337365,14.935154305734802,15.03252175616354,14.570712044196465,14.966494969490984,14.320781347695341,14.04920728513448,14.0799606019779,13.335184783600724,13.306581233102307,14.947058681723002,14.678856953149952,13.505091905189685,12.033431003128513,15.46050509587574,12.594439060508554,14.306358289125056,12.320471477791877,12.117052578501234,15.072366401857852,13.630156200027317,12.99869856778729,14.182492274442032,13.21515246970555,14.871043059752168,12.618665333125769,12.925971426516613,12.940640592777466,13.226123677784885,13.870622347385035,12.019432688954073,15.932994314697249,13.982928297145738,14.515262011853492,14.602340094220112,14.936774427993658,13.077612303862125,13.057175197106215,12.310292567897116,14.130320439652296,13.324437322917223,13.895846782065782,16.00594170188004,14.039002894257779,14.2014746109634,13.926450202212806,13.731709411896853,12.877024096328977,14.023329659033257,12.718834878115187,14.454236369564365,15.164217107138635,13.354244530489252,15.368650716734697,12.404915023012123,14.774898681869326,13.036057084219348,13.849372886736974,12.316513616172626,15.174199099220086,12.380737942167135,13.854231388695208,12.089920703680448,14.735738863193705,11.613704898050022,15.879272860780425,14.119041484095499,12.437610252894126,14.16381422814994,13.412513956721797,15.464132220470429,15.846251382136305,13.43571671181289,12.94314936792311,12.281456649058804,13.13676706097935,13.253857976238384,14.740673282911452,14.065057428813594,14.088630911667346,14.211438310187177,13.628504551962513,13.952204320386631,15.877885493508625,12.1580644827172,14.58151662458522,15.238716489205535,14.42905356253469,14.12072156315181,12.909323608261023,12.978655089343928,14.040523588334143,14.204054929518835,14.646292424458492,13.896694867098496,14.178792513297621,12.790862256657501,12.478547243404563,12.690693807761916,13.249184714259679,15.006418396005682,12.450436088483137,13.487512901744998,14.232058916940542,12.556394633041188,13.063774355235987,14.14124377738557,11.441768436030602,13.15875677493516,14.154459578230282,13.668705485936572,13.161548061295525,14.963544536414473,13.22602740221092,15.068492347903579,14.847160181598095,12.157681610823971,11.999420329266284,12.73376456904437,13.798541346570877,11.937177075296974,12.993574062698938,13.745598357757238,14.281717848017845,12.402049988724414,13.870855040299542,13.680552890440753,13.995817438929079,17.0612305079458,14.086418915250766,12.122118368697446,14.454046667455195,14.71080163270626,14.971120981766356,13.923723772288007,13.162720084033353,12.917702917045702,13.037598501614433,15.433296937585258,13.658432996110335,12.463097089948256,15.063134139355846,13.964398379484594,11.473346360215455,12.619035060669557,13.549462518057695,13.744214674935062,11.7506893129814,13.549371762329423,13.765015599877646,15.730663143530084,14.669607214673672,12.259289788256888,15.612693382014648,13.854973847737746,13.436458686371052,14.034675436102576,12.852955222811511,12.098404681429681,13.645689153943998,12.605527446389429,13.294150868634874,12.719440128353462,13.981398043831316,14.276225402296596,12.396681517234017,15.77233718594983,13.947480714792807,14.810538793092848,13.099894570708873,16.11508926156703,14.466794857752168,14.245863039115642,15.596746353765118,14.761081149883958,14.90329419534521,13.65537808924974,12.637116928379747,13.987891575413073,15.354297912624356,14.56812095348641,12.810577200830389,13.015749861386853,13.308312195894375,14.780056358412264,13.246214356574255,13.910907647411749,13.855079780570422,12.997324041607344,14.546965299072783,12.11741874837806,15.846424227946521,14.47064265237562,14.833911740171677,14.74005012828474,13.763487956339292,14.432023468600157,14.746526013045623,13.128393943491643,13.778716707365284,13.442960191759255,16.967536915469562,12.454659472201755,14.583127853390273,15.937457178957331,13.446120326948396,14.19448485927448,12.695670007309674,15.253996748714902,14.276453481103252,13.370156535342941,13.063140211527616,13.670371942881777,14.833078144910202,14.81362655326302,15.026410493237744,14.028907124267302,14.488001527907986,13.45910843303891,13.371343678232547,13.842989968068887,12.82829425020416,13.98992670042884,14.038923064825743,14.091380606604739,13.008805743552639,14.311559976386764,11.749769146107859,13.622766194425536,12.259124511152736,13.430051567753972,13.824917989162882,13.232732856075168,12.933349157099524,15.303657595779036,16.000460761189682,14.487619809715374,14.608021538470581,13.903700449487419,12.448547352909316,14.486751495670353,14.164025288228917,14.105707082865036,12.580618649398103,16.76482555614222,14.61850727363633,13.939468345777183,14.932342045769362,14.859989998421467,14.026371309661902,12.962203274628198,14.44465056448004,13.932832189302546,12.346512851955588,14.234945073936634,12.067911051877827,15.900655364659633,13.97857645554596,12.407196011321814,15.508823136258444,14.444308251382262,15.62575008939645,13.580057961901232,15.29330109533048,13.02897023931055,14.44644471564059,15.207034930018581,13.839151341838228,15.644429685979864,13.492819285374702,12.360782057810306,14.269563825575982,14.93606625291985,13.44182886745637,10.68123759728299,13.902486281554847,14.383606042042155,13.562711152242212,11.878013446590332,14.009087950022176,13.725091237004968,12.659959054911617,13.569177463807424,13.94823880844661,11.713109658435979,16.08303968834372,14.422291530857729,12.26058159345212,14.510081501272476,14.297268490388365,14.220353824724798,13.98122159688872,13.92100332877555,15.979973657822914,12.224876149596614,13.148881910149196,13.844913926022073,12.015973142787063,12.877955374787595,12.263458497751918,15.332355273565451,14.15800581212042,14.480005875741668,12.974504668189201,14.270193411508854,12.36447615857146,13.464802344725838,13.997717806509167,14.342844338285778,13.491573354968578,12.87753343587825,14.463556387396801,12.21451358092727,13.695473050480054,13.284342984506804,15.476173914688665,13.09812386890089,14.427640640164679,11.990212022822968,13.429333602732807,14.050702057483123,14.619130961584588,12.742956543839645,14.903553486317799,14.061583747012083,12.635557762054495,14.79284244991455,12.98227505996498,15.827955161037874,14.334426967154611,14.47238867174176,13.604999348619458,14.246771792817942,14.51933748016105,14.255729998441495,13.75620199337938,13.801627875687815,13.887749739122517,14.343826093303932,13.557504916497614,15.83174006713007,14.30541574613162,13.18696207328338,14.146521227563012,12.01084336932853,15.578331521690423,13.588156605314747,12.308677103377756,14.159553433661442,13.737519725798498,13.993525853662561,14.6026402778203,13.623167075530514,13.584591542664814,16.574221556520254,11.833414853472235,16.774749339698978,13.467686377896525,14.263200449147323,12.637900740975137,13.487988277430448,12.611385485495013,14.151696698101523,13.676653178209982,13.195143128934273,12.109829294099617,12.191807456080957,11.700688409414317,13.045034300412064,13.611169076579275,14.527568402406528,13.877496297118705,13.828513193926772,14.900602429958921,13.3322041753964,13.890208524509791,13.81433792234632,12.889936221517177,14.215981936474765,13.672911682417555,14.120748104174718,13.34287461361663,13.67257400419872,14.311983289561626,14.488715632468894,14.011589529149237,13.881084565475065,14.16994810972668,11.918853966332236,14.669367625806544,13.298025212020574,13.705754854363118,16.13983803877164,14.263690566716942,15.16323550154854,14.315307213579775,13.217700406631508,14.1593208648862,13.478886986469256,13.373266873096846,13.630685061479136,13.602695178591414,14.542792318521077,15.375555116765103,14.453111898042883,14.379491032989824,13.981848105295617,13.497612321150138,12.349059924310342,14.617460769489641,11.882810527801833,13.56231009878273,13.823083531488248,14.186678425693646,14.429319708328162,12.847414470448388,14.970348482915234,14.831782718159095,14.695296254959617,14.73967047106026,14.018752222935731,13.768104125925621,14.712313532158769,15.327583147088747,13.771572769304287,12.138169385630842,12.207392178033851,13.520914181103857,13.661797148966773,14.057105098820164,12.32831098371282,13.575988131121807,13.609193150075486,12.357967756953693,13.027997216949958,10.528992091303396,13.379143791213112,13.461224231878598,14.407126589135439,14.151213469062665,13.45231324739321,13.325334150003068,13.886237270426365,13.597346990706079,14.715094596429969,14.50063793384749,11.964728619738864,13.89610822690202,13.558984200591636,14.556202886625847,12.201926008310561,14.217585041893766,15.050822847247153,14.538549166591109,11.86092943575873,13.555654903827396,13.499943647787815,13.901357822750098,11.782915222137106,14.474063400479977,14.65158854472013,13.698692569269733,12.974345947603426,13.079455188204113,13.437806239882311,14.230713062325387,14.577873241104736,13.926494341300478,13.614766625606741,12.464106392146288,15.599177342771464,14.56924557066242,14.524001772982938,14.576296584111807,14.546556981646823,13.922712640924685,15.610270982893194,14.100692077023863,12.877324802466784,13.400459679716043,13.46089439093148,15.225248878096966,14.742774784428082,13.521678337696647,14.665599033949714,10.538708575640447,14.265532362706775,13.193675420260705,16.091281998445996,13.909880577287279,14.907548334431771,13.25028323506946,13.99740292363184,14.070600634430665,13.539674476616346,13.910531097707079,14.095686235087994,14.314418599935411,13.125316974330937,14.277003901351588,13.140171596435259,14.026518880015896,14.309611431808287,14.333450100892485,14.895182376390387,13.467097207704757,13.969430407309098,12.333120480885757,11.75908699510632,12.649916943981026,13.4644106834013,14.938623647051502,15.290069853309564,14.164501398197354,14.659144699222843,13.460386583619526,13.209250664201447,13.626074013520734,13.304542318444271,13.249107792031566,13.253661294856766,12.956947655128518,14.25411124436499,13.946698290248005,13.676602000233796,14.846137358547411,15.141738714222427,13.720534333383622,13.809312493665987,13.738847094818388,13.726121306361676,14.862358295569383,13.035493256964509,14.094413033078787,15.120236832281716,13.22686500983682,13.263670727794727,13.213560994601407,13.180672137544034,10.610543978088709,14.199012511428384,13.622035325290465,15.256963801696413,15.812443469462092,14.152263414995947,15.149504737689451,12.094234557918876,13.113747729707429,13.237784207664461,14.837124389004732,12.872882182727537,14.806794652641203,14.280598545878902,13.532679371829882,13.57397793963681,12.803879098736106,12.770096958509713,15.126229107542692,15.07778167211871,13.163499707621172,14.303975223670562,14.440486280138392,15.301593659449672,13.699170553236973,14.123504985455211,13.232443561953279,14.852683151220988,12.864670920600297,11.995447329776134,11.77581649046013,12.597011740084424,12.032029941287371,15.081823444086202,3.797447708688838,3.801796277856881,3.334875878644959,5.515644084361714,12.93820944028312,11.05450769353108,10.544903613141269,7.671861839382056,8.931177408297694,3.0061425992996593,3.5565982734231887,4.179479781837386,2.724478576556715,2.752254380636314,6.269176537160645,4.336646043893732,5.244758811006169,13.136172780207792,13.411312271195618,3.6572790957725037,14.30156158175128,4.264211306829261,9.678900980002792,3.217863404859897,3.3257988139746897,3.872617872409597,4.25436781515914,3.1588786057887703,3.256296190981462,3.8233546876194873,5.51950213974591,4.0610260602232895,5.297358858618885,10.00969195582103,12.959754288368682,9.042782267715706,4.5120688178472275,12.053151618017516,12.025470967620034,3.0725107304203094,9.253817671557519,6.518231984637436,3.0846511838867787,10.708526555354608,6.58249827587034,14.512643280967167,2.3881128811912395,12.835002583489715,6.252892090291574,3.8653444765380396,12.93376902054415,3.85613030307996,5.423536041420489,13.983203647385071,11.710883448156737,14.264160293826073,6.64980861055063,7.2517962227894515,14.329480886271337,7.264265715672526,2.998572083057522,10.283865404308083,9.533762526047184,9.667020234833199,6.8171564875733,4.312015253883264,3.3821680249067523,2.6963385295592692,3.6279141791198954,8.599833925035446,10.68986582251432,8.058988042008977,3.3829900728670492,2.9991734259463803,13.705771212551737,7.726223709002794,10.122494212857104,3.2297224384219354,4.489796528568198,13.570099017982587,4.56633645071049,4.263278231519295,2.5371667033567347,3.3694869339717672,5.759389434519359,5.16358961942038,2.712466251039537,4.218833232025723,8.168385998441671,10.330719337249374,8.472832554759991,6.114458341532256,2.4446977393737246,2.6882247129669006,12.432039879506734,6.644179695316722,2.6527586753395145,7.276245489585352,8.893733492256953,5.014835316170359,7.95406840147905,12.855790218143387,5.408769487382691,8.752509503379606,3.165186192029638,7.15357283231253,5.841503255153376,5.179041452347484,4.455245576450124,6.01772094531174,2.773113529572536,12.857542996040344,4.314848745900451,3.6575123679684656,3.5193850745845863,2.5867079794563983,6.728142612716873,3.717526873419589,4.587367555021661,13.354621238211829,3.4252043100324934,10.226784678656616,13.233530148981613,7.546459882837505,4.139453525600127,9.582227675841647,5.133777768332554,2.962460947893071,4.5758585829039315,6.561299845485937,2.4230206749409064,7.114145511015584,3.7012625845974743,11.058506256817587,10.966216595550046,10.886904724565351,5.08040517022068,3.0006582239996,6.793789090395317,5.812743273673481,12.946956203183841,4.3691961570048905,3.5251606930099655,5.480850153718253,10.448365677835868,5.1852023907125275,3.651158599534419,5.950638009704901,4.499760561966496,4.233570275713406,3.6443717721818945,9.408114647966274,10.798921559655382,9.751790325338062,2.623324164394877,11.659913853279608,8.761171277956016,11.020701443983763,13.067389186973164,4.498211605742908,13.74570485384126,4.717588925541065,5.796143444940792,3.821279770313083,12.835419650064729,12.837728631540074,3.880081689510864,13.038165248034021,9.773506774380765,7.5372036154139455,10.269550911915816,11.632547333262464,4.646000594824363,6.603547886065808,9.924614061728281,3.4952848106705887,9.99682759134216,2.9576767871447904,9.415775362156479,5.999675407312461,13.97974813017761,6.264819858583721,3.0205256197207,5.30443315586474,2.8436618436308176,7.624554539759898,9.44264641747269,3.8564231106504785,1.9009722528004844,2.5390781360435057,9.799095283748466,5.947636140581806,2.2868742679725296,3.1992826110193704,7.488870599348917,12.501334432611362,6.3597378279769226,9.565633279525091,2.7689439869001715,9.374634331362403,3.436516063852591,3.916825818279738,13.964779605803468,6.135256363130791,6.108280300155656,4.168895878153414,2.7963407783589016,3.287619798541045,6.145182941617179,7.635945755381293,5.128123983041413,2.6512011718342667,13.254344439222855,3.6943744737132787,11.061154522381283,5.521254517414026,3.7060020900050703,4.8135452926582545,7.548463690642926,3.0265906546154753,14.123402989614986,2.6324816201112946,4.293912625814873,7.643262634892512,4.302742867683867,4.38677135600112,2.0365572426873686,9.222279383611761,13.65835511670915,5.383599731132137,3.3495788075533004,3.5378922977081224,14.991954103788975,3.787980615031366,4.911067165618089,3.2453873905921857,12.907364590742317,12.30586955325849,4.886424835643019,15.11545819812364,6.397513697820434,3.430857742834484,3.666247356058361,4.493322141580617,13.327176786688845,9.124294425982544,3.693608352224611,5.69170436343609,2.8045128755280193,2.903299630920652,2.784746156403789,7.137872916563117,11.059049411098776,14.282336105295213,5.624218603939336,7.9208671256947945,8.06190676926789,13.77177748799932,3.4783590551119397,3.122563328136684,3.2279406485885986,13.038751221696087,11.104660264419302,3.822128086411375,5.594565028832062,9.71483742740893,3.144916655879712,4.489489890309883,4.438002410041653,6.399717278403631,3.6749044598805387,12.302190070518998,6.233890616006528,10.894854249847876,3.8454245042454067,3.9079712930141928,4.198594091955334,3.831937743896884,5.3796702365516715,2.9193156829594886,9.112174104904996,2.494571169934983,2.7501223598162903,3.7050929849067042,4.171293901845134,3.1640723317394657,7.617482730552669,5.5184827444462865,9.433422055591791,2.4958021024291877,2.7814965951475594,14.895957672080426,11.521899208768385,12.018076593279348,12.150932302752677,6.988217264420681,3.6357396075895303,4.102686769477787,9.579090116405624,4.64272160971769,11.374012388779176,13.372828860384075,12.087220992357906,13.712268732674119,12.249924374730266,13.229514514040135,12.729206562395682,8.953838001386305,11.084187599802046,11.335117612125504,13.101558899514531,11.917123775109351,13.360874844800565,10.427062908077366,12.73148738737079,11.764120891787117,12.422057205611411,10.823529132618983,12.894924473015617,13.398976715649916,10.769455488261135,12.174535616960734,12.946832973539536,10.78493624036074,11.026840378888433,11.367248522144807,12.000682902675992,12.453203758740834,11.409891888065957,13.2878900747945,12.896961074397849,12.817477449567289,11.853261714144873,12.41563867389702,12.711341281520626,11.751815832202345,12.377998020300518,10.760065603114178,13.085185476036013,9.393891120495647,13.514993083336979,13.179729819518327,11.891558133215497,9.98031140318504,13.237267091567661,11.389374693443202,11.354633565008315,12.348766499827525,11.56792743039402,13.17929076357864,13.49902425421444,12.091644685177407,12.807222619851952,12.938508611850464,10.460049452744792,13.453039132626042,12.183222225443519,13.376864550412115,12.939898225459682,12.697671890922043,11.330963989902951,11.917239680136142,12.294764708727309,11.708718803608496,10.471825004613077,10.762244917760292,11.333465024116173,13.174933959835325,12.22699901624359,11.234687111597015,9.617630255005848,13.968091684795,11.26201955167332,12.050434434275484,12.618493458792447,13.186495401753758,11.842208951121442,12.42527246035987,12.459747149527987,12.005946332133949,10.610155899017474,13.165771898702607,12.988637956784567,11.42940863101552,12.90693584687604,13.52001806333019,12.105250902821771,11.166839028692651,11.595136688297227,10.342819266564335,11.684112065739122,13.383992688133855,13.350726352763884,13.38919660065082,12.679198187510517,12.869916187110091,14.056982194047793,12.940872033707803,12.477192025879043,11.992728008809674,13.346542807094162,10.499836509719257,13.375706052980943,13.128998592368157,11.701993197535618,12.164427142910887,10.617147259853521,10.740927425100658,13.331180108157916,12.208316375314581,10.750023704902873,12.778691301952671,12.302284785316328,11.85789283865473,12.604390549722291,11.25480280764278,12.319586221328429,10.637395427401371,14.021049550900798,10.02385130423901,12.043671224707992,9.814590955883459,12.417449968799861,10.897045445153589,11.129246372554745,11.52764195253878,12.534218361129781,12.653559918948227,13.169497426817506,11.380622879938047,12.820391074183846,10.619299830280147,13.394855343025966,13.658863586262305,11.513051832532835,11.742635502845003,12.342022514277012,10.88153976888723,11.334351733083937,12.306008175555963,12.533985496088485,10.596219324867107,12.83333839328868,10.746478490950857,11.667168452871962,11.741068059653754,12.438996105995688,12.369516159897302,12.249365969229423,12.929361895476083,11.007457492937267,12.58352722574989,13.8531063991263,12.730445765728756,11.39104827184239,11.609496738366872,13.11361841043666,12.876629605725274,13.18529629758061,12.248185509060214,11.29398816444416,10.80583120579455,12.016780818335818,12.14253377534001,13.188623715190367,10.05532268106165,12.56565997348483,13.574421951042567,12.173706774469455,12.436624754371127,11.051926279701417,12.236015964311441,11.750410744986004,12.574704566600916,12.873675593597506,12.711767045000164,13.384061239716074,13.5234945759893,11.431289123746273,12.54592129032924,11.567182616502482,12.266093784014844,12.907995024174749,12.424883059744754,11.336310025581472,13.70655872700632,11.642756252625567,13.647827822072205,14.089441656455072,11.828318812910226,11.92931947420734,11.785553054512857,11.7837662152127,9.350429064624604,12.829670889440294,13.390067468964714,13.152488062855273,13.619638373703623,11.68165684487463,12.899808503434,11.574057102636422,12.626407400035044,12.240821074864975,12.338727864504019,10.04529775066811,12.681452937831374,12.370660354706105,12.367503490712348,12.037240514850643,9.062326791052628,10.743954982112884,12.015174582169044,12.849860041675782,11.937417531419072,10.108077470480099,10.914854472815012,12.285976591244864,11.509227420558025,10.515575176397482,10.448238104028233,13.047710555717781,12.702559693869032,11.95200145813658,12.3928089982347,12.928860469389962,10.722369028539292,12.331268043204426,11.882539801707148,9.684187947854788,11.782695705456296,9.982550067243253,12.074340404975421,11.354779790797188,12.525172137264208,13.397352431096987,12.329634956289604,12.007364774180774,12.946068708938217,11.491433934757815,11.576030888153168,11.745192730917536,11.137321077481406,11.742639860830032,11.878183267975194,11.17824796351998,12.432581732196406,13.61687265194391,11.516394657775683,10.526438598594831,12.88664981793595,11.29590615707966,11.315017757811987,12.92688283982615,12.720670038960103,12.217974592764598,9.459599912577858,9.988338207876545,11.918107434029826,10.851617152661499,11.83113650376534,11.130310298592653,11.227801493181756,12.368633206427832,12.811639374312358,13.379006880245534,12.510496502308635,11.796216903106671,12.208270681121963,10.818900615915,12.57724231266182,10.506217881884867,11.95089692422881,11.418230650103858,12.561874378192917,11.673678936871479,12.750847938006206,13.179448613535692,12.707475520534569,12.46913969674625,11.465342875861575,12.008565915388685,10.741699025354693,11.70549777321535,12.152479835577942,12.065117689603293,12.880846799125163,11.340397848131873,12.962637647953034,10.431840001723673,12.764890812320122,13.82276107407412,11.771325801915253,11.168455249165278,12.679207761810433,12.662308274910641,9.493308555121166,12.30155505585903,12.717917796588344,12.858952486723425,13.30530267275262,7.500245402310925,4.285328262812264,7.5261385784556865,2.8946172349393344,11.904925820184202,4.198234714000743,3.8848248438323787,4.3826544937048,12.920656779937365,3.679386372323531,12.833377407755105,8.706960237850279,3.4989921504551225,12.374341938248422,3.740360981308442,6.115474218515065,3.1789730050381926,5.996667475233529,3.459661414724601,4.07345030358605,5.523371875279984,6.875055969512376,5.723536904226162,11.001874248117655,9.259441004760573,8.526945472612994,11.547548473024388,8.067554339807062,10.62790507657962,5.259640599027911,4.85954629533247,7.023265480151825,3.9045378878048016,3.8108500603482565,10.157428261367587,5.268313478682726,3.949563760756545,3.3752823840580617,5.9531704517011,2.901574224168447,13.210970771510315,8.540530167583261,12.683424817330932,3.5704170037272913,10.3515079653703,8.535709273018366,12.474590259956178,12.94954952458884,3.328358031223133,6.034501579457095,12.382572043570061,11.933871835451695,5.20457920210563,7.738797935942365,9.22937503237315,4.813645101991215,4.416636803168935,3.7430575615080297,12.514172648918267,3.698532833482125,3.6089618652120796,2.8675171927631737,13.682410967195784,5.744479672730214,4.248087669166006,4.310949685299171,5.1907561339205674,7.76795821633985,6.590051132279159,3.830714317776299,7.016228807943204,11.330033870256807,11.816294361723948,4.712528972597463,13.127895054055903,11.407041418906857,8.422207821827575,4.380443854499866,11.90158688229012,3.6970111941600274,6.343083233253177,9.026584644692644,5.788776786667027,11.84353983772783,6.656010476335945,5.449474222153194,8.957664380101475,12.636720241179136,6.801475365801995,7.653635586409786,4.090770285599123,6.34138383585358,6.331521781127175,11.586745899146276,6.381235173091281,7.997545728263717,6.228218166800545,12.722070178558845,4.0021215508710535,5.861713027817096,11.531786099511265,9.825645412592033,11.655265826212354,7.994675382514864,7.4952755923774665,11.706516624206255,10.46990815552061,12.031219136970574,4.225223920965773,4.634028195553435,5.439020180519171,4.90387989473468,8.16634294532379,6.349051641304654,10.984991765102599,7.123966899389771,6.788444379426229,5.260457676971579,8.802664931985042,3.813651764839513,5.552541002812164,10.618585817907281,12.558153045854716,12.469232141577383,4.6917687777444375,6.496059949605889,3.869617587511624,3.5523661432150337,7.482188543327546,6.57343431937865,5.305638015707828,8.136790214044568,12.627631120517256,11.708975548416252,4.8027865334204,7.804383326715616,6.203794889154301,6.003607047519715,11.107491259996323,13.010196484384572,4.611801734801344,12.481679745473404,12.398983728580905,8.308870375483776,12.465803323655056,9.582852223262423,8.356270352824668,3.4713827288853887,9.6929032199856,9.489829363129196,4.245527076577037,3.14716147374534,6.023547928724168,4.873766275993482,4.042223078767776,3.6942522399204796,12.757178243516792,5.267335640314788,11.228568934033733,4.453878389507921,5.484605025089702,4.1097261632767506,3.7719228258369597,10.859581680990111,3.8030818782290625,11.732889925534712,10.859887636119185,12.203029755754102,7.64313058626566,10.254987300780453,3.6002153730371123,7.258453241661423,11.551588957328754,2.9882209082898026,5.497544326661971,11.867217961415152,12.540803636675292,5.391255503201135,6.654963708295919,2.74458593524758,3.695899459061081,7.998685926656458,3.865479906980449,3.7234826905982628,9.990343736980083,4.863019041041375,8.963558475924406,6.339301385581959,11.018843175732533,3.658317472974673,5.9773317794357,10.191964866218184,3.6973966886711196,7.3515814420697865,12.47643896264044,12.156818260709878,9.110584935047669,5.302588260139946,12.265846931359919,4.636489917573607,6.792398780071782,13.178166743404402,4.108619526619142,5.830938178113075,8.136631754959085,3.8547155430641786,12.591771073454051,5.417968986437185,4.652385940308902,12.804662782111873,12.543946843964095,6.565534784495818,10.926289361871481,6.1402970285760965,13.3294876713428,6.170258588343492,6.909650275073056,6.973790371311811,4.474372236533532,9.013280233779332,4.808915978838576,5.26041563962289,7.960605801098318,12.055233587044743,4.20756725268233,6.953170302596738,4.332971420819174,7.845862319197597,3.3170476596801506,8.555361090832543,4.387082167391643,5.3495445725219835,4.512313215091709,4.535787849841751,12.900983813647812,3.4863101157354945,6.550301510054006,5.7376679023782255,5.728079525728825,4.248805647141069,13.003045150535664,8.218125364881956,4.37591510879807,10.311700098460312,5.780851752004667,5.417168643782798,8.706171519112917,3.6914023414115835,9.98017931576313,3.8516325036523638,4.651060264792091,9.605257996323544,3.528142023059705,3.639541679567611,12.858541477427428,3.1946952751616973,12.32593950025866,12.302441608388435,5.824589511604266,6.2989211641490375,11.81654461712254,3.6559647982300922,12.138786800030429,12.471083081151455,4.169049236525673,9.825060290763995,6.937517203947539,10.732891257078283,9.382792744259394,5.749668533554664,5.573703037032838,10.85761259254146,3.8644046152439326,5.128376916458194,6.476620801057145,5.647928378792399,4.473516022801059,8.521188933072823,8.284019696620168,5.0232141275393145,11.813601900919778,3.5825785888662685,5.955195260123451,8.453798966557237,12.646179750886592,13.225364620516677,4.337165486701928,10.901700142896127,12.60387664309728,11.977539417000687,5.861524825818773,11.924826137331312,7.452009622056277,7.822629658899857,4.586506219606262,4.039318402500311,4.196689696129104,7.0154824585162014,12.113297569155707,6.642269116372644
53,15.924740651571392,14.4199535517312,16.214596315472065,15.313288560603146,16.106096299768673,14.800401147244242,15.715328921943787,16.399089967803565,14.69785518186164,15.269418711052714,16.12932588550048,14.757714689094941,15.955380392390339,16.017495786855513,14.451863650832143,15.304287347030437,15.690640152384676,16.216328700093257,15.226407743682506,15.155482545345611,14.790030506716107,14.563535590025966,15.764871609969342,16.016698949538547,14.739675791017266,14.826700391125968,15.528988480652501,14.39682639015178,14.77300939039428,15.74688525748966,16.14126916059593,14.988307069545142,15.09894104521603,16.101519942915992,15.926140330485314,14.607372937575915,15.491599720312536,15.380911033158707,15.76932962916054,14.649727060743094,14.680962697129079,14.449342256576225,16.46638593681195,16.33725999588375,14.737633228413436,15.410289322982477,15.899108999496065,14.734324365410336,15.536243371053592,14.580147394433554,15.38169419728355,16.185388468635498,15.261262226956827,15.505860408600794,14.968303494613114,16.469040751469667,15.970646437189721,14.637072340074178,15.715185374099507,16.48171341139677,15.205166528454011,16.234871343894934,14.773070760389635,15.198948041251512,15.271347837253579,14.739090210420636,16.22200921146414,15.033070220388879,14.812575314939053,15.708685944082823,15.391069760534041,14.966226534254753,14.650471544973191,14.88596681091715,14.514824886890965,16.121633382529364,15.101051394485374,16.97375857593715,15.290803962288141,15.291831062852339,15.835500573241362,15.18235922413667,15.202939263477319,15.264308215533461,15.601419828296939,14.513030978592074,14.302116277381659,15.055282415301807,15.002031522854873,16.310637052877638,16.290903177067655,15.258049899534685,14.75036441038399,14.411748749715093,15.4863467145995,14.477137530802255,15.524443649016296,16.491812008479364,15.148557559216895,14.953563524963478,16.14457761322194,15.665201600181936,14.987849683407346,15.538586166856554,14.71213117101445,15.946946498197796,15.501804805299669,16.022077691040685,14.265381154679934,14.94564462442592,14.2982024354433,15.27325404329284,17.02088719553514,14.920257655464804,14.646708715498395,14.988757205300608,16.941964047678532,14.63285344317433,16.52167793838689,14.724089579029634,15.043245518213658,14.802287605804086,15.06096987957497,14.777483340248482,16.68860186994299,15.232868052136537,15.005406763729061,15.784693632026121,14.795321588397709,15.199000288547943,16.48897394589733,16.288459190607945,14.4092738313557,15.407240133662434,15.195027910177519,15.839957214489994,14.646118276133082,15.02781648563753,14.630557124087552,14.296533068248412,16.36051278712657,14.365452323304357,15.094344509644618,14.340818205325025,15.133096995619649,15.063519429655202,14.869877677169216,14.326971033211764,14.440064631103292,14.59788176868382,16.21849772337895,14.943078062018222,14.982442459799438,14.609484997115002,15.21985670773714,14.672933866731386,14.81403694129351,15.376335106569707,16.32293260121014,15.681957128038219,14.7221355482929,15.146839095056679,15.398415138178922,14.557566682672519,15.082772423325817,15.190420896815928,15.971537990953703,14.83239156060593,14.28227640505351,15.462876763857134,16.232185625357843,14.320335423285048,15.21275680687266,14.671630777619084,14.223963579393093,14.65608601594324,15.658149863075364,14.964897990440557,15.281822486542753,15.579955885909301,15.90134759019606,15.22534282046164,15.526395740956847,16.419868772477788,16.409843137491592,15.507540761666103,15.388434164102424,14.269338085301884,16.308782519917767,15.908759913515391,14.328260806985929,15.341358977225521,15.909067143621211,14.889239038406505,16.106138356681715,14.608979173513786,15.295446072858962,15.82825337599333,15.237460851984602,14.722577087851466,14.319818832853676,16.544452731223657,15.286360624702066,16.17818527519665,14.787462646479607,14.872451324715486,14.512410991708974,15.947136537394652,14.690948586586147,14.7884119118841,16.26387592661727,14.925356839742687,15.299307296874941,15.126434317748467,14.243537199970692,15.15171003086127,15.281375020594087,16.212995309584933,14.726948244002497,14.721765678116475,14.765534502127409,14.969002271258605,14.73991024317528,16.059896154621025,16.36767316288446,15.169384956436133,16.152621367899684,15.835883705343225,15.91059391311185,15.203228858311531,14.86165170732504,15.081130059315457,15.821437379950252,15.312597623400672,14.716630970229959,15.903571873933892,16.17310619353917,14.67504498501231,16.056122547755987,15.578651600494641,14.562431850642497,16.24002013520193,15.975741051393895,14.723430675768805,16.027632524176244,15.15677327125007,15.005235227239254,16.210892946215917,14.834389109906757,15.3010722242999,15.93003297925221,14.271214329616411,15.056376294840524,14.318366648741064,16.000516256184504,15.852988978626653,14.99119306015461,14.153740886700577,15.053445711310697,14.43378927556439,14.71681299436096,15.538627558946192,15.810380055954063,16.285931189541838,15.115072356143594,16.360870685171854,15.280521700150583,14.318448743127894,16.254007710410434,14.357354643234595,15.10117449351382,14.594335718652973,15.11345094367145,15.651319755382241,14.986754561163988,16.02461041611447,15.909262584955213,14.386429154554083,14.703194587150797,15.167966960004676,15.494303397046918,14.373488752851618,14.776981766890618,14.775185129201093,15.25623798593616,15.679634403930326,14.751231051273194,16.092379552687,15.962411465199104,15.25265286225799,14.267940392456008,14.40297400981532,15.894659907180365,14.405015624263383,15.266325965418904,15.208937944855693,15.21169214169032,15.99936225073074,14.55672249504022,16.56265121567539,16.08425923780411,15.675197595419425,14.865032445239812,14.5058195617321,14.494087497543958,16.14774336839481,16.031902911787608,15.589327354587779,15.312972067095686,14.782881835283584,16.124398033757558,16.15251892975002,16.259652693428905,17.425986817468814,15.714885636624723,13.962809554650487,14.756930343506514,17.84310661972929,15.004624139348332,17.246635924752276,15.74397100699591,14.354586182756094,15.680433172997125,16.733824490552163,15.826636203202058,17.063883406043114,14.62179127025559,15.662224733867541,16.134082401670696,15.519214280689443,15.69791777055443,15.24837452451576,15.33773942536935,14.087470147589297,14.491063676591308,14.534775489157113,15.124039066496687,15.325488467600149,16.246860105576925,16.268665175142605,15.261684443797618,14.903365727668042,17.415440681890008,17.398750141848602,14.476252260170293,14.915884066273197,16.746527324377308,14.781721597411979,16.247383849640567,13.796335304156731,15.926751706763566,14.259553777809614,16.391803703013274,14.460048808412324,15.680980562896549,15.69936205045791,16.038690805747198,18.034031402462958,17.893725900013322,14.397358225198696,15.364996977831703,17.096447818132802,17.941672133154455,17.28267135168422,17.55324821145652,14.852838969760008,16.046362843572094,15.858313465252216,18.087755454313733,14.8881449962325,15.864165485309558,14.915699119882023,18.011864806737638,15.036397439786034,14.696903846788976,15.900005791841473,16.874600296214876,15.679806361997013,15.509703937731079,15.812012962152323,15.962728564991378,14.8331219435749,14.927358155708802,14.599241518974457,17.536868397533357,14.305349293182198,16.094590104762165,16.94331158388195,14.621889309536593,15.456374084193472,14.513355546761161,15.372816784214784,14.752547771753514,16.172553322107454,15.88952004806334,15.204852397762947,16.3222694049602,16.41781848509752,15.82422692510693,15.705045925016531,14.561028045621148,17.391759642477748,15.694372716098966,14.595858730416579,13.970897993076537,15.797467316007534,18.03423709232525,15.780873997016313,16.163478857946778,15.506344471860817,15.282867541657371,18.059319775918627,16.13761766279267,14.278256618500402,15.481798104630226,14.303174729304251,15.537156267496844,17.321154787428927,15.630160155898198,18.552879314209907,15.015727126889646,15.189246957243732,15.57368794884102,16.251254325196413,15.113489148951935,16.97800579036325,15.062769472630732,15.795224290955442,15.43874021330932,16.127022901736407,18.00932048480754,14.993798108229171,18.637931062667885,17.84304015600571,17.01055706325238,16.34549566477993,15.394404309327506,16.49709223105968,14.872430089460174,15.976129557274886,16.865848358013565,16.282943140321297,15.236045149428453,16.162840517185252,16.262437641182032,15.824856027871855,15.874726563443902,16.986457269734977,16.72109139080438,14.732473062458658,14.669317417116428,14.877034855686974,17.136178404797793,16.00167307976998,15.171918191683664,15.358271640347974,16.129637132779273,15.26767578500016,18.038774366730372,15.04734314609901,15.41401991394076,14.490842631354061,16.190129267038238,16.09887426947847,14.075444784515547,13.97788376179311,16.015266277579947,14.602481267167352,15.645022961479647,17.663851966095685,14.801691507575494,14.4051908991529,16.026302255373338,15.361781897868385,15.232653964576425,16.19347959279892,14.80011680826543,16.42239860151365,16.355862874628816,15.084471044353092,15.154493031461492,17.25882948742939,16.216953907155297,14.530255146743286,16.60856226630195,15.717280783497692,15.441409369950737,14.179834667785371,16.233437238249756,16.301846952124748,18.04443221725809,15.732568473019517,16.466545639781163,15.356613650615758,13.696049841505026,16.353611469746337,16.682431048195077,15.952194876958163,14.366312637029255,14.332443496950502,14.682309540240231,14.002032103393526,15.771882038279182,17.260574410409834,15.462731873263925,14.958425547083412,16.889037791229924,14.366341756919866,14.614161030050523,15.513992877027853,17.735695558505636,14.405737820163141,15.369344718713077,13.972113592135747,18.129264532600953,15.249483842737437,17.917750159779448,16.265390668603033,16.550775501533032,14.619157489024929,14.755945908026668,18.069036697057584,15.30115655401084,15.061126630058292,15.271543398277277,15.34218755349717,15.602810725781348,14.526006114996703,17.234265163708603,14.847364454278704,17.09599017147738,16.13921301791604,16.946732001112224,15.142830317030866,16.96657069733715,14.934506228573225,16.032978121165023,14.345891341385915,14.989077941118566,15.610563633706036,15.119352938217798,16.989357419251522,15.960841242038194,16.45325122730666,15.838874104007239,14.058980862734943,15.714118348687473,17.1276148567008,16.255416542524525,15.616404644036118,16.209338311409844,13.916479898352081,13.304735562846563,17.08917877567887,14.665393522235158,15.357250086614423,16.250006026208897,15.202178840179952,16.92897087836364,16.38129934099282,16.18734631573594,17.228160344277335,13.739275303382888,15.149755364775379,14.277622793113087,15.10870740633877,15.425458103082146,14.303229026534927,15.55939384656766,16.929358378308436,15.137469265524446,15.742791617153042,15.978460569014795,17.122115536664843,13.2584556184867,16.862271854147856,13.220695848333564,14.774564378073446,14.761724292103583,14.832261292920268,14.71304388419961,15.862658874021205,14.036101867909967,15.800190610117733,15.612590322517965,13.855550743648005,15.344224246506613,17.218459590343766,14.897589788676664,15.833935526514729,14.00791427003424,15.858009562158246,15.529788522861956,15.526039450157324,15.130909754737386,15.752286859307228,15.351332661447662,15.263441197595029,15.518464993481366,14.581190091389077,23.483534224815024,30.72291598361688,25.32794126667263,15.201707127239642,29.206546215221863,26.726091812809447,18.09438843840641,26.039160212887413,28.966276976493397,21.624764222270176,26.124394480418193,17.366178932318434,15.75831284740193,17.886380519230542,30.105823101486262,25.831829080832176,17.716198909794965,15.876284923607614,20.180394478743484,27.135128984699804,33.69178426759848,27.947134101981668,25.202957292374812,27.668070862284523,22.658406200517014,30.026112458846594,29.002896194013385,26.92157690711119,14.892868670617812,27.95406158914905,26.105640464417853,27.542459681410822,27.28316008065693,29.5855056611926,23.259154537113265,29.90891745132729,32.51427323419858,15.842057525150267,17.64876009322799,18.972222584541917,31.79583871431421,21.828130631580258,27.594580423494833,17.423983805104193,32.737466675975334,29.811019120584692,14.941686494747184,22.216366596420254,27.333096744235444,25.857635181874613,17.224481991007647,17.856689887750402,23.733286773583494,30.64909808241679,33.32539315662965,18.536939187259005,24.682438823018945,31.130988048329538,23.76049362943315,28.245477515851654,31.24968300750018,17.98581251081903,14.62934029001101,17.50833132065276,29.221715354409394,32.9600887622219,26.86312236283408,15.857000669789478,15.161511297226838,22.127555363888963,21.74654275417984,15.897566542187885,25.222889730410532,22.48688827316764,24.872761620774895,23.434872790746514,29.282869620226588,27.635851563444803,19.024603151961152,25.09637584570856,26.13770406909425,29.171574183835283,26.0977585577549,33.230173324400546,28.506934375585054,28.44661117208157,18.787993169563254,29.108504343433154,22.233603377180163,31.678185815456732,24.832576416478744,29.105127652786127,19.566897285490292,31.223794505308984,30.359280228038653,28.420474673821694,28.985088735750452,25.198097366343188,28.713298570076752,28.507923628366445,25.20795509838935,29.994939041278528,28.29402511251761,29.61611133384791,19.998122099500435,16.754697298277033,23.307114279277954,27.42679735459723,19.317245315854862,25.412865057553887,22.30604067026847,30.25098345606758,16.454879540123358,19.718595020557704,30.509372276306923,28.540675139763326,33.38208326541838,26.850320593081545,30.787605879050783,27.88965727405739,20.69187266230049,30.104412020104768,21.83529396717936,29.72172780396314,29.432383203896926,29.90820649830668,19.200181704194904,16.11032777880659,28.636333251645542,28.120487506933696,27.228086617086888,29.606876289817286,32.32038043297411,31.222508267499823,28.726466202222376,31.632340127682113,28.649781068701625,18.4686971566645,26.46702666828147,30.144952125202803,24.76229550573376,29.725852303943352,21.32457626110398,27.95946196802641,28.042992920668,33.18413804541064,22.482123721067932,29.65708720913395,32.795803097349975,22.435493533758137,25.072577605513214,28.822969359606983,25.85959781347196,16.590673130686326,29.645114264062485,22.240603661101265,23.773561086423538,28.99598499503248,14.969543990669056,29.827307636803162,17.229929420865744,27.989567004287,26.796256056444207,23.53539067093628,26.39006657541474,25.595550803467503,17.738312622984285,29.119629277766887,21.00177392873187,28.375831535970697,34.20800862330852,26.336210064216793,16.47124013944267,22.182984606455612,30.34272349703679,29.4565051193324,28.69275093073626,26.222538508253894,29.953631327353513,27.275702725988193,19.194161361540395,24.796195703941873,27.020168157849266,15.75101061634064,33.33759745365897,29.72896035434801,28.78277938506131,25.67986760108155,29.72313258414598,29.83528345157728,16.73209894589589,17.629434413884034,29.76733385081166,18.32444631926145,23.75398740418902,27.404915243714196,16.7307590320145,19.485353179885138,30.54015515786259,18.307457190505332,24.82617170261915,28.25676626981429,30.140258345953484,28.430369258510414,28.67740418388701,31.108563278899897,31.279619567776294,29.875730561309087,25.17873281232968,33.58700108140305,24.701873268367162,19.215623368521506,29.618531483730045,28.03642921160222,16.418318387311317,20.144214035565312,27.82866367138191,30.270880521625475,26.90818026279679,30.581536825395325,16.280678231011496,28.29364587401907,24.26059487190147,15.629467631455396,15.468694504021746,30.1138792401336,28.91586016180457,30.495228897772975,24.606793490163977,26.860195874954538,30.240404203808417,23.831065404318984,20.060671287863855,18.926514742535385,29.463627973060483,27.046254629951996,18.60058328998184,28.58464348918899,17.50080363931326,27.88639616484073,16.788875151908467,16.79839059882923,27.89594178991119,31.083706011349825,26.60847800693879,30.643396137919932,20.007848176569095,15.993637135689124,26.89504776555676,17.321429903804454,33.388793322161085,23.76484011078249,31.966181054238938,29.349750349247905,29.08814748115163,30.521630412708443,30.025155226813194,15.738627466188884,28.99450143046299,21.00268963766861,27.940907338745557,16.278221292994683,23.992000236901355,15.254169410198147,19.638050331760613,28.20587216663097,28.31663248710349,29.045437255811855,21.498476343219206,32.2391161960541,30.019312819584876,25.808431101129134,18.77947070912025,23.58254721553372,16.985766462099814,19.56112641367172,28.190881312905486,25.064595620184672,27.663973028968226,23.796842216068526,30.47252818156305,28.90826432094923,32.94220045748364,22.55975831459315,15.871806011394956,24.801982756946234,18.63592048090286,28.050792309346832,26.84096258128637,30.8702737458386,19.794896616994826,21.299144534137,27.2472185610214,14.706394634450573,22.57658540731862,22.60006363234584,19.29581458387864,30.17348498820012,17.41476071153953,18.414144624477334,22.31240813546992,22.056614909555318,17.782060172050286,16.93400721526305,18.094718132020265,17.649887583920233,20.675876462094667,17.373490304033968,17.71141762995691,16.875065021974063,18.284485616098337,27.359675235666995,18.926378331670566,17.949164225457622,18.75984347640303,15.53517417627877,18.928726422888214,16.119948098793124,17.235112955073397,15.73279736694432,18.87932721205785,18.83139829554581,16.935111610772868,16.642762724628664,21.130260453438815,17.75976063004803,22.76911518280457,17.333903999690666,15.91845206676019,17.26896953175359,21.264366273578847,19.47152239501946,21.979008995243706,23.25956433532675,17.057366586178407,21.175125007412646,22.365584476005328,16.015631301949952,17.30729731637166,23.64100335681881,21.79644600014352,17.003528281499857,19.62440443808915,15.93396748125091,15.53246152256034,19.480365988878674,15.658137875328917,20.584723979459177,17.51138364755562,23.295755951047635,17.014442207878776,23.296524995896068,18.56996862039853,16.020169910511246,21.04549056647704,17.8579872626847,14.325225557584872,17.738256568219047,22.00915103769844,22.012863609701004,16.735670566708244,18.64313721428351,21.093183714817975,20.31991802992244,21.119149775273765,16.70705931239815,20.94636751901837,20.161507778392995,21.510517505486852,21.974108049772422,20.37489675542726,24.90963413756954,16.686177478191382,16.821581428818575,23.053399211699563,21.454997602844298,20.01095323805326,20.70486885176039,20.307304475532902,17.604879594993378,20.629690775576456,19.174091096643277,19.62299577130688,19.021681176553404,20.82165728815559,21.434625356379595,19.173170867450718,18.85034504154613,15.534329707405885,19.37247370775829,23.018933264015086,16.851430623079093,21.634345177336947,19.061435827903555,20.988272606342168,17.521230588320098,16.17977790900731,17.29967945815371,20.73230865143596,19.921185173698156,21.617164220033416,17.40312632939794,17.68399880654912,17.171796623247538,21.196640161046545,15.846050853173221,15.730067860480187,19.557759258103413,20.736866953713673,22.523073795198762,18.512744201493387,17.85223380184925,17.326246185806447,20.960670784620074,16.114920843705537,21.364303065509723,22.699810379655066,23.643552704585776,18.520090974174863,17.85608777890301,15.270753399234527,19.543021997556515,16.563306189668147,17.133128308420496,24.394274365615424,24.538450041632668,19.385648986155775,18.90060289365591,17.175679783810782,16.74433990411904,20.49898896158607,19.900458924713575,16.31291291596564,14.780360800534993,15.950487557216201,23.591230891574664,18.34119859033004,19.530780723754358,18.969233277800168,19.441504068890332,16.322660637153035,15.43036309101567,16.44278754281513,16.11506122174453,21.46163203638289,15.445598285304312,20.11777808313029,16.039588460899076,17.66884121763723,15.825695664137395,15.943645904389555,17.747902773337753,24.208557383356638,21.896724735098577,15.749587641732989,20.177263166055866,20.831118624416195,24.637461802673126,14.561674207065503,15.211554635918429,17.428066677042597,18.841679700350994,21.774136538397066,21.232187153884222,19.440686144996732,15.952408293342849,18.904924143493936,17.251073948355305,16.207384560634637,19.96208318120762,15.578949357142715,17.478066150922757,15.451351318529268,21.101055813923796,16.421950205220842,18.27228041568411,14.784101922120403,21.027214506501775,21.766242231795996,19.76952287922695,17.333593364921885,18.699004541398946,21.035356606722832,16.323186878027848,15.096861716158385,20.113710369477744,15.169585735618453,18.054238436509,18.273398912775406,18.759418409864217,21.975433008094985,22.11632756951358,16.028885871687866,14.871664594022548,18.66869346220141,19.359030109900328,17.315441304137227,17.313117848213995,20.787479673583082,18.024164528895096,22.055721391017897,17.841563172309336,20.92109706671837,14.972751695495578,22.16203739958149,20.656494081770727,23.00382782392434,19.221072263270845,21.511716813133074,22.62230003309291,15.151516819329512,16.575050088590547,21.414591534862137,18.115370658336495,17.6486848055045,17.925154884242627,19.65397554125347,21.13895237995301,19.236050081066516,20.547888708153632,17.18292826811346,18.158283595091735,18.15046151165309,16.545695747197744,15.12921828747117,20.519527991402743,16.425398174266036,20.347690384685457,22.85731613555319,18.26869250896404,19.59648396881022,14.760200107404758,20.30452944920659,15.758639565117715,24.852464915592304,23.463644068478,22.509284618332895,21.841738847979386,20.275294118439547,15.182206147966097,16.480769121294106,17.599843947470458,14.628254402471017,17.752375211196092,18.033292337384605,21.13819783402142,17.69979526248966,21.808736721397505,18.589896914813373,14.955045661372592,15.774797208192735,19.50822842770708,18.643180642966083,15.69189852346424,20.923280800609685,18.60410125846855,21.818288277604648,22.945939449404143,18.80552537289491,17.987156553681857,19.046636662600186,17.94937196976781,19.2806032194206,22.84192895435413,20.791767779437482,19.504120184745332,20.034794314970387,16.713371156469826,19.087300911052132,17.318817841264053,18.607736947894868,16.240991272934362,15.855778339125727,20.968458346158243,22.010907594582974,22.850720772378885,19.019684787625664,18.32889522676834,16.753049310979094,19.424092729024917,22.50839274550887,18.14789286635181,16.443996339571928,16.01128633784841,16.45941480844868,17.194203128578394,20.504414204502055,17.991957814045673,17.713701352513432,16.655376997051977,21.643067941058913,19.608752593577158,19.09455935257346,18.277155095377964,17.72244395650904,21.49669984816552,20.779150723706135,15.904704107272504,22.47504291942719,18.480420621156508,31.24201432593198,29.361703035413665,34.348254826024544,28.878823674603357,15.849529908344016,21.084864370259957,22.175167460503367,26.870747231789768,27.018292226372928,34.64269591894252,29.772871096069196,29.77241657728366,33.023367536327754,32.34176880676599,28.716140539832356,27.007098747133444,28.77726726508091,17.30826859035223,16.120824291682528,29.76579107537095,16.843959982380646,30.626458492488197,20.554523058873542,31.582003094754334,31.652393754445736,31.584405192148992,32.128314526591836,32.1874246146814,30.685018871763166,30.82176935068974,27.84168338309835,30.267759549946724,28.024162940161,22.70627594566586,18.70777408978157,21.849358711631535,29.06695582828698,16.71322913669653,19.36965043278839,31.50369917530812,26.38515687183076,28.057701842694755,34.824813163584665,18.66692746881013,28.08618948011739,15.364143419681001,34.832125331676956,18.106087938263272,27.380689644361652,34.262070741333424,19.230882978604374,30.177409565368475,27.806239075815117,16.352109819627064,17.246154002536493,16.90368537641488,26.34974752929334,27.777952478542534,15.966608031012091,28.769240910993545,34.01546926237363,22.824848195397106,19.79069150430943,25.694495047148123,23.083952248191018,30.23776026029313,30.054412391584396,31.06376120219483,30.11365156300799,25.92018282007121,20.850640880164846,26.64614997570548,32.66800213920987,32.06268816095314,16.178846776650463,21.986179791978508,17.82564106083979,31.65986901020166,29.049202158839012,18.440424943150575,30.369235874690602,28.26311252493792,32.767846618962615,30.385446259897456,28.580759665624285,27.378189874609614,32.88071254392795,29.812712890785253,28.037496201129358,21.665564439332385,24.133596213123948,25.365260506709554,31.71246931280724,28.060140965492227,18.65025707622855,23.701222666530512,32.48247736163636,29.220656750130487,21.715569191930264,30.29390796910968,22.810248477071408,19.45633991888716,28.898186867898225,25.621745877916915,29.516052119354086,28.887217126747885,30.406773271020796,28.25648853949245,30.735740886646347,30.026540214264017,34.49704059329379,15.870281513058448,30.623164694740222,34.57920834305977,32.28245229361613,30.293130554761483,25.042697727030095,33.001894955814834,28.435959220753123,17.48321133844796,30.327028027798193,19.934134242346225,16.715743633311458,25.540981009917715,29.935440518093806,20.693656787662693,30.505689315537282,31.86258554005472,30.164490854932698,26.115514555836473,31.40595534055247,27.670754091624612,29.55464078904177,18.366525421859382,17.75805900746363,18.5215964346545,28.56535020705128,31.965402495100996,26.52194223242172,28.06639742142905,19.002933563360482,34.084758725875496,31.227900290799536,27.379115319501413,18.914113074698026,26.115980779270647,32.54233781969919,24.28845521480883,30.930080680646473,30.921206817558947,30.560075368074834,23.463042116466294,22.846469413619726,23.4828734660629,33.903893539701016,19.816026077675183,23.78111790128507,22.957330673610468,18.455822779349976,30.196793590507163,17.10064813637285,28.051682961861395,30.504377928947488,31.97514570912079,18.039746128392707,16.861906500079208,30.223894716496,15.773116110319624,25.489446973491557,23.978663764138915,22.87414155759832,17.457902029427586,27.244496381304376,25.76251049796703,19.770731688515852,31.634626001402438,25.12077065656295,31.89136256905072,24.229087676934817,27.84411249345597,16.3165415476334,23.96368954424213,29.834408770152987,26.75263146738711,29.059464649818636,23.602444212918815,20.739290638886125,29.292803467500974,28.967700284524092,27.03110007153712,23.687637386523157,29.6502467798214,32.07218579550664,31.33548649211659,25.658039996017262,17.833877571560492,25.842838574555525,22.39042735012076,30.031275067438088,19.881801237089903,26.78968186693443,31.2088381188967,17.31740554954314,27.279966408601496,24.087342392747747,27.25139657243047,33.32055066099296,26.91104176940641,26.000778015574692,25.414578175924255,27.77114053784673,28.98324741956127,17.414034394167093,34.220025978344786,20.33876111652916,32.857145947217056,30.182247065407342,26.9148896230194,23.255751790766578,32.36079769245762,15.727023362750506,29.002475121718618,28.697414344650277,23.35238636241313,30.523992434520824,29.350824070007416,35.64498304015041,26.278044913072648,16.067290637489116,28.214865509565627,30.100651984201985,29.01083618403199,15.752261596123478,31.19100327561148,31.22136078222813,30.69313857502946,17.50016798871898,17.996222189606694,27.793695440185868,15.944491081455253,27.73432332648657,31.329924819981912,31.41864645290031,29.713306498779396,18.672604932636418,20.6586190685135,31.053227666689505,28.177237894013416,31.669482151810715,29.322926412646236,31.03849897485863,27.30435523877769,21.45412363469185,16.90334482313775,24.9063417717846,26.68961101429919,21.866562383025787,16.837544013517306,33.80909564415355,30.711135486339675,30.236086672939315,16.632034844394276,21.322078474144025,31.341306745584177,29.025547464364713,23.25791592164025,31.297041916082794,30.571767438635153,30.949447403045838,27.08631460335621,31.584800213197827,16.958475637080365,23.97088627117265,19.286743429220735,30.551596084618605,32.74792234467826,30.202871122909443,29.215713623338072,27.720273997186318,32.14630301844301,22.94883477610558,30.465908377521252,34.262337107370705,32.00266957502771,31.845188027767072,31.37391206366681,26.06042393253912,28.264923154302586,24.792622293751677,32.52759228655596,33.44456831860971,15.430889633246764,19.464550083929563,20.479713649272053,20.36379226389727,28.54014417204204,27.3913429102808,31.74598275351723,22.716938236795116,31.669870318226543,44.02388076587173,30.707417200742206,32.38927120197893,28.153184727995075,43.03640143518541,27.790726120138952,38.30019861049282,41.11147954332946,41.33102447527851,41.04504435106486,36.16583935741445,27.635108827144332,29.540931013304427,45.76585394025401,26.6087005684014,40.38195688002032,37.08492714042529,34.16891707504196,44.46647547372263,30.381307433937778,46.0591804122341,26.009358396461955,37.524477895940166,44.1304589274754,46.76360151160451,38.61495314477379,27.292845991225626,39.101117286945914,43.92184042430479,37.177833374532774,26.80788026225493,26.112257753308622,38.51073286363704,33.01995269026445,39.04942471486249,37.81317628098097,31.1747113072252,41.280879008995804,25.13686104487036,44.708291695558636,40.793263415755234,31.706435457483533,31.09337964407944,43.87954197759462,46.14330044188647,38.721069142323884,46.04906815990603,41.51630022373728,41.47100065338638,36.84207461730035,28.024561069508245,24.18567615647066,28.72235025806279,34.50476294734692,37.94892006107453,30.34430072886794,33.460192073390296,46.812739916939265,30.829372306571415,27.026140428636733,38.94047835826349,39.14788660518107,28.81184333063887,41.91334669509251,41.30612406516371,46.04934428796872,34.74181521161695,27.303176043369213,45.6099791681205,41.326197607716296,42.041763284396644,40.85057404727892,43.108585260006244,45.34618923831645,28.349706910767594,36.91273654806009,31.338844147291006,33.940471795431215,37.747848421534094,40.36359998741493,45.801064863862166,37.13298024824477,33.733554711268916,38.74810758510949,28.314158653410967,47.038790013543824,29.691019764054182,41.89037896119622,42.33074681653057,41.370619193919964,38.543273681718425,28.29416991702743,37.73726609961374,35.25403497160971,39.290415306013315,27.247446202392034,40.458382793502366,33.63563356427932,40.221598002905054,45.37834415759598,34.33566237818576,40.83403933992467,30.740545398149845,34.71821399173207,37.78459008431684,36.09281103301406,43.20769879593437,36.05725458553392,26.097529198491806,30.816632766387023,45.88126514739244,35.466839031775315,44.834303536777384,27.587031878478726,43.03850257536345,45.647078479450464,29.936198277709448,35.28371810071408,40.87609160200597,42.021559892934604,39.77066183237888,43.49452658863715,45.16337989105215,41.25502946844235,43.967405081200354,39.800852426058945,43.94578540642756,34.85454347148059,25.328203570915544,43.29490764289848,38.67797713655345,42.02331672432403,25.355419942318264,28.47418174034809,40.1396715063111,44.13539252002098,28.299569743406504,39.65111871947055,43.62809162580041,32.29533225313328,37.18767831352505,45.57190126931145,35.27420267411866,41.4462920039745,32.68066980521272,41.959093203242844,43.579482433263095,26.67073021944164,37.22249057797929,28.284733828704276,33.885154245292235,39.02391877120504,40.71538916267041,31.1081569056311,37.37381378425932,40.28071547283395,36.053385783769926,32.29295542671306,37.3388724042836,45.52622211961092,43.55715812901803,42.99504905875476,45.47473289824347,29.495714192497335,37.04859135347694,43.35338255940961,43.00820095153466,28.75446708537523,27.905504630435853,39.08992228939605,42.601689056276065,25.88340148671629,37.918413234294476,43.051204861554965,29.803994404279216,27.921566600960084,37.77489859500888,28.404459236659584,38.65750544668197,46.750785079578755,40.03870264161322,36.34102393794427,43.60817087302842,32.22645115904969,26.318134081874526,41.73058443990204,45.709397061561084,41.97132281085678,41.23892737202605,31.30226513772319,28.62848466786969,38.97530368015647,38.531855109781276,42.23890101308537,45.04134891581331,25.004864994222068,40.52610033185587,29.21128206222123,42.504222166262835,33.089782275288236,39.685124897908295,36.4949693574112,36.84963763459139,27.948667703690543,43.321760666748915,28.255543048756167,34.24100604387459,42.92603548177817,46.77657208980919,40.73838527871551,41.3162478560375,38.646883498951276,28.057778166330163,30.434624392144634,41.578233231768635,40.7397165279916,24.5840529893407,40.797352191460156,44.33239976637256,38.078442159606226,36.71009693291652,34.59295186632563,39.6985586649103,41.84880637422694,39.353360439204316,41.95298849129574,38.672775779129445,45.207401740898355,42.504509784532786,39.53443014457886,44.183765726293814,25.566241411397463,46.103828247136256,28.105283657370855,40.70608482749662,43.05795823437658,36.479367424470816,41.385227493298345,39.97268844580238,39.818384934146316,38.7721534885999,42.69880642059895,40.799013695172086,38.15852320885562,46.11979425931974,34.727526283506585,29.206086329430086,47.26346977476911,43.794935023254,28.089575480092986,35.55366179258037,43.631121339611504,28.41492491813785,38.47211984481243,28.69080027125132,39.5912669117345,43.05802292755665,32.81712228385432,46.397759058626285,43.79246368388202,43.562520642646646,41.18464016792508,45.92700057689584,32.701514924855466,28.122698360498088,27.619080565116008,45.432215119911355,36.06211009544507,42.825442036086415,26.31183192478043,37.79522422304585,41.30759129238343,40.29174933149134,28.067209773127956,45.741582347022714,40.25546657357429,28.702173000001977,40.36040098882771,29.910035152586087,37.89269419379927,40.15462659803764,36.64093224805326,46.17714200506887,39.53827780103785,31.848891373020646,44.53394884569429,40.69264904199082,32.521130895578835,37.08386804785929,31.79111248700979,41.655401450709206,45.470663477218395,45.42549028255141,38.40077553601657,46.01543737074076,42.484393898491504,44.57351885346878,27.98600172651495,25.366723478113446,38.01109514644,31.112912105988784,41.3347508139555,33.42550060555064,35.978661236268515,28.072757420372778,34.210053301041796,35.6352540280226,34.89291860905176,25.904101064175016,34.9294606717016,27.197199566128454,31.859835809403254,38.973205191029294,24.941327910612298,35.67158386278551,30.9349324738269,35.25514908227235,36.96551306300528,39.2656533487926,34.75589343810816,30.481556900160413,31.81580013897751,32.798330316618234,26.639634410150638,33.198190939609546,35.36364537292712,27.62984675036048,35.2831354195114,30.542973641458712,35.469929551427875,34.931835964846336,30.912195083585157,35.724449732324054,34.764604599501695,31.166358697156376,34.775563304579514,35.78445651870566,36.6885781126576,33.5196675746666,36.65298324678032,26.67328388950016,31.700371575806507,27.108203114380256,36.21981618410964,29.43739107031757,33.026079389425746,27.96679822960812,26.14010095382673,39.7427333954217,36.24486313393221,25.965231926795983,26.664583386240075,35.36556957896085,30.297363545266467,28.52408725229567,31.853250797027375,38.687394792745614,37.33711558360814,27.365863970452978,37.33685706315132,38.194345467763995,36.70422711785755,29.904414447206833,35.939441148315915,35.742323538789634,32.73699522631953,33.28500573865056,32.70324350731748,35.268335781933,32.86799651203538,30.867435202921246,30.417911295196145,27.40391676766276,32.674898902852426,25.599161473610483,26.64250795972128,31.122478794739525,36.03281772598098,29.98339841262697,34.90074038076282,33.69882599089094,29.643471950787823,30.96938077068129,27.81826861562022,34.502334463010406,35.21434174486034,30.82079463889038,25.09207169247731,31.746562842297802,33.2326420698623,33.40581071553089,31.981341194898082,33.17418961091304,29.319974481616754,32.5015936736845,36.157040902150406,31.702479027529503,26.923021814664004,36.47630518695866,34.46647462728439,28.84812956632618,27.18290572686255,28.11049140701457,31.517001942334122,32.64562936017452,27.506981743869737,27.412721534743273,28.92553893333836,39.96206056660437,35.497851516601955,36.16215052764834,33.88424380404804,31.106472360991603,34.321265568985424,29.152248493082215,32.78135638711343,34.49780031173244,38.06834376140636,32.479677370162754,34.65687239072511,33.76062953943358,29.374303043646307,25.951050120917444,25.9027953368909,38.752792960558466,35.046492357010635,38.36886437413689,37.10419395527027,33.303841537361066,32.6869739800874,35.45014340917627,31.406721122231446,28.741066180548053,29.2222304301781,35.51887661141521,33.42507015469793,33.8154445683731,35.855998495119465,28.669333650998567,26.546841443534348,38.423240485156285,24.142643539133473,25.945595984590824,30.537033872173115,28.1173897119281,28.338705808036167,30.558767260063775,37.50686928694303,33.05481559106759,30.285980628382756,38.47466161341517,35.12562559908943,36.709360879700924,33.4167623279496,39.464070790553336,38.634152542529584,25.317641238128832,34.18444771875965,26.55737099665577,34.94872065967846,36.60600480068615,34.592303202335955,34.27176647767173,25.160792910186828,37.278017986567505,25.68523560325748,27.452335316380555,27.073568728042723,28.700290943477697,27.80254595028201,35.65775970073145,34.385847702212494,28.912021134805862,36.04913912183179,32.96809729732363,28.935518316256818,25.41676188343227,33.330731460719626,33.00742541917317,37.47439134603425,38.460410649524086,32.71812156969451,38.19799486828375,38.868434724250115,33.41270071128513,37.14683705631579,34.65408726296907,34.57061934990263,30.30471692270558,40.95658836487899,34.96255505548773,29.428911150529057,37.629283706123296,31.662583423078154,26.97310970147336,28.104155042996332,28.162516517835893,31.92703143043266,27.01176889843378,37.015930978549385,34.45374444629402,24.362570768663137,36.161913868562195,32.66695345449307,29.28053882301203,36.0497932999786,27.306266396789876,35.46841739431044,37.078222391951606,24.65699707967832,27.132452395367206,36.29115032666516,29.047847970617727,33.156674930209384,26.80732859545703,35.301095935081065,35.845971703312095,31.33817590829107,34.76021553878946,32.51132683064131,31.841576777639297,39.42593783540411,33.2288478461786,27.336915291691575,37.51666661809353,31.61354302986859,37.79204052615037,32.8792243399133,38.96016917371425,31.683620972230766,35.47492456683214,30.4925795937217,36.95475660109029,37.661649145003274,26.994236383386756,38.596764182560925,30.07162961168552,32.75238473661328,34.12770508570134,37.14125877404432,25.99621322619195,31.22148381814726,37.91831227414676,30.606777338302603,35.261381726849564,35.47466237408846,30.629181277409153,37.69031967250972,29.084567313561223,35.35511568593225,39.85013157087331,28.361624073275635,38.98336436675347,38.05770300387017,27.19704289841068,42.78203832287262,27.937480318960976,26.988920349638203,34.20357802800737,32.74642636747566,27.369639699620087,38.59539045981474,25.34533099620273,26.95331415646253,39.4867475786182,30.831818089287776,32.47412454359,28.209082560246884,27.782985110280492,36.1440197911254,34.11837716090019,28.693465164540342,39.72779034125403,37.22838757560113,35.62212079770883,34.45282178670664,36.799858338097366,28.124281465130252,28.770446420441317,35.591993685052174,27.855562740281552,38.97047128435812,38.016781249403984,31.786603382340626,26.397553214651502,25.421351926196635,36.80663617196398,26.773312955001757,25.659282187984886,25.55021002393231,35.04685521106852,28.033319370882385,36.148710088844744,34.38355346157225,39.20872338229701,38.49108811269255,37.14407240373242,34.77177525341908,26.31945995403728,35.836176866095165
54,1.5682896449157275,1.4509475906452347,1.6495098647312028,1.503359296249998,1.496676381965863,1.6130197743532868,1.7292611087064744,1.4431064632728456,1.6581268807732203,1.6802047248691667,1.4559886939004418,1.3818381748931017,1.6039343988378827,1.604991738897562,1.3862582829082002,1.3793262509503093,1.7198991484931365,1.6638640468779375,1.6432500714086888,1.5505809925874117,1.2898858122601238,1.5250331636670136,1.6409819027429382,1.719313634874351,1.551633558366513,1.6215831924400186,1.3747341328462117,1.4554184282684022,1.3923930815320011,1.4159315615024317,1.5096917707188309,1.3875190980598398,1.3553379413501438,1.7733752366269597,0.9720783873751149,1.5283883047439442,1.4524514703725862,1.399970538614403,1.2204925786458871,1.286347551037949,1.3167769577770487,1.3850750925655655,1.5796102005836652,1.5342950828723299,1.6728887097784366,1.49048380767067,1.6389627607964292,1.5620701679921676,1.6602902779903264,1.5761619584859576,1.3677751081053309,1.5091836243037609,1.7190693200805813,1.8542978497607865,1.7511889594403742,1.721533913939806,1.5850514952791788,1.6240095672735868,1.5150675130129347,1.4573664662564487,1.402843042476065,1.5627791569568255,1.579497196990308,1.8616049092907367,1.6779105830233165,1.3628426508448799,1.5498609774560193,1.5596305032245164,1.5506350647450975,1.4461307515713688,1.4183107076340669,1.693006480590288,1.6008359565886296,1.2664420004816561,1.3673499868598868,1.7055216122771748,1.7130539643112073,1.7369617341739072,1.6923520265327319,1.8618940113281401,1.5077467708224805,1.4114243112547766,1.7127421886510794,1.8683785937388544,1.436434486934075,1.4469088426912806,1.5818035335229603,1.6730954242730562,1.8889659494150972,1.6700741691531151,2.023804826850334,1.5852806550930048,1.3603010086371579,1.5192091844646989,1.8455121863871913,1.4299613728751874,1.448584153948228,1.5061162614564376,1.396134528824877,1.5488018325620942,1.5378081469222897,1.454783248996909,1.5283034571501144,1.745850756498165,1.3155585883074425,1.6144097895390275,1.4561294527330138,1.4834232396440008,1.3160642337128285,1.5695469305552274,1.5167785600617647,1.7846045993278477,1.7401459804444344,1.632946418447832,1.4478266186730182,1.5381866374889752,1.7376272705910258,1.5102614446873566,1.8150553046588718,1.6584217350828219,1.4432904722307114,1.528603394889228,1.5288814193859048,1.3313643532163806,1.8124062781068047,1.4301382445969972,1.4618370437224575,1.6356837230446213,1.3232882355164077,1.6814876866622217,1.598677123867389,1.742579969030852,1.513333304255334,1.3792986647021301,1.5221830173520536,1.5114878516575831,1.2780220182372064,1.422522201464692,1.2740425233976806,1.3261196410594527,1.706100867786314,1.58954048468551,1.6916205663924666,1.5223530385053958,1.5327587637642301,1.6645510663246514,1.3236950654446862,1.3798862021831317,1.4909609618639428,1.551485631123082,1.5365964620489065,1.5804984227851684,1.5965208422429067,1.6304834308945462,1.8553098305468,1.4710733792567097,1.267230427140767,1.4995190077532077,1.5280456768053636,1.7264473396844613,1.2196335032561867,1.6921694221316534,1.4206218358420752,1.7506730184082413,1.7384550074309153,1.5442241143663684,1.7502336368332643,1.6451132564778739,1.5743534908212622,1.8528495930435478,1.5271302561150248,1.5728198480460112,1.6841414897313434,1.2843368667270072,1.2736905665479132,1.5021669387280736,1.4043151979567536,1.7661480233337858,1.6409595221820046,1.7917097663620767,1.5212632678744906,1.8585794348114517,1.4506668469344506,1.5234089938863424,1.4548682325872784,1.8520534506555264,1.419870912679016,1.3111750622562135,2.021995259720733,1.5202076775132436,1.5120450698478431,1.6431909556667879,1.385512356447542,1.8439375011545485,1.6965157409212246,1.4024558849591096,1.5118290803273018,1.5135788708773952,1.213314290728694,1.4700114356003566,1.5791999732824795,1.5099006575267695,1.7777831714766075,1.5228847700851107,1.484068257162297,1.274641021408625,1.39925248539589,1.5268510646603328,1.4835531080292776,1.5342005923305044,1.5027928379287068,1.7115700184402123,1.7117307301761662,1.7160753282601804,1.2959703425502773,1.463700047943109,1.6714051953062106,1.556372146863582,1.3902283020103132,1.3283101971052387,1.6639608146434863,1.5948015039652368,1.3377865454806785,1.6949373320185777,1.9627989899545835,1.5546346222717538,1.823260429334644,1.7740081747397904,1.6089228873934431,1.5509620218111155,1.6634240054245877,1.766268262051806,1.874638701396164,1.7071222648389484,1.359502783623053,1.4793875318510568,1.5292435183091542,1.5026464935567168,1.6568463664351396,1.4744799800491042,1.5170532065112314,1.538340698078149,1.501809160364713,1.2350897756080486,1.8135129787579622,1.4573962406155583,1.555759011854763,1.4745993467208494,1.5052463664858151,1.4047094494424106,0.9876136149148518,1.3008382707766408,1.6733763059571494,1.52265892392206,1.5599799390255324,1.5450881535844123,1.7850992947922424,1.3357310288635313,1.6625132987511821,1.3526555897954522,1.6022215924545207,1.4805720120421444,1.534601685315439,1.7509968786295613,1.54441139914494,1.9669275702523703,1.5697037808930068,1.521146821845106,1.6537778680304287,1.5767980731972198,1.8585472234095637,1.5604487151468542,1.7520474230171277,1.8240521417762796,1.5912425479662675,1.560004996236303,1.7769737422234002,1.5319605579639608,1.325141677878982,1.5469406779747656,1.3674398000316552,1.2902730688232682,1.4881231159572401,1.4667961910190792,1.6581809245172516,1.7190997632724476,1.6001448514777934,1.838515993265769,1.558438510605129,1.556896592607813,1.386118738869724,1.5098020376956462,1.752154658870809,1.5067586952644663,1.5826661285188306,1.5633246781637558,1.8648133078763611,1.4651481728618083,1.5686608122128622,1.6111185651691986,1.5468725977989286,0.8691821831243631,1.4301346967468778,1.3723782052283173,1.3927970971131227,1.3153962718947207,1.9504538638043116,1.7218983124110774,1.4831999762035366,1.018618257269927,2.739757072971559,1.8001888455102706,2.0019620734075945,2.037484986521775,1.4596670434095471,1.191717603536183,1.59375920377604,1.9275662751359657,2.3373952531494653,0.9165782238652233,1.7777447902748125,1.472908887633071,1.6567241837379771,0.9854514743178172,3.2230284508763307,0.9775555665299546,1.4536681765197075,1.671213305979825,1.3731608567651234,1.859555145635848,0.9426410186023534,1.2462419714087065,1.852522052221169,1.5190589792256661,1.6846119801139476,1.3467753000969571,2.2459618292397274,1.8788138548412043,1.9509533415279057,1.6076484753751363,1.3355758978623693,1.599037142960205,2.037085291426121,1.012556331263224,1.6346264734775036,2.191565917655644,1.2881491277571024,1.5316529890963848,1.6768456900425115,1.5609285351696882,1.1026367244170447,1.5016849252599096,2.0618160909227936,1.5648043819740034,1.8111785539394973,1.6506074869742913,1.3354702634689906,2.9864096760296897,3.174180866494513,1.6100423682076328,1.1849461903942937,1.8824422356869903,1.7345858448959826,0.9007814312807764,1.7548856872136958,1.5230431109181144,1.7666432435757655,1.9469507618457822,2.719098240995089,1.4295321319723018,1.4660271205338846,1.5399601726489227,2.787614852819824,1.6389416901692366,1.0702232959199895,2.6141429710878206,1.0830740448679628,0.8407748576515975,1.3966402893873422,1.466225480740078,1.5019757071987356,1.8917929835032807,1.2611213803591228,1.5079276765194458,1.752145706047455,1.3498714591771312,1.4349995347424989,1.1029074465831665,1.5958252743616552,2.058165908986292,1.6633379358748988,2.2197330205235244,1.407000285159069,2.1067089937022554,1.795751137242431,1.597350849147299,1.5911948204492772,1.4386391911178766,1.5537104957343661,1.5576454684890844,1.3888948676063555,1.1593887741145492,1.6423330300199797,1.8418730417640525,1.6760785602815935,1.626582469712639,2.924543131890428,1.8837259053269262,1.6300544298663615,1.5505522890667418,1.6765857869154237,2.9963430848511354,1.9748340047408586,1.366266259516071,2.118822318452483,1.5075933597974978,2.8969831710884653,0.9199562639288192,2.19840082891668,3.0763586897546498,1.3306971550031002,1.7455875611760565,1.5280952865335256,1.678525513563607,0.9057915510799476,1.0638175709739308,1.6826756677994377,1.5833017756914045,1.1327907773437031,1.3654091095088918,3.202460448575586,1.2344237185217797,3.2167550161790923,3.0465546625933224,1.8983052543319796,2.077889938031427,0.9227467544405967,1.1686657481548373,2.048855153490323,0.8049615365809238,1.6120003782991255,0.649810879864397,1.5963988004173508,1.6771825016876898,1.5469281775606816,1.5827412761409212,1.5967059465022024,1.6989992201857804,1.1197623576206395,1.753892766909397,1.8794973575705063,0.9002523189786396,1.86854881382987,1.6678714989336167,1.6624880460514109,1.6385112361517573,2.1695937119079205,2.0741413548924927,3.1977469256626776,1.6243765351395232,1.6989042991061563,1.2589215237634364,1.417942988241669,1.6152641535144396,1.4817519390091507,2.07690483732873,1.0083592834701247,1.6163980766960728,1.9026463647269283,1.7098761703336094,1.7700376333268801,1.7439794639994135,1.5146675352288812,1.1551831427716805,1.500192400368926,1.0016904446425328,1.4327417105107563,1.1510710598291867,1.4377713251508755,1.2178386305251758,1.3762129102614826,0.9262531048667141,1.5910059161053778,1.652734313806798,0.9918904938093075,0.7942379874649045,2.1741809663901237,1.4044944323625757,1.6112446122609942,1.6321745021789107,3.0539882189412033,3.151220916013584,1.6221105332519903,1.5162339191515395,1.0398974036856485,1.4289815439352553,1.4180465354060567,1.133169520773757,1.8052311562748657,1.5123195182601243,1.56019933824665,2.210911224362531,1.9230930021355408,0.9081064416997693,1.1950758054539876,2.3998435554038897,1.2341181859803254,1.401868703380698,1.593346530661775,1.29437074083357,2.948218641368814,1.6105158931295098,1.3707801187154964,1.6843783898703122,3.05499867338253,1.6098584782524261,1.7551833568515223,1.3356122218275888,1.1453841697232854,2.0049765032476157,1.3326592045855814,2.7014887472221805,2.2428816233151334,1.8268474569667557,1.3924642398823777,1.6289703869178183,1.528323231003357,1.3165467240333864,0.9103798921229566,1.0413114290807106,0.9690840047467375,2.1515856964475444,1.059995896245394,1.38514022787899,1.3354147557984803,0.818687882363497,1.3368726313412431,1.374251891436688,0.8165255052014173,1.3380497432377407,1.6789887258100866,2.0943378232264367,2.5335334633921667,2.1582942564205827,1.244632712768959,2.164074776141807,0.9983819319820076,0.9567130724129304,1.9294473788314621,1.5776465692312787,1.1607552679972941,1.8170340100525812,0.9325433557998513,0.9221770861702331,1.1526084425352667,1.3361734295455012,1.996377446539649,1.347505325576071,1.1116309704054457,1.711589791697406,1.359236797726502,1.0968925177573223,1.7960722989451163,1.2221591083269878,1.3336956978315824,0.7402898520841209,0.835124343831064,1.4939694851702618,1.567680151734762,1.6777735716967686,1.9660555495925844,1.502813170933404,2.6180110701770145,0.9246474328264197,1.1619767020683476,1.2326269057078736,1.0744787388160149,1.4351446493896525,1.478981305612103,1.5788700028326614,1.4507827887695153,1.7294338770957054,1.2833372620449397,1.2823228375188729,2.0417905025486083,1.7818132316242064,2.1066751065794613,1.9159115297908358,0.8378035094367237,2.116146008262508,1.1860913192438602,2.0365535509671258,1.358958296896458,1.8751421499380765,0.8039051904456752,1.409185304961288,2.0943242339611055,1.4054320540074487,1.2126351278826986,2.4005894142012365,1.2339989512855236,1.3524175660032964,2.2591279136460938,1.2071359553266103,1.0076026865529337,2.6761341018918885,1.2444447591427146,2.6270024852582226,1.8239630318023858,1.1537992670435206,2.6338654351505695,1.4788854435092584,1.268082367535754,1.0987243349374385,1.492187062050518,1.6795518440204569,1.5242171603190668,1.2464420602098858,1.3688634880839257,2.878526419809993,3.6343646596101533,2.620161754071882,0.9682910560947183,2.22579328966486,1.3859577644971772,1.8743586639727063,1.7386346870377603,3.051371794565853,1.135787702020479,1.6644603365589266,2.230975123578,1.1487305568769217,1.2693688371365341,2.084139352223226,2.84540794931959,2.6254161522662964,3.7783414360886183,1.2028694738854446,1.3921408804612905,1.36002747041103,3.477512642058625,1.3804141397718261,2.3386356966052757,1.1562125621527584,3.0312403552517733,3.5459604686710344,1.185117475443055,1.390846076801528,1.1927120562769924,1.3841570295501289,1.219666871172656,1.6370149897037987,1.3918173650470924,2.225978515296683,3.9573684495213937,1.7304443851629379,3.066131245418475,2.3632453238063325,1.1462518085607676,2.5098667279557536,1.9137101157509397,1.16880777390836,1.1323823176465568,1.3024263529272093,1.995304772605483,3.2591436028198526,1.2005871161265251,1.1426284527788397,1.2916125297502128,0.7925750616698637,1.891916516232296,1.2149662364288927,2.980276312287992,1.8770194076648512,1.5572461770305268,1.6087407003832712,3.0032697627145257,1.3348752189852087,1.3919385901844346,0.8096125410698597,2.0193150075943507,2.9700893067833474,1.7547701603937667,4.009796360919041,1.9784045992993349,2.7293204638233357,0.9663419033578177,2.992508726085406,1.9396546418514549,3.4495454996794592,2.248224959068277,2.0633028438347982,0.9242011091792236,2.0034454360337954,2.067936434323068,2.462856349101592,2.851169500551657,0.9469751515605295,1.6142900775936286,2.1247287641544244,1.4538010642598482,2.4216704582977746,1.6319051260968176,1.4683164877197625,1.5624713819371514,1.2919710249180094,1.4166672983845803,1.7226403454423986,1.2064234189808682,2.9024772699366927,1.0733236239390067,2.163723577014183,1.1473605658060684,1.4111790872095178,1.9984755648885666,1.8572334475520327,2.9226099638056477,1.1383086616162899,2.18641014642782,2.6045219027029596,1.3630176161535252,1.510771651912423,1.3048338231601464,2.9057362321826474,2.0049753640287626,1.6383571222712083,1.3842963998607054,1.1841041011147215,2.098746462404948,2.0923258826787188,1.2845049032754723,2.010650295793846,2.36821669178541,2.011685447098067,2.157644522999766,3.474312283783593,1.8508072918103737,1.4514847000392792,2.007443569116246,2.2834612390187767,1.2725978883307472,2.5594535038770547,1.6878592529967957,2.390728409927068,2.3261791431828662,2.002257632186139,0.9876839539241391,3.194467919605988,4.117285156240157,1.5206716438649526,1.2864034679246323,2.144894990436274,3.0759614964875728,1.1983495177903953,2.2545710347627423,1.8084128859688384,1.2655006424086663,3.110919263012994,1.204956102220138,2.9167176507938315,1.0970352400471721,1.7436400441588413,1.8805179146628692,1.9291094264885238,3.2136148790796253,1.026672054805221,0.9563582887080969,3.012173043319428,1.776887757437461,1.3012290013102747,3.5644060024307116,1.7913989882343466,1.2111952457271329,1.6369141084995176,3.5506999471665504,1.9909269475184619,1.9233786278025293,1.4015088374779046,1.7511279221641594,2.2515443755820748,1.4630715000066694,3.0954819404641776,2.93045847067632,1.2518965045693426,3.0314037352495666,3.443906236050027,2.005242399474163,1.469717794928091,3.0008553751989933,2.6694347800947607,1.1465303162457896,1.3956039091561423,0.731232334303913,0.9835291731605877,1.299957903804262,1.4423408408443545,1.2438923888518751,2.4249285507315443,2.100127527408969,1.4404296186625183,1.3500163609916005,1.879027190429218,2.4370721155213686,2.0560024141551305,1.6476884845809243,2.104083391850911,1.9474782385071392,1.666265545798407,1.3242025595418112,4.072390262492845,2.612570309012758,1.3539921707676414,1.459899075428314,1.1729705213703678,1.2531642669617342,1.462176197410938,2.628105576077376,2.29277949125981,1.3381891414887845,2.163373567950598,1.2143253445483415,0.9893482121669818,1.2986204882545134,1.3599158503846793,1.074375711581916,1.3599382219590819,1.9060738608526941,2.6299520717726272,2.385235585821122,2.2189773566691535,1.804873260880239,1.14099364160328,1.5422683018129535,1.677580444914256,0.81137160007328,2.273544248923639,1.4415703707743086,2.135713357524554,1.1013485192992845,1.3824903680538905,1.1334836304358862,1.1298668569362822,1.6731114836120085,2.0379129295385057,3.065657936631032,3.0425791214441134,2.111360164859997,1.2941902577329332,1.4259724540071215,1.4625028761818462,2.5577485643483766,2.749525788366668,2.2802655136077523,2.4637949262072047,1.9978394083981446,3.1238382125259383,2.2157548101062305,1.2261334974324887,1.8320595783827702,1.353157034025182,1.6987473380022036,1.1079197678557415,1.6447024192412802,1.256505517519265,1.5170667606580304,2.3925857670271347,2.787309631206607,2.504368308180194,1.7305957946116282,2.01357826820219,2.069342949357881,2.6999365689738495,1.1698261039010802,1.2125227357370927,1.1055822281991987,1.3593017384970063,2.5371089691172104,1.3467490469542076,1.3449005538686232,1.3005853988351987,1.9241261481067258,1.8310202769445683,3.274615235924496,1.0766772873121722,1.2588453614475903,1.7946612599389604,1.0784594104583707,1.6802818076589312,1.3573142180177553,3.244716927139608,1.405702781198209,1.4453994215764612,1.3076814222367514,1.1299828847511397,0.9751168050443313,1.15191318314035,1.3285480215784877,1.96556880398485,1.1445542122989023,1.6228070078607189,1.4917297104897185,4.616683117187842,1.6140053721218062,1.4084730450102079,2.3988242229920496,2.0958309363397385,1.460637749628298,1.1955259034364574,1.7133729328345857,2.07088390949387,1.8454826752494218,4.3583871220990265,1.0350247210216736,1.3568073253244446,2.780672755547724,1.095416602272228,1.3314223980131688,1.4044311871785684,1.4325755206021624,1.4093831945707636,1.29537440626043,0.8624193167753652,1.4956764064577206,1.4001621362572287,3.4619922487699046,1.7431070731318825,3.6471064787928436,0.8726584436513172,1.4429075802133178,1.2105425423921208,2.5499662005972588,1.8130373481984345,2.1469938149592678,1.9547282997971638,1.4602195301305667,3.1309124590456383,2.2496290721733048,1.3260596436092777,1.4176863280992216,2.688463199747334,3.7249130108114366,1.413103611401167,1.328763961097713,1.2456811618146546,1.1285149609316747,1.962838371743508,1.4658286965489444,2.021664712987841,1.4136072155730441,2.201238411531593,1.6133626603355153,2.7024579084696745,1.2243017562291354,1.277337178934134,2.0432708827522315,1.361980448628188,1.330611438927708,1.1744234543317948,1.4223501712637954,1.2623039258885522,1.2330160166219828,2.6560793789077133,3.3423300729730054,1.261404538978587,1.4915499932346807,1.4900104271147148,2.976923079264599,2.0470365491470504,2.31625245686182,1.8648064518075638,2.127603121585966,3.8082421185306186,1.1683748524085071,1.260141896891778,3.388579327555863,2.1551234019905934,1.9806362183033492,2.3524502337741664,1.7938276628263403,0.9932485741378696,1.3558601234284278,2.0135882958522604,2.3174281481742596,1.4725112151280277,2.6073144913077098,1.2413023133211931,3.115286571379213,1.478113840689979,1.3590874094729504,1.8812435170180746,3.045320644219935,1.41673236941055,2.453355182186382,3.018859195249097,2.0627475586459045,1.5312490935925298,1.1892487338984037,1.609153053424981,2.094295511868116,3.083295535425261,1.9524313997161902,1.1594170535387986,2.3421131669186,1.8219367127819928,2.361511394383938,1.2578188384493163,1.1052262963931831,2.7495854890266815,2.4409104758444005,1.3567018877625465,1.550276067510848,1.7706351295081812,0.9928843944303637,2.762066420304925,1.1235541859967428,2.286931524676243,2.450780660592417,2.3402468151057216,1.53868265551694,0.9006114542892433,1.0703568811128403,1.0235245987814232,1.2668813444990272,0.9291036846557734,3.3491026544936555,3.860487732099542,2.0173777421138057,1.8709025889826782,1.439767103437751,1.4164795701839916,1.2514998597475138,1.1193213854507065,1.142394314310387,1.0098438782039643,1.201377425302575,2.5232831688041704,1.8873427301525674,2.236785159134623,2.7101508123569777,3.170724785169005,1.1442270568813164,1.5844256727543904,1.4111301744732472,1.2290701153817707,1.9550227068110724,1.2526750484620044,2.252623362309783,1.068785637216948,2.0114297679440143,1.1157779458814219,1.0778302820468377,1.2352111600516191,1.9231184007038828,2.13319399196152,1.3458276174611443,2.1057446886237496,2.175299145050487,2.10785576378117,1.2181118425578106,1.0950222131835654,1.9747502930043686,1.5035513275179366,4.378364490279365,2.0927865260059586,1.8841560323150022,1.3323622317838504,1.2979328894725843,1.4831861646082813,1.3692206709427623,2.018983793237302,1.1652390318769652,1.3970526799893443,1.3208705773060772,2.5215970377448653,1.3200548912251255,1.483951223648742,1.2315270916773655,2.0060579567296304,2.635554496988929,0.9852917172464988,1.1238076290635393,1.457240286291109,1.868107061244739,1.494244500032941,1.1624591873840684,2.298239118875925,0.9671349219075096,1.8136944547193075,1.766734242130173,1.668891485265633,3.7051208154855813,1.7569569008323431,1.1267985002294405,1.086301775453715,0.964845994640332,1.1776986092605,1.7317646297436158,1.5399290858984789,1.9893267555880794,1.3428555568381084,2.7877661711070214,1.2638800281033902,2.2909479994925737,1.4274783275658993,2.3054654557826173,2.4977682702846207,1.9817684449238322,2.619928837277503,2.7466664742137152,2.4041204084803587,1.296655651593236,1.2434800417874505,3.149041894475859,1.2776325760446512,1.0060241615502197,1.4953425500689075,1.126917308534407,1.0567192090267024,1.6010273579875525,1.4392652361732265,1.0633664616657403,2.3711815381560855,1.3105679946993158,1.2775047319401984,1.2189909739470726,1.8857820692506422,1.172758379298326,1.679438704846508,1.8236797261750615,2.322778865299694,2.1246490108444145,1.134316962677166,1.739165977039053,1.1925336061619205,2.1491731942865355,4.775153907004617,3.7141816756407606,3.535326929699641,1.5073633670433906,1.238663586082903,1.1200400016873355,1.1109546595406414,1.2970670060279588,1.022849654011438,1.6683619706210306,2.053086719944448,1.9503044061034966,2.031330826134732,1.305145542974956,1.2955657937330272,1.268936814348434,1.3825624456286074,1.35607751829426,1.2309989595048336,1.6822093205568616,2.398564190973058,1.793821200185604,3.0551731868490903,2.6899857106329543,1.9506947595103303,1.2547595441618473,1.5685434600944248,2.2183055473890545,2.5399638065313797,1.441825916141655,2.43956407966678,1.9589663615257296,1.5032647063226063,1.6533719938062197,0.8671027352469671,1.700955832404152,0.9575273983395725,1.1505150543592417,3.0545131458617396,2.4826057400656416,2.540321710146683,1.5592039875649573,1.9182464682208449,1.3127839872877298,1.214667200461415,1.4800913109669134,1.4793010830913709,1.4363332875236265,1.2517934674524434,1.2266700559677859,1.3042864155867107,2.4273506292132705,2.0846993107768013,1.5756313626382097,1.2535389742658278,2.1475562261848196,1.2788929423842823,1.0146368437293365,2.523752140149678,1.0417389621922848,3.2907072823256462,1.7937570800018303,2.0396677306512125,2.2425743165020866,2.008219905360043,13.846429329130975,13.147008345611361,14.644818692214821,16.06574992182757,2.6949919116503214,6.8304166608232695,5.796368618154026,11.184183785557982,8.84979899312901,16.440486529425588,15.70166381259764,14.82398807256815,16.692309523472712,15.693154601095761,14.99471567017019,13.296744536575234,10.996342450619034,3.6383057027835535,3.2375222584758743,13.548927587576308,3.7663082727112367,14.703092493346103,5.958552873142516,14.763671861756059,13.865796024708796,13.205036952340343,15.815469305300407,15.691608156878313,17.032219786269994,13.819015895752386,14.930034370933496,15.143736996703753,14.246483892273814,7.683003130632397,3.616226879949689,6.6866537105541015,13.64019549649333,2.2535315069991033,4.579028227020359,15.360065136144756,8.265727520459642,12.513936460692557,16.29603361029316,6.240813192279433,12.440328247821181,1.3166267828348635,15.033282675488966,3.561510141152269,13.427289019280082,13.528724930160102,4.4325100285895935,15.120962451035334,13.30816876968972,1.2122499638480488,4.595403589129963,1.1465250247575953,12.941368876296425,8.846079802950097,1.595564742938846,10.3840449299307,15.698195531700023,4.226439786212501,8.486141462720877,7.7269336161455024,12.446863951192947,14.428525228992706,14.180074464717139,15.18661817641618,16.23395515671034,9.92579348565258,7.504772279062197,10.657686359379316,12.861621454289681,16.055282543542383,2.690727578368047,9.750765018827476,8.341535666211017,14.755394542569036,13.642371015141793,3.379775774615814,13.415245938882782,14.814309020257973,16.143128637195094,15.117937990690347,12.40794261376259,12.413778578560585,18.038168459293384,13.761284587947474,9.655264582216782,5.5199391259346955,7.300666795818874,11.924026825137727,16.682479993343595,15.374385911643177,2.8663349520083394,10.00261338776668,17.978971128587013,7.574387318707782,7.952095900272551,17.29922975530652,9.975598953349929,4.654505543729653,13.021406936563242,8.632293721497867,14.790576597074812,10.135219482317252,12.152064833448314,13.689758695730765,14.208644221523267,11.544345628601898,15.346988561836739,1.5832316663159423,14.764868036994235,13.711966443357175,12.822190437092855,15.588852821927608,9.631887632316712,13.954540509026726,12.462495340946829,1.9558568971479673,14.329308392956893,5.448060561340178,1.2449839403441645,9.144525571876004,14.110331949244541,6.074059400588688,13.991048838692276,15.844423403833105,14.817543682739245,11.505482495377432,15.490072656286051,8.930727919901724,15.46356514269465,5.091415016221314,3.9901468130019895,5.619028890612595,13.814044598734739,15.175680513809498,12.357510512642435,14.090961509838692,4.630542323351501,12.789928551430943,15.249737163307453,14.371658805297855,6.740531951599669,11.971727536467261,13.555398193995165,13.215909084722798,12.44122678679478,15.21445641810523,13.884753115596629,7.928404179397146,7.341590427064986,5.814656805751933,17.031447772369926,5.715441503953748,8.071290903147927,4.797843550247022,4.888233767765036,14.85320544379173,1.470068716612926,14.228135578863796,12.24085848270382,15.76050081761758,2.2565396589553597,3.1923301787676217,14.934846727558996,1.355102620447363,7.002379651332628,12.213731144984616,7.135475832734783,4.8258361927605335,12.874152658791294,11.409117118432237,5.844899127232864,16.20931178430182,7.113445462831812,15.960582425521629,5.227755943803001,13.257203148497172,2.0211772128952017,13.045618757226308,15.662075494199343,12.23082292487659,15.009588508018025,9.667603309296638,6.311292087180231,13.047693687127031,15.714582859904828,13.947840770344108,4.7792118122595175,15.67836082014826,16.83201601032732,14.88673989287039,10.700943310828317,2.529092361371851,13.775941463023278,6.006457680212657,15.544702753427087,8.813537955989828,13.71653471851034,15.406570611343048,1.8062328315274114,12.795344132561105,13.141330753355556,13.357184763672748,16.71388712499981,13.67285585980863,10.36567685196082,10.500348854999139,14.505601971726273,15.68517878420817,1.9575062925565638,13.611782990482855,5.449814858473801,11.838710578400471,16.01826242219225,12.658465149270548,12.245747930592561,15.795705436768204,1.2399866931163812,15.638378299091984,15.334741418511038,8.29137944413812,13.57865597255902,13.418472528601637,18.264056228772823,10.30082186784529,2.5581944355987543,14.404919681139464,15.889101832956023,14.838657916651485,1.2979281591683514,16.067781667004127,13.25021690386027,15.740559251153861,1.6548361356791363,5.410632694910757,12.386231238189682,1.2288350087001345,12.571647911203598,15.298170218541516,18.02105649781619,12.933842975489604,3.582233767496625,7.744529531096813,15.127054741806102,13.014204579955086,17.562361961741587,15.401935862643006,15.566059502269201,8.76701154795793,6.400343389053042,1.1737136416642726,11.104813773356364,11.0284034604076,10.815903176619432,1.8190885500055483,14.905749186109674,15.762255359561747,15.935572115125611,3.0851470020926293,3.5681115657079006,13.854772959941942,15.926649823884896,6.520626736362145,15.325853956406807,13.81430256761092,13.90766811344331,13.287016591627653,14.420949721207874,4.3739130327562155,13.062437714705197,5.849335969732008,13.742874955726785,14.020617780342578,14.630110783801541,11.695068082020232,12.35340030200347,15.657238506000892,6.332011506079198,15.87592555030999,17.000035090403696,15.846636461615526,16.242574575492775,16.14688129294349,11.166914693622823,10.499659618040592,8.55385078905881,16.136683377706923,16.704619333986432,1.5191704865223288,3.9360803437815606,5.933748291983906,4.7604395507380195,10.766466372277637,14.995172583455858,13.373456332988594,7.17453105016246,13.399363457122174,5.670830455878579,3.086191052460214,3.2299045409630067,3.154044880478777,5.369903068972777,3.027326197477489,3.5003191869475128,6.558118481390964,3.997369410274934,5.133692489068407,4.271518915184167,3.230223591412543,3.190248366418808,5.911595745361016,3.2553356853343747,2.6503494028523584,4.943916266645814,4.777566661040757,3.4837891087172466,3.091155953779395,5.494098774941985,3.09888274266231,4.011179912134758,4.982596775066815,5.88493898262208,3.2023678516157776,3.245343456455956,3.618111289361905,3.3444297068987465,3.676399169247898,3.3053700309166305,3.0289387161801877,4.478710266161243,4.062291856357549,5.513799343254,4.519152449075131,3.4328311716520346,4.8132722256077445,3.0651605281852685,7.488499040939474,3.664784289566019,3.3985820651957006,3.5052567880631376,5.606300977336366,4.458253074789646,3.156284997687263,5.6733925540003804,4.370405586727895,4.88988215826905,3.9921480884493663,3.2501546550545015,3.0771816542666364,2.7344975694932705,4.732497493764768,5.421924778453204,3.0120506295098526,5.689715358456259,3.8513643753362374,2.8830531395731804,3.1296849524752344,7.727760437276872,3.469456049894953,3.3255237174418975,4.854517625951864,5.895426738842842,5.482345581668379,3.8981128646637893,3.615514230356805,5.116808630263076,3.797432448465555,7.280685935765038,3.4323277621551878,5.243670187932984,5.026623915949095,3.257127796867598,3.98699159263018,3.3338417597727594,4.450681482705402,3.2150780596601285,4.277375678529396,5.617340313460418,4.036353670391724,3.553306032131489,3.1277958985785017,2.622588978135058,4.028741783284722,3.8227903089359283,3.771098358293181,4.875241322913011,4.911786739710874,3.3552877647413117,2.9041391024627203,3.909837060560422,3.336339035595822,3.091311395804128,3.0587525493927394,3.37069303959475,3.4835760404363145,3.1371542683825857,5.269852897191627,3.8381700131917995,5.52319978156913,3.094508168255416,4.126999816770418,7.459063940539378,4.870518728594646,5.721530067147137,4.354847065201063,3.382455578482736,3.773075216142178,6.338183451403431,5.0309676998035675,5.324006306870704,3.2883959527346405,4.8152525394540175,5.861289436649095,3.3320104273838305,4.583431043501195,3.3393443593324617,6.6513250139974085,4.285402082231759,5.2219509837779405,3.455070618143511,4.086437127970925,4.695861249471184,4.376097234639571,5.409383594305296,3.600828771153179,3.1021726280977076,5.997018390953135,5.483766371673768,5.746199040175762,3.2753401512085345,3.088001822179612,3.700466604519127,5.403023306086269,2.850801223920699,4.84518843221881,5.071007645339485,3.855080536797805,2.617965377162796,5.655703927299851,3.9801376165875637,6.710279882778349,3.4481053649587157,5.337460753935127,5.737367080517962,3.3716908554704945,3.9596403809100424,2.6719888959261433,4.17810851185025,3.6031157033958796,3.763952223374368,3.1678494630983565,4.857765801992432,7.180567787073819,4.252547647179971,3.0564260628567737,4.293063822340618,5.1402157297494,5.12771519780365,6.086757209574337,5.2703160102918964,3.4214461956621043,3.7070510298518204,6.243030475894932,3.6947762655073824,3.368893029341641,3.5825535913438316,3.6117519552925645,5.886444053810328,3.1229723420087563,4.515631288791903,3.712184236772086,2.9502732438600425,3.1460414409377093,3.9094819625501462,3.1795582269470257,3.1167523598719864,4.709456800938501,4.317693646572306,4.954644781601782,3.594019105513827,4.086391191332406,2.9189847595898226,3.1690627249297885,4.511190377873009,3.1672891618916967,4.205291594592815,3.3254272369383715,3.4282416521760446,6.390988835329056,6.283648237007248,7.158894248103299,4.037865915114916,3.0006644860747826,3.5196288970705725,3.0288573942371353,4.8836120161753405,3.3447716450913667,4.366348031506607,4.460796416236809,3.5176212125432524,2.8784874937448377,6.298172526965184,3.5025257699198122,4.495165010347956,4.251473485395266,4.200746689704363,6.405732935794961,4.371863833822629,6.829724541548756,2.8599949165971603,3.452124819657884,7.599032003364101,4.331074308641473,2.884809882525006,3.757655541680133,4.678203110283621,5.397891556208356,4.099659705921983,2.886708592620449,5.598882753832685,4.418340156961867,3.8850383330808556,5.726300543704543,3.2632504873027983,4.453307578862029,7.047802846837569,3.562901931377898,6.983515851935642,3.392134945388517,5.659505017341247,2.451063908333313,3.603430182083088,5.36106178489928,6.566520598023935,4.907719795668416,3.8611540111696425,4.331789678380683,5.948160329089059,5.905944914145969,3.413773309321738,3.907285374955043,5.932446431365588,4.516361866944577,3.3733838063691812,6.072977745958769,4.62739733234396,2.8516958746373207,4.066860505077387,5.734127591487045,2.818042423241396,5.426628870567921,3.299911448924039,5.982783030106095,6.231108480728741,3.6133370962072564,5.735077226597606,4.1478592473106835,5.119696401346538,3.8406701323276518,3.617332663072294,6.17613837392599,2.995485160469703,2.465511873858994,4.465661164124809,4.862539411630416,5.747549192905906,2.9996864460854527,5.335558534313519,5.501916014749452,6.556297723207824,3.328673469507557,4.536708734678109,3.313525850680827,2.9842595568185635,4.888747659869064,3.1725030052167416,3.9371850000836286,4.324964638936412,5.038611534260241,4.8779365056539525,3.7014677839061547,3.1968666631010856,3.444043866889512,4.361959888691737,3.712674486586125,5.242353627357715,3.0354254200612627,3.1555839973136335,4.843382237181071,5.63973715603794,5.4111075471742565,3.922169220610541,6.884291324160994,4.107856297584056,3.5082811740107527,3.0732142704142267,3.7986078491930226,9.338241865422473,14.665717611359877,11.317342811232322,16.77966712831114,4.637987472238584,14.385133687646626,14.014323667952414,14.971311381866883,3.721997364260736,13.023692679997046,4.073796160306125,8.65732499980718,12.899767497456205,3.326206336843456,13.661505887171183,11.364115206990986,14.117153964620645,11.379155859523056,14.149809289916643,12.695119796694819,12.362792680871285,11.290559857816119,11.523512929670785,5.146764706108715,7.031281380839141,11.818265381907025,3.693667696620232,10.674623409622697,5.18037859440874,15.388653267876792,12.518127312912124,9.810510485865132,14.615524571295323,13.461687710343197,6.988519930581841,12.31833914675312,15.6926184333344,14.38456124642887,11.211563192059444,17.471225280911835,3.056209217484307,8.979268894311467,3.35314649410454,11.201228363075224,4.840218587772902,10.272640545171138,3.590658210576576,3.7638265145171466,15.108560468197554,10.120876697889337,3.2885882278089142,2.965383657993918,13.484914886643566,9.21329146035032,6.741220089647945,14.556949744301699,11.770474393395029,13.622431480038033,5.160644590879084,13.215938297651586,14.823631035943777,16.1573120917402,3.129347231187583,12.857793915941143,12.723794266759858,14.686987526397722,12.659887265382388,10.293072897240638,10.080556954997988,16.751312838383253,9.735607335525502,5.240498525395966,4.186667424281483,14.539620504654618,3.448310967575407,3.808430990958391,8.290059959401777,12.55635705896215,5.807231299382854,14.486468355782607,11.471220806374085,9.324165300460582,11.572475870785949,5.448046058822868,9.691732428394072,9.80650044964531,6.610348465879762,3.6287915589781363,11.938360960880091,11.516234362454675,14.497311827572316,10.393599321770735,11.242620330590515,6.112514800788125,12.376876330469361,10.170026805458457,12.782060632540107,3.8477604594607344,15.000021030884632,13.890758034370268,4.816101587939884,7.553331529473372,7.477734843530806,7.9735760375634905,10.105871361898613,3.8922207309566046,5.461445860927149,5.552674135159898,14.694649668651003,15.249189054236314,13.191062499677544,12.40920824948989,8.940840283968795,13.4290498832535,5.87676330211963,10.827664635023886,11.128236662279356,12.01831150682179,8.84775746383716,13.876029554892648,11.882006860998231,7.802875237212035,3.6760891279450796,4.370664425546818,13.589093710829758,10.441134997850293,14.74494694865589,15.414096895609445,9.943347202559762,11.964241819634202,13.058853706942108,9.040186283259152,4.0349407413997795,4.610806839173667,14.56897207120962,11.171042954844092,10.923940311264511,11.10007615397426,5.784735029866873,3.097429578619207,13.366566935335417,3.427863720508882,3.5654887426813597,9.237360837492801,3.4359209805826882,6.720407335084716,8.146478456510511,14.928363451693926,7.749567509248424,6.751063610745452,17.193252703503934,12.95302063674198,11.675422853131588,12.585291596128776,15.071572746676965,13.887124306872195,2.8590451071059806,14.170039693815614,5.4986765371527655,12.851452071283665,14.079737733790411,14.818241762179357,14.385753452434738,4.8085321587568,14.578849501742392,5.424239707933216,6.325841571126123,3.7684618921027977,8.567710206549398,5.258319797884662,14.977793102988194,11.228671773997494,4.098183260414192,16.468281885744528,13.988613389895146,6.987914228487234,3.7286975351298257,14.434846766840662,9.916819812010331,14.599487315338578,16.78053051283312,9.700147351360647,14.870062067495226,17.390361107602544,7.963955638345796,14.287139765328902,9.064433547569523,11.084029351406052,6.706608310682557,16.75873201246762,12.695862624817716,5.987661635547623,14.186025997906148,10.227089034798828,3.10886716488085,4.556571779867283,6.717256859543243,14.048044970280488,3.249825717209446,14.214385368697851,12.61388371079523,3.2613981626045208,14.78508996714893,10.99461301264781,12.151319778748787,14.444078184088644,4.670780492887183,13.574489691851056,14.691640959872094,3.232901649988992,3.911496774533834,10.529580693256005,6.9687460666055205,12.096642925057653,2.858672493744585,10.658752679830345,9.009617104363812,10.57774234894355,11.598369879914927,8.28420866758832,14.521960148919677,12.453526211535383,10.55068519785613,3.0208994629549655,14.162936552776902,12.48777457818956,14.935704364961811,8.261242626697337,16.433777233524204,8.671075075185819,15.670214120662509,12.511230706540664,13.773533780464883,13.330170951440916,3.9284695381004466,15.246874966851532,11.09735019555754,11.721617377173823,12.573737884412488,17.203607861483494,2.9647059578699464,7.115595360934301,14.153693055858982,7.5180836177287755,12.76708255505262,13.434239713445951,7.979983619404088,13.303585253053901,6.835939740014013,14.197489226364633,13.871680308361825,6.668414393748179,15.16834837062607,15.037246615116898,3.146161864438812,10.742226664726337,3.7801042318499247,3.5074992743472415,11.441313654809838,13.133537383885564,3.481748315656813,13.908540302322146,2.977465283759302,3.7328184611298636,16.57663513974818,8.3441986263993,11.350753697936142,5.390561335777319,5.773187415552194,9.026685308611631,10.751967459084627,5.844020210102843,15.34625767311708,13.448333330500713,9.30466603173587,12.441550111037413,15.37420743730761,7.099893126001077,8.447515104066056,11.435311743007421,4.877831075065793,15.087765934287917,14.148829680335945,9.230881323735234,3.597662733059747,3.3327894196378685,15.472928930534913,5.345631019968052,3.2823785712063716,3.3415306483410507,13.442288991715728,6.968651900734216,9.57164235032898,10.144762735491287,12.765169463687966,14.682527695535484,14.939445566976636,11.607361571200014,4.164306545966702,14.075087181263383
55,25.88127349802905,24.995325005888475,25.46196116465331,24.67074849509206,24.67278368848493,26.34965309347645,25.182306424610186,24.716383586551295,28.15696926655616,27.24819366862687,24.676050898426567,27.18486638297938,27.377606690627502,27.34051153118453,27.28892578872702,23.43418549315537,25.16687991808402,25.383678124022108,27.97083567602165,25.108998609220727,25.311016528542826,24.572966685116565,26.366868276934568,25.648194610927167,23.987432886077272,25.804430930644372,23.35620530625276,24.997086678029685,25.275752836077523,27.26970861398342,25.828115352808886,27.103219358861843,24.949961040441156,24.825162429699915,27.65123424054186,24.873919281624936,25.036835783726815,26.19481903987832,26.969593949341554,25.335701259738247,25.289302142728864,27.324666950832988,23.9414645990217,24.69978272125523,25.255421450630276,24.657581297308983,26.110724012897705,24.88201803876348,26.54293584895896,25.998949098562864,26.26128722567799,25.166836405151265,27.308126260365633,24.77690087077232,27.404670306308912,25.715633624328227,25.33929292181546,25.56863862998729,27.053483539911344,24.788583345100776,24.94045883669291,24.574856860589378,24.991914194737742,24.56936627080811,27.233096448033688,25.863529793483988,25.663576809366468,25.171088612566898,24.766066193325923,25.78111829083212,25.635312668921838,27.431392401124114,25.73582846986797,25.46942275472237,25.67785660640012,25.11857128387243,27.50648971586825,25.7094205401056,26.177574805305902,24.397192039232102,25.273341800095174,23.561875643506642,27.644350217690583,24.38882372420238,25.803495305969392,24.688725905991095,23.932658279134742,26.68046647969651,24.16039877617765,25.527096866484847,25.291378316865192,24.982798213833647,25.840827629137486,22.598064908254784,23.22909249231146,24.855233703411674,26.63599387792273,24.29742928832978,25.064641098868123,24.34016607401293,24.749454332540857,26.326522036980876,25.244156196816277,25.943955175937404,25.264326299673755,27.3589916277327,25.005116171463207,24.99765264519852,26.18074796740226,26.21616708228715,25.578848129653867,27.333926178255773,25.97725426040512,25.397177465450582,24.029402333649223,26.930230769684474,25.715250348787468,25.285654488653954,25.71074656773242,28.21910031647098,23.8079229258679,25.466547626069133,25.371134846689696,25.236648254186242,25.612692642444912,24.979543252024285,23.7940266512476,26.395198063596425,25.76953439862865,24.293871431450214,24.127445156185278,25.72034717745364,22.680156497745333,23.39024086568939,24.615591029592387,25.274665834418087,25.407241837332872,23.67053510647644,25.31570006285158,26.138745576440403,25.419807553262775,22.632776127428254,24.55401048701195,24.85480711612035,25.103483842421852,26.67760720316846,25.697547911757972,27.260856610341904,25.15591999467387,26.275395874170226,25.773913526438196,27.597811639441385,26.270643734925468,25.699314365911036,24.60899127548989,24.05385600899547,25.422846016208894,24.641858150822618,24.700105468954373,25.147824477974606,25.435309111772685,26.465489422778944,25.614043354704986,22.70786058060909,24.0697219313358,25.042637145630085,25.61684495999268,28.17794156591321,23.92608138227066,23.211688755787485,24.745882430408912,23.975513157886684,24.142826950388315,25.32471062708697,26.412242448634935,25.391795676022223,27.310887685115404,27.407468318957427,26.149701380569706,24.975018381168077,25.829014777855612,24.594811848317626,26.724766896905553,23.928710656921517,24.76992891229125,24.7646732751144,24.791380322381784,26.27161647428038,25.303012456710697,25.155460873243978,24.86809767131081,27.806529804089127,25.641921214400075,22.54565815298971,23.437544954171898,27.174393065481997,24.688205131521286,26.115560278761276,24.656610089714942,24.7538137060761,23.902529118965226,23.49963079777282,27.441035389884966,25.81240869663359,27.511839384738224,25.515287726461672,27.23375841561444,25.008525880665346,25.192497946457664,26.95651937039391,24.69429241181386,27.466733463655117,26.234150164376004,26.432857757208915,26.33802114719914,25.07409014371105,27.212403109576538,24.539331377770804,27.16266720571868,25.3617789486454,25.255673028637837,25.6081236203078,25.819333616739033,23.42268143762892,25.121424397900515,25.067909790410148,25.787085190567705,23.337818972076082,25.592596219941434,25.06574912902289,26.065476616045686,23.91892519381401,24.266708072974804,27.005595559253706,25.32463425872528,25.921255200276388,24.76504995424931,25.35674480611955,23.385099947059533,24.877784278656787,24.522798325834888,24.73599415968654,25.087473783759723,25.401896231030168,25.86845534232141,25.020740168503718,25.187299531630693,24.658743098218167,28.051189411661586,25.835919577915842,27.675717899277107,26.357449740183164,26.600337514070237,24.81321472914733,24.765860819659352,24.872770879049074,24.108307634098853,26.9335732739455,26.68996387097616,23.991595955741275,25.05854319871336,26.861263185926422,26.016949823870544,25.666603411812616,24.47524748667179,25.10267101692196,24.95269956362115,25.56535833966816,25.716205089485317,22.55640300901827,22.763899363691582,26.23686198291453,24.03192134909688,24.974038801466758,25.585446344527462,24.77773352491574,25.851095718272077,25.025442602381563,25.46021079279176,25.227989593701658,23.3499982561214,25.942618346481687,27.580461434510912,27.713621944030123,26.34095191997101,25.15135973640385,25.301275328888693,25.465188490295557,25.966923936779057,24.899250674258212,27.19930307881909,24.873721912296862,23.340241525757342,22.528072935177164,28.384239765824372,24.962596596612237,22.991404543474275,24.794232776941925,26.107647389336744,24.123207812080572,27.071734681109287,24.54357510592358,26.346266344632557,27.07443233945975,24.97943271836445,27.63254225578179,26.201358697237165,26.42704771040021,22.857305172935945,25.87288509634373,25.40688363776268,26.38594328395247,26.323229848317574,26.548623303311906,28.299301472291877,25.36401911542706,26.711446750930197,26.283697271946945,24.530914890407796,27.173216347840132,25.153982233501843,27.28175282760877,25.28564576398398,27.20141268361756,24.121818615307696,27.76363877515392,26.61216529157528,25.243549843376034,25.584196530288573,25.302650800083534,24.29274559149476,30.468883474832293,25.19364126876815,27.43469698238461,26.620921376996712,24.503468751685073,25.018022235214612,25.85734080524692,26.447390499192228,23.215533874090504,27.607931627052242,27.01772345609436,26.616440676554994,27.67915231416537,26.507205681462487,25.3093076608531,28.846917604379335,26.448593650923904,23.985593985442584,25.671413075409465,27.551679182064547,25.741261355980313,26.508666746693695,22.311162390818293,25.078240273713455,25.326925154355266,24.952852613151553,21.297946774901796,26.315290759143735,22.385006248375788,23.855107140847018,25.294589789598675,26.397070046048068,27.42540072801339,25.661224665788016,26.704547872416175,26.11574272817131,24.680759325774172,21.030342440779293,26.593387859567123,24.703193036674943,26.274684840945646,21.12971107325579,25.2748550587693,25.72501162737312,23.952220190924372,26.30601782651068,24.689086480617675,24.646017911279422,24.72787176815093,24.774466313711784,24.396216822941533,25.235045309655188,26.080818180044766,25.61805114899242,26.68329514484527,24.838341441243063,28.953113177841907,26.17278842398175,26.00230446059373,26.565723117640616,24.505499485413484,26.63230119096562,24.98797381400398,24.62261432329438,29.376355179115475,25.338625791350033,24.068709282451312,23.359367558137535,28.552710831854686,25.007652836253673,25.246602482934644,25.186682305226853,26.181786429199455,26.518325042354082,25.043086042781905,21.40374017834675,25.340946397769677,25.965194132580663,24.647296193995537,29.619703488800056,21.28960517426135,26.072074156801023,27.05582742793296,25.34156391809618,26.811462904216395,24.45208237332602,27.355975469601137,24.511673119493473,21.45886690186321,22.54885155734344,28.106055284875747,27.050916986273098,23.90896790134331,29.56877544446098,24.856520272849274,27.870696582326318,24.52466664846158,24.94716854358049,24.93507507119045,26.50311556441609,24.970234310665656,22.259725971522883,26.2168820473182,24.295732758953733,26.49590247296715,29.970490702614953,27.005253567217075,24.73141895576146,27.520041066525405,22.744724615979077,26.462862896197684,26.771182966113567,25.66655285438173,25.967465410612434,25.877535941174024,23.430208296390038,22.558316090881434,26.43406953014266,27.144900182520917,24.63018107180871,25.610940565153534,25.315685493862244,24.471976056263028,24.881879724436196,26.9476340037686,26.51284549736263,23.707203269176972,26.484116116636446,25.265791446935705,29.636926031124016,25.806623088695332,25.288046920942534,26.197049771425135,27.509422871640048,22.383101166051915,27.154749369727234,26.89385297916367,25.686335814973866,26.5027570925152,27.275499984113114,22.451733309674587,24.02043099553165,25.101955710715753,26.83907569397816,26.99495090647048,26.592437710268158,26.001758192993236,24.320111926095635,23.93644896947224,29.97704547973267,27.03626167961134,25.751023501570813,26.542954540855348,27.189733176002473,24.94013240286597,25.42961741845381,27.566865996448772,23.237314094682883,23.206467377881673,21.156453261349412,24.13616020645741,27.857459277952863,22.880861137079478,25.06942575292179,24.063819632490905,24.110808303157103,27.60668477549335,26.366290822200728,25.903625179965317,26.525857056065263,22.521497995516107,25.739853346608598,27.41124377814024,23.435533331772824,24.432555329324753,28.753541429185077,27.61262247456909,26.17839697592186,25.864972029843862,26.221227356807685,22.331181488391003,23.420629978402665,26.528671629401796,21.161374907627597,26.786526090118162,26.399113207827092,26.5918744759548,25.911735029565182,25.46833798657858,27.04105921325696,20.98001536797526,24.577962614516956,26.876121906876435,23.510169361846877,26.97971870249338,24.616535720182117,24.380409360787738,27.497093159868196,25.9312945365243,27.115526041145163,26.47901320446728,24.84679230777161,29.942180029796745,24.09556227790619,25.415015418355825,24.87488476417489,26.94310382420614,26.165436450400286,25.846664252150905,27.86673760578453,24.264304047156546,24.297878360625774,26.556545395075364,22.46005716688688,22.57873271758354,24.270986281249485,27.11574114541591,26.45321556633847,24.482724689120523,27.46812563462616,26.69073995008533,25.0480150759305,27.187152494638728,25.666197863182607,23.128997894762414,26.18461423597469,27.446761122568137,25.120122429103777,23.66037243131427,27.733452764765694,29.025878830501053,26.731343087390336,27.255319436288914,27.828354604779143,26.20058799492694,23.673534801885836,25.706785318137293,24.60754848362416,26.55937103405064,24.045025201970173,25.7064330604132,23.90030950149431,27.18457541867581,24.059264914453898,23.476850153243262,24.171366872362388,27.56805062161505,26.695680357324772,25.163974193085853,27.445254311737898,24.76826029423939,27.480841621901543,22.54005430999277,25.654448205381648,26.441472453707895,25.510845852905177,24.27660915911768,25.648366272800267,27.192188325614797,25.25112506853133,25.25197542084568,27.315973968774774,24.914577190360095,26.42736304504183,25.257805404766845,25.469073808300028,27.725875222466847,24.025789275571963,24.2377018685443,25.29337859092765,26.068032719357262,24.11528365209909,25.414320317494525,28.475559561820894,28.183918835425292,25.239952744107168,24.247413437405474,25.975624483328588,26.525808888672696,24.28579361937459,24.307739504767035,25.72279798122306,25.017833748353528,25.91771158064628,25.515719166051152,24.115669469898897,27.21040683175251,26.236044422870922,26.717427010492788,23.976062141150376,24.737898062463923,24.37456295115582,23.4541085863198,25.51508711486493,26.687815421461032,25.98602115672635,26.491979761309423,26.147989311166913,26.186747844723577,24.5818366791834,27.750990261054575,23.215107615833162,26.196704608181513,26.552667292684543,23.171051973594,23.56378133085291,24.887058851172917,25.167052358997868,24.54479560946649,21.904217860157562,24.930721717137114,25.4522543087494,26.473448982399717,26.42906106582927,26.075914439384842,25.792219044853873,25.367045409410593,27.43265342408331,26.65405239228846,25.031144160244352,25.253756598095443,23.910168171333645,23.90685670894101,24.302675055013268,23.707943169435357,26.27244355489859,25.63911648838019,25.097011877491706,26.531497598151752,24.60668686711387,25.0551124814164,26.52592777675213,24.943990206947493,23.76501076431866,22.71308545557932,23.587753733526945,25.473917224912014,26.676620657407,24.951468160132613,23.383903765448718,26.63951209012169,26.316728434226142,24.1184933819797,25.843706582953104,24.264938979815263,23.7366082228431,23.501527591697524,25.593041793697633,25.109913763498113,27.871948049155787,23.27300863329183,25.204178434096477,23.85078272325486,23.267752802794522,25.459143217817736,25.62948415161244,23.208577145029224,23.34873404242053,21.952243897493606,23.656197229874643,24.788896694021506,24.238508166983454,24.568877637422045,26.201431668693854,26.93548528982595,23.322004619587492,24.310604631332975,24.73582923781651,25.469726025949853,26.004716813589663,23.775904226886066,25.65451962835995,26.525862533678744,26.04205980291017,25.314818175154674,25.88758227598494,26.384010102617395,25.438939063409265,26.389688423800255,25.03763331156089,23.50102609001191,24.94619882034015,25.557736875755122,26.430658140414042,26.204416900125395,23.44538270578214,27.340184876319793,25.23458963454557,27.03447955045865,26.027903272471622,25.62068353290766,27.71393770205753,22.46638494784886,24.38122125307148,27.176096766556167,25.516426702758764,25.99489839497816,22.98469376911062,23.58953751544468,23.051054511660805,24.571993894924137,26.631538789800324,24.621906507518382,24.46871464416832,22.78947439645948,26.18988076842777,25.580803412879856,27.612447191058955,25.656054236254587,26.347647970023857,23.74291497647682,25.71855542904325,21.65094307465123,24.33520240520541,23.84704649394703,25.865230320653314,25.54605583564806,23.9261131276067,24.532679043095424,26.46784894037094,22.988825361583494,26.35183212255033,25.800462229994036,25.205835173208257,24.231566802766373,25.092381964036615,25.490311296675255,24.883886609914658,23.84367902740907,26.289324359062018,26.670091834607625,25.817359633565626,25.656110340102764,25.577688372978788,24.306999361431227,25.85085457892773,23.360588033761083,23.496681243938422,22.789805242685723,26.550083886130004,22.220956933432245,25.849455845286617,24.493801368129628,25.92553629267658,25.99814653548864,23.15638507333207,25.98242231179869,26.22139063750481,21.99367111047094,24.445235445338025,26.443781615809886,27.706852832978644,26.690584703213705,23.245777743845267,25.988220872064925,23.836116699241085,23.136334685174933,23.042574330102248,26.041551802419242,25.632602513030477,25.61483374667554,26.751803445882032,24.243693490278687,25.91677223410227,26.288664571421336,24.903296100292206,27.100451159053268,26.238910768826802,25.921261594417903,26.23757708859725,26.319361701082414,26.950503060659553,25.864260731395273,26.3048653448852,25.67498272219155,24.226008839754538,23.873933502138478,26.34882644534696,24.17051283809352,23.929281899038685,26.602116686913792,26.482933458711976,23.44704530834269,24.869075085568483,25.209838436132625,27.535635696105533,23.87337586722565,25.891701572158777,25.721888285254543,24.481657605387472,27.064422561432696,25.753303877913417,25.832166852521933,25.227066967141766,27.641299091846534,23.073214651146913,24.06524601202265,24.321127105225454,25.244336315483835,26.48556338095352,25.1400130968268,26.987229082586715,23.950967538731252,26.423724030246834,28.248830478550612,25.096646305827328,25.360747911984674,24.75435080573249,23.240389478817736,25.438486414693955,25.399239427934788,26.124916426540082,24.39837251258733,26.308201331025206,24.2368030455419,23.492147691271416,24.709009627699736,26.02942002416152,24.41366786325674,24.87267991248753,26.217048614532448,26.574086835522163,24.855482936674658,25.35801680720801,23.7827051978772,23.606484524297514,25.520334444957847,23.181588265819297,25.363909853216104,25.3341053292183,25.944103855764222,26.874651554762234,25.958725179823855,25.924538042625766,26.185883943315453,26.23778340354896,24.74869467232835,23.64037410933813,26.512146801610115,24.86884358991974,24.045133276299943,25.054676712957644,27.44865994535207,26.30787993287251,26.407441804533267,26.68007960149982,26.202573304717752,23.503791613176755,25.98260711994073,26.8822733228581,26.01680999569589,22.377522514438645,24.970649792932544,25.212709573043874,25.888828590257095,25.286081629001348,27.170644106951286,25.934150001425298,23.35878611019423,25.474667433599052,24.951768091534017,23.139578537489186,25.586980733399045,25.779732548611015,26.93361768787286,24.64211647013402,26.64442946498255,26.435517057245843,23.36409639513451,26.92398760203309,23.681679454564858,23.478195881647874,25.286734872739473,27.183641754996412,23.6870934377041,21.953788877532457,26.289028736218654,26.688884004314268,23.842836107300805,24.66039079857084,25.347072110401843,25.99743037045722,26.415397732155117,24.74565543093498,26.64266193879355,25.50250103554072,27.11780668702885,22.905667171797703,24.03407711911652,26.134595009049175,21.569147530702867,25.858251091093738,25.891690493649236,27.72400681549968,24.41097112230672,23.24574157170843,26.931635751067933,26.38553445063724,24.835228935023558,22.226924582949973,24.278056231352206,23.774813607086898,24.25293247381308,26.51830336196178,25.58595398585443,26.546945174022778,26.02971700897195,25.271062138510544,24.98940822174896,24.615615044865567,24.636437519995013,26.050011407163304,25.935768724491762,23.242871712172565,24.880897708232002,25.534114768391685,24.961746552066042,26.179632221473863,23.39958061176572,27.266172672733862,26.593270933618836,23.48832105065332,26.365392673117984,22.475830270322206,25.322842987267027,26.380885599900385,26.409406445509507,23.01076925580946,24.634004273231604,25.56368344359737,25.082678812634907,26.511165480862793,26.532045401673116,24.525159036962226,25.273681654085486,24.77943825143526,26.319330224090677,26.783607619569402,25.33349659084186,22.861905451692373,25.70308580277276,27.256489923339196,27.283203367455474,24.94847842217493,25.402679349333233,26.200334106172072,25.45956142910145,25.459287137124193,23.223696993649973,25.32061100219443,26.31172519417376,25.757340934757405,26.29730756201131,27.99682636130537,25.408504733788053,23.569690894076363,23.96601601261566,25.06768183367388,25.44936596894984,23.37465078349026,22.791224052141146,24.047847992105403,27.732556039777894,27.827260378890227,26.36743425627565,25.28317390259524,25.67393159948202,24.468332126423118,23.67100210357118,24.031910877590043,25.76146473761505,23.780778692249037,23.49948359820713,23.076373494870015,26.180242802967367,26.185582605677588,24.96173375052284,24.726466970640445,23.286095292061813,26.02823409223374,25.669508715804284,25.605744814092844,23.243888388409392,24.590686650891353,25.430141580618688,25.27821099609103,26.047232890265235,24.513718779665894,25.134145230762783,26.276987254849214,23.75445779493535,25.63051659568481,26.991348532847,24.253918679753344,23.61965237153255,24.28164408065663,26.509629833710648,26.84626642327249,25.516000405023203,26.843167899736557,21.631466780972602,25.134557701918574,25.56012811663679,26.396325176644925,24.861047623896937,23.836786991934357,25.6258107477499,21.622155044110176,23.150959792343006,27.78596160702973,25.886163360590473,28.017784384629863,27.453486556782217,23.170274585380696,26.811319912478186,24.44550927271609,25.18576055119445,26.619496982197173,24.067393333026036,23.469200929851375,26.06304554177397,24.88344261798815,25.953374847894892,24.25403121948706,26.83840015501669,24.568806861397505,23.396644110417235,24.110981033728358,24.12413626368797,25.4909730516529,26.805607277659583,24.12574945707978,26.527569992921922,25.273634327127223,24.38514187078886,26.592562406756567,25.12871634629989,23.611200363530557,25.38547536488378,25.047680035712826,27.069109406690874,25.99139250613825,25.076344704170914,25.398045055497317,26.21354980922548,25.769540234764772,25.74732363839793,24.196882961955076,23.8894782612275,25.053636788585223,26.91931930734725,23.452180185477935,26.099270763200412,24.29625871575666,24.180916454549628,26.71535962846043,25.395938124416794,26.16948636639735,24.772636765016244,24.17285698041837,24.533664414055504,23.702981413178392,26.819334677959223,26.362436669137125,24.821254114237234,24.12830497687914,25.139924568020113,26.214036229934944,25.98467429075411,22.37890851142484,24.083162960406487,25.385690099458614,25.666656850858665,23.56242406754083,23.915811796291997,25.32671444226906,23.21559994285723,25.015206206012067,25.321430965661648,24.301094844489526,25.98054419082199,25.079246895397418,24.333902135983553,24.79038265291489,25.431019000929485,23.902745113481377,27.003020928208628,26.515652410125206,25.937806117377225,25.727304304585665,24.29474644942107,26.428070072863033,24.296787046435472,25.57782968842662,24.099511296206188,24.34553905674493,23.71911812337152,25.14843168622562,24.30843485319743,25.049592102727328,25.543435300548133,26.52493709173287,26.771602763655572,23.376887209820563,25.9346506805492,26.138614121298925,25.477624468170088,24.85346650326822,26.66723856913649,25.907149107291023,26.11282609089892,25.70938454675391,24.666582053624722,27.466801729667445,26.197738399800688,24.982848593712106,26.118877064659642,25.572445016917673,25.533026131536683,26.791355819815827,23.86443864047439,25.429284170741575,26.39124337703641,25.456951753741844,24.797923690359745,28.007017280849862,23.305077516204953,24.934475612645517,24.380238437010405,26.522223969905074,24.805190406458234,28.385591210047362,25.722177881982983,23.109934984771623,24.51140922843287,26.526110698248644,25.577103887440135,25.046356795441895,26.889384565929657,26.512928506164045,24.13078910784848,25.074417154361644,24.95610558153511,23.23957120260846,25.6849267937065,25.386809834335317,26.10418272761339,25.103873770174616,24.14072626844779,24.06713388453647,26.180713383985218,27.656316449201075,25.461450937803072,26.58613622708506,25.316853971894044,25.871917494099574,25.845550743506994,24.990215242051942,24.942476462506242,25.639372573818,24.30202890776951,25.20686953216617,26.244874709558836,23.62046390625066,28.106172939349715,26.46292979108587,25.922185220665998,22.088583170827878,25.582421305034536,28.075928592964885,23.830823707225367,26.650102397593823,24.003668096174405,25.912504141792034,21.90132161482543,21.20965159594671,25.54956797347111,24.525116807541174,25.49615386582111,22.638671834121624,25.72414840646698,25.365228485752677,24.581209704642003,23.15864014631852,27.333212745561294,23.060662011196648,22.772220936894954,24.503341809481455,23.61522994372643,24.797014316456803,24.38646490758504,22.62144743908475,27.250454476785784,27.042577154630862,27.223231319500734,24.106818874978906,26.523033174038368,23.676298766600222,28.157892322914282,26.82884567174451,25.569894095930568,25.435367513609304,21.80248581267405,23.25327946740634,22.851897478970077,26.115440483203034,25.691526546846873,24.698899430588252,26.229083466747788,24.44947283941965,25.799209309283906,25.385578730261003,22.718987005206458,25.68403665394725,27.000208602179534,26.936087497717075,23.890526572105237,24.049485440751106,29.08228231213626,25.337349795149063,23.900269985105798,24.020758942700212,25.569420157301845,23.446471709506827,25.28530569296941,24.02674662295595,22.94641080747891,24.853700721083847,25.2144082613669,25.93197545761681,24.58497757392116,25.85504378890339,24.445397415880144,26.620924739380893,23.53410185023367,23.865906023242864,25.503296457182376,27.461567209288138,25.529191881998376,23.702621821057825,25.445246049463396,25.2173146369661,26.350033687235307,25.063131348719697,23.51435016771957,23.000747781014145,27.280215109845344,26.086388385530586,25.1360812209099,27.35130724615468,24.21811250802262,23.215219545424556,25.582088314248676,25.46487976979382,27.007781305238527,25.170365264465843,25.47051273896716,24.31367804662332,25.373095956179952,25.149881970629295,23.99494504541545,26.674006890676395,23.68914269107041,23.91831746961002,23.4659978027846,25.104879259061576,25.90499131484261,23.986320429473327,23.892125299886445,24.28660963738978,25.430861222240917,26.86750279663447,23.89178800287406,23.916136083351404,25.694423706371275,23.247974421436147,24.07874643684021,22.372357524038804,23.256366155860533,24.31808020416937,24.488031161319533,24.29195400101302,28.37709832410763,25.756061014659387,24.029281490202614,24.28542637198098,24.444089378897953,25.291123581629826,25.2629979354031,23.655396400014098,22.926271362652905,26.836117740323207,25.045914242120443,25.770141338421837,22.541646201483484,22.946939781830398,26.308525072485608,24.34858459906195,23.323076624801885,25.310064763700893,22.935361866486083,22.6666275095844,24.323076033716806,21.63710244113131,24.802256607240192,24.146839264344074,23.441721979783022,23.1629461387551,24.489207606408083,24.266888088332493,28.63785845415657,25.09378197103562,22.263820865779856,22.62015289976842,24.78055303458195,26.4516559114401,26.193617060386636,23.109742870393713,22.22957470621736,27.341079876800155,23.17474926707473,23.7735643678252,25.694144890675364,24.973875161917366,22.112868429169353,24.091663583797946,24.040204094114,24.14414991990038,24.398993317446692,24.39837077022743,24.71465417418942,26.324078230396307,24.18602588018783,24.91480917858615,25.418284364013562,23.54947557373311,24.970642863543596,22.944011218460805,23.457864604803174,24.400231291493455,23.337454561036633,21.403764283857047,24.976234797118938,21.15396343482721,27.968761528809374,24.640064029863613,26.3311703047425,24.545157582972564,25.218631522248682,23.62643683014603,26.236502645584814,22.157619053317323,23.35463586971709,23.32837684509047,23.73277045753279,22.490296997927445,23.812512499725734,25.68376332845763,25.03758170109011,24.57969226086731,23.82900522655152,26.58092625192609,26.147027259458103,24.13658007185059,25.059798439398946,22.065795925327254,25.216985515852095,23.650754282325536,21.849899716561307,24.30924853147214,23.94885322425308,24.169224959469492,23.33372686180903,26.306890812042568,22.209750399378954,24.797502701562788,24.327885899060945,25.295241371789274,23.919270553700798,25.317764026074446,23.68151368405686,25.159606763352908,28.879319054334815,24.541959166005192,26.147418661181337,27.52118147914305,21.398076192215232,21.629212426964596,25.024502840085084,25.24484278743395,23.69125141351746,27.369747579239814,23.369851680918106,28.464318966131867,26.889237539211894,25.89858509576902,23.073204984507086,24.896818098754927,24.97885786264838,22.818986041183106,25.14858819354567,26.91886029237448,26.26761164755953,26.84341418800636,24.09269817871216,27.308453219316185,25.55609726193334,22.97701080440086,26.0563926997891,24.906051806477173,26.087453380726576,24.27571610285219,26.037603454349778,24.982637708035377,23.57641254313781,25.12265592798715,26.46896598599481,25.690867265673713,23.75443861026749,25.118190451425377,22.312860478157933,24.33720585087652,25.37353937225271,23.957634417192693,25.086502938870282,26.148156263716686,25.005452694098153,23.75769078446598,23.70631440455069,23.027831814902758,25.565612490743785,24.420229644932046,28.02929791656023,24.161760422277332,21.16029710968945,24.670378625094884,28.376934024119937,27.71724265587933,23.959557145099378,27.204451902763207,25.03318957333214,26.215722918629286,25.103264745994164,28.336693225044648,24.2592818868896,23.627088763525478,21.733147837596697,25.113509806384638,23.79423990025273,25.083057013274022,24.284214368224013,25.572840788838842,24.364505305522368,24.86370022027732,25.404599507845777,22.662942048278946,23.174596000124485,25.106322982908093,23.212704474588715,24.824031536359577,26.1433077653392,25.277515910036232,25.604541807178332,23.62655366767006,25.12025748472766,26.149209667249885,24.198130451806257,23.307067688627612,25.899665135250466,25.976059850066186,24.75187486338298,24.4755016864271,24.259816556240768,25.334825222943937,26.217739733156463,22.700915231097316,23.596397803411687,24.8980119798715,25.0757718777047,24.23862321760513,25.589937390933198,23.898815063398903,24.3744600908659,24.412499066121615,24.090860044184346,26.254332648845818,23.69676007423516,23.998831437386272,24.755146185914192,26.254061337609933,23.982038449316608,22.622445872560395,25.11235720191813,23.498315754462613,24.66347394942205,23.60652918346505,21.66076943189853,23.846862501478988,26.62648247697962,25.631392473372994,24.667365408440286,22.99972995459506,24.177149361342096,26.182354560731206,22.76285748474166,24.310764025354764,27.37295567200378,23.877522341372558,23.88611969180078,23.72937656330727,23.928191579816293,25.428818327227102,25.06842351965458,25.087518039031753,24.38527412225221,26.35436562006086,25.87756065365432,24.95332768130535,24.12945718332071,24.03069033994133,23.441624123910582,26.44694737289374,24.167271433021945,28.73277631782522,24.77275787516303,24.65237979133655,25.1156847920774,24.06638742718498,25.37041068366379,24.092332500384213,23.80978901610211,24.781941331799086,25.72870907456134,22.647993783674405,26.261432009324963,22.580713041594464,25.06201037989591,22.068191413521426,22.6581107998131,25.7351133425997,22.360064450618076,25.55171812150633,23.604962079013482,24.729639064574645,24.174944226703737,25.350455228959447,24.2576420711269,23.06321418506106,24.23906825435897,26.142426934420335,24.315497495862793,26.015285180228283,24.34741062413769,24.49529200541766,24.631034793018205,23.783555321590764,22.691354793776746,25.44412322885981,27.017924484745144,25.24189250142969,24.8435923587031,24.81064779474649,24.60739533370733,24.492348617461264,26.794021844313658,22.463443257026828,26.10021929581151,23.831306620180026,23.999866147181148,26.065884780969796,29.57452878706686,24.74591506659064,22.798441063672527,24.019993524256996,26.425294003872953,26.35092396194414,22.918291527759646,24.354355329162,23.955474447031275,25.390694547322287,25.684839199890504,21.682143488216195,25.32878048492111,24.977560114545085,25.72258619001776,25.449400930034336,25.607237350559856,22.531916798271304,24.205056425649627,26.150424960278553,24.82686300774425,23.235469711583196,24.860553786320512,25.52307128812885,24.133207660522775,25.20153275940558,25.79809093298697,25.501841637642737,22.877681308530438,26.234009729679027,29.957934751387572,25.175678988882606,24.777632733686293,23.691669117808424,25.080050039474898,24.272555989182134,23.15991537324771,25.184980162773567,23.972029466915124,22.786610458778615,26.032090980011986,24.802434252910817,23.835411253711186,22.9767796574035,24.02691474787208,22.698811989804906,24.010538451317665,25.792897441470796,24.297731383751675,25.033223885014607,21.59151743089478,23.713880548505184,26.312828931300416,24.684162758669096,23.905227617754573,24.368288383989665,25.559292543596115,24.142920352034313,21.898663983210092,25.091495791362565,22.756302254997156,28.817783844591254,23.55641498360981,26.441341580273416,25.423454663341825,24.169949792021182,25.297718376760347,23.724041999589012,21.65610877126861,25.720733865329695,24.072466502483532,22.773201224855608,24.223649035561035,26.339903597175354,24.577302202799352,24.672507910845468,25.345263099204164,24.33647025715257,22.404753692154575,24.0683667723624,24.863335059932023,24.23354574832598,25.59264946496549,23.355438973101414,24.325273382476112,26.302222724481233,24.42280784193145,23.724204556500005,25.35866224604288,23.647295855707554,23.493030058684628,23.69503047355018,25.26724172756412,25.475641782235343,25.76428093511063,23.581941719773038,24.833939404972153,26.119105314643782,26.247766235554085,24.116537516673006,24.380561764244458,23.937838999208957,24.377697332987207,25.395641864744473,24.980544793960757,24.309765456213448,27.194616682623447,27.739888489500636,23.3468811274093,22.52690145505204,23.969536846446367,24.25560347616342,25.022162048756396,24.04697303254539,22.71062752636301,23.083617879951216,23.758335226104666,24.70374421384514,28.844975542315986,22.68049378224777,24.189042436998,27.140756902822133,25.644557720498703,22.791639330267394,29.61302442198846,22.874240944269726,25.48196433476597,26.28170654842875,23.700706404031376,28.084670155600904,27.01328362801882,26.323851932469065,23.30948861061087,23.58856141451532,25.24458918303823,24.184066630783967,24.849199625871396,21.99760264219511,24.083736960681268,26.04452733383746,25.89215504769204,25.321487445449343,26.505240772317027,25.55916084823941,24.73275828767358,25.251706075169768,26.00814264725599,25.144135033852358,24.26502415746628,25.83917141178243,26.856785185197868,24.396947572266193,26.065348899252353,24.104186327863946,22.6281028782452,25.06416718612157,24.803211502484793,23.05206985972026,24.462340149450547,26.145979292015813,22.549704711239592,25.45325920812804,23.54692210443774,25.712522465952578,23.249424134974795,27.30125928783748,26.034288754534302,26.21706573045406,22.95038537460602,28.152043666523557,26.048238887228447,22.80437448018361,24.282598494553245,26.289103288185668,23.43300026284902,26.666860972829305,24.79930369981954,25.118248626720558,24.756517109839795,23.94043576556635,23.631091045894156,25.608864541807538,21.515034320355355,24.72723968284357,23.965361622772477,25.0429510011748,24.64889374679273,26.39172815787179,25.665158512091804,24.347035615130626,25.463864592275094,24.13691972070356,26.17982723987154,25.210856018548416,24.94898160132488,24.896817336850003,25.01905774834114,24.16924622424825,24.483152397274726,25.43602645874453,24.21631393779357,22.33038945952003,24.33227679018542,23.164008748173554,24.811288119120412,25.70051987528192,23.936970591435024,22.4958356340681,27.933208249137845,24.09300137620959,21.974013019657463,23.71283778893776,25.22534521260029,26.586399041521084,26.55236496797041,24.316251536417457,24.78654156394455,25.796609372823703,24.379334218110337,24.97300729254325,22.4402629566425,24.432710289237733,21.55142120422207,24.213998204531613,24.67910331228721,24.544642305895028,24.716693804962425,23.556031877777297,24.747749970697264,27.226749944584963,26.495732169161403,26.091735591445556,26.39120527350527,22.677341447479883,23.853680595290857,22.87976458225462,23.64796051815798,24.43519896870446,27.896824441100563,26.395372196849298,23.83532802949577,26.76372420184688,23.76774136435686,21.659468614743872,22.929216981308656,26.00900613336031,22.939424088868666,26.392693148270396,24.22818735766069,25.788496644361995,25.323185822299568,25.57787049545988,24.47669500587829,22.66371108674375,23.560202487673063,22.785255448917933,21.739111849884186,24.471429076734374,25.528102781173587,29.204589194942344,23.796539043642532,23.078653964387314,24.657983528811517,25.002021895026964,25.13792667016713,22.87307401080369,25.23592248751192,23.994941846369965,26.337009423842172,25.588052611979002,25.97518826841582,23.51910953805018,25.043813994041294,24.743418419247266,22.914936065063223,24.75986573039488,23.677895063985893,21.452726738021486,26.01144555749656,21.422646052093913,24.11843228317408,25.224577406866366,25.177810404453304,23.067461203448385,25.70059437315567,25.26064426541105,23.701258822838042,24.93841708662052,24.197293015908155,23.702869710081526,22.11478360782315,23.13843715154024,22.62961123315096,23.132823428585237,23.827589162939187,22.308394345921894,24.35577995964644,25.217901016303347,25.09255606109532,22.55886781233606,23.00666054368457,22.009820550924125,21.98690120817584,23.050593291736092,22.86593525143959,23.05448277722969,22.925739513302396,24.47699606548934,25.044974686215806,25.152394749613652,24.163999476178,25.521662464275725,21.589405963916295,24.844038188344797,22.735434770803668,23.507188041894484,24.088788797338644,25.330088172582165,26.763005943608352,23.92908622804439,20.575359889031375,24.113951234196307,26.071362844398475,25.496535238561084,23.292415687836346,25.558160108236706,28.979456648429313,23.208532938717205,25.078488507345902,25.33046578534564,24.885830002189536,26.196371826081077,25.2702862130288,24.318360817068818,25.016126456701134,27.035292554639096,24.342187658349985,24.006530955775617,25.89103548163362,24.71566143948795,25.35029000220897,24.23494984050879,22.249478605535682,23.546266791170872,20.650221213804542,23.090101814108795,27.128455483663423,23.38676242466684,23.07763790890526,24.46826743288085,24.991604336266185,22.48607672012338,25.055752055407275,26.04421222225303,24.47876303846474,24.49853282870006,29.718898128400365,24.008961629337296,24.285627653884056,24.976181640246946,25.439580638493,25.152492371759894,23.248160448734673,29.593646544502164,23.301450484089674,21.995528140009544,23.58958496522361,20.862051764234728,22.78402609014874,24.737577683028487,22.995604914181023,22.670717464857535,26.673643397892057,26.264083147318974,25.05830730560465,23.762654312344935,26.307053045256705,22.475957731537846,27.305032471554803,22.54408392519728,23.857337630906418,25.66581083837206,27.686674527027073,24.66245081930664,25.461819121346714,20.926736573567776,25.04275751419488,23.863474200077917,24.65051429102039,24.19241033687984,21.550911861659173,23.951225057367147,23.047242551118494,25.36747091573949,25.7054317498821,23.323773652599936,21.460799371004466,22.942570074398027,26.931197035927077,23.028593109031043,25.60475862027646,25.59864947269924,25.34174490322082,24.591058738845355,29.560411015614207,25.552412776389083,22.31527970449583,23.18843984684609,26.396651088106722,24.280805710042216,22.558810703439345,24.047739207329034,24.2478153818683,25.55412565786577,22.43506942874542,24.578025018179375,24.08753979833137,26.964335180954677,23.458699825979586,23.56445369976901,25.207686527703576,22.063742401678624,22.62466521591085,27.42956761280064,23.0789009628637,22.584080364613413,25.492873697232064,24.468968896651766,23.4766695916019,23.666909951267016,24.847411210139885,24.206975929354627,22.14628669621238,25.441961536357002,25.025149396687834,24.08905860864081,25.51183390328132,22.376557840569056,24.161369086721333,25.81280406894109,23.374019568743847,26.99192338489742,22.01383862480003,26.41720094773004,24.951735173541014,24.45867854625138,25.986243252805014,23.109899458212073,26.413740079351218,23.5196817179868,20.667738915822948,24.43620870541902,26.321644478845407,22.476099670390084,24.399145531379393,24.018765822965044,24.51518132738299,24.826435939552123,23.821477409053433,26.14299805090328,25.416446518225797,25.124449097278976,25.501976445215544,26.1919410773317,23.283579471303145,21.824974977382734,24.386991776015694,24.070439246883616,25.28463998764645,29.452876435249625,22.25446596432483,24.593659140076433,23.472085414443967,22.24057632852604,25.429082883081914,25.248141446026008,23.345338227150737,23.94300847767227,24.229195795091993,25.723450494517405,25.565472559785654,27.459829965097654,22.418715975881295,26.29860301786248,24.872289712704887,27.771905048051593,21.553771930421764,24.5276391246849,26.685341923559427,23.76544137994541,22.36103353623092,22.841326220855105,23.2777465631869,23.984836579018538,23.418540993558604,26.311523881748304,26.111012452207408,24.257029469459695,24.39562910063857
56,2.144820934025974,1.910588570048509,2.0252977481443732,2.0746119621100667,1.771615838468781,2.2623149200985084,2.0314006331447714,1.8440374437620892,2.129172123382847,2.087795236369841,1.7659727490176957,1.739570646748313,1.998540662473567,1.9891211422966093,1.6461279411533674,1.8218331311406328,2.0208478450077805,2.044297623273844,1.9546743123505146,2.130566282955944,1.879169046549431,2.1278623528319534,2.0708446268827143,2.0780061043465565,2.0027211796884123,2.0358918316244994,1.769668887754337,1.9307318308864376,1.5401868934897343,1.820265775911438,2.0239055916240463,1.7333311961608704,1.9712746387295597,2.0143266420997863,2.272255634045669,2.129792264217573,1.9344609546633191,1.9243954598829875,1.9829142761356273,1.6504143364188417,1.9458754073965665,1.6487411707544644,2.097877102392379,1.771574793007944,2.422274839865548,2.0481172178247395,2.045398770799095,2.0864045356893484,2.090178784064339,2.0513269296335865,1.9152541529093747,1.8894160013944894,2.0654788315453856,2.196850953998634,1.9094025921359974,1.973660816182339,1.9811353385012422,2.0277997098667835,1.9652917093081228,1.8457479727045412,2.0241794019410015,1.906019092645118,2.0548559594093843,2.1463986464019276,2.0770603319359826,1.841448167379111,2.0735428464391665,2.0003074273151507,1.9267500080006614,2.1005975499723615,1.9103509128558147,2.0353248239901864,2.0394056075641815,1.7961986218413355,1.835757353618376,2.0170360383931896,2.00841145699111,1.8783537301186375,1.8767831594253093,2.170999156615949,1.9066958476431592,1.8690560005670955,2.141246989790179,2.1744222386499317,2.058019286922381,1.881117820972602,2.0731289190858107,2.077363789200593,2.234050132274541,2.023345072935632,2.053984661275042,2.1543031152491263,1.8407782677446525,1.8521898685470057,1.9437492856485572,1.9126638361706834,2.0348118434401914,2.0131544601593063,1.9931757091503894,2.03145858576209,1.79404695590858,2.0628675597214476,1.936826673722218,1.808187252630447,1.9448766185466189,1.99781758374967,1.943816140030634,1.8899173977392016,1.8531497753793489,2.369457189825131,1.837387728499666,2.400560427077755,1.8865820923527905,2.375804406152413,2.1909505349755785,2.4556543617804434,1.8670713578810543,1.9851111000622266,1.8050365550278917,2.1428760569188663,1.9595753563160772,2.0183734719499165,2.097903814862335,1.964728422024457,1.816839880844541,2.020250715583755,1.9555665653329546,2.087710389140214,1.8361237959886725,2.1380093366844024,2.0794420740121047,2.051416023143636,1.8582547386075658,1.805496874092972,2.0485188574153548,1.8953283672093861,1.655174239494785,1.9206640457730895,1.707695937122869,1.8421264181312256,2.0445568577648623,1.8632530267506588,2.112021089717008,1.7743982046734388,2.1305060718651676,2.0769756864494187,1.8632571577123804,1.641663439395476,1.9625287900174755,2.043809557171718,2.048639056438941,1.9444841193951408,2.3643771681504413,2.0436359102338897,2.1545956533490247,2.1871502786963806,1.8097046401141075,2.0504263344450018,1.7715154663370671,2.0435868145143923,1.717071771161277,2.1175188838402463,1.904209108855676,1.8865591805552535,2.50669129746439,2.1422976468232062,2.075054077118921,2.2810964063726997,2.069929798990094,1.9609713648782825,1.9060651396570631,2.0740528661261317,2.182037405723717,1.6519790594704717,1.9411935939491782,1.9584283325314034,1.7649610447409614,1.9264727528545957,1.9676829917322156,2.1257395613651404,2.1651291381714666,2.177330873146245,1.9776195594583872,2.03705442863629,1.8380619920118269,2.1931547297026253,2.1044662734602135,1.8811829757913894,2.0616444541802768,1.8515935799883254,1.7710240653502163,1.9290942590094635,2.089176286648726,1.8354546215858147,1.9915985591006962,1.768616413023425,2.0640179647665207,2.1113605421893693,1.8816167937655752,1.774368558160947,2.0651789782582624,1.5541904981200667,2.3587265549378507,2.0449237895341024,2.487573969621734,1.7859204144433343,1.6617634552083502,1.8343698549726237,2.0189877878247215,2.4588271221188127,1.8290344377558128,2.0264587712855304,1.8486809056438445,2.0961321158964425,1.9477292596707794,2.041811874508576,2.094713709494257,1.9101296640535812,1.7340780015929274,1.5981975945536844,2.4405766246623917,2.342614709996877,1.8383891369795575,2.014592065872937,2.089509059661277,2.1420013276375034,1.8350747044123807,1.936990941165896,2.079664405902651,2.1390049704445278,2.083133099884063,2.526078827075135,1.9525946282131055,2.085730236420337,1.5793638114224968,2.143623790704844,1.7898759954376986,1.9614078801106274,2.0500563371662497,2.110627461880312,2.1188434419576736,1.9272027434525254,1.896507903915812,1.7338374251756357,1.8124226474559704,2.03669006149982,1.9408346963607574,1.8001840417425115,2.4033701713268685,2.276715003005145,2.2521512687310987,1.9108861747588282,2.079483224267581,1.7667660772213705,2.0027318491100217,2.0265670895790633,2.5764020470697617,1.5556870978625508,2.076171277194999,2.445122479601702,2.05521437922269,1.9738576220676007,2.1261355355528715,2.048609073664605,2.046610849886398,2.0824695182553383,2.1758999993121053,1.8341737976188082,1.9897069981207238,1.8623804406529434,1.8376963357022538,2.0466963651456065,2.4696001878205056,2.153163135094649,2.3561468905731173,1.9976183890687773,1.8390367056184511,1.7930702071506341,1.6335194964277453,2.0411522662867783,1.797198300865458,1.7718036111751514,2.4759619114354043,2.474781925949126,2.003287879233692,1.998985715344192,2.0454375487938194,2.08585148905161,2.147981851385493,2.147003407816526,1.6241651762112865,1.7721355101925507,1.9503735426702005,1.851564966789202,1.9354838653446187,2.147409784859751,1.906134760641591,1.826603602621412,2.0754497110653367,2.072809495486619,1.7672981159118284,4.479548101099697,6.8787637951025165,3.5452452006360793,2.147556268006282,2.575058936036872,3.8549533729018273,4.727610338196105,6.935805778991052,4.9779689819794495,5.370955354907246,2.6008763613501005,3.9024491712143132,4.845797743030941,2.077333314274555,3.908533927077217,2.0651059005237014,3.936028086348403,3.9649374305575793,5.469775111937193,3.6666611282747485,5.996013193703969,5.011541176035166,4.022439933557368,5.024964106321092,4.622255673235305,2.484304266359955,5.0108002636996725,3.0421751794667666,2.5426362929892443,4.20979882342357,4.589549379479242,2.880662248380685,4.421045047056071,4.811439922814569,1.886617091841294,3.7548276698457435,1.8895153246759404,3.8709787371693536,6.1319607754401835,6.2611022542091845,5.387525411618635,4.854495323289612,4.804276835275002,5.043827446655463,3.496541183490269,4.881372594835604,4.4657736065652625,1.7455023104805139,2.87617869755508,3.1144956047811982,2.1625427378134274,3.6121311959782014,1.9567264610333739,3.3904420485508338,5.0004296673010185,2.0352187761281444,5.401381956668578,5.852135814756971,2.0439873347721673,4.449860925131064,2.135524519409443,3.4107048257408454,4.446821750677755,2.393343732995926,2.168917924670437,2.110187266299527,2.553114905903545,5.564165354938992,2.0144178858571062,2.1307432001870468,4.451242567331837,5.545745905131173,5.715391918030019,4.63709167382882,5.125731383358507,5.906100876691269,4.640713732321556,4.332233256256666,2.11446834872035,2.1640290859815847,5.4195890655086245,3.428279931355035,2.0844198467487987,2.3945911196378944,7.1952872783006345,2.2322145590940337,5.768775640604016,4.077227361876288,4.869309720413949,4.844824579437353,3.552658312090545,7.193655989601241,5.171667363362603,2.9391978575692357,2.218885316736166,7.36242247656792,7.5947701782847385,1.574623844351999,2.6311211707996294,2.075325783099622,6.512984519507603,4.898900495770352,4.359989375669513,1.881494163307059,4.299688498193244,5.581477304089927,3.086315063114217,5.37080545701889,2.2129120718877475,2.1224442922570845,5.328522500976386,4.107286983138431,7.230338235188373,2.9423098970315102,5.5612474878279805,5.05473250798859,4.451378004192567,3.1883827630472537,5.163804037607461,5.659021231308714,2.8775743387172,2.3286095185765685,1.7343533305929144,6.1558375534425425,7.422737173583743,2.884043280511006,2.179432504830946,2.933255957000074,2.028391862080901,5.914261924051196,3.6102574947839567,4.695635082765963,5.792395782623797,3.740248847045146,3.640079154272501,6.726049737340383,6.348707271887395,4.78465964659508,7.544129590152253,6.338081756109501,7.423044968540618,5.61819001323798,7.051029918242541,2.015050398706066,2.151132543864819,1.6283504288683457,6.640993155075972,5.975228724872308,4.4649665443888615,5.245971805408939,6.434301799422076,2.150077820635587,2.44572717078934,1.804690829310472,2.236162072905149,5.996855839071811,6.120346978674355,5.909425776826146,5.713648866266111,1.9750224540653865,3.897788502962583,4.387590917606617,1.84985730822092,4.379934738621631,4.01029280138644,3.4851147987313245,1.943724692921233,3.353373348748933,3.2219860316428175,4.330445899476774,2.30893374431702,1.9793287695422457,2.8073753760165374,2.034318331279854,3.704664747603373,2.4758041654064726,4.382679118231645,7.746476198683371,3.9510577784079324,4.19315795269884,5.377493511663811,2.040202174102822,4.866690873627898,3.9747953611525495,4.788466939914516,3.0577501906532705,4.086604537071716,6.116000966543615,6.125711377797323,5.2901535375355895,5.1850162336481604,2.566091434373827,6.933005412587175,4.558238821620834,7.623593687814193,2.0166344212946417,3.0451499078913318,4.377615595035369,2.168502802083793,2.0321126720859355,3.744617501794394,3.192972194882651,4.459571979572663,5.6648930409573,4.14093551830462,4.364520448252878,6.661327300512413,4.067674234284161,2.682525795238045,5.748336063273327,2.058199887451716,5.993947756185027,1.8930455928831513,5.225451405890912,5.738627090991208,3.4268065217127557,6.566375680298958,4.708617837694265,2.9804125939950192,3.1888354843655926,5.553139024214363,4.02945896092613,3.8558966323877124,5.973364312668618,2.21927801860591,2.2160695635670393,1.8793589013895202,4.447936781936845,4.8735038522997804,4.1304041978192645,6.076825851012814,7.41671743085558,4.1511500984076255,2.4271022615429407,6.635749185868354,2.026968960023068,7.205639419466069,6.645711253547725,2.492424123538948,2.8984833834512367,2.7237807443166333,4.319814871586124,3.7959731076702625,6.5210458553551796,3.807498536893995,3.791194290447846,4.144630559477251,3.873580670174433,2.070676563153456,7.076607683856145,4.432421597601902,5.08842874683062,5.513912364096568,4.172329246698488,6.054375725394608,3.912673547156204,6.206942845237263,7.232644498606961,5.955661002539603,2.5057627550448602,6.006523420535407,4.9404548252279845,7.845796950888442,3.8111259648580873,7.144363601352583,7.235195221455558,2.1543569776292855,2.2224720493889354,6.598500187298775,5.913920255031949,4.015115770133102,5.240832406475853,5.49570380329659,5.643200423643394,3.13300680532925,5.604079707036075,6.813575424701364,2.3724727197926327,2.9249642645062175,6.799980302984663,2.4131254146032624,4.5003982458279665,6.45098607607076,5.296682405926155,2.181571300782269,3.3384469785207087,3.0204316103232234,6.55247911794854,4.624673424368056,4.110247399110814,5.652083102137268,6.2291064942072305,1.7353451379005278,6.838547244118221,2.4621116002498815,3.270955203122956,6.183810721131415,5.138353844553687,4.236745388343034,7.884652282214662,7.470661844004012,7.4809887653864795,7.721037953824707,6.156566697976458,6.816213397323719,7.7259269147362275,8.938856837769052,6.572419484578539,7.668137750732672,8.922580003705857,8.154713023712977,7.703512025401246,8.847853322322358,6.919025343452317,6.255234511978824,7.628902779524914,8.082335181231683,7.259863931674722,6.173648847365627,8.204111411379762,8.236452116796315,6.560374742897121,8.905463595469552,7.977563131023434,5.721168615503142,7.653546921705706,6.061491632904932,7.637622588550297,7.746245999022453,7.635349598103174,6.438456908410171,7.388170282509834,7.295071721363146,8.515602914701974,8.239505101167454,6.2724338967532685,7.589784917189274,7.481786204326513,6.622276069720305,8.94171584904614,6.726974593828251,6.539021545485446,7.586184967631726,7.7162962850448,8.495246277829434,7.704383946202698,8.037090865691635,7.676602009524677,8.171901901520723,7.7736542069716,7.432994597018676,6.675728976093136,8.545996067158843,7.776985316092271,7.6961026497265355,6.798743260533338,5.8489688771974535,8.607613033585098,6.813452860226974,6.800115714875295,8.774687686093596,7.581659986238773,8.192597393124721,7.085084645536408,10.176485389470823,8.273134590811818,7.906136879876911,8.672291882453523,6.529486702008832,8.78818105913629,8.806280400952192,6.296044936953033,7.090093381050246,7.257585672229116,8.043452978623144,7.726464355182405,7.735939181396955,7.043769334016352,7.583017099342529,6.0639820165728135,7.920497446397711,7.190737195710717,7.071167248604979,8.353827434584053,6.515751221451433,7.363012190001694,7.873667941116581,8.728197010767214,8.904596056862212,7.644850982799593,7.106833110763296,7.4760816015634175,6.743196132887705,8.651814891190362,6.360013501619053,9.178432027232406,6.597245115388117,6.742879905985817,6.92020172547042,7.4180821202284175,7.10637535094949,7.217013844041706,7.0360840557613145,8.166928404898155,8.052510270241763,7.78373590888983,8.356529995527534,7.822928800225988,6.102599571931632,8.419596457898233,6.769658624638545,7.9698849810375965,6.961581253298681,6.135536994544469,6.6321297596651885,9.81195702377718,7.705357925152082,8.911029517136317,6.701950823772586,7.210846148293044,7.207283185889954,7.140436866814321,8.57079537371499,7.306296385083239,5.764692454791057,7.732593668986983,8.276131832814057,7.33905072744304,8.577170927485374,7.434189782969372,7.337465558205432,7.5947878899603865,6.739415993548277,7.384126245598315,8.640966322464273,6.615138581766863,7.955270021994944,7.043296478835736,5.4524847374062055,7.206879874752605,8.629129846344135,7.953662824057519,6.422764383983009,7.726052004976031,7.328883443893532,8.187839910224412,6.0478403277787285,6.625274867193149,7.804952132726771,8.172870258466427,7.294911348889389,9.570510893707324,7.844764550375726,8.639652263632387,8.337336062623635,8.930502026949101,6.021874387818552,7.519519861338043,8.130331822908705,8.265778039054936,8.231910948170082,8.26537667095808,8.26930694228843,8.792757078960035,6.447627442859219,7.471876476167285,7.872691544197605,8.046691742275335,7.312012588032062,6.609297102466277,5.474014057704315,7.932088287107563,7.193904193822238,6.1153187578795,7.9708413167726135,8.323392999038992,7.33374268138519,6.396545865345716,5.886905805371448,7.691720037491581,6.651250693639918,7.436666698179518,8.858737407036406,9.901098774422728,8.500943638195823,8.25707836870225,6.652304982372554,9.193161329057018,8.472887342532914,8.411851202437232,7.672853739514025,6.6210962569627005,7.770150755525296,8.104300015163656,6.6413357966200195,8.212414077250765,6.803845850586319,5.964498462343097,9.189841104704067,7.215198058710691,6.592819558453592,9.07567019664799,6.821745737287778,7.07046855633894,8.99007778902546,8.252568282583004,8.069420739651692,7.244263356133236,7.551860717329143,8.736159547293076,7.49943581480832,7.0047400964193365,7.7611023463506665,8.063234372166034,7.646383771786316,6.607387628702433,6.842941868920712,7.19778540987034,5.751150876540576,7.42223469374955,7.979178088717159,8.155695072844102,7.6662169726099965,8.058722604868366,5.846045219136021,8.285206418368286,7.065598707861001,8.728805843878384,6.374265805986795,6.259969850382733,8.618547429117422,8.115361799955839,7.652031914837534,6.9496588539125295,6.217062435958713,7.652095800250814,6.928785526038753,8.040334212025288,7.497205871093463,8.495807767948929,8.523551221183492,7.752980525987983,6.734372245019972,5.973382512182878,8.190223301825306,7.463775041107941,8.467521810652507,7.203727354435534,8.189118942011412,8.77956113663525,7.223001498186584,7.451758918597667,8.515568393306424,6.829452715210664,8.303720253401156,6.865489064503454,7.9396439778890935,7.993142011148852,8.067121630221656,8.051458017361643,7.23640513446779,6.6929864585023955,7.778135407186326,8.15791586408024,6.803299798042731,6.118954770371792,8.56112972019116,8.910328008235304,8.974222445509406,7.387573847061272,8.849403257973691,9.003118370526757,7.075673374801116,8.446262984195117,7.415083464272683,6.7785576768617055,7.498766657139765,7.737974570345822,8.182545644464483,8.499849936936098,6.544708970706148,10.013770226760998,8.48499260319289,8.282117861355209,6.614236029893251,8.041623924136681,8.379321612799778,7.5372752794912765,8.272283597081795,6.946923661092232,7.558637665137494,7.580554503031842,7.801169434292316,8.232359293723984,7.695644595740076,6.327389067415885,5.74502504538876,7.519287024557097,7.9244536487341835,11.277568173686362,11.032874590992686,9.120825750298996,7.965053221342254,8.548103299464765,8.55810962869205,11.3115298657474,9.039220396970412,10.242524164585651,9.079382311918758,9.465690801776327,12.593090698571487,9.721393467016958,7.9231014655024365,10.160890445494326,7.940370971605498,9.816650712141882,8.321878882767816,8.927868900158453,8.699098915694064,9.718730760209038,11.385838361895324,8.564317219956385,8.92516291717949,10.623746686458563,12.07783297750828,11.184213393838705,8.40829403580567,8.313367058568634,7.496640179592394,9.726184168693887,10.162816591493659,10.165765925021066,11.334446586183818,8.660903159463547,10.483113791129005,11.485975148537177,7.97059034241377,8.054754532202546,10.302272850030834,10.972489252647092,10.054245969046924,10.873446402065943,8.517548244760038,7.912747002176065,10.707532369920447,8.59248943030464,9.275207965774795,8.370696265566288,12.273363841778115,9.275649490318273,12.473278394104884,8.454418809492335,8.829488567908514,11.824828999572967,8.67269994966605,7.603531039464659,9.330542757542462,10.540360001075719,9.38248337826111,8.388849071966867,9.942052154397658,12.033953196497086,11.574162236702872,11.010810562264245,8.38693709198087,10.164175469261988,10.509254699419431,11.536090994590484,9.449746311164645,10.97425823676521,12.725841961433344,8.95403652776451,9.035955932110474,12.173390179253403,11.099740972419887,9.217775149304325,11.37757933988534,10.548258378039872,9.060078878396752,11.069214450895625,10.132370548926877,10.992353250968433,10.913850707777941,10.697384053028362,9.50128172218212,10.408000935603452,9.05304545008075,7.799796372916804,9.037791872466983,10.262596254954241,8.572026246474907,11.219421796572744,10.167485508574623,9.485100055977192,9.156983093522745,8.297051847867445,9.264387851014439,10.273199383573688,9.50992675600305,11.731169188954746,9.121884536493722,8.597837988711438,9.287412766681507,9.311188144373894,7.507321750868309,8.54200595807333,10.000350785943574,10.924051556281897,10.923471134843172,9.079362543119759,9.592499051366984,8.789728280518498,10.152547276377343,7.654054595311197,13.547145557966749,12.311712126643393,10.554083308792814,9.375887084025825,9.51726290112892,7.17613572429245,11.530228537172437,7.603291781527161,8.592928819402285,9.390155369269412,11.724177793990629,10.093795163559808,9.950355939598413,7.953610870965338,8.315203047728787,10.4700769176158,10.60686249014362,7.7142624164203895,8.795172364292052,7.967152761602056,10.893582604993835,9.773176382618884,10.932310512524566,10.626116539722636,9.44063249647933,8.522073602575091,8.828102682595532,9.052720119630877,8.30874953520169,11.66954533042513,8.279733008845895,11.54153441216073,7.807552306052665,10.538487092158006,9.310823009553323,8.677914087232352,9.09204463141855,12.91518539685353,10.726410238879907,7.689396711625452,11.257907043228949,9.760440317465877,11.222545181601207,8.138593275443538,7.570723219593478,11.465117634720606,9.661437407794297,11.962707648355687,12.920178468877364,10.120298469374413,7.439700269686444,8.532962417668948,8.530435458125016,8.276015843984384,11.450037982710432,8.81646814774915,8.611543169258917,8.408236547137685,11.40443917063239,8.098299294864672,8.904631599449457,8.72848248621167,12.093922488436037,11.710381381234221,11.572870016787704,8.038947542323514,8.726616706474864,10.998753839225122,7.756806070638817,7.916377832740682,12.469955510000393,8.377013284834822,8.713243271296179,8.649232861412802,8.961605374525938,11.38368691549499,10.565588929954567,8.364026731689863,7.951300974799732,10.237879392473593,8.499860878573388,11.812659867332796,8.42884611788465,10.856359890705942,7.735812124998318,9.854961778360773,9.054374240496857,10.267385996027064,8.295738691821956,13.471187337253642,9.215972606112485,9.754126469100537,10.232914624196043,10.804833863058448,12.114525107258622,9.203509958786135,8.46208208752359,10.668356237817985,9.557926737155077,8.625529950269296,10.000866507617246,8.60178058072838,11.949049502498873,9.11326168947392,9.399708301242208,9.120674770268284,10.499859177361456,8.533174754599413,9.869854878409807,7.266335383135109,11.470536319092702,8.35263015945249,9.895608663109051,11.620537185883112,9.516495519320827,10.636466092793148,7.811315777684423,9.998523897047308,8.443252641506966,11.289451618034935,11.661053572093435,10.792334282224445,11.733682459490472,10.30261144055407,8.467697606707734,8.2890315653905,9.03375053711027,7.766784424670633,8.629964172256942,9.623508668395957,9.535305866424322,9.754190891458208,10.819648002486737,10.807378966265201,7.739266907686417,7.573321585565094,8.197255985189875,9.006812513650143,8.004054974052332,9.713373474283983,9.735141614549468,12.411852136509403,10.249270670862616,10.651505629885152,10.252524536169163,10.839443793351819,8.770047044549845,10.627620861080347,11.926691001943158,9.163358788484905,10.39732781600033,10.557815812550912,9.740716154529553,9.638378837208585,8.532363854477783,12.425790944193675,8.778904124284677,8.000874846682976,11.422689971708014,11.440984970060452,11.950517311111856,9.912229776110708,8.841815840054329,8.112750585859226,9.873151926791477,10.471430108080462,8.876908174374131,10.946524517052477,8.356975751921054,8.170953701240304,9.649595757552294,11.46892619146689,9.636179749133223,9.784374932891742,7.687445519963201,10.244692137646604,10.159416780978106,9.722479715807061,10.693711512941423,10.28910267350765,11.042917026593942,9.514920761747968,10.130797340801314,12.341945645479628,8.73623887048056,8.393106590214131,8.06615754200465,7.994289592164636,7.15698053328019,7.952473857698281,7.118284566905589,7.632052828570783,7.959170202965391,7.584851405427704,7.471764123219747,7.311288215004185,7.251833996147306,8.006404176831373,7.517267633560255,6.8240530087645555,8.491083181845031,7.2470599405071985,7.551533878449508,8.031099808090481,7.864254959621443,8.08680206903007,7.846636195618753,6.274575643393658,7.5195246083309675,7.730816981169311,7.105297351357794,7.079244104783858,8.896437765528976,7.765709409927852,8.482817335171054,8.254408400594196,6.928741495051701,8.098957428439277,7.061778618185047,7.642869025473689,8.977396145305264,7.467566694394211,7.996015677374873,7.289208086489527,6.868584466562475,7.564573557136556,4.908296080153533,7.493499296714042,8.093718199909048,4.949264597027267,7.73577136754614,8.655957913585567,8.054684926940313,6.551716911547614,8.62191119351835,7.744553540642798,7.665404292572278,8.250535746234037,7.940289631443524,7.826738211190485,7.574346992133328,6.57689046293167,7.668362252404102,7.5667274471875166,7.710155892590783,7.524504880000808,7.44507581118386,7.12692135142018,7.605643846325301,6.872329943498014,8.322190802196154,7.644447792489676,7.609376317437534,8.200395102622618,8.056913416396094,8.34885691413541,8.0388457886571,6.007637681342389,8.31366421449344,8.11271462474115,7.835766140962313,8.034676927374075,7.509328619860737,7.491402814345473,7.190541848056973,5.74085716609844,6.861415507022079,7.094685360422446,7.940300069812777,7.650450679795306,8.84668540299076,7.950569739245066,7.263968904275692,7.509923804755115,7.89207943107918,7.880760125462823,6.528214410118628,7.546851207276791,6.985546823193023,8.638642142292914,6.478671390014411,7.89692591247117,7.828501723420116,8.703679557167938,7.548809221481506,8.945150922961087,7.68159946728394,5.285936842476898,7.84916775754159,7.379536484723647,8.16197650144715,8.310959787640192,8.107380463246326,8.599543149893712,8.249505165107156,6.4467836600354165,7.916452943552007,7.856004015245988,8.239686073888715,6.194467255875782,8.028410966207966,8.75145841510146,6.8494836504226955,6.17057883223738,7.579421326791202,6.434997293258019,6.526914622741042,8.1170644805479,7.81200258754398,7.310726412415943,6.2711623722287095,8.183590471795041,8.071212546982997,7.926694347256245,8.893323567305456,7.648750337095019,7.652690621243617,7.342111832799909,8.330695812450932,7.6868059910940145,7.851805142068571,8.061930946178746,8.888605133788595,6.806876136615362,6.532115277492687,8.425757789105118,8.583906263156313,7.816633098288547,8.239783265655772,8.13423760232103,6.185498465708539,7.510711277453279,6.926956110124466,7.358543074004915,8.377620005398406,7.560608377789205,7.638577270921473,6.30044608088295,7.968209011102061,8.997317297270586,7.337035360659141,8.225505500798516,7.708116043210137,8.272007855219796,7.868834410553539,8.118309623251859,6.573063898870943,7.835241334119834,8.799845894143383,7.493109816036458,8.213166907937731,8.660669266918573,7.96533728980553,7.382816964730797,6.83987043948697,7.846756461074942,7.841232676064264,7.482633573155567,7.92037938287478,7.770129505300109,6.5715040334662636,7.650995206089741,8.179735344849119,7.539541339667867,7.840865539109714,7.202747635296637,6.870612130981445,7.373063991171947,7.655568898278675,6.316497052170577,8.746207066048068,6.195197342961854,8.052376714884836,7.695731788802078,7.416330594284768,7.547715942859617,6.719064645885865,7.578291085287288,7.928997405257393,7.528983821280494,7.66768885072459,8.839930092490057,7.979290470685781,8.283528426223922,8.30982122156537,7.41429390752839,7.532052724966813,7.6069959504263425,7.052564819572154,6.8643329622990485,7.201947336860413,8.952117776037912,7.422739696502914,8.529531647012261,7.598014142510857,8.125563175476517,6.93850781843933,7.9389411679877435,8.50153213384758,7.38924528858174,8.206273138699675,8.266583304283795,7.428567233976473,8.79980117627357,7.731494846487365,7.636322098734214,6.946841748830155,8.343514009944467,9.066509989750646,8.471557357334143,7.050268458069875,8.798574397411668,8.160374032958968,8.048820369291255,6.720766529860231,7.285441443114386,6.728571312629151,8.221228303080856,6.795831381181021,7.976082305930209,7.636474298975096,8.390234166275892,7.849907513642992,7.575941715356879,8.381097872381034,7.7173650342385995,6.994629086355878,7.513297308619951,7.337965781596808,7.170339399934721,7.450605396839961,7.941499436964133,4.984815470006564,7.492496547462065,7.386197974879525,6.820138162693071,7.43028106800189,7.719910301066958,7.48631942569279,6.10014907669794,5.301952848171162,6.841367777042156,7.721269482893091,6.187193575524873,7.620577045195465,7.403173155857671,8.199184806744857,7.320892358232671,8.494044280032234,6.9866123868998855,7.5931040377139505,7.808171379748681,8.409834636124609,5.866660322645154,6.544325571562121,9.109430398601903,7.349179330398239,6.892303018381598,8.363255284550164,8.418258543653938,6.969982864698063,8.502284947730274,6.331155403590574,7.420057264907544,8.898371479949224,7.992436142429106,7.932142888175727,7.320385143809294,8.741083093989745,7.066548428370659,8.662588984754535,6.622005477054865,7.929604312094608,8.048759257894886,7.0378897159566325,8.996190566306776,8.098751953770021,7.763327926154209,7.621660220180588,7.79729889534557,8.12624187527678,8.121612758225606,6.806161990416147,8.1097228786091,6.8618673154145435,14.952436175481921,14.004043801990994,14.598142171933757,13.334572869448523,14.605481065542914,14.082921105663047,13.687609995821807,14.301261783593908,15.782602078642249,15.310992694718399,14.764463618077224,13.1053062635919,15.4935688306327,16.04177724748301,14.347725049086588,15.915052076797517,12.596469283767219,15.457512221693115,13.294742652316545,13.86425612931332,13.8730439134125,13.150923272513415,12.960144891977933,14.628724098414555,14.216021189113992,13.472210756433666,14.228914862871848,13.982748638811106,13.064239754353617,14.661818300432765,15.223121757198944,15.38713317211904,13.792879482135795,15.254884455494315,15.135093257735193,13.801522789086729,14.70522585342957,14.933362705905637,14.039031085350354,13.925863712725747,14.766310400587036,15.944900247695086,14.095689189543195,13.402896522853702,12.193587865585291,13.263662629803248,17.211289734226405,14.866272539934116,14.281850812709141,15.419267616024666,14.846165496945924,14.399053497738867,12.961344940338687,16.115249109600615,14.924631520369095,13.815091715157298,13.741415675034263,12.467125573419844,13.385242837929544,14.550755049350666,13.41517243990506,13.260971936624136,14.388639454497241,13.535459378707314,14.504180766549286,13.867142927505729,15.304126307103223,14.284178481877214,15.040391354102084,13.661025800865941,13.899968547207333,13.577979802335209,14.531407926816723,13.397114063733145,14.313642994416726,15.432937069753613,13.635359303486341,15.269608671023683,14.952175397368974,13.277520256865705,13.872738439464978,15.35224352003263,12.905186126428523,13.171335315530005,14.167094293145391,12.382599517988917,15.090193427315747,13.75102683186717,14.168548538053285,15.434208876381671,13.679366327382743,15.055516258919253,14.870947780904801,14.407358474485267,14.155049714375812,12.97225881423998,13.459513288312632,12.853597423813971,13.822848037295394,13.755712680621812,14.446728254946857,15.566776303368092,14.025148570224598,13.80775884617308,13.360212085260155,15.114431868540755,12.95003172321536,15.09474659523005,14.47645349281183,15.076615024138448,16.872354181034428,14.643817716184897,15.21091374771369,12.998193384125363,14.309391207592645,15.340610437651744,13.815485448515078,14.007581797000347,13.264515331988447,13.701454502791334,15.514721208053063,12.81700662789457,13.042461275382593,15.608817241098034,12.625556250981912,12.528259924254694,14.080009027280884,16.7430542246063,15.55605084399318,16.02857261603882,15.263234194257931,15.893653264639736,15.279684451466501,13.448230461689008,13.451478608878023,12.61354381675069,14.030552736561164,14.82609028357111,15.790321655589374,15.242118372413984,14.476738192960054,13.881165433295022,13.485338666741155,13.723320106945264,15.093530877103648,14.130768089634456,15.972742320270871,15.281698839828112,16.0362215717189,14.345964776484523,15.422144264702073,14.036081747080924,14.765682863212334,12.769813009399186,12.912763252158928,13.817910971135932,14.749752872635868,13.913054268831187,14.71824522338555,15.017171452173612,15.755280707145602,15.37433272889924,15.74320884536136,13.87781880636301,14.442533823877223,13.927269151829188,13.781628236941584,14.863422701199896,14.873004027370305,13.92906864172771,13.653878285368759,13.085810200844312,13.81413889472924,13.73278660111476,12.917387094643122,13.78570913904417,14.844556679356872,14.139251169996605,13.180956018663295,14.750143120217201,12.483175804865887,14.62051802755747,13.416101453411812,15.343986884635864,12.742204203774143,15.270622687907412,13.037037079876466,15.518093420924304,14.706846981478714,13.646766030817808,14.35543218718752,16.791841625569962,16.86267936417493,14.005550556627211,15.902949475599835,15.47772835149671,14.45309945600653,13.726801453665713,14.104274173694677,12.676347256394775,12.556420958620517,12.88900591346949,13.731801792740205,14.06670250855546,13.899568628929904,15.248721717792865,15.373682030418548,12.897829339174516,14.973526867524184,14.243616019270663,15.388053375521773,14.013360678222291,14.689043748537486,14.11880348585933,12.880801977040116,15.457664777780632,14.069651343404733,13.67471982781518,13.376794169287622,14.9505200016552,13.361172669664105,14.431618734814549,13.525475228177926,14.782336762214365,11.88023843712468,15.781960254914692,14.711356148154486,12.394794750019445,13.793766191069341,13.292465914239639,14.31425059358083,14.558353168555893,17.280898012530123,13.906067592657031,14.611282131181987,14.511413162788934,13.945358170161544,12.177770412201747,13.484343897625095,12.540206043243812,12.201112515784107,13.491339029740022,16.599231689575227,15.48674298841538,15.245039602155629,15.157351779158319,15.19542770194494,15.427276442989102,13.78553259255697,14.676243595660983,15.477378585564992,15.763938252485266,14.602167133179078,15.243282367975329,14.905152205196103,14.530844596505036,13.50254147624275,14.695986287825987,14.7813637260651,16.738876006809164,14.30741969744542,13.505107971715018,14.814372793890508,14.778631526647242,14.06467908645282,13.872104668398846,12.845607779557909,14.9376347174025,13.180480872999093,14.845354425597693,14.744612324643882,13.061926058701983,16.680417019885624,15.217039259979336,13.066925735028214,14.1853860447002,13.479943728654284,12.351977684139877,13.983496626423477,14.589088610989377,13.314419732808014,15.802105251836055,13.101169611069214,14.079812475013014,14.71994375450216,13.252089678284724,14.925716129159298,13.63671215304001,14.354852017317771,13.730605394078236,15.127727523923,12.803062899668731,13.770830133246253,15.221477671111126,12.369651845356485,13.865286949483094,16.772794661784626,15.183821563270424,14.130444645840406,14.683215406185088,12.221020753204975,15.013571343137619,14.056371540023243,14.153051452128379,14.328097821020698,17.571232097098378,15.31398251253837,13.746350292460722,13.013981031336844,14.652202947392938,13.69555509319475,13.234043563762157,15.775654547522887,13.126348901671625,14.086374738209138,13.474028004685339,15.425730847437881,15.43349775371616,12.593406723346298,14.286117390441254,12.262508769997684,11.343001727373286,16.30447947353532,13.072359796479992,14.623492555373012,15.019302835045924,14.54499200971987,16.170202816166974,15.042496085549468,14.019729813546158,13.749998979970131,12.228861064192365,14.079660039188212,13.078593791417811,14.094839892586633,14.45022394744773,12.901423779425103,14.648512464189263,14.958391059535128,12.95614683127815,14.517952168770368,14.541671699564002,14.38485938381274,12.965986155957415,14.322614228049714,15.2675149371334,14.484490681488419,14.061827683555846,14.148116304926909,14.87137507728609,13.483800577471714,14.401455088544871,14.135955899744008,14.15212352858514,13.437069478062607,15.518510553464926,12.515363998611909,13.821498544720201,13.21619271087417,13.19228021152738,14.72830632025521,18.320924267790158,14.25515783600876,12.064089352970685,15.53952290241054,13.53105144443717,13.848306359120315,13.900318253235366,14.848661227396143,13.529408562798288,15.035546380551025,14.392744103442107,13.454180388186947,14.22312748274092,14.090240640694919,13.238499731976491,14.093414412338042,15.244630901634812,14.436683096908657,15.398709008236995,13.920912920010057,15.074577857240318,13.57497242402742,13.766671018388875,15.102404380271583,13.956267462553175,13.62557160197701,15.783275737481343,15.526146224034274,14.54475835089128,13.345061537773148,14.972856269034876,13.785727858224837,14.562725072305211,14.081337436527408,13.048228622128597,13.677056151540487,14.49128624308391,13.576842078901054,14.387354882498434,15.232127941704087,13.900126266839182,15.75594786143935,15.25876932563219,13.467275384389142,14.76340275322937,15.435749009980801,14.428882096809385,13.12867306726325,13.143148351577828,14.248653000909545,14.626529163853196,13.493854712635748,13.53421085469715,15.292110447666547,13.867225195182549,13.253771804392908,15.07184204562503,14.996914281325019,13.02655513595709,15.080033869513667,14.22651109242543,13.507694684205529,14.571123900238867,13.701247033185524,13.552461282684487,13.468791221110182,14.15145315485412,14.029106088908716,12.877251799181225,13.508756273959412,15.347566927466154,14.523523055886598,13.20877548299276,13.788388212502044,12.69999475854514,13.03160089921925,13.414922116699248,14.724602081707518,13.823350449727668,13.473797244131845,14.400281643125448,14.528022460520406,14.191052248735854,14.815284817077513,13.803227992957106,12.951727006838459,15.579169654622135,15.079198624078296,12.767200521558484,13.91969462142343,12.047644913779585,14.746064112227385,16.048498969546788,13.91132289813794,13.220365371315602,13.622103014896311,15.477163692412027,15.080485290256519,15.155938392863991,14.622987018090361,13.013778560437583,14.50968254331968,14.50079398413874,15.729247875588687,14.109613235036852,13.547864476927709,13.418333497325081,13.447807157478229,14.471135299030935,14.068067820368437,13.218397951131495,14.323540658709113,13.323681892711845,13.164215596134483,14.175181576469596,14.225843747014416,14.295575662304968,13.968366517919348,13.382507031326261,16.055392402901653,14.023722568369955,14.295636295355868,14.286074308677795,13.777891764637467,13.101538678751336,15.56222578667242,13.894473109558486,15.318874397708187,13.306384993292456,13.54061414134607,15.183149961725393,15.337513056467468,13.749042882690913,13.209566190997613,12.960689285884216,15.496327076617545,13.297763931288454,14.927892355783596,15.604907953791706,14.223096431337263,14.568188515343,12.029029968865585,14.50918679592007,14.876142721716732,14.380603856762697,15.40793499365188,16.058653768119495,13.767400298758963,15.26119885070109,15.782912348688232,14.591084237685928,11.48141805329381,14.223984812137951,15.627812577633268,14.40259404095761,15.624693126488745,13.150090149616679,14.239091710717418,13.505261984747193,15.662715207803508,12.90214145057848,14.343856387377746,15.763818269449175,15.156557756751829,13.681470160874296,13.813691912166982,13.598690198668693,16.17025869046432,14.198892773116906,13.723972103218717,12.12874092986891,13.329127731551354,14.187502477607737,14.080336351276257,14.499511976438573,13.276712380941426,14.3350584743744,14.814688157730464,13.995681992985768,12.768233709960247,13.534012679541485,13.313702461119966,13.710469716983873,14.207493174758016,13.622050449446078,11.887715074068929,12.463875046048015,14.237417929224101,13.179876187398916,13.592415325229174,13.798713875984852,15.116321302904904,14.060977650764116,14.068380215800257,15.696301635481136,13.869064129951452,14.357046457199349,14.49427870471225,13.048618946213084,13.484430338960182,12.913236773343042,13.713594115864865,13.202188900013637,13.434072705398718,13.58226394030549,13.49439869072397,16.44917866753254,14.912737406860112,17.017599869244187,13.858327663858208,13.993157627955291,14.730925934686722,13.02213002279535,12.265960732662492,13.345881583919688,12.544848737609607,13.904704709829831,14.37335984834457,13.030371946195723,13.616644362350904,14.325312154402825,14.83966200627071,13.091688067632983,14.147800611579074,14.135041343517209,15.985873282460668,12.919967639608972,14.344857072106635,13.972140000999891,14.199094862494194,16.00574741699344,15.120074381863766,15.188406290170693,14.327731665013834,14.896030139888833,13.316022266217601,14.18536537312157,14.70267233008748,12.27259368138968
57,2.2620974183471714,1.6898586517492709,2.1256965814652364,1.5616404387731364,1.6920483338257026,1.7453604164148562,1.7363076268367845,1.7706619688022383,2.002010894584603,1.8281049488014027,1.6863733901584832,1.673409987669245,1.8573170702087305,1.876174798737722,1.6857405350891324,1.9557822238790006,1.7296957665209443,2.136095323716143,1.7464068220291207,1.6852657550215226,2.056835298922224,1.910335902294788,1.9814273328856586,1.6202285111345793,1.596387203912774,1.5502419051192338,2.0145513159387702,1.6889410952270936,2.298661573898744,1.7229650656730873,2.1991736630682786,1.6646222242665225,1.990245346563241,2.2193745689067255,2.2190205385704806,1.9709544462326076,1.7646889603573002,1.8168798968533835,1.910856683256292,2.257472962977595,1.9903143802670302,1.6721353896460665,1.753589233288896,1.6838223930036422,2.328863482814554,1.5479887421143494,2.0235961554437556,1.977287038325205,1.9253696382280507,1.9887645522131732,1.79088110137203,1.649603052275898,1.8581125983246993,1.5670578776764377,1.8205631006878884,1.613976642163621,1.775892706215696,1.927668954827989,2.037538988022655,1.799730559926327,1.8712729843119222,1.7214353314280013,1.942024687613832,1.5471598079713806,1.8449391467105336,1.7064775197004787,2.424882097324326,1.8800030399601644,1.572671909739575,1.7187676834043815,1.7706199490192154,1.8718932332717333,1.9489176158481472,2.1133994555094833,1.7563499187146858,2.228727104709,1.9237511501571807,1.584307845646221,2.3557238725704557,1.4774956430080064,1.8176203117108272,1.8835063231609945,1.7790580048151818,1.4811734143261823,1.729848596372113,1.6792476230448279,1.6012893583229812,1.9924128229911293,1.3583457041354807,2.5651654542214053,1.6643750042149226,1.7125005760110925,1.6980757156748807,1.6756284061242093,2.0954484210022084,1.661069219651149,2.08473462278229,1.775051993242649,1.9154358219193892,1.5939202307692304,1.6844771790485562,2.1255737883392714,1.8863317989857113,2.3564254084357836,2.001617228495277,1.8396160476152186,1.7674769730457467,1.850267903824059,1.6231429550621235,1.7945898872222097,1.8468670909035498,1.7205393828162845,1.607217450638174,2.175821146779013,1.8577454096937276,1.895968845515038,1.5814138600373038,1.902336736946653,2.487165030355896,1.9981696344957007,1.7825246743870624,1.574606176621954,1.6519317726860083,1.982973150787788,2.583176283346709,1.8614599300952113,1.7161459572427986,1.9600848006615441,1.7018404098716953,1.9041775128120533,1.7246557127968212,1.5934460758525792,1.68991082718731,1.9984757848819334,1.5663408921864277,1.7989776993878992,2.2518972167985765,1.8521424868037029,2.1537047666582794,1.6251954177156966,2.6584266949491453,1.6424066875208931,1.8741891498090242,1.8306677229377994,1.628181415101314,1.9844800411610417,1.7799264994987292,1.6805246580999555,1.7151264051169883,1.8806005208755656,2.24549892562328,1.8697789839797183,1.7471692304309303,1.923847251901784,1.5728906092529122,1.8607560135654122,2.0914032797825506,1.5468936778205515,1.6955870357238987,1.7437269155339212,2.1332065373844893,1.9301525856255062,1.7753002168873204,1.6476214543893528,2.122824804680758,1.6840203417900437,1.615180722898651,2.078895949216674,1.6088323933687108,2.0746149675756285,1.747045482506207,1.6107039202486462,1.980481756164635,2.2271701007927187,1.5821104208301948,1.9248519326185474,1.6988519778486177,1.8802334099857676,2.3038026547935866,1.6951673122321573,1.823390489170954,1.585302496215128,2.093889015142064,1.736263717588787,1.7717759496789858,1.5674894922766593,1.5284118901832688,1.6053653623965782,1.6737016609075857,1.6364441855317435,1.8259737633950497,1.7369111531500352,1.896455979371025,1.7710172641978714,2.3231549394843314,1.7370712661124703,1.5633847901356885,2.1284719560249,1.8778467932997551,1.8443494834864775,1.590361417474784,2.4350141846770725,1.714496143671665,2.1911123578665777,2.06532476949801,2.1290569724248254,1.7240427704812908,1.64393990309506,1.8895772713110401,1.9631350498410944,1.7185710392080351,1.8341970849012783,2.3697164920407765,1.9380880174966555,1.593276926066108,1.8044376504026687,1.845897002995491,1.7211887501699419,1.6815815144005002,2.2792124138421626,2.3533282189162854,1.9796747721107406,1.7091488675638937,2.3470093767312057,2.7910584738377233,1.657206989376851,2.3757110916649284,2.252328272086324,1.7472134188126225,1.669449644155499,1.5596646822794322,2.1769344870272382,2.347487411495383,1.833090544405911,2.2911251249202547,1.8872741358833045,1.6799182797128147,1.9309543435181946,2.3694342138051043,1.7050873804366882,1.9131742809247498,1.7457382850554792,1.814983592262088,2.1325415082600894,2.3567529479688356,1.823888939162492,1.8784067152475623,1.7204771992093006,2.1488826872838844,1.901162309361382,2.2081694399799683,1.5924194281148611,1.9785701410460617,1.8171996879321253,1.7755684842162922,1.7920353804384854,2.329075387081153,1.6446521471506148,1.9814992822402056,1.704462216308498,1.9484967076286985,2.090570043064511,2.1464007270634218,1.6049104466171231,1.5694612681079827,2.77463471521057,1.704584223920195,1.8486821269861138,2.1273853950963164,1.654996906115023,1.8629246584184216,1.8880959114889135,2.098942753112095,1.634713448709269,1.9929338978336915,1.7832691221353023,2.3579385425105763,1.8613118516321703,2.283717406717133,1.8351659469621755,1.9986228735924176,1.645693884182965,2.0653982837264966,2.1452863520700727,2.1052981719227652,1.723865674853448,1.9283715530872367,1.6267380394430406,2.2290368269086036,1.6676551612557633,1.6682140682447317,1.8159654873911175,2.267721593389237,1.6418142305137964,1.6674116723819223,1.6839133882871278,1.922796488737918,1.6430338539697538,1.9649515110963145,1.6883687826640081,1.757203994334795,1.2435522027231625,0.7563699455259353,1.642846591003509,1.6686503974083093,1.6665795510621246,2.3907281673284415,1.703332361757784,2.1017519950785486,1.283816843899067,1.4382899952787334,2.234191256708195,2.3429427359240758,2.3227116006346353,1.7108119566719437,1.8249014072758338,1.8832869535238357,2.7042265246295143,1.1999085904979883,2.1645971596172595,1.4716998728587654,1.1545240811172772,1.1187438882630025,1.6375806866361298,0.9509152849223067,1.4689454494415566,1.698133205291311,1.1040913519879005,1.7753943670571106,1.8321533399947094,1.279295900998953,1.4007048278710357,1.818710154227708,1.7141308828765964,1.254163382474418,1.6996076777041682,1.3547892681389722,1.7995488396033472,2.4300888543740826,1.7194336563022892,2.0048459291253975,1.9167928725210803,2.312536088550092,1.5401942916779965,1.2418670684994386,1.4281806303879345,2.0452266435905937,1.465031817395594,1.6341075009681394,1.9843943923204292,1.7726380267123645,1.9351929281937887,2.5277186157901084,1.8339071939209608,1.5198246842343321,1.1223287941377353,1.8252013745644724,0.8975669014937182,1.3577189591764665,1.767885807617251,1.9790179183779175,2.1078724371986146,2.9897330402397,1.5535544066879532,2.894072046278284,1.8121141770085365,1.8517696104388082,1.9594415029680292,1.023272429380235,1.8189040536978351,1.7996796242274045,1.5204313847566728,1.0125390249913235,0.8935642536586897,1.2865334593497981,1.0006072864247268,1.9048484080894015,1.222170577835295,1.1407393299174011,1.8071180089315182,1.877660033139419,1.746974493572911,1.7244352540107577,1.8564614502740564,2.8986157841736744,0.5448258994346433,1.729359515295566,2.096466006007687,1.1999579048847882,2.1767223624631593,1.2644855635142005,2.0204242451846577,0.6394181428209716,0.8494050546607023,1.6073537354908385,1.5398182221966359,2.2051138429598405,2.3539108800278092,1.6595760174811363,1.516996166611788,1.688178456836622,0.995994437391257,1.1328810927637893,1.6911753827259568,1.7869997837107827,1.23982187803996,0.8858173502781188,1.9141664335806663,2.0621208352889084,1.6371804084285941,1.5494443358109358,0.9026620305368289,2.252378593607328,0.6004673709130582,1.8386260683399411,1.1914823883090804,1.026627768941786,1.5555340278190195,1.9856000851116022,1.015590788060275,1.7949014324219414,1.9033371921098585,2.0308980730059805,1.6505631624319235,1.17045811487821,0.8435338435991477,2.085984448620875,1.8709782557499166,1.2856318038483932,1.840212430475965,1.2270031920967641,1.8515735461313225,1.153541663059273,1.4759609703616998,1.9678115689517095,2.501625902482289,1.1643940989541142,2.0891199172954433,1.6202012399374544,1.2697027449708873,1.7169920837849746,1.7505666254780767,2.0052837698350703,2.184725146424408,1.8477044937440708,1.9908975818001071,1.678223916227297,1.7839540015984703,2.0374139091565637,1.361193842001003,1.5867717712615472,1.2111069388129918,2.1370999085426576,1.6715700093332015,1.7304203031912597,1.7698564247460942,2.279044303965076,1.8834892793437912,1.2274283608089678,0.9140452429643019,1.6372181235769172,1.3247558981771743,1.2518232602702917,1.8528511164030788,1.6988638693492877,1.7448809174768285,1.6983781434296286,1.8104334523502599,1.8156462089066485,3.067658068627553,1.415198333311804,1.667105040590637,1.877525377686098,1.3170387938683923,1.6706696642869256,1.6699894073837886,1.7479984374359518,1.9401517951519458,2.4005749036304618,1.959593035047935,1.4228073597899988,2.094690979417751,1.895341139761028,1.2623968549278863,1.6400644250352334,1.1874766319548742,1.8707865843216618,1.6661803655435052,1.7204015891953488,1.6886490415366326,0.9437215270490845,0.9993697088742638,2.0111150535770133,2.104248608589862,1.595509206684953,2.359329093539802,1.5310620352335889,1.7454765022271912,1.683549955712871,1.9178789482733942,1.7236440963653448,1.5847744082431738,1.8721795815946245,1.5471407780850654,2.0876908102922602,1.1260167991539254,1.817188912311572,1.0368564759841596,1.193878006752196,1.4440470228389408,1.5006965001276753,1.7509106640039072,2.1177539067103055,1.779279848457509,0.9703090423403263,1.9959876962863847,2.966793022904622,1.4085198157842131,1.9205943946239852,1.542456327881868,1.7021121922706461,1.032106181745041,1.9475865677286324,1.4732171426159122,2.1482129173633195,1.7766033559924788,1.6500071600705175,1.7363876402085996,1.542753929874553,1.2820015793118271,1.6147173165254147,2.265499630038993,0.8454730303218739,1.4263984874484066,1.4525456299644717,0.982046621415923,1.8331280417444005,0.6134336995914912,1.391404001029287,1.50276685132306,2.0559552669178633,1.8226824902749206,1.1187740424780477,2.5385901701814038,1.8518142790265146,1.6141982545014617,1.3363679394393104,1.6001480188257935,2.429125023845821,1.886643792760684,2.054700290418403,1.4436068198265948,1.443214791757916,2.1999780864616434,1.3015115232565944,2.095426101612795,2.355624137909189,1.9734556264260859,0.8892383454705833,1.7819894205019489,1.6706849946105933,2.163897337766261,1.3071957078963645,1.676703565875525,1.9014505603752,1.5308158796940015,0.806418545761766,1.9240230886166438,1.626093323970478,1.1511365572328438,1.73432729008723,1.2888411296187992,0.98802767656527,2.193005622678862,1.3581357362997193,1.2883312784404022,1.4028846807649473,0.9086664497753977,1.792319538332774,1.4653890593927326,0.9355717398669274,1.9393634730705074,1.8465439341228964,1.7458592512834301,2.133819504440875,1.8677911923690467,1.9937322148606609,1.8292591544116705,1.304505749738034,2.3014027630528617,1.7795515672166289,1.5263890534194486,1.4180055867763441,1.6302444069997466,1.4881695366531642,1.5782647122005997,1.9740984060871298,1.9447149368576182,1.9082305928687997,0.9808798631654699,11.98277897255252,16.426651715524017,13.986651950104518,1.2616756261731306,15.418348538103313,13.78166804730622,5.025439203586012,13.653035362686078,17.185860990644805,10.047322661175576,13.734809140806663,2.459394953717799,1.1948018833439362,4.171943916177696,21.261943530947068,18.583082011803615,4.263931307812678,1.2093899779088675,7.044855618007408,16.609315279016855,18.16667836080493,17.63955349422119,10.578374894885572,14.919337032809384,9.91014302393742,18.261883311825986,19.69811556716411,16.22306467966302,1.5154536408482682,14.205639516147393,14.909546914461854,14.433420791860714,18.370391653357554,14.76352369795529,9.940241241089497,18.361642529595688,18.457593503504427,1.7874515723099076,2.625307279569446,7.886414549417952,16.279032809083898,9.376044566038681,18.602079555449073,1.2054027118376793,17.359527817758536,16.942772622253667,1.2062440491013284,9.259278374236136,16.806841459049537,14.417280017916838,3.82153823798285,3.6935930422863743,9.824145303044443,15.808932249893948,17.938762094276047,5.4671041597685095,12.63356185996665,18.720691060471342,8.711609525997623,16.250706519921167,17.763741226429488,4.055986266550348,1.250531861367266,3.6008754506405407,16.431252041649987,16.544055449622807,11.791466497964583,1.4454396621545411,1.558304317247375,7.214129187968274,9.919769223636095,2.471394286302186,14.29641713273608,10.827769540779379,13.531270750564277,9.938099464558032,15.687796111819674,18.176959669930653,5.069659158719112,12.451289809698734,14.718425812187837,15.777140578016539,14.354332605358572,18.239572730261173,15.255604082150827,18.66235839312578,5.0137852223788135,15.77627468973418,10.415078235548146,16.21825540624742,12.923014212914138,16.619628734955867,4.7151394419207735,17.767048921722537,16.048048537645265,17.049895886000137,15.317407409487958,10.371180554984228,12.608030510882832,17.463735235392125,13.956620010861547,16.92184339009509,17.17973874082643,20.016569585447947,7.4793602407916335,2.141952641276283,11.613274977811798,16.657105614694856,6.237144487564116,14.94567885969615,7.996359652322661,16.65583410261443,2.8809836367974913,6.445732292184642,17.925295207053775,17.11709316910517,15.827216085124892,16.6994453957031,18.144025347766853,16.426382581782995,7.567829745301092,21.73298231198366,9.955336199734482,14.474582980002065,16.912967606814878,17.72531920309707,4.944512049345218,2.0511845016773704,15.653277524633564,15.070536606168867,18.421776332988436,17.187668721254234,18.006468196526626,17.780358913850634,16.042235659957694,17.486035041302795,17.087821183867355,3.9524124870047146,10.775952527210793,18.34425980396116,14.962748955891156,13.623876843391361,8.749454516420002,16.509432253744976,14.752168412112045,16.88702465193171,10.297285711062134,21.324986322688986,18.5237329532531,8.820136936801827,13.445716333778053,15.790789895650443,14.37300332649625,1.776163073434383,17.784956542035545,6.747172473920874,10.221362979662661,20.949457333590352,1.265314540089306,14.587697093341328,4.00500537306064,16.78005595281191,11.042037623211355,8.026181838808812,16.370808749493474,10.865295565236911,3.033413707940155,15.722789383325049,6.482603850803007,17.609390621504836,16.011025268057598,15.440283137676145,1.2215604474250814,10.076492686700632,21.45041355909545,15.0854160646657,15.455571631191209,13.259983687035858,17.612871965007113,16.552910902962306,4.723275701842821,12.887025464963912,12.896506621309165,2.2358579738442144,15.941621181720686,16.89034186549085,14.510450608954303,12.655282206482845,16.360111495659865,16.275435592704557,3.0873174726829293,3.8588821285565427,14.279138144542424,4.045503954716879,14.378799914640892,12.51837782065975,1.3796535876322737,7.0273478028696115,17.98885065647163,6.685824775030729,14.274038277451899,14.536263151565015,17.079879506604474,17.197245052112184,18.733360837016384,18.137650408917512,16.214514448957804,16.785761486198613,15.39205213143342,17.9527966210878,13.021224740098834,5.499441093915426,20.0829256810165,13.001982550147552,1.170846904466848,5.643326934461282,16.614765347176625,16.950146326342576,15.413213303695018,18.29520151856439,2.335254181830375,16.733012594507013,15.18804946133579,1.6597504112976849,2.0326256511170233,16.815697893760053,15.601953199655409,17.78541369983594,9.039454003641389,18.76481715832317,17.85963820282687,8.731140036560705,5.4424084936600075,4.911543494299345,13.740687900913244,16.04627228182248,4.8189380503757615,17.496692390701792,2.3211613262978723,13.929135889305543,2.9307110312949733,2.9308402361551247,14.311958063719578,17.662952393768258,16.104501904094462,18.068283954191607,7.750870924044036,1.34745183681005,16.468511767321928,2.366408275729974,16.484625799088157,11.177011163182923,17.80869873495468,17.6501389120711,17.128114056903023,18.177742641174138,16.595925795608853,1.24806257014813,16.23429122732409,7.713686185808905,13.579446247780629,4.390869404492664,11.957245544895777,1.1056982644278437,6.942450364482848,16.43636102874226,19.941549271740865,17.78171728320138,9.520188252327745,18.098081216975036,17.25046824617366,10.878337652119823,5.182765316668876,12.500209615569895,3.7221550830628014,6.167374024757546,16.30351618080939,14.269302693299553,18.185070142249568,14.456182929697125,16.785808514761033,17.134038570752065,16.88165780073121,8.219588120854043,1.3515104331224779,12.348143015055838,5.199778215907467,17.260821087673342,13.413650994958699,18.108077707877698,6.649664594437883,6.188769627561241,18.515590392851998,1.259608845931918,10.393413516244244,11.29699287390148,9.050097804459112,18.493969685458897,1.2651923020612728,4.03374699830781,1.5802374640570658,1.2255112228898424,1.2861928235266975,1.2270242131531444,1.1957468121274748,0.7877548709716347,1.0662156996943954,1.0575353424831455,0.7828716588590577,1.6714150367249532,1.1715669515906233,1.844139046025534,1.4675733323594642,2.2878988302653385,1.5482087273363065,1.256029417108769,1.087445797459548,1.0206423329525405,1.3670078762364326,1.3002787335958814,1.1893243194953085,0.993976123095106,1.2316697709263693,1.5003154746609555,1.2059707580138548,1.1549248713164095,1.2655023285024856,1.126068394781779,1.1750963521712954,1.2284103354827838,1.6648877889928555,1.5312989887721322,2.4658409291855015,0.9100282143345353,1.2130744422447575,1.5618073764755176,2.416806298463872,1.0507819537497076,1.1251392299263574,1.4789673775802266,2.8791223873540543,1.3044408729077257,1.40296239302681,1.4909599398624052,1.2465421999535122,1.47926894303231,1.2151948563268733,1.8112397682492078,1.7712589238184908,2.2576623014257464,1.6713464535075921,1.838725551461712,1.581536977646104,0.8335736529310427,0.74785719197218,1.6806618614013962,1.2580390488769981,1.381301945571478,1.1494275008982167,1.4140029989019205,1.2216668634919432,0.9221601146614833,1.98771405048111,1.1961963233516006,1.2142069542156118,1.0315820623763092,1.008348982904623,1.1699133488141225,1.436038526754725,2.4172401139291644,0.9649560530192249,1.6372809736096794,1.3472843943632973,1.4858052749687312,1.3196841579686558,1.4190077778752324,0.9414856697692557,1.335993603361913,2.0853444469820603,0.9368884446802336,1.1286180083662372,1.3152967631683883,1.6855822473230497,0.8364896977073549,1.4273508224323581,1.5620228922560662,1.6557791450849042,1.56165933743122,1.2476641206813313,1.6576315046209817,1.1125577847495662,1.1093640762962422,2.413449088024583,1.404518063836247,1.8291665964298178,1.7975665319788734,1.2971346180618053,1.526391743967209,2.442112933873076,1.5073242433815945,2.3380201775439735,1.7917452556338038,1.4204189375239569,1.9063709967483011,1.5679318200507253,1.2313440304523988,1.1802430296822304,0.9416773527613527,1.5792964881593943,1.3112623998022894,1.8663114078849996,1.4856787334747608,1.1394957962967436,0.7796014887549618,1.0612954785697448,1.6921916834649071,1.4788896462637005,1.4461315656666598,1.3302588542630946,1.5055715132600729,1.2028866437829169,1.307236629790278,1.618177387359589,1.4051949993829451,1.2085044748749503,2.4130222924750613,1.9136618489862407,1.4722183977417937,1.2169027503133987,1.4642443197574653,1.7414108542056714,1.6132384343332051,1.2212509720930076,1.172859130745102,1.334004464571049,1.896764202975871,1.8003791297988927,1.601674494132046,1.106342835896125,1.4801040485863557,1.1000309577949143,1.5210176767014723,1.3829144006640297,1.1688408345346015,1.856318103079038,1.5254407920412258,1.0563859131923645,1.1896291752644217,0.7740926414425329,1.2976559338770115,1.1998982230928221,1.464121223723102,1.9739068812365177,1.376710311781373,1.134538753941533,1.8254388851376722,1.9110081934701122,2.9307776437010666,1.2917508891803922,1.2108145138710544,1.341150672480318,1.0517513404484233,1.120352773729337,1.6603155373048146,1.3038559366675722,1.148499943006474,1.211145269972928,1.3274481667394167,1.2419977005190588,1.0372251980001026,1.2550891441938201,1.202214386325103,0.941761426531974,1.5107334883029078,1.3151801565026597,1.2728984336337354,1.3809291915119142,1.533498258180832,1.0583238773462185,1.2990561006173202,1.172135346834301,1.7908355801503422,2.2739322857977955,1.2744418963580624,1.1963262231269143,1.5175740461759843,1.2384022207010923,1.4300560595772707,1.0314881538719471,1.2821240107909946,3.214109665523428,2.0611989099063424,1.1448629633664555,1.4114895201104811,1.2565307104351162,1.6445027672024248,1.3035379040493253,1.3355833030229418,1.4396400189509129,1.5440271617140715,1.149218853858422,1.2326586957112835,1.0341643478701874,1.2303276400267342,2.7377256584394885,2.427683396333616,0.8313562469166524,1.1368369770331284,1.3277842569650684,1.431196878629251,1.7621754367841738,1.2380852557274513,1.737431308494581,1.2312785709117997,2.354112957649631,2.349657269665027,3.092646185559549,1.995608949713758,1.3879796479827444,0.8125495143365661,1.2692571271748578,1.4433597813354253,1.3463850097030823,1.0625712926965518,1.2320549112113228,1.6965865550667183,1.251199609618577,1.3458994647736826,1.3666061277025667,2.226068375813463,1.2433861957682044,1.1703359204441914,1.6766896024378477,1.1239000973349522,2.9103539621523797,2.6052458252996304,1.3017506738097244,1.5253683809591552,1.5268632374109254,1.3009211849257003,1.214836424464145,1.9782461178649007,1.3351993984135901,2.3524012084484274,1.6519750432707365,1.0950060597683207,1.5736415805857735,2.5513434186797634,1.1655573807268311,1.2365408356173901,1.1879245404666794,1.3532959475367845,1.9513946030919453,1.2782073695244518,0.7703062016202761,1.012458235117675,2.795949334449682,1.0991106301215452,1.289211315842354,1.0208357243610715,1.3871730476312705,1.5263054447653552,1.9146725619623874,1.6876179857862192,1.5743381060787205,0.8665238035758571,1.125792454320962,1.1361418781256543,1.8769550137692912,1.1290485236989176,0.7099938512004447,1.4338737677439302,1.2004047520211831,1.0634970215950121,2.423153358330911,1.6919178968409252,2.335317554264943,1.8347338091992547,1.1780092118913017,0.9191072742035362,3.166700887789849,1.26881160711749,2.0644199296450023,1.1666126977159896,1.15698947416894,2.4056381514068255,1.8420691694269016,1.125482699173378,1.0320894335944995,1.3909369480147562,1.6222362087495255,0.91086377132897,1.4935973608025752,1.5193287546796046,1.5781724306154346,1.263421164193849,2.3873899050726486,1.261073285666289,1.2703431223191541,1.1250432767872145,7.9224122746503856,5.4745120234037445,7.616262381452109,4.5658966991508185,1.1312408797331874,3.6750583008773967,2.7615522610035836,4.343020406339708,4.057634151046232,8.484621267844222,7.42013410275285,4.908518005860223,8.0368157592939,6.362184906007281,5.443526925007167,4.224283367606591,3.9191013610032233,2.066949631984554,1.2992361898198912,5.4602164222469245,1.4515775875096315,5.975038653213996,3.153632501519879,6.880877326413655,6.357152509724506,7.118370536764201,5.914071857067081,8.632317621244212,6.689375318660453,7.726430820942171,7.770556560084867,6.978168367620396,6.028696136021096,3.892475409265942,2.070401076717541,2.9183042036168003,2.609485299439444,1.62406686213618,1.848454066682042,8.464260960765035,4.023136226624362,5.693889476784858,8.424589038707973,2.447204228354029,5.643405222183462,1.297483170143187,8.162437076188954,1.2328211746862698,4.1570633512411455,5.881939579532642,1.506108775291203,5.792924770759249,5.317616317887289,1.2931590104741448,1.9354850893324091,1.249958359859261,3.860871144627865,4.348133260688965,1.1933843180351755,3.9547880724830393,8.265440996323795,2.589538653715556,2.8702898339042777,3.956367262653403,4.333340419882581,3.704356006357115,5.361650540227194,5.439941294790473,7.871475546170359,4.2109764111904635,2.1990801600635064,4.25290772351403,6.100062161856179,6.030721330721144,1.4235846471328644,2.8814555997134415,1.9581225071924153,6.838582462495391,2.5958453294764903,1.3463813275409757,7.832503086698088,5.144355265653333,6.657228066783823,4.92564843134999,5.495815109970944,4.195164861412685,9.175094473283819,4.885256011394689,4.13279617630385,2.712539449425861,3.812966678553069,5.202853330827223,9.353834507469898,5.704625851944446,1.9002084711576421,3.7349991048205036,9.069924780511476,3.992085779915602,4.059501398128617,4.509601750027807,3.6574603047461216,1.5238846278431246,6.997816877321167,2.9328834720169055,5.617741841599791,5.379854938098599,4.2698678436960416,5.546950158835499,7.11728629290922,4.2364353550126275,7.6788393778393,1.3045942194953561,5.951639355335405,6.328234448425676,5.647115643510377,8.80945157614199,4.558453136746758,7.516210007500682,4.722651682233627,1.334800703243267,6.9302835781973995,2.9716940657696265,1.3017276989544808,4.367188466215441,4.864471903029396,3.189179082051831,3.823379994703434,6.073216683342495,5.910215184765687,6.441747531899965,5.303477112729775,4.536292041354061,7.555653144126589,1.4807369092334395,2.238898317624194,1.4586902892609839,5.628069958719811,6.280683521967639,5.658984137411282,4.381323290844631,1.799524350705285,5.5098035455876895,5.922528455506683,6.9259567000426925,2.587955140338083,4.454226694697299,7.550763901348783,4.861632032851801,4.900231330271203,6.936261622431761,6.415667477888464,4.007266621933123,2.3897274616617485,2.1562447505806,7.374423672303433,3.1068044172562743,2.5090140867580595,2.2748136392437313,1.9039575003331568,5.828155151013516,1.3779438086661024,6.127444073587958,5.813444687819089,5.017974191227033,1.485394407669923,1.053378749122741,4.175760125614117,1.2905144737547012,3.223362471627189,3.6693731240385157,2.9126630379475165,2.012911074783894,4.728222221187375,2.7403130415234602,3.02649274358453,8.749025477578085,3.8518247658879643,6.074879991468176,2.9078092056993294,5.479724830331222,1.4419496775013403,4.7427272140718175,6.865014595428303,3.7275768707026034,5.444241071494072,5.060448623182317,3.1851840421108895,5.418946698419179,5.131448894612003,4.211879239324169,2.8308880755665933,5.158123982330323,9.322209347385847,5.4987111219628915,4.5339176001757675,1.6111044924651017,5.99078989083322,3.1230944000642253,8.19469014738613,3.7863786885072,3.765369620714828,5.895385469954622,1.1527491525629685,6.634169471861569,4.775049634681894,4.3904593933055205,7.059246668881691,3.7069112307320564,4.950957287777997,4.261645242041103,6.076039697997498,5.317232988410773,1.4491493434068754,5.996032443705327,2.194002112045228,4.478689154875166,7.869325666844992,4.745975722395641,5.185241021018637,5.670006475811801,1.2978611176193617,5.31723359290593,7.699617688533536,3.938097717976674,7.138777122355419,6.260173690156916,9.747455437468446,4.798251249843068,1.224381896310921,4.5288200064349935,7.259397488356199,7.7559932352260805,1.2290656407823606,6.345239301729859,6.230177746973477,6.996833770884337,1.3825943873063302,1.7622708929438795,4.277214887030018,1.2787991673159766,5.329179477127756,8.428781320831492,5.1212326058622635,7.26345198192062,1.4489224082852945,1.9702889901441119,6.131723096476055,6.662960910081573,9.093800638607204,5.914747576616127,8.211230913828178,3.6634859771357355,2.388563557225376,1.251129739639689,4.139142987400264,4.0048926770172875,3.4336036620458117,1.2800768128708517,6.077103839263365,7.0658287906824775,7.132908176973399,1.0642018917140827,2.43872715609442,7.889596338265762,4.672503948225353,3.1196431083751057,5.868332363533253,7.184858871345376,7.8345372461767075,4.094232780610193,8.450696260928071,1.299881344796671,4.784634079815708,1.6329625319816718,7.528644620376614,7.339725936208348,3.860028221523505,4.500522640090998,4.647062365603391,6.431453968066115,3.388894901660388,9.301024686002828,9.213445488314507,5.0517123241768305,6.046158955119377,4.945810418690575,5.123161470320392,5.276529189947345,3.855961503740799,6.592405797133596,7.1229503090833415,1.3870579359766486,2.038581246868638,1.911612927500594,2.650814133999179,3.8817469844883847,4.2756951538848735,6.9158634393184695,2.094712433784224,6.403121549012328,17.80233205170782,4.367477313271109,5.808971717567498,2.0548453100037465,15.467034824352218,2.1737749417161614,10.573362396293287,14.447567216210155,15.131944513865363,13.76945781697788,7.4571255746094725,1.9071322303231948,5.38900018914335,16.089024127679235,1.9859340881484542,17.27681135505311,12.48082490181879,10.825930582284238,16.684965556253967,4.16170790986983,19.09676318979631,1.8492752600986455,12.786873733946551,15.023672510079363,17.199305430216683,13.508604350125019,4.399223109917989,13.927472194263814,16.35203180723774,12.614089655252885,1.853309763634603,2.0678696321192085,9.433116389254076,7.366585264780018,15.619901096259248,9.13008612702576,5.8038061539112045,16.23008276220292,2.002333979920517,16.48324458125588,15.18658313938314,6.844453956982798,6.146081097321256,17.22840515522612,11.761544314967585,13.689391976744618,18.551318751936698,14.019344666544903,15.916194706501296,13.196216062718074,4.114234636209545,1.84971649436808,5.6410142278522075,7.367753793244176,11.527209204012527,4.083721008422062,9.14791980267631,13.591999961948773,5.741728550981184,1.8920202179322119,13.093898235617518,11.604498593838745,3.8059895023465424,14.175153128192095,14.407635977862832,19.09500269318569,8.893784252997653,2.8370584787962065,16.985551945762804,16.902927290287305,17.586937130204124,17.970064466521187,16.391177878132847,16.94073072822133,3.3114755276224845,13.187401784352259,7.446430375649395,7.997582160754037,11.575224240503818,10.884534605130346,18.784258516924858,13.386012476344026,8.65150853386377,13.807729207433773,2.681021681201511,12.755525620804729,5.548439559051916,17.113596521964237,16.23240553278637,17.319168817896767,13.262528088779597,1.957951493205807,14.058171523131131,9.489123757389777,11.92680521890234,1.9299450048333502,18.20887294891894,8.505381990753119,13.574485571254485,16.521714204460903,10.487152517947058,11.9298167689933,4.409189260863686,11.591489705918065,12.515330688534464,13.030383046687671,17.174756825266392,10.094786194829286,1.9429143182702218,6.279599597564562,17.282157731301325,11.200356733198344,16.911380157813753,1.8763165606127026,14.599031837101052,17.78981553072813,5.645129362489322,9.69177309427617,18.65349495007467,15.733148958240214,13.9416388237708,18.2370987173526,16.699731049441176,14.328757784078071,16.775213810626617,15.412799192587677,16.17533563385324,11.217627115348034,2.2355357537295024,15.499169472012996,15.360323584028565,11.947667941458361,2.7592078517117464,2.5414173135456712,13.244226049862702,14.788279553315636,2.9902102993243194,12.919959501353315,15.652269422031607,6.74817653257382,13.166859381774213,18.68904974586771,8.943146371852043,14.788230571572566,6.461455875538036,16.339907236553586,15.563139468808359,2.3517157309097505,13.43229679823068,2.129670395294224,6.788563396519657,13.86295685948249,15.582089838745604,7.282270552009105,15.015867140533917,13.556147081294792,7.309628413371211,7.227389761573766,8.258228177428483,17.00275952561121,15.658855342371849,15.530028484260871,13.780331444089697,5.619612585670704,12.309055351331626,18.54919067109944,16.491460482991542,3.0334699666975857,4.012805770934139,14.026075759603335,16.96733139168245,1.8547889311325378,9.137274489679676,16.474275601207175,6.552214586656472,2.873921467516935,14.13853885256769,2.271222331963704,13.858281132883528,17.396406010446725,15.639101212159263,13.915605418251923,16.608891326635057,7.6997244174384365,1.9354111090337593,16.64594622882613,18.55464432091403,16.7328230491879,16.120855481688647,7.469208230613539,5.487113397726506,12.088459520308485,11.889739515739658,16.99604163359731,18.616968803166323,1.8798114649341162,14.786439400020562,3.2677015551517594,15.126004888570304,8.155965498286333,15.46069692245482,9.210668236992424,9.327546076129172,2.8010686395423123,18.64530439173163,2.829686472354299,8.23422961857139,16.78638056357765,15.507953328625062,14.32779188881082,17.18578583786466,12.555686733907399,1.8254721771362865,5.5090974872618075,16.17210332254068,17.010392601345018,2.4285002512309433,13.448998692283373,16.907659017331586,11.582837874718143,12.581481519617208,8.164450436991316,13.49538809031448,13.993253052513115,13.827587367746242,11.873390282911311,12.339423916836802,15.9293009597529,17.920589182958107,12.22679935974463,18.284652630040416,1.9322000595949853,18.570915060403674,5.379813310888207,15.04931856035622,15.297636160684055,11.272523133086443,11.446273134233579,15.943993625036933,15.475519044289985,13.483904867795522,17.06158590058419,16.7197435775765,8.530700544960494,17.6039423963933,9.182888920309155,3.54366339665693,18.272713774820588,17.011979945838966,1.8347109348022552,7.368809240636529,17.57503911777923,1.8636493173001227,15.334426843403657,3.861003308148863,14.12115436332405,18.180365956227668,8.022256264035855,17.182224460090023,18.319580571223145,17.41139866299783,16.829877701893746,19.017549102733682,8.78461355547072,1.7864565440521558,5.074854592330236,18.193206671244404,12.655402321825768,17.125954961982345,1.8033561537902354,11.369410818157805,13.537291898438522,13.520524953589547,3.4853520513289604,18.56444977878266,14.299560014995153,3.526001567478994,10.788827883750272,4.411680162658433,9.361693591428901,10.643919294161075,11.879773113176864,18.434382062158207,14.78459552245571,5.4655792792109334,16.70913066434668,10.963019597426724,5.860811136385775,10.578758646958624,6.807725793325801,16.657069756569793,17.69461790493572,17.17670372944688,15.285028945719928,14.500254119797871,16.443348245095695,18.379115506179605,2.677958524617141,2.1393303816342297,14.465617331444895,1.3145342220102232,4.669881293960065,4.151182621389104,2.6224064337631128,1.9148542778800677,2.738760463019831,3.836090175744967,3.2175684073291353,1.86395556816701,4.033107720995225,1.7651935350536965,1.979957334353704,3.694976048307681,2.0102433598030722,5.260527553985052,2.5964272678659404,4.061696157919655,4.7299084968200455,3.199973005576398,2.539433284995221,1.5865570981920978,3.8334201846346487,2.540736893652498,1.6297132464252047,2.9833329161016247,3.562827441018863,2.123669956767994,2.075097351789563,2.173068210742912,3.612742676813897,3.32095469193086,2.5393845277672398,3.154390704638387,3.065084028741342,2.117997152097781,5.8999186190846356,1.9640254946936222,4.135431514958027,2.0321835973302114,2.305298593758842,1.934175264444289,2.5551442085213765,2.0306648250755392,4.0711919294008885,1.8463356646882758,3.0788871441262917,1.8898140785516866,1.8694323412156926,6.275769809292991,3.858620917383218,1.810025476421105,2.086951469032626,3.6862670981238943,2.5359526070310183,2.197196421388487,2.7723008082127065,4.008479838394636,3.1346856075381773,1.9535247501378488,3.200441286428815,3.1316984877652474,3.1367481838520437,1.8151372685211837,4.54384701647531,3.6211868039526003,2.711082066249981,3.4753163139300125,2.2742004336979096,3.673254346244066,1.615149683408364,3.0401331782162413,1.9223242486808105,2.076843078139333,2.877446705127419,1.8549313814919766,2.3928029370386596,2.7684751677416246,4.947883195828476,2.1824118389642875,3.2614228401455154,4.135655683219946,2.450460921109671,3.9609217336930977,1.8783817370865648,2.251531497339906,2.136115810996101,2.2060780947781478,1.9145782086681942,2.1562993237686063,3.2710513294632877,3.375005160690411,2.317660714734564,2.1011722398048693,1.4841699984600407,2.5006102254446847,3.4868977875956015,1.5864787641243214,1.7636721040489571,3.5690287616683554,2.4449679734640206,1.900898629856504,2.439663643271663,2.1613916528808566,2.2114351487615393,2.3067991900548668,2.1133707345070314,2.0065927766908964,1.5266465463206118,2.853106374046889,2.484767141783058,4.478771558720026,3.4789386762602246,3.6985935025007706,2.997210631596211,2.9486866835094983,3.574611011339546,3.018630529175018,3.359153966780372,3.5716032108068956,2.8311094098481266,2.064282191999417,1.8551752188837092,1.6973898808383419,2.1748553991193216,3.234272843765669,3.4319111106326825,3.2473287853287895,2.3361247119226007,4.184505531630889,4.18332597478478,3.5394678792769754,3.136058534236374,2.0916200270441934,1.8704591490422708,2.898408920632885,3.427150466749256,3.432138496479364,4.221871262212105,1.6713177254748712,1.9582367867504102,4.9030806356970045,1.9157069358329335,1.961359482761264,3.2959378657840217,1.9877030133937863,2.2943889154335504,2.330452106482198,3.1324195178230076,2.587430795153666,2.048927742253601,6.949206796438223,2.433029523342555,5.016248878405349,4.2737082296284195,5.839346384090764,4.179423425608595,1.9258050716416586,3.23374473152603,2.227698283576148,4.218676899576451,4.190099322038838,3.941665117189922,3.2983106041513266,1.904452204126469,3.171457398147349,2.3857494809383053,2.5520168610852703,2.0957100680128153,2.197048630398254,2.453380457690128,3.9018475537788566,3.2431501550855675,2.237551339182219,5.458707018018376,1.0530439220059484,2.2623291893517727,1.8585613764177558,3.816196709520214,2.62636840034987,2.8283905000788203,3.8619039370664683,3.4598398141166515,4.225888332835899,3.1954965888474747,1.9750877575483428,3.642644495705377,2.5880385368448775,1.97129471433583,2.5581732711491334,5.272785746126017,4.229595391676461,2.653339777685966,3.8319741951556243,3.3978880658561423,1.8624519323861628,1.6525050123287053,2.0982599944447244,1.7775462135418831,1.907245042341551,4.613466799098871,4.183088984373117,1.965136002885272,4.943087966059288,3.8036177538576674,2.2523658340972736,2.6817340646419163,2.455979264578406,1.7181135782380388,2.26375054938422,1.8315869684736694,1.8120758507165964,3.677172044862455,2.073637379163497,4.4135143136003085,1.885574924882548,4.583275499997361,4.573320097181022,3.27724951793346,3.1555160178663146,2.5079773173277333,2.7408914500315595,4.308476215349148,3.0041045350376985,1.8547235834645992,5.312818068095798,2.640888864012343,2.13146195140043,2.6751136543541776,4.8402592145938685,3.331375482714029,5.116847568919711,1.6499105257412034,3.1043147963129405,4.4487934886972695,2.2654102154306184,5.186714188241914,2.4493334635729043,3.0660233947473823,3.4300077109586202,4.321002350171148,1.845716716186887,3.5173457926247322,3.3528572011810756,1.9606158149497113,3.5976578949347777,4.8612193830715915,1.2994673326733126,4.446647539749476,3.354851153466232,2.9601970049459396,2.799214137028538,2.293698013318164,3.262524783444516,2.321234020447095,1.8066817794093368,5.303423319960018,1.7671008175571903,2.641464167128354,3.4047155961996634,2.884282203100324,1.9775534014835843,3.2668065588533293,2.0424385004620027,2.1630441311096296,4.211394644100123,2.4296195584754345,2.927051337982766,2.097931952853654,1.5523977934845437,3.5255025002168567,5.19063464024641,2.8564750716119125,4.499720213651663,2.617721703681182,2.526277405499433,3.2232671675825086,2.5274253834174107,2.460253370214083,1.580770143685667,2.018107997541946,1.7295440542040155,4.899813132021892,3.438060357911764,3.0555939663839196,1.9295325469173048,1.8162683252455085,3.565496910738406,1.6218143082881824,1.8269893664546015,1.8529034170163492,2.754717491532727,2.0912180203515676,5.336827910508319,4.099775125076071,3.1236323239526116,2.547905998841574,3.621465498300711,3.2212838691877455,1.622437443025579,4.007178067849103
58,15.233867029800921,15.645053173529481,16.06997417406698,16.925078184545495,16.036670721550195,15.58720377399069,17.285928758374695,16.323650935944517,16.43677501713464,17.126102799733673,15.995026320814342,16.683392179901624,15.140837230977176,15.080109028463413,17.002045463301368,17.880794669655636,17.293187659757223,16.015531236005504,16.394189429248964,16.45023441531264,16.141220505284725,16.17532659892506,16.22961890289578,16.16020881365357,16.445620872387355,15.217398932876876,17.812489854375407,15.673257696593609,16.293597513482336,16.561046401621077,15.908142338530599,16.57199933916554,15.793872640197494,15.828761416373423,16.791723866377275,16.205077075328735,16.364757091017122,16.40091831587639,16.732183386310812,16.18819570786525,16.083233916635393,17.015527533657043,16.66853474860731,16.271074904286962,17.542457934018422,17.044776518588616,16.185783297900258,16.268530480430226,16.478575572659473,16.149583724949732,16.389493585660706,16.26429050203777,15.66736151900131,16.669793398438067,15.805626301076948,16.20915150445821,15.48646896499214,16.330239707035638,15.021014968240793,16.326499818904026,15.887347700919932,17.585756895743792,16.278927755617236,16.535476985047872,17.102039442653638,15.936281020534118,15.820757713158844,17.204546857371096,15.326678938263308,17.793908524262505,16.485631160499587,17.145886118594834,16.302074962653872,16.197455695868783,15.77589120997815,15.99134640968675,15.737474982207257,16.20738160625763,15.902453575862666,16.583688169978863,15.659017926866332,17.948189209142836,15.379693756131132,16.557083673519674,17.6524577302811,15.611010757173235,17.234141446148918,15.678150288787434,16.30746011671173,15.671037996200305,16.125844742850955,16.283845981134853,15.94897896945137,16.377899093262695,16.464444373755164,15.566493637805332,15.078269277632302,16.249893572122964,15.83688653283992,16.424269275422052,16.19093358369359,15.273800335165685,17.122539449412734,15.752064606311066,16.115744768758155,15.118700185850578,16.362724560140336,15.776209497788445,16.077079085519983,15.724401837252731,15.962678574377577,15.61811346171765,16.009109875068486,17.664995229423713,16.303158755648237,15.88338329384411,16.19622250561692,15.945632546096752,15.665468378777707,16.446197271019418,17.738396959302605,15.140099923228535,16.041454260065244,16.083546673511428,15.5880904196067,15.889205553284429,17.612239288200524,16.28353947620753,15.988352053844393,17.375237760867822,16.77209225862733,16.303140343341553,16.4057299162528,17.87035530311056,16.6629073416974,15.64525002684229,16.172343227805076,17.882647800176564,16.341566682678582,16.043261839871732,15.501054144700188,16.441472034446626,17.2881725071882,16.121976348142866,16.20551163377773,15.706736992877756,15.86241092597333,16.99759522933966,15.623910347413817,16.138398913851432,15.792900365365385,17.207389298591107,15.703996569653283,16.299727663617585,16.571793182785843,16.270720418038014,16.11838923455196,17.007824206151604,16.25768587943913,17.13333055728425,16.47048943689244,15.786196847004746,16.47971103349367,16.454278571310738,17.45301014987076,16.361399064725592,16.037500997001356,16.501377209238893,17.196100745654178,16.439523509793016,17.67107182545529,17.189814982969406,17.51972058795116,16.175180470050268,16.133143971668023,15.71498908202366,16.43868354708729,15.741626014832386,15.986482145855344,16.998314345730325,17.335774141527697,16.65699243613868,15.011865993571748,16.491999389273076,16.304443854664097,16.678707236662675,17.275486622409513,16.073834961951864,16.18018491151071,16.23212613423689,16.125129467029932,16.393943911800744,16.36881761025861,16.345466914154283,16.30340239029816,16.731041655432865,16.87235993536757,15.260878724675052,16.265799470021157,16.213793472119022,17.22399332423724,17.528613259400554,15.593087291306396,15.881561185876796,15.881208429291835,16.18390334445573,16.922245818987708,16.11600482419523,16.025602807450582,15.85648702375022,16.462158937829017,17.173650940426164,15.877327887941792,15.76178364525348,16.089611088889022,15.984537986378674,17.118450734916706,17.61003051917336,16.72594591295962,16.29883696277094,17.615819029263875,17.799444595333807,15.986682790909489,16.278603430307765,15.329994923132773,16.32097685388714,15.64266560721307,16.43289923135305,15.372042512033008,16.39980187996772,15.311850653616412,17.47142980206638,15.67253731943586,17.001845991556305,16.353955573654243,17.172653664858075,16.21863828405855,15.684311873776076,16.338810117161515,17.401121092732698,16.148613851027353,17.63343312584823,15.74147941712562,16.386178613942633,15.621704411183961,15.912335628171244,17.201371805754828,15.95614120311704,16.237991035760704,17.694763135049847,16.91622808743787,16.059484327308468,15.632646980642551,16.17373689312409,17.57541642878053,17.497620189159456,17.553235433026792,16.9504356193321,15.713379815375081,16.076839902835378,16.284030676102606,14.979732782448135,15.214442037429622,16.30353831773575,16.492779189126004,15.318478466031117,16.366889395509244,15.949320604847617,16.160721724927793,16.464922157042764,16.42990419359152,16.152764550905328,17.541942012649912,16.844959904410178,17.782463035925506,17.552179827543572,15.588219593792148,15.995644555679469,16.195653907221963,17.24777523045313,17.87195392929419,15.721661605430015,15.938730549135977,16.089143187786853,15.92404035852796,17.426312512537876,16.24554889065065,16.013122092880618,15.187683039624432,16.435122358957592,17.03243155990571,16.190216070465556,16.391106628919708,16.274315169542117,16.589846273534086,16.437034249450296,16.40583716906573,16.07526960514297,16.199185582590193,16.78006720574887,16.442117353998515,16.785104022371375,16.4722430332214,15.963360109648645,15.766382850770437,15.2144903023944,15.747411216620513,15.330796361573748,15.619635172872474,16.328488404273717,16.187774210802505,16.01153744262273,16.994714417343157,17.845710843403193,16.13656285481669,17.115412904929816,17.14306421978534,17.73421176226153,16.927944677266474,15.709565394148727,16.922108293484587,14.624996660604728,16.021998491160048,14.614793452207248,14.837835172618142,15.222812759131722,16.627193410488534,15.988203475395476,16.97026648845131,15.133492663408447,16.5492641367967,16.136340378680025,15.71155322598704,15.599103606453722,14.539698237193868,16.010306414369158,16.91600128577221,14.441649590511982,15.813281642391061,17.830695944275014,16.75407133752712,16.074607725303853,17.88151942562431,15.51930989329281,14.589163002426483,16.701002632419616,18.55369189382507,15.807279350777437,15.514111923240204,15.922253110060746,14.972993745060705,16.517395865738344,15.675399710296526,14.647829824767383,16.741492755042874,16.060984413001734,15.815575169727287,15.688243159960184,16.194524404260275,15.38613345944127,16.481615470325476,16.160692823182004,17.57039391608068,14.674282652586834,16.700503453397104,17.130634310816983,16.976830147712523,16.310884893962413,15.091783326210596,16.313181860502088,16.599984192868824,15.73288106187118,15.298079507336581,16.28303826050026,16.427770930759234,14.197163095729342,17.454476287109284,16.925343826243292,16.94478488652466,16.58326760435753,16.865070352523748,15.702615013672952,16.50903643459298,16.389886896102258,16.633936654400824,16.70438547233984,16.636259032150576,18.72715264216767,16.14890757180802,15.995465687343325,14.529653731841723,15.364681186025859,16.38868805624548,16.812936274550214,16.855648112296954,16.9498370541828,14.643446041910885,13.888594765282447,15.33779615515388,16.02104228274933,15.85275158273047,16.38976582715095,16.13930136881252,17.055413531828204,15.717176154068824,16.279488235549564,15.583922577715358,15.760942945630958,15.137073506491888,17.26265875707655,16.773447870593742,15.703375439628813,17.168933601076766,16.39563067312816,15.906616970646247,14.798436473133163,14.449865768808989,14.656517413491851,15.937871421285108,16.237873245920493,15.94759501327775,17.113990357861873,16.866309710689542,15.554186074354604,16.361436459986667,17.149529452703284,17.087252114233237,15.711439342192886,16.3791052101708,17.10145924479578,15.983178653405927,16.26867323761793,15.762452428977607,16.307105906166033,18.140301058212167,15.700933388348405,16.502711633596128,17.545418124436882,15.112661512765785,17.32892909068939,18.009074772909987,16.054591698253844,16.058016427408578,14.883348516144995,16.31003184159663,15.610541674688957,15.515911149832547,18.04532613922653,17.595961490067406,14.711060458745274,15.563783667554171,15.89717251724579,16.132400003754185,17.296015897784276,16.4731316091735,16.46998558527733,14.816706152360453,15.813581117284063,15.969440330348583,16.311458000797973,16.42135875003895,16.66923398121309,16.071616389142104,16.006191598759862,15.595716903532942,14.57510097794746,14.91168280957443,17.315916901602773,16.022302867236682,17.60466912058638,14.713895701567054,15.622461260845002,16.12653321835971,16.581364582511537,16.505772049678164,14.802320258257627,17.01402417010326,17.28036255406425,14.17397801741299,16.409375395976614,16.06012982555618,15.726451628047895,16.463631001005837,14.54008594083406,14.616089104474392,17.069288740443735,15.869199964320106,15.816333599903963,17.84057683459556,17.758514349863322,15.828083679113458,14.857675142215758,16.250538610836283,15.617337523776648,16.60365224059115,13.921005398460421,15.906838911801962,15.082316150982228,17.00921163465699,16.439827344059903,16.876588961974722,14.748263881654426,15.810722285024985,14.606744473854693,15.281667205798117,17.034971484799563,18.698199697048484,14.803791727610589,16.158671125839035,16.51790006080927,16.334786286935564,15.433095711960204,15.043571328157576,15.718594055418595,15.763224764965695,16.26480019792456,17.507029199545666,17.247101671275892,17.151260559343108,16.716398799913367,16.153397447517477,15.081998979016667,14.619523099940409,14.871896886127178,15.07419046375295,16.461677150348297,17.29770914861762,15.804165237940245,14.76050965158743,16.4296707301932,14.555933776171171,14.830248284139422,17.154956101229054,16.043420013958617,16.162992192874214,17.06165215042793,15.918857516841799,16.267935000336703,15.919218644910737,16.567033452890882,17.09916495064273,15.718193831800415,15.011654979352295,15.52979362178464,15.629740261220563,14.74274053836157,16.44948314002987,14.577128324489435,15.822935059777665,15.82834613570449,17.191173103867374,16.851684458580536,16.01921681073563,15.591814535744916,16.435537760928227,14.982263939239091,16.979712135611187,16.47861198116809,16.92270544164727,18.065691011268978,15.17865404010988,18.73299533478853,16.75214643277887,16.102217868089426,16.889702235351407,16.261459222028098,16.82559384827665,16.51527781174699,17.225105600147632,16.70408965579557,15.937545289820633,16.723444545472855,14.094820110763845,15.626229108471952,15.562824226302574,16.343770455676047,15.81971862240001,14.968454199399579,17.046604654512013,15.035517490607571,15.057331845075899,16.407020450044467,16.83369151990629,15.639613793002303,16.149398626790777,16.40372516401235,15.860721955959118,17.871125699252627,15.958863328834518,15.964519548378028,16.95139636258375,16.511789480941264,17.33667869008372,16.891033509323446,16.04853114775776,16.551307450563357,15.895134956200724,16.3940498080197,15.792409084916114,16.895423424916828,15.806912854120666,16.18686052613265,16.77307787310446,16.51663243237711,17.870963765342314,15.741515187068513,16.607619076429508,16.140550637667445,16.756719118527194,16.788698202306172,16.152058555868656,15.984958818675416,16.087430306451438,17.507896702211262,15.144103603220609,15.397429359135922,17.72246176450016,16.8488495268675,16.65700939611611,15.35775789156586,15.416887566493148,17.341828555823792,16.874627521752068,15.453014183155705,16.592563561817464,19.028191174320828,16.191036385788095,16.0561592480436,15.44833234922178,17.03034504115081,16.727749835906575,16.908932512904126,17.331772073072997,16.512276547132256,16.428373366895922,16.100206580761167,15.065522040341111,16.24656592186389,17.10987414522195,17.039108826075736,16.12850667614107,17.207966844528677,14.998266896478397,16.685480459987733,15.69101580299337,14.870903706699954,16.37161360292456,16.72148365493371,16.152847432903037,16.11735771562608,16.830696997883013,16.10786490936303,16.3662578991844,17.145741666526412,15.248509180971856,17.40475349602573,15.612013248667704,18.93554241223096,17.30426972953095,16.533011644510072,16.19972550860969,16.69122790029617,15.424143043224456,16.791003269105065,14.289930726646768,14.087968832408436,15.447934333843946,17.88505257573393,17.279744047513688,16.887777638432418,16.56137559024415,17.168973910086745,15.836411953454947,17.10162837041839,13.775865429454434,16.342580717146763,15.078597097931928,17.116358528146275,17.23086385265714,15.945633194497658,18.26217600689772,15.697675616138072,16.206619820402615,14.55748716027654,16.560297492728722,15.339587999145309,16.015060598731814,15.614334704345987,16.438537057334717,16.116592778883394,16.423909928322242,15.823133355317118,16.7083634885547,16.223016098317988,12.611636938704963,15.2633417043564,15.44022115439805,17.149409242105694,15.446760087610501,16.64844568560509,14.318556571581437,17.65343403168335,17.321551512463664,15.203475317967444,16.17645654810051,16.42646649204009,16.45943989015788,16.083001130369773,16.26299800782139,15.997403675278537,17.253319492314738,18.6916042667413,15.955256994026765,17.337759141259426,16.011923428279264,16.56712144981733,14.390506777108959,15.917047831910441,18.016107901508825,16.545405727601807,16.33612474575285,15.099463550299246,17.969980269595965,16.004527117522798,14.45803717563168,18.874785819358046,15.745871946896676,17.504941431351828,18.714361736308312,16.185055850315447,17.213091029366954,14.642541271085008,15.318152740121317,16.248427266404647,15.93859746690695,16.925150085730174,16.572552014526217,16.08587609694994,14.8365662266902,15.691210574026373,18.14888400997771,14.283777736710126,16.204842963899328,14.99362652595199,15.654705970509923,15.07069103995828,15.693886000088483,16.749349926289476,15.084471828629775,16.421013373629787,16.20918407456613,18.778535258207967,16.445268793691866,16.4555458594203,17.459082396488416,14.887081171956424,16.497324150447877,17.263483882451922,16.32988400622404,14.512116369241943,16.887954960221055,16.109314398387525,15.068988983345259,15.993139128532128,17.53481158403743,16.60776270153449,16.64988207350697,15.401265884234839,16.713187002468075,16.22894664924466,14.985728992157888,16.050424522215774,17.578928977139963,17.313294710866046,16.55550466007897,15.476973954765537,16.644075750627557,16.847473678345285,16.669369341120156,14.732993100801302,14.762382317102103,15.609921445375521,15.488540862537393,17.148510530666417,14.32472097355997,14.811448016208592,17.240802611150556,16.514945797961442,14.955967660876025,14.791754510831046,15.022840991739658,16.39887310532198,17.373679929431137,16.463458879399244,16.09117608996637,16.00752583284424,17.0464979725171,15.520718501273063,15.865100343045821,14.997097722568558,16.94411616852227,16.080889086159704,15.235587301459866,16.774993162700785,15.345343370916723,18.11170239994024,14.582662993236887,16.67874397013694,18.409329295400326,15.020779447087016,16.754482431465586,17.081506820044876,15.223556645319354,15.138022525836547,15.498632021918501,15.757928599932962,16.914727208979883,17.98513624308098,16.942227982482482,15.76878137382403,15.7116790632064,17.640511988547445,16.13975814713341,16.526107466450203,16.46767046805892,18.7872510030359,16.827026891611254,17.196061653002733,14.862167415584105,14.922087884530464,16.219136705037165,17.333251422209543,17.99651292471398,14.893679305741273,17.184584193349597,18.022943973883535,16.280850048146515,16.64079978754816,17.024113698743502,14.83831311638333,17.69564910149379,17.71984712222946,17.056894625883785,16.250279455034736,15.996888905587017,16.745096515111737,17.056328221066543,16.01728979503516,18.02566202728014,15.928628176226171,14.030535000579448,15.562551081208365,15.26092680492923,17.150051557518754,16.137666209111195,16.734167182131166,18.683776604874044,17.91255373583225,17.160390977391046,16.992973482812264,14.312326097285187,16.674800160000565,16.333691596855967,18.157687732645968,16.328297771722237,16.280924213385582,17.807684398467657,17.22309865078964,16.584736727031814,17.886661668653847,14.675183502894559,14.904425986471187,16.8814806717828,18.22818128435581,16.928381275448203,16.757440074326095,16.49355632880394,14.642138685117805,17.08852544809221,16.080488215155114,13.016563144160889,16.69784377815752,14.34588748069324,17.389145386932086,16.74833548216423,13.804817054539418,16.795501645591308,16.059404383126612,16.904380901502925,17.00368220507027,17.310209788506157,15.719174835812602,17.26205850692369,16.363313335140266,15.703996087108134,17.017647952292673,16.85120960992916,19.090104054283245,16.68329920273099,16.51634359002959,15.755588891509653,14.171788037051535,15.771193181316244,16.942498457064662,16.84757161419549,15.909428620710194,15.667921103420563,18.52398412080974,16.36639127229255,16.971452145644427,17.933096309461853,15.059449951349805,17.124487997766394,16.41205283487123,18.083883237324354,16.448966719149006,16.5920885396141,16.90476169794205,16.339258838333258,15.918318029169203,16.81465270827345,13.952288096559242,16.6361902731341,15.468749773802152,14.608612167301985,15.987774644465363,15.365420019890706,14.940887637243282,16.529549653193587,17.305591819762647,17.581035166638003,15.584729692216772,15.925986924404008,17.781846061497053,16.212586523244752,15.249470398928073,18.16991451596381,15.816724562264582,15.279985578962412,15.508689179418566,14.900023882603385,16.384379437042888,16.358202920447262,18.109444350786184,17.10208594411188,17.34617329803902,16.168320399715867,15.055050447073368,15.197018066136875,16.71515325190277,16.666919900005617,15.955370092535695,16.368129139024866,16.544449210438795,14.742026521315509,17.578420213968975,18.462360547920195,15.01486588814299,15.589142432213247,17.209739765251417,17.072492259297753,17.517293215190644,15.620001375827194,15.999303142201072,15.625253187492033,16.87449583394191,17.52768439149434,15.06237332675036,16.946619747608032,16.450451591155115,14.554219589355744,15.261025495955755,16.81137311032256,16.918610555764083,16.155231320271646,16.122308969538352,15.679566649730276,17.61928880970557,17.058255062534666,15.62554088249662,16.765451442446423,15.978983192842124,17.59465636735213,15.952725145176144,14.645054144250368,16.034820509590027,17.608382149703086,15.892136022799038,15.884376395402953,14.747539728020534,16.6603627018103,17.134438718694184,15.853943424984733,15.294465803452358,15.738767117402485,15.089543999724484,16.621578922712885,15.731584204683505,16.460962166884094,14.627763527503644,14.550383294945545,14.79113458312277,16.25447502237075,18.185584277648204,14.90032070493534,15.915961631309647,17.935570351669742,17.510333027926794,14.555556775146677,15.630913618028986,15.129976135789414,15.329233723608889,17.69654394796416,16.735066988785245,16.559808014859193,13.968376789089792,14.432338372466912,13.225409321444351,16.167539587311104,17.249329720835853,15.698719035138616,17.044153985231997,17.00616137392131,14.592487098598586,12.46720143596993,15.462774307618266,16.13455705060917,16.655941337925473,17.144605503614617,15.61410018079003,15.713665743866596,16.210631505168415,16.124915420409565,16.284159728046713,17.504698752910492,18.60323319145595,16.55176268585095,17.522857479830044,14.63731304051238,15.06741620343834,16.051335675220205,17.932628984986074,15.589642610845704,15.25040617601052,15.834475720499364,17.023096405479958,17.123732213867253,18.483600808897798,17.65379502221496,15.804128704027484,16.201978271453722,15.909421670478444,15.342854276019077,15.63179313664193,16.717434503495255,15.481709261916224,15.141421328656454,14.88758605079825,16.145245082840603,17.389107496404367,15.652466871277724,16.311698169254633,14.146036257927003,16.371134447989775,16.373736438026665,17.44046893590832,17.335275319209693,17.46597905436459,14.795355975497635,16.86359532347433,17.812340832773,15.068313705239781,16.593589500504166,16.808555124664586,17.461364685039204,15.608034663306336,16.981208094360856,15.61702495343782,17.055950729409673,16.749863699803733,17.43610111050567,15.962093565205263,16.874006264953543,17.52861712838169,15.859413672360336,16.939783919391363,16.72464748449387,16.280574315572327,16.46006983310439,16.662777754038583,11.990536858334881,16.992716186547344,16.337193638239444,15.590707946660489,15.550310118338306,15.203027923793831,16.953721046055033,17.0115773251943,16.377820163590552,16.910850565292915,15.904066085671976,16.024012787769973,14.680470628882919,16.994514229132513,16.995119096861494,15.377580597229016,15.98562084803381,14.311797325977738,15.701058619119829,14.38849083472195,16.82386289145734,17.821495614910237,16.894542486195395,15.337906172301334,17.609814476747093,15.56797100380171,18.520299773336173,17.53359268821542,15.72688269742926,19.59050267870995,15.319382804884995,15.062767343047332,16.410249330893542,16.893662359658055,16.576365874861757,16.52947037752945,17.047553986860287,16.09938815981937,15.819001915899056,15.826150334771846,17.24610859390656,17.92419347213735,16.44551043519239,15.939230618814722,14.853545974658527,12.773323502514549,15.049239575311585,14.337699304254556,17.392391261619455,17.48896936173536,17.20515307635136,16.767770695527332,15.772086681292668,17.52184242671821,15.142748957870566,15.640076547985707,17.27685226537828,15.816449514835774,17.128379689872506,18.04506277618682,16.459033429472676,15.971861865430053,17.0049807318462,18.034461133659875,19.513659826973374,16.693309948977877,16.631835988022594,16.650855848161584,14.688951234077717,16.537528336546377,16.00631698714995,15.157774204117269,16.089418113278896,14.273057400005172,15.417172533513874,16.34965244335076,14.83985279104605,16.858917223429707,16.51746398314276,15.061463715780333,16.319467044443368,15.687715245952829,15.914594330585667,15.518394989306511,15.486440971011564,14.25846200678494,16.361417383690032,14.522637533029188,15.628862392095465,16.776683428099005,14.766547783864178,15.6242446711832,17.202583588227608,17.654248321816475,17.05040242809076,16.2444378372869,14.589812065064901,15.076293876523208,17.464150640574932,16.474213881436782,13.907385369036515,16.66120997439257,15.365323791877561,14.146637438727536,16.366471249907793,14.27521550303491,15.16387509672941,15.977580835238108,14.99546823417886,16.430988099190227,5.756967704186212,5.784336796209451,3.410422918430073,6.125773907815145,14.219799985250578,12.210516964282547,12.71315070724733,8.529309080714919,10.01712438263486,2.935945435585215,4.729064913662046,4.372279871355231,3.49040947265036,3.8600252031278424,7.349106797044923,3.9927509396201026,6.377405723501958,14.240027066258804,14.862494314604712,5.549944214826569,14.621554352681944,4.550212505556781,12.258820307999738,3.8947482850110573,4.252162064280446,3.7528741382338873,3.4272829063652104,4.447285677576687,4.31747354030886,5.937936109094975,6.082042588409587,4.07795225876016,4.916087897656143,11.034866036329843,14.603080307474027,11.819237980671888,5.918055107582005,15.096170315536783,14.43086943277566,3.3850855372023005,10.422718162054677,6.904892970480447,2.9710841371849197,12.646994099664218,7.037496362404631,17.032725265484935,2.630573411232936,15.262449518956325,6.75019638151583,4.088218854485826,13.95499375173418,3.6493551424398474,5.569595505181141,17.103737338726134,14.066500878894095,17.71671914876066,6.9442274559977735,9.232873664594573,16.945187440834445,8.12518621134169,2.7903863275365177,13.469023903443851,10.261017633412227,11.00052995812759,6.850952402280143,4.548363575194036,5.076564535902247,2.8428640742487272,4.315873344951832,9.49224190853011,12.20424719908861,8.933662796823569,3.437475325220634,3.0185457461056093,14.874869765642975,10.460575986080011,11.117515531195094,3.910477664779802,5.926378354643931,15.707922914384968,4.7525827435759656,5.088349845488152,3.7772030914594406,2.9795369325910652,6.986355143329745,4.903510180867009,3.127237813195305,4.983824139914382,9.008259409253496,13.477618298819312,10.92453371239077,6.857925727624012,3.7292872897896747,3.5627701564454988,15.735705795895463,7.533484147868278,3.051558078399479,9.56441699221039,11.283825934994674,5.2112055462750675,7.727625671229516,13.76775389588684,5.708390280745543,9.385882688089334,4.736987720988429,8.595054964168758,6.0567715620050695,5.329493748554672,6.505257709891352,6.311863643532194,4.135794191905756,16.127964663569596,4.659938873249395,3.715805431960951,3.7080780536088978,3.807451454589135,9.293967958782316,4.761446476385437,5.528187352299129,17.103829572879118,4.249066203148682,12.765337658694305,15.783762249259118,9.241786037442933,4.769652934021466,12.069268234170549,5.203178257533562,2.933583520790255,4.7505390743221865,8.373778730264158,2.6977389755860193,9.057564855032215,4.88219746178696,13.355376821595614,12.720498352267173,12.39454608994264,5.220176338549922,4.929953065597118,7.063544953763017,6.438507695030933,14.566348226121688,4.950059247142164,3.7715547897988375,6.797364199298602,12.39925930401183,6.28032615534953,3.6415263058422576,5.967772487676279,5.480493579229094,5.989887821326291,4.753096093748258,11.995531929412492,11.461974444836109,12.131811441656904,4.072858384647802,12.999749193112859,10.69098816620035,13.70392882195706,13.240346217240358,4.790581625585238,16.620748104562537,4.873747135544312,7.205555922650642,3.801756146418587,16.652561734701177,14.906805588975589,4.2108315567961885,16.378241439102567,11.938344465917956,7.523629092162331,11.635521754685824,13.857846377180433,5.111096332092684,8.141839378963267,11.217365576025365,3.873884769753422,11.402944199093485,2.947342742584552,12.306492981402926,5.613623013754016,15.062358210175633,6.234810603461841,4.746667565293625,8.267174214311813,3.749121245874865,9.813902844373267,11.862290074901864,5.820061263289683,2.535801023452889,3.0629607939786214,12.8246626798481,7.029102556436282,3.576316743624763,2.755393680603641,9.291899635226548,15.46344636450406,7.662818280413271,12.423984654636014,4.0916543852316085,10.95056176161377,3.631329549209375,3.628566867493158,16.579739835972756,6.2486681065838665,6.111389363707754,4.5461280637631125,4.269482676656776,3.508442910944253,8.46370368640909,9.351123261911049,4.709313319098272,3.3842784022932544,16.00488167099775,3.899450616621633,13.339659463076185,5.909422152472081,4.441709758177385,5.218728542040014,8.855474673569775,4.0333278812287245,15.973443060193361,3.395108649035132,5.133965000309567,10.54691859668304,6.166164610033764,4.466911084653331,3.0423200741731984,8.299301632444399,15.521815325417036,6.026497028981983,4.633617559011269,4.480563287883878,16.867718543324898,2.9493050307889526,6.218867707802184,4.499386871220323,15.531404496106754,12.886365482302901,7.604421632713695,16.397637472085854,5.9385354127749235,3.650955066603334,4.229080205090058,6.016764542754845,15.421610423051632,9.934663101371498,4.004938914950351,5.965323808272371,3.3568853804487797,4.256430885932769,3.2377485160259623,8.474758608691648,12.539562440536647,17.800230562464566,6.806189232353652,8.594809699669959,8.227265223068745,17.237219040408686,3.1749271139369712,4.588542301212478,4.595512163075769,15.072135874734679,14.385196921573398,5.736012235317275,6.472670327435016,11.730472367294963,3.348049141152913,6.209111857120851,4.538904348988837,6.783317438177446,5.339079173259186,14.408922802762053,6.209537110641487,10.858936942803794,6.021193230901995,4.765101930467162,4.443554720734075,4.785383377165711,6.7345304398625805,4.739626227983196,11.972091832521384,3.674958575743572,2.804051519243682,3.7271792396451078,3.2344466935215834,3.4073155384996134,8.130914858104852,7.212775489417249,10.387653420121534,3.7644643781004787,4.228670858676327,15.746144374293813,14.96169743348019,12.788217101730972,13.739272427316553,7.597901001040774,3.4646282078164727,4.902803756653955,12.088524519171246,5.322978780427431,13.034919978857996,12.876334665194014,14.657173681153719,13.386197608786004,15.285283338432354,15.668290141405494,13.395063507958842,10.847438844388325,13.197778548081576,13.541447049821313,16.00427018028331,14.687083077073789,15.888956556709076,11.601576202304651,15.536328372167015,13.035290961562739,15.127542792290015,14.735936469842692,16.171102323769926,12.897757823616086,12.830147783591558,13.367550251243065,14.306900806557612,13.232471804932057,11.58362919999718,12.976329765676446,14.807539521660209,14.682924520819332,13.301333174210876,14.90795011914914,16.047723891451326,15.033430317961619,12.785503527387602,14.80637774183697,13.141953201463435,12.786556197585664,15.025493119620437,14.287345198480502,14.17758517845091,10.702822492099449,15.325288163211452,16.180193884819627,15.14590181750146,12.997663940413972,15.184475089709428,13.144299118143014,11.69239745367992,16.692253438516286,13.576608953593828,13.048631635825913,15.377067593541675,13.582282614897998,16.335748165257616,13.475065065922077,14.010360898880908,13.01609343715584,14.344236780453741,15.746658618151844,16.71028212869843,15.011754216640913,12.544888870364614,15.076193893089892,15.39888465883334,13.290765576927706,13.395888373304473,12.854072427110717,13.543759190530912,14.21310849651657,12.848441567470816,13.212297782241306,10.207100348071629,13.33389908848483,12.738729289321522,13.094905202510665,15.439165873469955,13.027252834977723,13.82367115814772,14.638195702768893,13.788485030530643,12.91709443209385,12.668494794304769,12.88280573898381,16.066561474363468,13.31086872231708,16.778793812697348,15.406616323732566,14.923233795628157,13.133919306511354,13.313514095509582,14.130035087180687,12.933793426707405,14.499331445168133,12.96258440516139,13.284664766131531,15.544001451696765,15.535265726878706,13.356619395843849,16.17304647297284,15.402525796583845,13.115005424644597,14.4071360137913,14.520741312689172,12.899397189972923,14.627794798169468,12.951122913397791,13.52636571307132,14.332198543016675,12.952944552376886,15.13698500984851,15.228761906013403,12.092567636655431,13.556426183438166,12.5900261003416,14.637000798929368,15.57373989683984,12.661234663259911,14.171049133148088,15.514540655672375,13.438444353456013,11.145329440514363,16.81777502410752,13.577978341695108,16.233851469011185,13.028704996385219,14.712334259051667,14.228138810339283,12.706599535807886,17.149332063492484,14.441773441840148,13.624741546571093,13.182520565665122,14.56870751646059,14.533751960611573,13.385147008106255,14.427574081428872,14.964674762658735,15.023425726765412,13.180143871725429,12.153987890876403,15.043054994652744,14.844359250008216,12.578644781647851,14.866185307753044,11.383147736596001,14.700783737895653,14.541087365107575,13.31816896631945,14.825709013357208,16.827551682903337,16.866446274819488,13.193834814139512,14.747625642544934,15.310775132067773,16.31731922250779,13.992769122253794,12.162535529229284,15.9504063935787,13.933929614472456,15.724885606385046,12.683688655515212,12.085247842582836,13.469479767083762,13.125671349808034,14.938172618241051,15.330267742278401,12.080887202410711,15.73121059158319,14.69546464580938,14.806541133125673,14.599575469144238,14.443343499363156,13.38320075010588,12.806192499692257,15.747336276967816,16.342858413328575,15.92057128613986,12.97466562767433,14.639011814800396,13.339915287813815,13.878740360275684,14.49950665437797,13.62777714548338,16.17565953109468,13.9019797190402,15.105537527501392,15.61041626050633,13.904864528808636,15.626715257021713,15.194795400544677,13.808631972598219,13.961557134395884,12.26875779879626,12.375828269026636,10.529387409952975,15.469037929531185,14.259703663077838,15.513723862906009,13.291427239761147,13.010879372635896,16.143223717987784,14.317279914735797,15.30698371960761,16.006543666269494,15.275922055564324,12.081267709670716,14.257848033780139,14.489685757590104,16.219982987190185,12.371491193669039,10.896168766406067,14.073396067072238,12.965719311741815,16.356325091006887,15.166254739694462,11.686764688932929,14.188714116090226,13.538526836106975,14.321595703787363,12.833572281894781,14.057009284982666,14.282212094460593,13.655380578925861,15.526348013533681,16.638082742176298,14.409854297575233,14.688362142979825,13.540649051765802,16.54439928728581,9.971784712908308,14.728090559691088,10.377835143579457,13.73139903112238,11.674915012155033,13.919077044016113,15.332940484555744,15.38945370129164,13.596097196455709,15.17989292802805,14.113456412533477,14.33387034345876,14.295219591288488,14.384857641637351,13.100393698269253,12.51072571255905,12.413304325741578,13.983840870076264,14.74372459215586,12.33454277584046,12.554382493210559,16.332002976709077,13.210854011960249,13.903863237275385,16.482157683088907,13.253897337471956,14.502443832396192,11.273104156137505,11.844790268436656,13.856091687973315,12.035402363434157,14.852672459244458,13.312925648061352,13.471225662162288,15.65394669806987,13.915344903567721,14.582764323850604,13.9841554521699,13.895246141719818,13.71615013248397,14.480935487869186,14.645597239928392,14.243328668871055,15.419259070325172,12.226309690481893,15.547350220112536,13.909775703290107,15.488818424058618,15.431985038304235,15.418701189749669,15.351044126639943,14.455848917224804,12.958728476968213,14.05776018366209,13.575529019505048,14.311872958278595,14.636624217615582,16.231452127366506,14.290114107992833,15.027260182187474,14.683074706330924,14.22101227822526,15.249781068963317,13.291744225208173,11.764595264088852,13.304068007671328,16.32933927330617,10.83724330101538,15.21316304016961,14.324705647279837,14.186545081353534,13.133409689341859,7.9090343868410535,4.761495718294191,9.170956241148545,4.424769567938248,12.32955297860409,5.638250012546041,5.3833307877951775,5.078351058456136,14.451374723894288,5.876685601286433,14.736820637678596,9.941119436027305,4.826729204915818,13.569900060805267,4.6074414903571785,7.7467417402270575,3.8376621823972825,5.954198312136011,3.9772367893156404,7.128997696187973,5.879715129713602,7.45563633181249,7.8599403661989475,13.836027318704167,9.28131898944968,8.210060797231547,15.682433127599111,9.031792068649475,13.337413656721411,5.726840598775004,5.442419639258337,7.779619019194206,4.669586774896134,5.14866181168197,12.100879971976463,6.113224162950412,4.10380610023993,3.5824338066658035,7.657249522985353,4.255486983203579,15.16412087050923,9.455492213399909,13.92040910873554,5.428069393742928,12.525373786271283,8.381039557445316,14.521245657193704,16.066011231830494,4.032491623402384,7.121662672201981,15.64911237009746,15.153798551426897,5.48417175112281,9.156252545173649,11.652681228521374,4.756522530277562,5.789228118128836,4.682525316344953,13.603599009766384,4.262363077616873,4.715276088703904,2.9853804745050248,15.116429059736626,4.985334824795241,7.211102843221703,4.713030689536884,6.221779818136449,8.708359076498075,7.750332643101794,4.178171557739634,9.105092576332042,13.173852342937115,14.741569519872375,5.946957825084634,13.770498990546939,12.88769407047262,10.255287483161217,5.396136970632349,13.155701402359526,4.6143239310961235,7.821606871930958,9.594278877167135,6.3671188631794,12.582606216206129,8.81604686298089,5.487006492290172,10.238494907054854,13.134417773199122,8.32501222993032,7.852997350426042,5.132961678611419,7.581112510883918,6.21949746629068,12.710794665801842,6.39106855839125,8.750132374036134,6.510664184736186,14.7926487492223,3.9189100652505795,6.106642042582368,13.595435606895323,10.803999721433392,11.804317342941687,9.599309792612333,10.117607339736232,14.023886978969266,13.2141721883314,13.07032782426021,5.610026125795005,4.033347855313558,6.994020605846329,6.182070942974946,10.34632699569205,7.827319618157916,11.629409702053932,7.372230905846065,7.912604487078543,5.777048711199014,9.945711267885846,4.841881209380495,7.161629855337668,10.41618261716112,14.947538282648269,13.533856731952364,5.5976973773786085,7.06795919095777,3.88060774541453,5.633256505324765,9.555563930286285,8.299067734473416,5.1345283481321635,8.990854653163542,12.924317938615902,14.371886547998551,5.090378333541281,8.273813416859612,6.734395006615627,7.662215891216517,12.594709151501878,14.370984714812545,5.58676369404305,15.323875094757653,13.98559753924328,9.533942344388892,15.136164123032042,13.049239470968185,9.304139376395613,4.086841679794201,10.827123388569435,10.964491159186785,4.920223181988791,3.9067783283389224,7.604452172691976,5.870215819252489,4.556789806561405,4.853084430478457,15.721539668111138,6.918329938322569,12.100450158312254,4.871610831108808,5.633157091538129,3.6036577794691684,5.139364366319342,12.97421793683373,4.2668265462956105,12.507324952157086,12.063469569128946,14.902329106857989,10.690340931550312,11.938207206239625,4.236881000091988,9.39515781214493,13.959952289795625,4.630532147279924,6.4431907957754095,12.281607119752664,15.10279280316374,7.2454482155578805,7.805718425707944,3.682467310793927,4.078668991964994,9.02566730957754,5.591217094971568,4.069365491602233,11.95702213213083,4.701170611762642,9.183811536825734,6.492311070960692,12.033782102127768,3.6534754897338098,5.745449669148359,11.497704527900789,4.779590343008109,8.289533975235896,14.636127937076486,13.739966983873632,11.550223254456716,5.691821883161145,14.04424565080734,4.598808070422758,8.053933640040839,13.912298887848422,4.555441769877744,6.961216173022988,8.935463450352287,5.611941804944268,13.694092187416897,6.124742606769404,5.754019151142249,14.330642679577528,14.910010624338476,8.642973489628849,10.854004174917472,7.174574975061531,14.62749053455982,9.77431414106465,7.9014227541508415,8.008796568045055,6.608787107293847,9.774743126629861,4.8050369376902005,6.880238763460578,9.168825194670164,14.69669844035112,4.6710099805941665,8.219065233254012,5.601247028339362,9.665078424434615,4.107594957739842,9.679999142424343,5.047444930146464,5.717655753608751,5.400297636297579,5.336688864770983,15.037492770003274,3.687679235414013,8.791402357288927,7.032889127480854,5.599462248293587,3.447373242887422,15.568883540126174,11.380460872562882,5.556121541281204,12.45999311920088,6.2413112880331845,5.641193247229909,9.559623892557765,5.749944621785787,11.625711764610717,3.7967490458497126,5.675659306851511,13.093467850940382,3.384267316401842,4.324504800640819,15.436658296971451,4.020509890165108,13.104936337178426,14.784728610697874,7.244029087127716,7.206629854566165,14.380374788550911,4.314824735594765,14.459449974269834,14.470294674849697,3.9303595345629327,12.104632152885248,8.999014990855718,12.260633878508242,11.680781924230992,7.6577455641784,7.217084668728319,12.826394554530497,4.6987083311487545,5.957408023581531,7.379302979268864,5.421912533315002,4.213892669195494,10.12452393532977,8.863988762544887,6.358470406992743,13.764888081350168,3.0860719225782653,6.327394994000163,9.271114947218777,13.392998251938662,13.864214435951267,4.793922315964183,13.731501468947773,15.484769890788197,15.022150459411915,6.241290266374503,12.168624934876087,7.898515358492677,8.061910807988161,4.9253989497738075,4.356903630578129,4.016439456903187,7.801045157978506,13.544909068967408,6.326536982930826
59,1.7458779614248454,1.6482510248230342,1.5713140365663003,1.4462419128986457,1.627497616879863,1.6920759085512274,1.6233777955295399,1.6701006260981157,2.1440053651660427,1.618878132616233,1.6369650552808002,1.5418143014928016,1.5541778288414532,1.5732477485108654,1.3328345870472353,2.2690874210715,1.626962438023277,1.5761860665195497,1.7209767868763546,1.8276446848855699,1.7587619329760473,1.117229117003054,1.6495041540433726,1.5170663892188174,1.3248715229709465,1.7767837969864049,2.3304495328552246,1.6633808426992893,1.572881864372772,1.6152682588145841,1.8761207748963897,1.5525024692889284,2.247088582399601,1.5103876120854314,2.219718575528709,1.200718170213658,1.6633379066293745,1.8628461383845194,2.1073019762465965,1.5693508280277755,1.7242244816827,1.3381326900708432,1.7342109963162593,1.689481189787633,2.0120750846217277,1.4314010913912263,1.626420971171405,1.2380320085534204,1.6484463692723743,1.4403862673430217,1.9014665828583912,1.6255612150753698,1.6358089979017136,1.5651919646615076,1.7295192939586936,1.617957271308266,1.6048642271704427,1.3094757120056766,1.609983204667107,1.673341786874059,2.1785363176952854,1.715856847239155,1.2487358677760902,1.5626271559809946,1.6103195476502015,1.8148901520181373,1.9460204575380342,1.7806901250966245,1.7943243427818754,1.895220797154786,1.7021017722355776,1.6592485534691672,1.3851689399747926,1.6806776044206662,1.638581187229965,1.5608451880881173,1.6588141214033247,1.6783284183672047,1.9668090140638126,1.523875864466025,1.6534142907032088,2.170422558524022,1.5857039698854987,1.5202819995066552,1.8873847612198866,1.6729919791714718,1.8136916470794726,1.7120582309530104,1.5647118757602783,2.0413637240349773,1.4623070844937052,1.941218944550251,1.8096686910099333,1.551327662315723,1.6443458454969608,1.679864734228492,1.555964452685866,1.7849421175334539,2.2165759169563874,1.3808193066756076,1.6128397847401363,1.6172338955731387,1.7783167168668617,2.1159960130628246,1.7266828008229753,1.5462343837807593,1.6613690748821965,1.6718442019122965,2.0391937683737456,1.6914934650957747,1.5921165808680684,1.4970362136880706,1.6864905108552173,2.0358105895926517,1.0742701424452774,1.7342174474680758,1.6696784763197607,1.7499369528270208,2.255128029290036,2.141806624691444,1.9564902475814467,1.794061918804022,1.680430934683128,1.7346727334009435,2.259447435357027,2.1504940964490666,1.8957293936916404,1.6305997498799367,1.829453098062734,1.7672064967106533,1.7240933844649369,1.5679455599076262,1.6065362660715983,2.301806365312419,1.4153822822104374,1.6461141000406954,1.5707434121329125,1.9941832941392257,1.5981934864839986,2.030173437513568,2.058677646836409,1.624972389420702,1.7764432650695166,1.8534573027048706,1.727542527480293,1.718769416302494,1.6491657255950722,1.343525027822888,1.6278063796718094,1.465265260169233,1.9318389014453698,1.6382774525276227,1.696321585165721,1.3230241306653585,1.5710455077767433,1.0794571704601768,1.7327073242192064,1.4512744578122088,1.690071215027586,1.6074161883566462,1.6547795197062125,1.714320096740799,1.7160971745420857,1.6065719905418783,1.7183676411909097,1.8568804241729602,1.516407535264297,2.1368360029399174,1.810098363514623,1.6446851802542186,1.7026941806368463,1.7931473342219433,1.7554270319162468,1.5673742222075278,2.030997633646114,1.7643864634537485,1.6345964948135558,1.7102099498750596,1.897312606703035,1.5891004584119588,1.7110935264203304,1.5638554168433187,1.6070542106637216,1.7672300488780845,1.6821493008973176,1.5632714960916496,1.4795746298347534,2.054981535275514,1.4467166314622304,1.6628360594909486,1.8443161672851565,1.7726896417470541,1.7938863653808896,1.571112004834159,1.6800583551356425,1.4900295826349723,1.43704619502608,1.664998843718013,2.1654574215876674,1.8505380547053323,1.8161348100054606,2.6224701956006196,1.481419320749549,1.8718746208091712,1.93337891335699,1.6875771168615994,1.3526114194093017,1.6595243017705024,1.7331655811213431,1.7881191179909324,1.6955675595047774,1.6429562894609522,2.009494522668955,1.7049805550952335,2.0310514663200783,2.031472946544572,1.6150719180343736,1.7258723740111923,1.5308070642005533,1.5852927216530897,2.0209455172641917,1.9942586946972096,1.8361595543000662,1.6995693730278991,2.205512265716764,1.8100224421304965,2.193684771068113,1.6837272028590147,1.5779543916906313,1.8302016219090003,1.7121586433383507,1.723781818577383,1.4484106795401608,1.6508283521255338,1.5698912502201434,1.7524743064585522,1.6280650752541146,1.7524485662920437,1.743516916280624,1.5422161794717242,1.1171274726374139,1.691894920452568,1.6797123916014054,1.6609066827053938,2.192254967827944,2.051449810651329,1.780054184953919,1.6233685088805756,2.1251888159379257,1.9374226434256825,2.206338116455955,2.0262037064086003,1.7214583104468042,1.8687249082481163,1.6346960593718494,1.5867399602978813,1.755970946664845,1.3032025610068836,1.721496067067502,1.1233426139927223,1.2538801067569558,1.5989519932365965,1.6758509444111465,1.5702338178511897,1.4027363163840711,2.1851054491830713,1.939232464338737,1.5956771331083026,1.5973606388030765,1.6170346401097857,1.5659062915415556,1.4670398686773658,1.7104220344442516,1.5774361602997693,2.0089998230712274,1.6348879361790216,2.2066392210991093,1.7590338777446577,1.5785313488637247,1.7908234914963856,2.323413162682549,1.9701683735649567,1.948182501158482,2.0677585858622822,1.7781440017572467,1.6413870048583685,1.2801683057615512,1.482455429934642,1.723735430867533,1.9060021141946484,1.3326839383199263,1.8548077405695271,1.6748992514119987,1.5611265568396726,1.7159566363143208,1.8817502856307817,1.5428034699981408,1.6164381537890293,1.4450283423128794,1.71518764369651,1.5659246898255241,1.014579572205743,0.9954289171594518,1.4586453299299222,1.4209788477261196,1.6649235231795116,1.92425316248735,2.0536179822849623,1.6218700650000366,0.8311639091378936,1.4752373540948946,1.978960656613414,1.6125514700910961,1.5523868841730217,1.4855347496973879,0.9429553233866842,1.5498948138880735,1.8224668445437082,1.6533009025858443,1.5417757064971502,1.7839603036343095,1.3795849152283968,1.4611533610375103,1.430487356827439,1.0950663798662283,1.2059177861987724,1.4270086140260605,1.4404579981147576,1.546464688293142,1.5792715157718684,1.021595127102038,1.5718869624146108,1.5511559430667203,1.666343314780037,1.421907456897081,1.6238448877091567,1.7483949875421971,1.6997835227912272,1.9432758501023555,1.5413111498094674,1.527921693354357,1.8915012896913734,1.558289866160067,1.2862216436022507,1.4051112259134846,1.7898057216374794,2.0150600105770304,1.8110315569382467,1.935746518488121,1.0356002774446242,1.4763838048923552,1.3519290581473469,2.232368818241901,1.6565264452476431,1.775637325328828,1.4669466584619617,1.5596535302950587,1.6859627476329462,1.0050776860659312,1.600345157010471,1.1098811895969651,1.9880363928916345,1.984239058746963,1.2061288246664368,2.078953158256635,1.4125366698704471,1.6420387263055398,1.487522952548628,1.6871925458565928,1.5469179467423089,1.7007290695627004,1.9066189330655188,1.6809223903097872,1.2294144832208849,0.888599228631163,0.9876074051979856,1.283764507442082,0.9860564569432249,1.308506304197785,1.6961086492068178,1.5988330848574996,1.1102963766647103,1.3801161318266677,1.4793116489741063,2.0598905691536236,0.8194034798068078,1.6742512729818713,2.1674471885177913,0.7754053846563163,1.682546144397412,1.4052515542606958,1.3359797604682413,0.9447768468771731,1.105143816489519,1.711642302605984,1.5527972291503858,2.588110058587706,3.174389407630445,1.7959805913494324,1.364250875205122,1.4519008049435618,1.1252227700048678,1.472300177715652,1.0728927590221986,1.7189581732966501,1.5844098163260565,1.738241934356973,1.2306766339083726,2.23723442750864,1.6166488999447992,1.5310184783975995,1.6921670193869003,1.4762281781934665,0.8428861573041563,1.5663313904882274,1.4021275700268343,1.0610527122502882,1.2203947562396276,1.3470547692633297,1.7736094118592816,1.9184435604318812,1.6254700492413883,1.5253740324837208,1.9469038138671004,1.400686231219868,1.2478795756552277,1.690019626035204,1.514704372518357,1.1223062716096848,1.660920490955972,0.9238202027995256,1.3558104907155657,2.0267305151244144,1.0743799138436694,1.6206469346440497,2.234050536150605,1.2458973073148416,1.753697600268658,1.179564889593702,0.9032671070176501,1.5477387251364774,0.932329795064658,1.8762550040111599,2.4471066279366553,1.5995663030506262,1.7267328480839834,1.853079472514431,1.6353114913860451,1.5443012151250377,1.4236013955999698,1.1310876515843384,0.7597063549250214,1.9779887076550757,1.6373816316622145,1.6945129317545657,1.621558076202169,1.9398133305725511,1.1820973467810492,0.9183790691907696,1.2396353552599593,1.621646145951592,0.990699109283492,1.6843448394596674,1.6088812465307045,1.6191724077202072,2.102448970857465,1.4230668268566768,1.5731427283301433,1.1214296251900353,2.0103216825264774,1.428809014678072,1.6416929174680728,1.7058508198339222,1.1502382456184723,1.643907933209127,1.4391943822122635,1.353741940199924,1.3888009958385394,3.112895770872922,1.2121316061344896,1.5766287191553754,1.5081348853562857,1.5590955662593513,1.4084787437567718,1.4457235032603502,0.9475243236636443,1.534028890380231,1.531186944639958,1.5484306961533594,1.554034387631822,1.6686895083906945,1.12361988544729,1.7044049266002905,1.6490314436905833,0.7491377032790036,3.170803382448966,1.6415315412148577,1.5069822949355411,1.040519406305846,1.4005568977260774,1.5362934970813307,2.0112912926732127,1.166549536702361,1.2085936623690816,1.0738869125703219,1.5910954729859288,1.8458862418714865,1.242257108988106,0.7792362044073688,1.4542813359828444,1.0829552163800478,1.6142129547845896,1.0897244428699076,1.7158992756243672,1.6902088369031687,1.8402665337283735,1.9865430988074222,1.1784996416709212,1.3285456547590284,1.8386080297739533,1.3142345947421175,1.6947967438729397,1.2479944884780572,1.5491447304528871,1.0842193296004565,1.609165886936047,1.6240321150309722,1.6728720788756555,1.2130189281357113,0.8782145519696004,1.3908444450709296,1.9912882959829767,1.247694225709713,1.5891057739884016,1.6310760936888251,0.8708276587892212,1.5802260152823182,0.8661358436589346,0.7000543953648617,1.50331114008757,1.6978472887697404,1.8412399196206375,1.0911551408902107,2.227163099569417,1.8679064033309314,2.0617546860788183,1.035694882370135,1.3913721966383457,1.9474529403016991,1.5066532426624153,1.8433933106674079,0.9381622687061967,0.6754876543388195,1.5198870314520627,0.9731734158558787,1.116125339254688,1.6007757866347203,1.5702145956170894,1.265438074168705,1.5785394048226893,1.7263460519908465,2.224684091260157,0.8191554314974385,1.831756469882489,1.4566756776553136,0.6545127016300284,1.3596923930061429,1.3399332116789338,1.630087932428839,1.3058189817508812,1.104140516570079,1.8568203147787798,0.9774893099972013,1.5174612393645837,0.7197148924515092,1.5013028465065992,0.6914251947437164,1.1138345183432243,1.3737039659819257,1.2064967098592398,1.1361522659826286,1.580857713187411,1.381579421130075,1.9095743763432615,1.4981119491853288,1.6761198545044753,1.5664585229597456,1.5493964832623934,0.7448435111760269,2.0429646237716903,0.8872403381326872,1.414240182084298,1.305158878763265,1.693276649042294,0.6757913241621826,1.6276482697034884,1.5589321340266022,1.6184245847689775,1.0117324480227434,1.3940488769470059,11.655148283035796,15.186632231603339,9.404390790412883,1.248946864540114,14.679629775555053,13.636963288061457,4.859645056627803,11.776403950015286,16.793132629342082,8.434144463817818,11.762738811963004,3.4185197503726896,1.1544479162852466,4.889141871888103,15.020633131869584,16.99615174283303,2.862952864236812,1.1197810572011613,7.014653408068087,15.678355534987675,17.311514747231264,16.622141081699173,12.24047402338788,13.0793808089158,10.454332916397309,16.44668442388062,18.961346959309825,13.935486374494769,1.1048018359030327,14.579047365750533,10.345150643611031,12.711140861652373,16.205060329785162,15.80100018283497,9.271365534733427,18.129774872486376,15.450022127472208,2.003550246562308,2.3324730182100852,6.281872202929703,12.198197402404611,7.482131107683768,16.66537388283582,1.1568808952312766,16.45577403595525,18.59053258599532,1.0517584544781984,9.869841968863684,15.091561830992532,12.439961589527039,3.8538696133163683,3.974038885283022,10.126091760209862,16.577062888263878,17.196173604539613,3.8633745349828916,11.494451573403087,16.963383261990163,9.812676864779617,16.627113918710794,14.352047029455505,3.563612368515295,1.0553785020851771,4.0143768441183605,16.683098848494662,18.210295881920057,11.711130495805286,1.6587842447152148,1.538580977523437,7.377158493680663,8.808068093648453,2.319269754576922,12.975939087931994,10.476276865015533,12.575585868456047,7.553383233245022,15.602587567684004,15.44634300913532,3.885114440332802,11.178034331256017,15.82754450573848,15.84208718245508,11.60745156147172,16.21139379338809,14.491321916195682,17.350428971885076,4.089844624492078,15.933535547800007,9.241115689519743,12.22407929137389,8.619149408557876,13.889942315883449,4.766337888830947,14.093386004396521,16.11809919065049,15.84968004130439,12.521550957678492,11.872457374839557,12.018698498026405,16.37542090001081,13.498822302033323,13.578096162344265,13.384407819038714,15.414839561215583,6.82100986187238,2.489392674185066,11.616818220226078,13.804260792596011,6.051281125160309,13.355816752804728,9.101284417265926,13.651338897581423,2.308201262750099,5.021779142093364,17.419539702182195,16.674635726297296,17.896360986939534,15.007273960159791,17.59393784172368,16.693867696966173,7.394879063563233,15.032025952133838,10.383227945448843,10.302198881450161,17.20657469627277,16.29079222745871,4.641751966021436,2.4094384984054207,13.41475232537214,14.173666610810688,16.268108208281348,17.62722505090204,15.849158217054661,14.066017460505664,13.806992996291196,14.589800326806312,16.777402875950603,4.108799303473835,12.49816493405756,18.075826595183656,13.024731909995952,15.667344764611554,7.715879414376864,15.479386300118003,13.211436669426508,15.65676135140467,9.680103269110203,16.772951589807953,15.4687945393491,7.157958388879242,11.857927945495293,13.531451859123681,12.45848343043383,1.6881828665473844,17.34599726585259,8.03706720053218,9.752208065599458,16.549346836544203,1.1268066373836416,15.91175617663442,3.829016342822179,14.13825895412134,11.154075965887683,9.085231896685599,14.692816916716898,12.519913609924624,2.299796035709912,15.862311865457658,4.816941899876756,16.156476450146098,16.206262581820887,13.58633095770598,1.2189076192465378,9.881763342086302,16.90429114511308,17.148617708109963,14.758781565454298,12.514060994988425,17.04065190632703,14.786423767759443,5.205733265885185,11.836326503525637,12.703299872171955,2.0979807597855693,17.74167324385339,18.506487678547003,16.064381041735082,11.818881792322525,13.37952841838349,18.06355399886433,3.602225740495979,3.5807477106912957,14.371223072908144,4.156658637692625,13.967996885191333,14.732936024647918,1.2787080852648092,6.429515894121743,17.69154737182722,6.670857389707608,12.500137591104371,16.18035323031594,16.13530438617444,16.505907499399463,14.96274163483224,17.86320410530958,14.360622372985787,16.367015212624967,13.100264583617864,16.991091642083582,10.905717454033647,5.823770432853323,15.381264143055214,14.162696633912866,1.2800561182326007,5.067331280063777,16.74956151709227,13.626253971514146,14.914396055769695,18.151326928341224,2.2311910733850113,15.900881669762297,14.64306060939347,1.5703074940229746,1.6089012800022071,16.02415193474566,14.743301385515961,16.817072381568547,10.177688252515047,16.52145186713649,17.04534814117223,9.828145538031439,6.5282863233001995,4.307615642267733,14.189468447749679,16.681306855217226,4.437261398000026,16.243311502755297,2.1211470116718263,15.325875302005496,3.7557354247324923,3.7724607453646932,14.606385895956997,14.067268697909737,13.80713551468835,16.218281950439312,6.246807226265014,1.4745979882003089,13.42094835179988,3.3520946197515404,17.339392708477455,10.301176438701495,15.83331924731519,17.197928867756875,13.89966519821229,15.677031228463578,13.62255934305814,1.2873873713853536,15.609814708562128,7.405128589107086,15.175830102781118,2.9102215748725304,11.446025989124912,0.9562613810049467,6.5298548633375555,16.57212179336273,15.928900788560393,17.043603343005557,8.468087584371734,18.030268436763144,17.850070087829984,12.184196971521219,4.484754700624159,12.034566385055061,3.5545634180985908,6.40957729735921,16.611764365865547,13.831697611284309,15.429372919719889,14.028610956975843,16.556752516413447,16.831396572823195,18.417910284564414,9.328110151578839,1.4322590644102975,10.888004029558168,5.307354542259077,15.156360179598291,12.85564014038915,15.05420725963948,5.234590365053306,5.347139202978784,15.783014366966647,1.071480274184499,9.81096025934309,9.392553936594304,6.992052933724807,16.46102802874676,1.1876825592243754,3.179602798067744,1.4400580559804717,1.725007473175952,0.8260795174428383,1.1326105073169805,1.4072047653178255,0.7401826581029054,0.749238513588708,1.2479547443947172,1.5387904328943702,1.674077154569474,1.595334961375309,1.72883258498526,1.0135450226780738,1.5069705188436642,2.1745218393951458,1.126307168491254,1.2198908220781508,1.1455229373318736,1.0993317524141575,1.1030929998248484,0.8436325639680311,0.5073679107025334,1.061950859280177,1.0752400377407147,0.7150561000329345,1.1996019216660934,0.7939301011506332,1.2604663264635363,1.0111433198168593,1.2039074164891015,1.3543637378022135,1.8229241641337217,2.2400188484397026,0.9777852272199846,1.189583815682642,1.3162200097868406,1.808332646214045,1.3029191585953352,1.5540913974178832,1.2935602576505427,2.108386909544203,1.4167455148560624,1.721879160723885,1.214501837786211,1.098043624037294,1.2711680733992263,1.3039625316171772,1.561882369579864,1.3821099725005777,2.2749347317912116,1.6967113168817707,1.610398463413217,1.1551238159406112,1.1568919370975332,0.698746473832272,1.3690996539144304,1.2068808130353634,1.142349704668084,0.9791339706096622,1.0382059798290248,1.0205158229705218,1.2664254257776384,2.3529055946015314,1.17450618639244,1.0037453383981068,1.1001785366485572,1.7932229796239247,1.3239958586482823,1.8981101806215144,2.6818526596363763,1.2520992515455605,1.6447593386038093,1.3479143278887367,1.1961868673745444,1.2347144635526806,1.9950948146566887,1.4728498956532319,1.3914028183145444,1.2659428114840539,0.8820138130200851,0.9356211159429453,1.3775356328987338,1.2610747083403722,0.7875009642696529,1.1753623715537822,1.1131735219420098,1.34602142512131,1.6189892269054402,1.262922432754542,1.400676998154809,1.1852785680865476,1.1444161634151608,1.9458890339446995,0.7701850267622379,1.2713549282769152,1.0012182795865856,1.131031698145479,1.0490283987310116,2.260435119325306,1.4593234527388765,2.268667293120756,1.3908524534004594,1.3682879653349946,1.3346391534343536,1.6972212344594781,1.1976393678637909,1.0903899730428233,1.3885736894362761,0.8657468609699296,1.021758032456977,1.3424362857776768,1.2011304504648979,1.3914170586026475,1.2506733307159152,1.1189303376399085,1.5969772558568294,1.8822632286575471,1.9577604804907818,1.2934135268428315,1.3436650095759552,1.1017456635178597,1.544516157031079,1.1743862350391043,0.9159992231121754,1.1104947426290528,3.2787337167533126,1.5384630544601354,1.463254153939209,1.1763459366954028,1.7354606101458814,1.5054948896197384,0.9635236485668038,1.1241237806333917,1.1517672517620068,1.1923381669740145,1.1357530854914355,1.7780839734070235,1.2831718443508038,1.3694678265186382,1.4165666693870655,1.3349237527977553,1.752210387564853,0.818591656351315,1.2581551795652777,1.341666906686629,1.3252205717842047,1.0234763080060159,1.0277679107484998,1.2507274219833424,1.6879874512662034,1.232650630390833,1.2525384394668773,1.4585719084186335,1.0962430574422852,1.2165832363853613,1.080081615409831,1.5742443904848362,2.094485624022362,1.106756317668496,1.2180924944489657,1.0317411389698765,1.1325638071983097,1.8512778217925283,1.0350985345349135,1.4049796361172686,1.130648910531971,0.8356304316201534,1.4340897840506037,1.3022399031724374,1.171044399068671,1.1055149674369724,1.3830267695894751,1.254991581469053,1.3426121609404502,1.1885175637658976,1.5160295269463335,1.272381778731508,1.894767378178106,1.0784052527494048,1.4969384850057075,1.1058691945100092,1.8621863282881992,1.7374940936711372,1.0998482419328213,1.2038716227889892,1.44287727257122,1.6632771031896194,1.4519330061958424,1.2314237324107349,1.0201661986401074,2.9327705998098037,2.657257940840787,1.2386256075709998,1.0759485455031248,1.4759238817043272,1.460322893325639,1.4275393160862746,1.4091798094327521,1.504982057835341,1.129465658089533,1.9252361449184439,0.8534618602961161,0.9487267525778534,1.2263194343515744,2.029120877497111,2.1521440554729963,1.5251495048336325,0.589519315509157,1.9827932606914653,1.9068365223528854,1.4541521977206586,1.176182563819879,1.535239170754364,1.0037797503027435,1.8273707624569961,1.3516004444391956,2.037833106455067,1.966780385331308,1.5409455511098538,1.3212291604283042,1.498361117291743,1.2314170543144025,1.190035320349699,1.2398060583575043,1.0459063261077781,1.4969386481262439,1.0385526021722344,1.001853615016211,1.4925347872109909,1.752842097604614,1.2538980082614424,1.072407715730097,1.157324365896719,1.1136318926890574,2.120953855010672,2.3395929698283284,1.674967370888487,1.951138977057209,1.8391959143652463,1.198014725361069,1.3587100145159041,1.2410804672630922,1.2767152417379872,1.8314297586154884,1.151844840067866,1.5907213657297503,1.058614315487718,1.8464811942083055,0.9893471885716807,1.2026401587308921,1.0976592027047218,1.2018895530661569,1.3122576859793513,1.2363090065945488,1.3703330822216317,1.2153978052379126,2.2589522781602915,1.1759786134388837,1.2790475744206065,0.9592025065401318,1.1186879274564936,1.353678729248992,1.0060649774916715,1.0398702197022949,1.1588320649751016,1.0667591064680764,1.1276989435742482,0.9620206111267344,1.3570946708898677,1.2498309068013977,0.5760038969319625,2.097004340313363,1.1453518587278106,1.9828601466438418,1.92241612694052,1.0318489136135454,1.6482503857838167,1.2695914831827038,1.1818601770918125,0.9750799688193575,2.6469531027005564,1.5371572606687052,1.6285475753434238,1.3108909615242057,1.0730409061171016,1.839197404891153,1.9887159157480123,1.1434560866053993,0.9806634108883935,1.1646229196206765,1.9788218246153824,0.9615369512780111,1.1275477505244806,0.9704413272032446,1.3071503325746854,1.372192622763797,2.100665461349801,1.3543251077492726,1.2310439560103486,1.2660500176384488,8.54442086258203,3.3568263037234805,7.744150983296966,5.041177304947581,1.1494014701809467,3.567019316002816,2.305134718862406,5.748848795869132,4.1321314006577605,6.336116843873652,6.67145431699422,4.10111160741044,7.4696402424719,5.160904504349855,5.249734346528452,4.613744355737043,3.5659624192610453,1.9341151607193463,1.5386819455422096,3.5650940516590595,1.4881347234540185,5.90576690252087,2.9146362406154087,7.36269264168378,5.882195974060748,4.69803643182276,5.520709239623571,8.132649656325022,5.527247699586934,8.181434168129208,6.176011362080737,6.584677135881704,4.594266282591117,4.647119019755225,2.3266214311928595,3.1198105717569162,2.705446276647947,1.3052382714941768,1.8364997952549584,8.059921276036345,3.9800560666968923,6.183935185722086,6.301489788147544,2.536456986367545,6.058627144697138,1.2552661841634754,7.830673142733118,1.5463817412451115,4.2978169115525064,7.480540026908369,1.927149754919442,5.2996784166957625,4.2917532754672205,1.1020046125908793,1.5758723940791843,1.0944923322140012,4.124746807112286,4.1904476493887355,1.216719504954852,4.812787234536955,7.930938512242651,2.360005487636687,1.083925862657669,3.701992742429353,1.5394760532798923,4.243688571827921,3.876361710595062,5.810977750605741,7.000886749786757,4.910107441235065,1.9445649169151353,5.38057525544438,7.072313914219184,6.162094366484379,1.5496709406346425,3.1437013947472376,2.0994518270432176,7.319054018861557,2.6913632682213713,1.3768036024224943,7.7236797466119,4.47860406971274,5.575931897205873,4.73281335053048,6.2972451948500385,5.455485659235944,8.156958097871987,3.7743458997263333,4.535981553689835,3.4965666495768573,4.9902867729983,4.881323551433855,8.161065707041889,4.753389197995312,1.4867420441581756,3.55007942702651,8.04472022772211,4.039008158658613,3.666050567317243,4.067319107718645,2.895075612172922,1.9971581635856466,6.935207565852959,3.7459223022817745,4.237207695233972,5.12556207868535,4.57229481227357,4.650519024472306,6.177437385048255,4.464412095137838,5.621840080887491,1.1420791263040262,5.857005598688094,7.253891511038773,7.028732556518595,7.88538837671565,4.578833016554778,4.814935605045338,5.644799090792542,1.3603208339027888,5.980076652429226,2.7385228210653367,1.2261771998578754,5.387328326476404,3.8932446528795124,2.932882869777312,4.208525157988955,6.070689082727115,5.671127261083905,4.955449401546356,5.750993665847729,4.172181714163961,6.55850924272899,1.986500992145893,1.917225999323124,1.7626766031605257,4.725871297912241,5.3532501913468336,6.338727720053471,4.539168934811169,1.547273937172852,7.309712659051069,6.021173278588139,6.261033449529441,2.653106091732927,4.905833251337983,5.0359493000476725,1.9524603769674789,3.7449022510784014,6.187670507802771,5.885011910056368,3.322455610252416,3.545492409637232,1.4804147637130696,5.937805840521484,2.869968466882044,2.4558717648679425,2.2176966302233017,1.9198190535078945,5.746915807105428,1.1658249129242813,5.619368159373056,5.777976565832117,5.6830475967155545,1.4391420374495443,1.334737966809292,4.853727935926526,1.105534971435963,3.259957687207793,3.795387720869342,3.3622990121384877,1.6422547878747518,4.774688828278741,2.283837868237884,2.6994863678085483,7.644210265278282,3.4647699781809203,6.1453609630748645,2.896839827097832,4.032458185062929,1.207697621835226,1.8815488328538468,5.831543588473658,4.656422563395627,4.827746983720197,4.465925947236778,3.0499813723779896,3.370154234275904,4.383233881860264,5.00740400822903,2.7175872441093363,5.111871728732724,8.433927535079004,5.163386360196356,3.9482670495667276,1.5206279420665274,5.637680785242188,3.9539689532450804,7.013462199896485,3.585823299620187,4.47920643014109,5.40943716840201,1.1496426826364214,6.8391975551072415,1.8844798405913488,4.604288942175722,5.6632867458205025,4.556746475913069,4.937304849306444,3.749966068382938,4.652059398892103,5.024998851354934,1.2771278887924202,7.443134583334939,2.088822330796802,6.152496767682827,6.877978479440835,4.774069913888206,4.7372207453388375,4.5436079874653785,1.1897953952678,4.9692357141780725,6.597282510900688,3.604803221743459,7.095764678515687,4.112226566486266,7.775302882352132,3.8442030746150646,1.403047313928301,4.653970489309682,6.755471166378481,5.887192829269883,1.1625084034292799,5.080667711054985,6.3658889077442975,6.934075507863291,1.2754055323400384,1.5870042445611852,4.96306629079058,1.0775894369012033,3.885928988306521,8.03556978157928,3.984538586498542,5.61767257620196,1.4440730110075215,2.1128592163910636,5.860022728249638,6.6304089132696244,7.66696785206696,4.434411911126163,8.322334569935945,3.166241489863348,2.932063743536737,1.1208174266394206,4.271851860795891,5.190794730543264,1.520595461421486,1.3567568289844536,7.284229092169268,6.776248436113326,6.680481932641529,1.3045887874367543,1.9226502328467148,8.615492884350497,5.200741809618746,2.790716990639386,6.005508595624844,6.876152892864384,7.693146190360738,4.234103849118394,8.492238519502134,1.0021871243655098,1.8883845868927156,1.756992137906154,7.899881815858122,4.649434824781234,4.329935728757489,5.144452436701406,2.477059449774129,5.459504314965973,4.196274532907994,8.227122135581299,6.344725519429991,5.864334241311519,5.449116190444701,6.352527704360597,5.892673013903409,4.085575893952558,4.245073507154126,5.528794918058333,5.665952457313241,1.4069576958479244,2.434728799325854,2.5215668548274794,2.700767434506847,4.820949307607908,3.740525772399459,4.2427910250266345,2.423432418176211,7.39392986405066,14.357382403480981,3.931781985687757,5.189739872438576,1.8171850542016483,16.997199496719343,1.8326568053199466,10.679563847297961,15.392053046449822,14.839900050006765,15.152869363821122,7.702637210785555,1.8898147368320248,5.424910824821762,17.01558586278976,1.5006430483422364,15.877835042790304,10.8275078766669,8.987621266370908,16.36751203142334,3.758017089278235,17.825737018731395,1.8874368825748107,13.699483553628353,13.734313888385879,17.31328859031185,14.267338649193801,3.634248804046046,13.538709490924765,17.92801038462422,12.89383520044818,1.7692290867873917,1.6686801686968202,9.875127686820077,6.5245153676848116,12.925411905826447,9.238325933426632,5.028212980459765,17.018045578973755,1.898941279546511,16.133853288027705,14.2550827595581,6.456416842350804,5.01149664523879,15.929134719658377,13.258652168683367,14.897289391096928,17.294446607297793,14.90586663488565,15.726899450565519,11.977315928445247,4.348602065881663,1.9007295336804149,5.348633905271755,7.010554472431838,10.331944353046833,3.4936419754483974,7.456897638729242,15.30927074609993,5.52264397411661,1.8355985804461137,12.974298179238884,12.262957852443014,3.8012896851686984,14.270576783625142,14.852463082981652,17.806932579542455,7.838196609676637,3.657124007717717,17.82670027816876,16.747256269872487,16.372025819435795,16.20507787957941,15.387126296166024,16.099656087667086,3.510428788734063,11.982586057668842,6.842363471003231,7.173242664189698,11.532760331297988,11.337057580319277,18.14767782113185,12.460294065131976,9.195675621502543,15.273535187396563,2.80589629643681,14.303391336718674,5.462905513466251,16.77497284761457,15.291105590711467,17.034940152990195,13.609191449380507,1.7782889938064395,14.070740917211236,8.747920846257736,10.724071818979072,1.9391535174477856,16.15206336958968,8.940713010300364,11.933066642871184,15.82136591573748,9.943926553662655,12.287604438936755,3.9521799379595928,12.461746832762406,12.341992101387646,11.727494545881413,16.54661114603187,9.638322223828006,1.8026752378054827,6.016364939246173,17.085397430272547,11.050796216013387,17.749028302058587,1.8514181326976136,16.915628445727208,15.009877849110188,5.32399966068402,7.833165657620412,16.072001742641845,15.907361980373018,14.136460966423543,16.71086163793932,15.560766374463723,14.774415439994119,15.633455327617527,15.299837652549064,15.419558070474018,10.263508337362834,2.0067056009247355,17.00414099664873,12.676477667906017,13.204349915046524,2.4194378550399374,2.1910182544034766,13.140903379101825,15.543879512770294,2.82811835004232,13.141407805960464,17.53134124829504,5.891435454889625,12.171003425682072,18.295462353104696,9.104002187231293,14.860391663467718,5.629535146799365,15.445436300794348,17.687648152979506,1.8996061631089622,12.978361581369388,2.484678259208544,8.59911592076313,13.381932225597359,14.659797388300348,7.550888687562862,13.430181276279361,12.972523922384218,7.605097743539786,6.881648785588494,8.830937136629142,17.74623303087348,17.5650324080787,16.169810879064258,14.552144240640237,4.951435354875322,12.582800221712105,19.342404655323545,16.70200417046452,3.7037804492901976,3.527844999391461,13.689899448937155,16.910678141713497,1.8720941030832732,9.273756736647586,16.778791313948776,6.627435852599147,2.7964418998035527,14.11208853374188,2.5645660614600128,15.304461286420871,18.319002512079194,15.775396562080843,11.488241927240878,16.398583004832282,7.808318781664312,1.7933239419575058,17.32101274225338,17.05085141454494,17.31834609871202,15.417673640041617,6.869275704707337,4.056149817646295,11.272783054122325,10.802410924641901,16.51926164331833,15.98968339572545,1.817893003704887,13.656833035117975,2.8300614357212934,15.084435926823401,8.504922414135384,15.41987340056346,10.015235898944674,10.34806427125944,2.633523964237997,19.43853419878127,2.634138614952362,7.281765399907384,17.809680548206902,15.606136857253846,14.96468732977981,17.3691066848843,12.006900399023944,1.8830395166748508,4.703715654798338,16.439560283281146,17.025912525273938,2.192758484429889,13.514434009514003,17.734307675011852,10.357413463098792,13.21879621905664,7.283711146954304,13.31815958948898,15.020336287483458,14.514044314640234,12.98423804026145,12.48289249560788,16.874255853589542,16.28632700394849,12.56573956515815,16.423912560287548,1.7741412383383606,17.34267701038251,5.961037387205303,14.05196288165158,17.013099461499063,10.174426948054128,12.34529417435185,15.852294445992014,15.578174857900375,11.847876790885675,16.875953529277723,15.396036269979207,11.626525764389331,15.513522749025695,8.029335400496747,4.278674792173211,16.826051820562082,17.9436571411007,1.8874856890493088,10.01456331735064,17.3946797962195,1.966695655140474,12.62317401885718,3.1741271206713026,14.110319407639464,19.360468187127072,8.712284030728156,17.085867592841566,15.960029009933045,15.110372966453099,16.64427929402237,15.708182619156824,8.340240396340281,1.899576924716111,5.575768147501566,17.500145846928106,11.40617082309874,16.777503733455365,1.9384008326599738,9.892347356430724,13.91335888005787,13.6397732672116,2.7075356250832385,17.027338091062475,12.94029109545018,2.635811041782261,11.836859079538687,3.9632195975281586,7.609959134186926,11.256834887889916,10.538324518170093,16.5561896884992,14.60744401483413,4.907577179599861,16.336129443141534,9.211305340127804,7.067646838188886,9.050286449939678,6.496460534998909,17.194642587033538,15.48780124434621,17.051768241889356,12.57555363679316,16.068724905186542,16.81552136172179,16.1152980672046,2.501482930013455,1.9637184421959695,14.727653503951968,1.277449445979,4.510059865278348,3.744392262267091,2.3226678554393825,1.9144189117341006,2.6777419920585404,3.1920830472107253,3.1863186531521137,1.7205919518484925,3.4400482304053837,1.8585322930437587,2.118597028724633,4.821600000170023,1.8692564713367181,3.8005864451355333,3.5637784666429844,4.843659695284133,4.485612626932083,4.6579218464631245,1.8870194105610998,1.735488967140177,3.144683947069557,2.6684545840237877,1.4356262458050977,2.24495947225473,4.47874350585861,1.876232981248311,2.3128905602926566,2.318128541983892,4.278292671103782,3.442446053085176,2.31588687507104,3.46972262337334,3.205835311559913,2.7381724078962244,4.3800161865326634,1.6954318330825682,4.189328487102843,2.096172004648909,1.8126952418939832,1.840929539789022,2.833481582599966,1.8063793540945996,3.9991129125567237,2.4179641162198555,3.2959062911758883,1.7227553383899368,1.5590462711229063,5.365021454888313,3.4894156121780693,1.915573762637503,1.9245412608722177,2.6714486323980986,2.3739978880840247,2.08530109153579,2.4499424947106987,3.3081854334254945,2.2508765358625125,1.914513429857475,2.9602765443618604,2.7375871077875025,3.709242147240134,1.6942231436998763,3.5728734366228525,2.298632999960305,2.9815288960663437,3.292500499376579,1.925017472760465,3.355620382199062,1.5381781115194868,3.1827542506797184,2.795486510408443,1.9340758656527715,3.811085300049961,1.8549086000126025,2.0343925072650206,2.7375000522974764,3.4058238618391985,1.853723850910696,3.6174628618235833,3.985704262235077,2.3626537418678573,3.2525932678616964,2.148669887738033,2.1670494120211607,2.1943777827723876,2.727894849778636,1.620354062576372,2.788355864540949,3.962082882487275,4.174567534413502,1.9957675435324513,1.5915814265417598,1.7320251244302856,3.319204819955743,2.757153818245054,1.483261224926757,1.7968072151530536,3.021954410763979,2.1835805439788225,1.6544989997165147,1.3824394190198752,1.5058493163141324,2.0483529704120085,2.870087402210186,1.7786664493227524,1.7635539272562237,1.7099001777217573,3.199777948123748,3.114649084493811,4.08561408754078,3.025301550558536,3.4084129595443127,2.441254884153554,2.242134352870358,2.8784902667764656,3.325217048707545,2.6371007457595446,3.1631662969126775,3.263720348209049,1.9709176616864885,1.4771023536683485,1.6628602981077063,2.3111584715417055,4.794372655646079,2.491882374105929,2.9035854259468614,2.943997079544339,4.748395512094482,4.356574658474474,4.079375033985933,3.3466232032129937,1.7285572617456626,1.5662533622784467,2.135112962249575,2.5975789062367047,3.0803608969762553,3.2934237881308785,2.035956207231845,1.9298402568276694,5.291299173515569,1.657205126095834,1.5948994567732802,2.8582446464643456,1.768041533347002,2.528958583159878,2.1639082513638823,4.117489509222428,2.3185263678454877,1.9254902250039945,3.5809681607082497,2.407894422267968,3.6423336030564606,3.32194681546961,5.905828846262965,4.32954450507704,1.9714815622057174,3.2001990706036065,2.213552787205151,4.285542049402361,3.597226622468842,3.6799014428256345,2.435337819334524,1.6002303568845597,3.7764582424116804,1.6412852289214832,2.1497391730524473,1.8093342772847107,2.433793312564973,2.04172075040485,3.7282520617124626,3.4002272681894334,1.9481967413245216,4.528901545378907,1.1388521888539205,2.1611599943209447,1.8492493359236704,3.5496130863956545,2.557502949623077,2.303780323131303,2.9489183265315067,3.355858387011469,3.606403035974736,2.2183746756808627,1.956030289053356,2.9062672456090044,2.647638074629531,1.8307118644904083,3.3100470854579997,5.635368148570513,4.686747281694069,2.055294561916675,4.323613389239308,3.0751452771980774,1.6625457360940525,1.946477017157967,1.7755152686703919,1.9528651165116597,1.7832529030649162,4.333319119177058,2.2940987551148178,1.6618152374928044,4.645738434727679,2.2498768560302485,3.0882734561664464,2.703513771161982,1.8067062656264026,1.501976753977267,2.897471716979644,1.7580391217222395,1.8135899341835557,4.39575437460912,1.4788969547502637,3.3973566293115263,1.8427280196578217,2.857586089965495,4.518326079042892,1.8056789735350742,3.23061981050306,2.7754429418821522,2.4083800438820093,3.7704619097837764,2.7433107948271074,1.7644353676712863,5.052338907468475,2.85303413708591,2.826412379471961,2.523544152213059,3.302241880317668,3.126540854340919,5.951247471325435,1.7722272242754264,2.7595334745210156,5.124407825144347,2.0157142254876934,5.076727749587731,2.224760924489017,3.573985219308361,3.176844987592363,2.870264815409375,1.873262904513978,3.5333819314921437,3.1622401248785157,2.0404760973716227,3.5612741888614576,4.507768235821534,1.3152674070815433,3.575867698388262,2.429522283668356,3.243014277379911,3.1572098629646983,2.527361698834897,3.4225890459810553,3.8037601512390817,1.6967025709234924,4.116155172218416,1.9368649672936191,2.3406955420372624,2.208225730909848,2.9492641019250683,2.380375353331606,4.637556181202762,1.9525036612109476,1.821874712110179,3.671319601516096,2.2618426378340386,2.7055580948994655,1.9169699246437173,1.9470860997250716,3.0757049928821316,4.37609379431247,2.2007056654881687,4.176216162217702,1.7839045080336347,3.11522554141364,3.745047548819074,2.0222586278613988,2.129015542569978,1.6626666845569498,1.8476459008127182,1.773679780976221,4.6686394466313015,3.0646237119933133,3.300297381392234,1.9132341760865683,1.7608963918469622,3.914436235906612,1.4249352220691343,1.4654087161800602,1.8051503446999808,2.0119059692189745,1.5314828291614708,5.290091912019381,3.978219287190106,2.8594101637440668,2.073258597527377,4.3929124311682575,2.134987527335775,1.604518144205102,4.911906264920032
60,2.4809852805919164,1.8087320829693911,1.5718548034738737,1.628517487350773,1.826141174991992,1.843302899092475,1.9479702104982624,1.8725563520045545,1.4081664908345497,1.8767580507320563,1.8882651200256555,1.815758437804129,1.9040046777836788,1.8945893820885933,1.9149551377041807,1.7502760444702588,1.9487193830018663,1.5723018917560843,1.962245036258997,2.0694087335293934,2.157725406352178,2.156944108759336,1.7419436407967877,2.2077367810796873,1.5612690140070231,1.9550156623133597,1.6966562049383047,1.801050302482975,2.397980833147684,1.874395068711837,1.682600029657359,1.8086528801189292,2.47241533188456,1.4929328522764465,2.6088345283715073,2.0903808860495037,1.9328812219130687,1.906724551272561,2.0760918445435372,2.4540893331655016,2.1127479566665177,1.9251153529721843,1.8830087624752117,1.7974482303011932,2.2155516090266025,1.6044009327177804,1.6934248472054287,2.1365065773062075,1.8004303988444998,2.0078001353080417,1.8877416719998348,2.0217908377340628,2.0409643101533756,1.9675622975328975,1.9653571038069453,2.246778264654339,1.9488182989355478,2.0769325982946025,1.9217363433342187,1.8988372344347946,2.4922802579219696,1.9189945035478815,2.1541122010079192,2.071963980657013,1.88294069511934,1.9131268366007754,1.646182717062389,1.7455333397639607,1.7440245813988138,2.204492506847747,1.959765967046063,1.977187927231685,2.0465663243240626,2.2482235733279725,2.0648578301002174,1.5299083328874716,1.9975144676032406,2.1765969134256125,1.5640435164442232,2.0942990203284233,1.9217397680149275,1.7628803105480917,2.100344974862685,2.0876419920141402,2.2156988194202,1.789570585846251,1.9414630384166351,1.903578021190397,2.0101133907421174,1.7287606016310115,2.1769954791247836,2.320770783949517,1.9072253724213148,2.0748272762640765,2.05262137861753,1.814553336731467,2.0845527121568748,1.794862970450879,2.4946058355095126,1.593993306890917,1.8025071664569807,2.1299976944268684,1.7447508742389446,1.4834131418537946,2.1053802491469744,1.9017047171267412,1.9344916061452089,1.905079407822477,1.7561202473074846,1.8247558057114586,2.03809811877806,2.2243247072444006,2.136996726464928,2.2544509165820306,2.157182401862614,1.7514721669029982,2.2014396472515108,1.847891197862354,1.4865908796811003,1.4215244135193765,1.719924172008429,1.9185627010878017,2.090729937653977,2.130433715778163,1.4952058599852096,2.497122882980369,1.717554345256531,1.7582507740298656,1.913444627481325,1.789191725261995,1.8791045532369746,2.209656519174334,2.0785011951380743,1.7321268054721126,1.6101664979051877,1.929276965732864,2.4268961186362747,1.7276996465227168,2.419032025456264,1.749186036835643,1.7997889220673693,2.020613498061448,1.7532839995803515,1.985586659663476,2.09019812877853,1.8995829782963147,1.9887283496575325,1.9330949343719843,1.8143834644069374,2.0117532566103855,1.6503255720510561,1.9715543861084712,1.8391425722163575,2.0748459278760367,2.0813061178558256,2.1895234695403145,2.185439367505894,1.6082991145918026,1.8180909318093696,1.9705847364642526,2.3880971207512975,1.8915309973657932,1.9643068541700135,2.0663162518261395,1.7577549332963076,2.106289728966277,2.197829906742011,1.5021417539194264,1.9438113061005708,2.060430490266207,1.9108703717756648,1.9359902477209885,1.802469896591002,2.432871866231337,1.6998268234732996,1.8541800648176696,1.8126796279086028,1.9745119685946593,1.6283166173396582,1.9454564337013196,1.9363940932691535,2.089255536450051,2.0730089776045153,1.8875407086265974,1.870673905493684,1.9665631975156377,1.6565654401776786,1.7377650591125235,2.1726837580455833,2.0174256486271185,1.9880157756579193,1.9900147686313625,1.794018123877883,2.0810139469154487,1.9463114709780431,1.8424287632026533,1.624544006294804,2.259436731210976,1.746002687615257,1.9458556280153776,1.9316138939874568,1.6286365466792105,2.251477874221009,1.6733791869880403,1.6883143394833768,2.2922505481317477,1.9017057813541534,1.9748360109560201,1.875022705471914,1.7319512896439542,1.8701487738425946,1.9757409583534584,1.5127335885400364,1.9031698874346645,1.7318524984942996,2.5018870524688155,1.880464100840563,1.9334510328688985,1.8087981328094094,2.402682625743797,2.2170787164598336,2.279595577107208,1.9010273961458366,1.9252315832404918,1.881098689139842,2.092097274588512,1.4782442472001034,2.0109647145948157,1.9843765349875753,2.0929326329880538,2.0250101817944217,1.7234779430609966,1.3400107684484233,1.8760026968343095,2.381276667477779,1.9290790895449694,1.8109259873212946,1.851616012776919,1.8983668134671865,1.8800331448640806,2.1692213573071775,1.8942916981754871,1.9067231486508633,2.4066673864375763,1.4736414741135122,2.532973674227462,1.7507850068082065,1.8566527440405847,1.5781717574945286,2.327611440506241,2.519823492749163,1.7419112273076909,1.9051102189317386,1.950554577569261,1.8930359007775015,1.9153794619127593,1.6152813120183092,2.1356258803305694,1.9056016471050339,2.1152923184196197,2.159496054328885,2.018487545760433,2.331359670118261,2.211971326799133,1.6130202800079747,1.8696872678497904,2.273462288523993,2.0350786985422147,1.6110271062054626,2.0194684600401347,2.111799001309445,2.02240237767397,1.7770570147445088,1.9726297006030717,2.282480925066124,1.892865979921244,1.4908246952959854,1.987389254122766,2.457097240564786,1.6979870956073628,1.7159343690287134,1.8459874557660663,1.6879740576837596,1.661403253801532,1.7431863922492505,1.9285298136982434,2.1173975034485903,2.1891782036484773,2.4302059297770118,2.1639980543029655,1.9329014537822709,1.9217258310612986,1.996260077445138,2.0650838150813087,1.943487144951283,2.1374995649885213,2.1110357410401153,1.9620140317712567,2.0044155639258245,1.8843603607974393,1.9234840127930075,2.4814861672067,2.389152715736083,1.964965302273096,2.3022173952713674,2.3942650686992226,2.464099294494941,2.2928316311124504,2.6039433485967787,3.029658514359308,2.4590383046895337,1.8983331164752284,2.4964887504369213,2.9359932596583,1.9499230418161884,2.6077315628735915,1.916779559886326,2.798202609618692,2.1326270961267078,2.519704382744804,2.383687104863801,2.9260132440170556,2.484184232284989,2.903023162672844,2.6953052895591787,2.8385518031583428,1.9581665397782009,2.5102390292011947,2.362350427486891,2.544478163228933,2.3203633516244673,2.341272440802369,2.487948555170413,2.378404253061943,2.663021707587408,1.9990149405840412,2.0817130671127866,2.291749714469206,2.4409821288627818,4.117153663465156,2.604955113575987,2.577765572973603,2.9218538774392515,2.842020768345482,2.731029676621984,2.0205894561250908,2.476661878283051,2.253872170256872,1.9267258277485628,1.8314964085393655,2.5346739612567055,1.7063827587526623,2.1812389405735226,1.957051608493665,2.2787199772484343,2.4946048952017423,2.0812696104769506,2.352380081983663,3.7736533521549025,1.947424818724567,2.2060952655045534,2.0429094120475164,2.602695358591961,2.829048264080407,2.1946501985432416,1.884453018691441,2.205960908625802,2.2145194179920873,2.4640652577479965,1.7330381587818922,2.1105067733136242,2.2185488123562527,2.417229673508162,2.3065437718566604,2.827579215586896,2.149849728605531,3.5849299066747298,2.5453435571189567,2.4781546068380385,2.108929886545221,2.0742530055404274,2.692593480442349,2.11484501980626,1.6798002329463464,2.1816875548293426,2.2992889187107584,2.0778988420457845,2.5669744305330475,2.1787127619527467,3.1804504557807927,2.6920049167157027,2.531628599718137,2.36141971354016,2.746095012465239,2.3266959091741404,1.901143308111969,4.258570027837688,4.9825697664109985,2.063917629021723,2.106658053531518,2.2940106890379055,2.573149262918828,2.5016529878326996,2.4166482089567793,1.8076463268332323,2.490647736370558,2.3165605728288616,2.065206378515933,2.471486799805954,2.1970132806534037,1.918599129621559,2.361138814883765,2.475768867405702,2.344753029009532,2.457045483747864,2.8669433916349405,2.170026626515866,2.8716558813167925,2.4349737366178132,2.5303234263436556,1.9486053106467538,1.9826145601196525,2.018773865430157,1.9283447474677093,2.7897736650984317,2.6427417962002773,2.097601437604955,2.109208831268732,1.8353171740126413,1.9510471063177997,3.722167049512804,2.050880396621906,2.5060671508396317,3.6437726572923714,3.9305061678916853,2.1958722737471033,3.2004906035236345,4.0139633215936374,2.7627945141407437,3.3142346631790267,4.329332136269111,3.839014948735711,2.5360730132059417,4.217268783922124,1.9736082391309957,1.8316198200083724,1.992501256251938,4.693061526431756,3.8425987650640323,2.579025443341806,2.740398113515652,3.476581302786767,2.0421526527713083,2.277424315650929,1.9659967948317028,2.045859700472345,3.7331971225369442,2.429040434932313,3.7088847221234564,2.3381883154666863,1.902532325014999,2.571441787734416,2.1620823531135236,2.2439097884901105,2.366309447549896,2.3221074606711536,2.7295917995620664,2.0875468209458004,2.0309449275200184,2.501975571524502,2.573082197583195,1.926191362836268,1.9891224824344793,1.8170132141761302,1.7952418004897797,2.80180130629752,1.8326845732480563,3.0083535891589785,4.8291452955808625,2.0983770376417348,2.303406938498945,2.5798368339668905,1.9802110421918233,2.681375150820243,2.8779520424935785,2.6221166935801112,2.509887876370416,2.193989206620083,4.120372857103464,4.14418571112141,2.406637306438358,2.5757976229787864,2.5120396184357,2.6043333552945263,2.4512027507681893,4.921092008986097,2.1618174543895354,2.5343901281982117,2.3960750145821783,1.7496374677725979,2.0190107398027135,2.3000453891537025,2.006642795880565,2.8409968454216794,2.7218634893782427,2.149803560345934,2.3879268990884945,2.8474427413471197,2.182409645472697,2.2847480809442526,3.6045314958154027,1.9443728212552724,2.8502968406954383,1.805769778195054,2.4130567121757487,2.5154073324739556,2.6334506383327874,2.9607142070370616,3.221336685009411,2.0060417494352545,1.8788025559076147,2.46497087887817,2.6494324125363944,2.406986291227043,2.8427487435005103,2.0276743326926803,2.1891323112584953,1.9336871818584074,2.8342307353246565,2.937148034215459,2.8873661388908376,3.8331946760678166,2.6537864733013294,2.311109986920618,2.2603549253761392,2.5619147849889465,2.072367243672226,2.353933731221839,3.570701768624409,2.2547684870240348,2.065137585650281,2.45697828411004,3.151514500670615,2.2461505401109876,2.081053616445193,2.346166721245726,2.243285662536886,2.8969968945002598,2.429557978469303,2.068421787741974,3.7139241950466806,2.335083475570438,2.4502896418262905,2.5459656931545736,2.719325537580761,2.8372383313311604,2.4950226633557033,2.6614129815873637,2.63917581811082,4.138441976123348,2.3962078788507006,2.610738324124759,2.3078989134641907,3.181722722433472,2.0949586168118657,3.6223108850587304,2.441940778045375,1.6933887232496083,2.1802666673912947,2.827931794102688,2.6252549375722323,2.1148734675316994,2.1572452326984353,2.542752996897329,2.7371457381246653,2.2364825653887817,2.740137078399474,2.7957369817271136,1.8334853956453663,2.7902505136303786,2.8117100073063597,2.1025879296094376,2.198395058683435,2.1354907425640812,3.4969888955654578,1.8186554391241625,2.442759734292826,3.5195762487386926,3.5030428487863565,2.578667576499778,2.6011606602650037,2.3290172116344343,2.550700189795733,2.1248607618960365,3.5264720142225996,2.1678565664782785,2.4700593293515594,2.6995615943040394,2.632074679343732,2.400453070542818,3.2002338774491994,2.8736033722230436,3.3953163895818252,3.5547210224823758,1.5494448271177717,2.122698000958862,3.645722852414135,3.414643637307435,1.834048144129082,3.9087561028191145,3.422535972830078,3.501493471394303,3.615095341755657,4.570900700180779,1.5983108537053352,1.8593195490111187,3.272009514147285,3.6893840865236487,3.429378739033472,1.2659678932709153,3.1766345503253604,2.1350418152027255,2.431039952187455,2.335913954793128,2.0700604941482257,1.520773694230694,1.4816085166973094,1.296630664116326,3.5582143364239243,3.1890521439106356,3.2981325947913223,1.818243711442564,2.3815613192731226,3.8849076301383882,2.8022538755628528,1.9869164520383626,3.0149790990609904,3.2379819073508633,3.3922096290279367,2.8451115391401522,3.0626513607715014,2.6941450102522375,1.8070590070348387,3.3019515950459684,3.750402283200295,4.0887868417604585,3.5818975273523064,2.1154706679936712,2.9662269638432517,2.061805102071848,3.503779079552924,3.1676997037105457,2.701196615122748,4.02355003731833,3.1367935861802434,3.185441841129325,1.556657273256486,1.8717119845754504,3.6298567530863326,1.386627151280269,2.070782100163852,3.1346096286313023,3.5351611644662158,3.1830776008602224,1.3943675664218385,1.9465442665869046,2.3172808992564904,3.255289703760185,3.558576661940772,2.96998404421318,4.51635229187441,3.6085479803809113,1.3183143288191808,4.41376167928716,2.950746314915128,4.048632218169175,2.469339382350407,2.617207460229878,3.2892930914563667,3.533250196328422,1.7512981165992447,2.310190852620849,2.0902274042592532,3.1553589056896794,2.3553844135735686,1.8670658664805218,3.6458945322552334,2.378264288851676,4.6170888594825135,3.0587667599175714,3.3635344985355093,2.484294022274062,3.129238091280967,2.090826925614754,2.1088934191417605,1.30565588210186,3.8534792812761687,2.514121538706163,2.285595410034916,1.8727216019774449,2.8942796094573247,2.342023123127916,3.011842324538201,1.7749196737946502,2.488559473106531,3.465615736257815,2.050514125741774,1.8900048168594619,3.7199076293430364,1.297977708120907,3.656033382322769,2.6115700084189064,3.954823564744149,3.0954807288463115,1.6910141686247873,1.8197125526926272,1.9043429788500283,3.0122126915962313,2.4231224042418607,1.3845175672600654,3.372664510166304,1.5225212025001333,2.444261839770271,3.1609960547341225,1.5403125329109244,1.4759185859866242,3.2149899091220573,4.1530347329856285,2.506704058127879,2.395335623138719,2.3235798744636935,1.6874104436029485,2.9841773911601637,2.0979144187931618,2.8253510836196987,2.934397984482918,1.81041434316516,3.4421455150933467,3.0153860499724185,1.6056241808229346,2.424841658688075,3.2784506406987206,2.224067588220732,1.9499788534133826,3.2277028773250427,2.4915043433260484,3.794446184565465,1.5312912351920518,3.0529986172473578,3.958764866731195,1.9756168767857305,2.5511400472752412,2.287856091575026,3.3246272935516243,2.4163215330697243,4.263836433434045,2.6331505462602105,1.6597845073744704,3.3457851034381236,2.9722834408638095,3.5294820258035435,1.7813786420973992,3.5801412585712677,3.337543560519086,1.8596377745448276,2.338186757256594,2.9842659394931976,2.4224688493523208,3.3203176645915256,2.6824860329501323,3.482005583422094,1.9596674908744165,3.5793589931928023,4.425673727400185,1.6658286846602466,4.170974690340125,2.312828291323385,3.141227400043716,1.805680388088567,1.9309357063457246,3.5679101793522494,1.5038830484714347,2.0370961013930358,3.6391047769287663,1.9232558182484332,4.128912623394786,4.2891877063145785,2.5368646673246067,3.7714100877120784,4.417179175709107,3.34942505907778,4.059592500049044,2.384467964851604,3.247951705725578,3.027013702863754,2.107763982338214,3.0518763813012497,2.2835324032538655,1.7221405736479531,3.268856955247855,3.0703552544740607,2.378915124323871,2.6092661862672974,1.7744280984396534,1.9026962367700724,2.462922764426762,2.2333515582947077,1.6832175347449685,2.510018782227183,3.071819752851857,3.081855531957558,3.614028172387658,1.7721745196249132,1.8570710770335583,3.5537724005693656,3.1290450144712385,1.4237186486294182,2.397005067228649,2.1913323896301855,1.6973808970754027,3.4988402750240017,1.2815005864449318,2.948721400986959,3.7867216733696276,3.6343922295696354,1.4562232626106224,2.275549189261909,1.9458312201676924,4.423153713111168,1.7702746278645929,1.7439061282667838,3.6115121110979462,3.3099336371987906,4.189653753010943,2.6555245607001967,1.4925284917082797,4.106571441029559,1.885110232969478,2.9032619150352406,1.6483526312459875,4.444052920187973,4.437496200609225,3.217001803120106,2.1271363283707028,1.271912822954268,2.4434824113695464,2.916512777441387,3.6620134621031633,2.7633802811566417,3.5222888992514565,1.6729947581623248,1.7456609653898987,2.9226671458821447,2.36430142183024,2.3283108828712074,2.486253492951028,2.71519757588881,3.232028195822626,2.046409699771084,2.290645198541354,2.5826742659031448,3.907115959458359,2.8027949989016703,3.53625587502029,2.56105515680241,1.399803187090347,1.9564744048864366,2.3533933558302795,4.53429662855054,2.3279668021398154,1.741334986474013,4.018365938389981,3.181473915966826,2.3989045895153134,3.525841498442506,3.5403233394728213,1.4078980984680491,2.7916018805674336,2.6184777252890314,3.039426904946985,1.7963239506102007,1.8341919084299279,1.9315246005140119,3.596919675463691,3.6152726758288116,3.090673903731158,3.5157568576789022,1.690514940653654,3.112065393335722,2.773008784324546,3.0536244621863915,3.1784164222596605,2.4899811254639044,3.5505977465200953,3.7965713339537257,3.9764209305488536,2.814130279762003,1.565899110341416,3.285783157060762,3.184685601193559,9.603734561358594,8.821749457443735,4.58137080274551,4.193552509489344,4.959769325174818,6.20867504985707,8.159066932295183,5.250733169895273,4.850360653547153,5.079744521786298,5.730852488526047,10.616740691894083,7.4412016576939,4.555919291471546,6.698849770117576,3.373804097474006,5.3658721147975355,4.369568105777755,4.857263707638975,3.817010631463667,7.308096099131267,7.168572960008682,5.080740240722912,5.180121779869108,8.476443765672553,8.766902613335972,9.318074276149568,5.332848659481966,4.415002958252419,3.5326144254128686,8.249074650004044,8.463479658002031,8.395679538215953,8.99718506285535,3.8831701087741095,10.503417191860235,8.588805823647883,4.323619521186395,4.958750867695623,9.88235040646502,11.930119990146105,4.251730061235892,8.08603635350637,3.70265291198252,3.6330085617861125,8.845471173320172,4.547919923650276,8.18973211673808,5.690288177621391,10.0279612965851,5.618046354710326,8.896432904002427,6.064576632754357,5.172704063776393,11.01890488651176,4.794998093232828,3.4213439363042384,5.626543611055237,8.41931293918246,5.792951260317198,4.077959852980109,6.391826875828741,9.264217383803624,7.539730695128644,8.376528309778726,4.097341270266155,7.534917473068293,8.842302227252924,7.628224126673916,9.183846421075938,10.063352433242285,9.110029221508642,4.134690855417763,4.720083486754575,7.825744111545588,9.73818031430704,5.133885807270487,10.505146641375584,8.567562974007236,5.203075454669884,5.9981595591479735,7.980100263727103,10.054527392053206,7.390703434569689,9.72962464490329,7.765635577231874,6.80083183186536,5.7060653596402195,3.167886495549218,7.403367896775193,10.420204126358358,4.0114261205361785,9.547518243258413,7.424584629866804,8.75470116198017,6.207867671612392,3.434693444585986,4.753006642117964,6.910089373822944,6.318463930621636,8.916712304183186,5.2632773915756355,5.423126225240698,6.5672895319679965,7.4551926571952,3.808802671968678,3.559031271332771,6.753800116653252,8.034364791450217,8.684656476315402,7.059337995644098,4.981653799054101,4.808194377960593,8.546842631674611,3.886364871212341,8.712970643456746,9.413465132881397,8.167375938232897,5.175462699874497,6.219619389306322,3.4081788972277325,8.914975678374756,3.8380142820983467,3.716622906979185,10.23968551201077,11.724205422527099,5.295632861324092,7.483213906455324,3.2418207295784924,4.6093545193748655,8.812900597490126,5.405412665298107,3.2997534595393745,3.689332762990564,3.798809924501445,9.747832659059624,7.473903685335534,9.788010813637134,9.15802049478209,5.940464501050832,4.930938503774484,4.36823241903618,5.646143360093706,4.093549899564936,10.54147388248292,4.478949602802268,7.150936622268577,3.5196505364151336,6.528346915689708,7.472978231127481,3.2707716455479465,5.027809719164885,10.0636236991685,9.549156773642872,3.6535930387389834,7.184273537310496,8.530898626950558,11.474621588091784,3.4633235859914775,3.565268330900578,5.858442856817904,7.351196795921942,9.265199652840668,10.285963245625815,7.625646586127915,3.598891728401178,4.95823067628287,6.263446732202184,3.4112805469781424,8.60829668853828,3.592528530438785,4.664152669719047,4.664809584563034,8.112100195800098,3.191495607346897,5.669709137770717,3.521980866059955,9.260736317004922,7.94583067795284,9.299568849737105,4.036208044408605,5.573113108571323,8.610145800300028,3.3320215909694064,3.6606733816937886,10.039595418534137,5.134689263666668,5.33615265378772,4.236063659033177,5.387107777413378,7.960878476911835,7.852138383707704,3.4746598471294874,4.497550203060151,5.851474065217237,6.532648442017968,8.08852211560008,3.6781194674210007,8.38527611041038,3.9619258689257397,9.277514844653954,5.087483877265258,6.42142034958679,3.703839790153428,8.11582162838261,8.514972679256765,8.021602172038781,6.709494138912926,8.361293952332781,9.22394241413753,4.066432096899048,3.606977791193851,10.103790732930307,5.22582729428082,6.145129105175888,5.848280396808707,7.167666774495766,8.615136046120128,6.1374539300333195,7.08170798427076,6.365346739705876,10.635748576520244,5.440706713743262,3.8308431133845686,3.4541905348510715,9.524922748156976,3.4155975551620084,6.949368899240083,9.608796809547291,6.758190615605313,9.263140176497673,3.6501526061589833,7.7730723479188635,3.9448726258569873,11.544831648191218,8.0650277893234,9.60432887740765,9.533528757030812,7.165441109906854,3.75283460353746,3.6639207268860297,4.285388186702578,3.119238848041231,6.232458430289754,6.026374602957344,5.603031779438647,5.02528489001403,7.703484811004606,7.338832717783898,3.671074996669008,3.6361907848802377,4.362230184638446,5.097149763333213,3.774568506536227,7.859026851148612,7.2429529080673545,9.867391360407893,10.4284206056554,9.19871856547788,6.94943310416346,6.834766561169028,4.415317954316861,8.015472482487695,10.285905372235028,7.534522859757455,7.153235961257657,8.06691608249251,4.95661780350996,6.314933774860513,5.494583491645503,9.904745720010352,4.494924827665523,3.5794365637073966,7.125510969262024,10.870736952233399,10.294144933058442,6.843381166242696,5.181360609895831,3.368966479946108,6.262978655523535,8.704934673440661,5.635386597827671,6.5318845291694405,4.824641074587994,3.919978582464284,4.790519181943057,8.631189702679105,6.9315222384813096,5.25120888780966,3.6081207580761347,6.6822695884560295,6.554705370272929,7.28329341039819,9.019567166852534,4.829520060447947,9.397760210970178,7.794302953316662,5.586415582243401,7.5622791016310105,5.820457099229378,4.349132031381734,3.758661046259706,3.7097125190074793,3.6313625539094323,3.6920634638671217,3.1321016218913917,2.925016315784283,4.15294645390141,3.2497503780450367,3.7628124107901186,4.379902591622537,4.3421893882620815,3.278615402945008,5.680714015163211,3.735068948612402,2.6327087933411266,2.6654417710156846,3.1880456111539517,3.437675784379601,3.594124285391293,3.4924351883796843,5.02299148639047,2.952029569126561,2.8472348729777255,3.675465674080103,4.6102847470402315,3.144327198084495,4.225735024907552,2.2472735300058297,4.03994881740367,3.5569257383962816,3.3605101694205066,3.880548562425238,3.148773777155311,3.6706633383997604,4.161579292030361,4.276186256935871,3.219818082693434,2.8941382994209963,2.758752938545803,3.158806870619619,3.843442290537845,3.8157360379530605,4.044337600102657,3.830041042246982,3.221226536626629,3.1683252779573094,3.4003669345076677,3.81356604770453,4.336332606321256,3.24062760467107,3.630160164770669,4.727425633244135,3.630642388646586,3.937061466168644,3.3636683464585557,3.662417242609992,4.280842236033061,3.4990998226972585,3.3931515800722116,3.5238407529662967,4.084377465994497,3.3625717999858393,3.1844892426815163,3.980292012601265,4.506152639659325,3.3385175229717676,4.147486072365289,3.743842834458391,3.8737711344899792,3.7848340374808735,4.088646797626689,3.3089166265337084,5.282125237309084,3.799302198028677,3.960598111330252,3.9289050388485594,2.835639904291746,4.298957751665834,3.12129619772412,3.451602641530421,3.802581287753153,5.706421423176002,2.6468664889106157,2.7025373437519633,2.876546003527613,3.397491447366909,4.213777199730769,3.3736968050992058,3.345515554766969,3.105751921106293,2.919881477302011,2.9459733585165413,3.2575504985104806,3.4583429884032517,2.5311640459648284,3.18150428886419,5.154271600265323,3.481338953058676,3.609438332930908,4.963194814656251,3.245912144609745,3.734932776557983,3.6377639778757778,3.177316868938869,4.0594753076539485,5.192167690368745,4.746784454238213,3.04164967698486,5.096157176545985,3.119797850543124,3.5568357967411854,5.067845569352548,4.104087832322673,3.5269477128539277,3.454355494764931,3.8375912232058,3.284295242808129,3.345468626204961,3.663364424626845,3.105402101777729,3.0747448000288404,3.6761839071158158,2.8950907590597823,4.330160096272629,2.9265887410831493,4.673569206567452,5.2881153086172565,5.1444894678843465,3.6064798674791794,4.544308808714041,4.28191415346503,4.440099515769405,4.79096288683675,3.3418476368320094,3.16836624189748,4.775096011782598,4.452460193373216,3.56995439065781,3.9632944908563563,3.5201484736962048,4.782855389345203,4.740643663250365,4.926201472575431,3.944181360820879,2.823840838602076,4.702405921206601,4.447314501625373,3.2065285569205666,2.8749015042355492,3.6311511146965527,3.430026032966751,3.629798765093385,3.5650204637190304,4.534051271587226,3.0800677483855643,3.463748360079019,4.365103856776141,3.629005490495168,5.164806039656712,3.53048450119706,3.1354224962834816,3.911849709040489,3.2720427226366056,3.6538340841919803,4.888636709598193,3.989773002798047,3.622926977060523,4.56333268101237,3.6384577233527837,3.1763464085391537,3.987115912346512,2.1657765607065778,3.635853760736873,3.0125823132230414,2.867701571857322,3.1430512305165275,5.311347381588876,4.42020464951852,3.8717188629319805,3.3918279796466777,4.369840458361437,3.7469082887229717,3.503039623456352,2.6672057961941467,3.752574973918255,2.9108775706481387,3.8003848553935202,2.306107291035584,1.9767775439492774,4.2700790904107455,3.664511709504775,2.819229421646786,2.765232396304524,3.7425654510044306,3.4201064466005913,5.102437590890919,3.325330854196989,3.5164004275840686,3.964211724962438,2.1577940266723856,3.580809004884309,3.4413493652691964,3.6490765038647,4.430909602504319,2.1789410992932026,4.523347341503195,2.1621354919817914,3.602332167951619,3.720070055282163,3.9527743331913867,2.5930158849147475,3.475904393388161,4.3442617385045,2.741026243243362,5.17593940288555,3.8264646160253157,2.1244501251003096,4.855585897776686,5.335258761602941,3.564641076463292,2.5998756813917066,3.8206114820987795,3.971218145984344,3.964520976256513,4.233639106688609,3.6939185320988908,4.001576182145279,3.304547452817775,4.021967205855327,4.364821394437319,2.638733434118185,3.6464865842371132,2.9870886728675154,3.595602307772008,4.207465138977031,3.406858365216954,3.7549696412206623,3.8356335387716634,3.7011424327922198,3.690389087304376,2.779057422241888,2.615395255074811,2.5297551396105327,3.0999597591484642,2.549728245806744,4.816197750516271,3.8463908383184977,3.1371402647542834,3.1388148146872332,2.6668531811089196,2.4898183685850555,2.8977337813137813,3.3618657900878834,2.7842207602405002,3.89243693281518,3.9731224128227947,3.8985411188395793,4.358056364164805,4.301489562711176,4.348012372956228,4.772478485423714,3.786675526686967,4.457075701884465,3.5830405492361557,2.7307795369517582,4.459893396955032,3.9594798002011746,3.374655874508918,3.7457775053206146,4.435648995331581,3.0044625794031794,4.361978815672517,4.191152240147273,3.9988624782388174,3.303611922121407,4.386344332872983,2.4970739885089834,4.35935239104458,4.480399174210026,3.2160148860549906,3.6651557267223205,3.295200192282584,3.2247223591636636,3.0496587774433452,3.06165494916129,3.315772741571105,4.396587420983753,3.383340832412594,5.671505660731595,4.534289853754056,3.686742092044666,3.426586062090381,3.3453095933222268,3.5896918813398626,3.3200250506351177,2.2489754516750797,3.458011068246782,3.570242538867413,2.5574881722024725,13.43017075914961,13.953068849546495,14.565241018864807,13.727753858966379,12.963345189462732,14.04460884154305,14.328740844696819,12.431194716076245,13.944338215461533,13.471289535612225,14.090777460120687,15.291276186293342,13.576496743023897,12.451199022817557,13.584967340679539,16.343467942090736,13.00131533158541,14.196354804803981,14.026118166273895,13.905321791236155,13.51055876282493,12.930594654530491,13.33075901231064,14.136680124942778,14.431602478682144,14.100206112093279,13.809814245101522,14.072258994390843,15.756783159563295,13.584646363359802,14.395869418784496,14.395120834903421,12.868518053785719,14.18265931378468,12.858662862471155,12.762299009689233,14.12082171081394,15.083200548409364,14.408791558405172,15.314792276702235,14.08243832031202,13.559454940618505,14.37947384708389,14.285745470658616,12.518749251552054,13.96497540658863,13.799701495240816,13.69999179871747,13.680640921309267,14.507737550921451,13.106046389101897,14.215592288497843,12.520276433641698,13.560640377138773,13.712088496578827,13.887152795511913,12.78535187626972,13.478671033233235,13.923150793266062,14.192006104361418,14.0209739763003,14.406889513563915,15.157616219023435,13.707377422548959,14.69782058734207,13.514295986605653,13.714307877250102,13.023245741735897,13.73096192724393,13.887354884386669,14.389162462569294,12.44942704784624,13.572787518616742,12.87503478177887,15.174273985386398,14.491390880875088,12.429648302397844,14.101146084481185,14.53589116976673,13.661010018190574,13.562298409790838,14.410444311816862,12.26725116243774,14.001674111222739,13.824356113681093,12.941912772028143,14.597556497551922,13.708868873082938,13.876806811018296,15.05988696990755,14.05066800868252,14.43249377002763,13.735322998813876,14.775968607752736,15.294613782118802,12.724432899278524,12.75557990187176,12.320284484647043,15.212631411079547,12.812059577664746,14.24267325173743,13.198127837119248,13.95134614187102,13.486387986084402,13.989608601362104,13.22898157519769,13.996525110343,13.630727541238995,14.583319077617777,14.93861498985325,12.237312849222384,13.150832047908178,13.568724432424894,15.493931872703225,13.104963821936726,13.13755760606886,12.440352961297512,13.716603332751328,12.967190198909638,13.981054107159604,13.590213276086274,14.304920248058208,13.947749334072167,13.701597755480691,16.285361637177697,12.466727068637576,12.873008610168618,13.258200383506994,13.548800028912737,13.415469367406303,12.720212456756567,12.864972617654578,13.396669098794588,13.523459225255865,14.509377830377803,15.718727653485356,14.249783513114602,14.604085412899225,12.2343228532906,14.085273188692478,11.201006355873334,13.541443718643437,13.744232591434482,14.140654011263118,13.76263945440421,13.722211397469062,13.14674218330378,14.463682374807318,13.286992133267246,13.786303019610402,14.023914425312741,14.073507979268829,13.865439430634263,12.555532958626008,12.700808692006296,13.584313130736149,14.164122154230094,15.46460293452142,13.67342095166264,13.688731373340449,12.180324561169106,13.202993971177792,12.547094908458611,13.492629951183622,13.605776234074941,13.007990545795737,14.249256485647454,14.176067700872538,14.043514209690237,14.226283414590364,13.514231390613825,12.959710818491457,12.760594481836808,14.235002191873836,12.41086005749041,13.63524611265715,13.749096539408322,13.92026079474829,13.987440942568293,13.64449038146391,12.232386672399247,12.225416494078763,14.130292959471465,13.233423051844246,14.766212808606316,14.304534291234411,13.28051660345183,14.44904683704066,13.624921137224016,12.431705637469891,14.316517446790375,13.477671739244856,13.634003113368696,14.493382855725105,11.699247724931642,13.47497383110948,14.509705025034245,13.708513399090132,13.562031405072227,12.490763915893426,12.440926078254094,12.695367091824725,14.095063711408562,14.157250731630292,13.045429274338675,13.750360513064871,14.067713199033633,13.741248545282572,13.791573938401854,12.383045142074952,11.993464916409065,13.23464274031722,13.963272053225957,14.59780956025817,12.997212227128419,11.991656823427085,13.79698282710755,14.730341816746176,13.900399544780994,13.723620064649237,13.415512126071798,15.616589333732138,14.977839813067392,13.628509273713869,13.428386487311702,13.025816989409682,14.528930509735547,14.246035185775018,14.360233512740393,14.555445889554461,14.038028338471129,13.375185527286872,13.804617257692144,13.029098567283054,14.154043923832532,13.042201870669018,12.89358231242851,12.312892791033576,14.227790287334994,12.313841571470231,13.179891225665088,13.602767118135722,15.502803908897867,14.156344140117005,13.137097796748867,13.773947188859303,14.177960011575463,12.753366405067306,13.785925386345214,14.005467016815603,13.871101358137157,12.995520978365747,13.986608634304583,12.725878766349311,15.115334239545959,12.182815230605483,13.241635847983398,12.153578809043568,15.09460877368901,10.99272747580689,13.94423065958629,13.885521200865766,11.803472978459284,13.640144956179359,13.82192859515443,13.0960547319598,13.769109228409114,13.175322254459449,13.710774838088883,13.39159894492278,13.611846462863957,15.03778565672201,12.860313470498667,13.920335334740068,13.307144891282746,14.89247064143543,13.910788075578475,12.454507490276544,14.25947108904086,13.691888763169915,13.594017879126106,13.694789600731827,13.205053599021825,14.491136598827095,14.601304751084369,13.976790184123832,13.591628102016315,13.729000901828599,13.796305183656811,15.234979218425593,14.048036503510424,13.641384766522265,13.779690536473783,12.730475094625639,14.04343539897817,14.378830748357903,11.168555081034029,13.90208359510261,14.36268839237053,13.451224195775497,12.382245016278445,12.537616642897081,13.47247805695531,13.413611260777719,13.841770297191566,12.537801436941136,12.430676289072617,12.141723528588752,14.214511212703531,13.660337158989448,15.458686419853134,13.626753018509248,13.437140725920319,14.616746567734474,12.730820415785558,11.769136022037888,13.332211391256752,13.427772096077456,14.99265141061134,10.99675683090664,11.539967775304516,12.893781695401623,11.873346332415212,14.645560508002815,12.987219876433986,13.030347073138243,12.961859621985678,14.364240894790997,13.932119941228732,13.70022375017943,13.054467223989473,13.723884192642034,12.275587591254075,13.113394170490157,13.43851258172477,12.00414697766157,13.232424437353258,15.972256573060767,12.811350695886116,13.806208092502455,13.307742151700031,14.237474368307566,15.18562179037962,15.24786925849651,14.954593789156595,13.565073579788526,13.726124270131114,14.460421342862707,14.349476953666139,14.024603838418772,14.22382292340986,14.532190266981635,13.329487454274323,14.47982561976057,12.44689103377344,15.252281282473211,13.535030264744334,12.635117189544202,12.722670011087871,14.037088094098406,12.482325774103698,13.950383351518886,13.819888473248316,14.117208986798062,13.121365334793863,12.583230442431395,13.475986316938075,13.045907752359634,14.071651911284121,14.505041117344636,12.575111012701093,13.412640605241146,13.195406434177869,13.181825414852488,13.973538820369246,14.28592360948775,14.073104429362132,13.417612926971644,14.426193982226096,12.936221368174936,13.097266012531513,13.146122399380173,13.85625728728978,14.163916508521515,12.804517612461295,13.851896268239214,12.862040694819095,13.605158628958117,17.31711163945797,14.763088215287551,11.672114164379146,12.869789668785124,13.39150328618071,15.532896970410679,13.6031340688499,14.363488371194627,15.966107268946608,14.33694601145838,14.512949530848491,14.016912617855267,13.00798983306235,14.695423106814472,14.624884225414796,13.82153080846948,14.513060889167638,14.421384071318657,13.967155024228262,15.511629853635577,13.390652650270653,12.153354440914523,14.00415126657366,13.986253826671032,14.076115809002921,13.442743883941956,12.618936680922884,10.606531079292685,13.382076364743126,13.997968629954451,14.336416865301915,13.2463110137142,12.885412974072354,13.822237383134604,13.221404287014263,14.707617460732493,13.382347866419625,11.607536228337846,14.180453743385222,15.094371309259815,14.464972406275574,12.543337945743351,12.962387378533954,13.572142355787097,13.441782343716477,14.302908620407434,13.316694191574063,12.997015867427534,14.133369546911942,14.025650213476165,14.556895921901447,14.132047439972304,14.485457360927235,13.267527126805149,14.811826103660858,13.372894811941023,13.803235818503033,13.974961742234292,13.301995879262376,13.06978012172012,14.474166528095248,14.686776938077822,14.950875759129184,13.681218178214017,13.02800490844245,13.240255214413509,14.65558804528079,14.465273930150165,13.828224247308805,14.717536586610791,13.370125000960922,13.183349839172687,15.201580299713973,14.166184467467776,13.309720703644341,13.549247927537603,12.630544463273788,14.440934369585436,14.43211689226509,13.250407394432191,13.809486961456328,13.688209264456374,12.601584509774018,14.661656771792643,14.366194777599471,11.892359971305401,12.354008559226994,13.937616647441917,13.422856138927758,14.207330803398879,13.103859347522539,14.561321528101505,13.610645934850488,12.12972719334325,12.740172434205338,12.756248770184545,14.17834439844951,13.299403402299493,14.146845760859454,13.462863381277263,13.634197555571353,13.447479255602419,11.918165113359718,15.028888120842442,13.418985639938104,11.241714794290921,14.108766808221079,12.244529260793755,13.821400750037869,16.304684061481716,14.584660378177128,12.559828777511632,14.219388434686426,14.503423873603454,12.744863691345355,12.178955927264768,13.31893455911244,12.522400330375907,14.666498086285925,13.971896142244779,13.715630619759024,13.204621706920797,13.240433925242618,14.320931993599283,15.26933267313326,12.744796876299972,13.803770652667183,13.803438334582943,13.242394706474926,12.520865623039755,13.644136402307687,13.937112878468277,15.24682452629911,12.892283594500853,13.875645761430002,12.951142108431739,13.424359807919704,14.68408204888451,13.151511089964014,12.998709798801059,13.296046849258898,12.213540489679735,15.518922831734807,11.621646405928594,12.540827205001987,13.163200144116567,13.867892570996647,13.08041706501769,11.954804059589126,13.623766400467957,12.721466222331903,14.397318542028378,13.840632034982333,12.801473590824111,12.213995472477974,13.609792955246492,13.866201733781688,12.601466553000439,13.027986306424362,14.340286746954273,12.598604039262456,12.453492230437885,13.876127048766453,14.002725535582709,12.985604400236229,13.297393005567551,13.796351223453724,15.061261081655749,14.000938516845542,13.27705148057773,14.588724803002616,13.845754222229981,13.630006290318185,15.152810142787425,13.68491409588036,13.831455148935433,15.042894048623198,11.820840141140923,12.67824423471236,13.029145186135375,13.71521077733961,13.283610708464192,11.905155736356441,13.875081153847486,13.524403266746653,13.051850318144776,14.038297746365739,12.770053842537074,12.23119271509024,12.899406832928147,12.953919680029594,14.033751023280859,14.27155533130066,12.95465832833497,14.626000295453682,14.995704537786796,14.91430808453558,13.867778770473285,13.969626214217508,14.687955503075607,13.491199514394532,13.901855965515743,14.923175197886428,14.66876506644386,14.28493936678942,13.285163336520753,13.928806964333921,13.235706102637891,14.308087101144235,13.240478700847582,14.632746415351264,15.671056167391919
61,1.351073370366057,1.2381208061189275,1.0512487845653302,1.0218390636651955,1.1419038019815835,1.2725849712447386,1.2117882656356262,1.1485520436548011,0.9319960007427971,1.1096878183172554,1.17669276765877,1.2847224527879209,1.2183467972034618,1.209260942473332,1.1968623338731499,0.9518608633767951,1.2128728196011687,1.0630554176541211,1.1160956920943983,1.2743252205847415,1.19435652160834,1.2354849883858532,1.0341770375176007,1.1211834878422717,0.974656296511175,1.3938595321379479,0.9437802624840069,1.2204282579860397,1.0100820511956687,1.2097146582401297,1.0431908143943318,1.2786452653396088,1.196983336656629,1.1373215076522556,1.2074832800469029,1.2011933580711793,1.2681466951039384,1.3419314308501094,1.2982530800479226,1.0262761835310616,1.1872490458070464,1.1934247696996596,1.2509496449365358,1.1436578403858213,1.0092120925465038,1.0408161877121767,1.029386655739152,1.1932469888363564,1.0382968903724286,1.185246978496042,1.3569965670048239,1.2416652679287956,1.3051555749771317,1.1479687358455346,1.0756574929381733,1.161891553074522,1.459624690188378,1.1482225330739644,1.2352930275801202,1.146257388650377,1.245162366346109,1.273319837678961,1.1809039188137478,1.0965663320862915,1.109536454677804,1.1613086848947647,1.0933572344081885,1.1625485227484866,1.2575250066377357,1.2096959632956676,1.2486383732040927,1.12436242249125,1.1677517989117416,1.1024919493674226,1.278707088758106,1.103153564981091,1.1424979931161798,1.2123721812148724,1.6132286624430043,1.0413902199556764,1.4770605530212328,0.971671735073399,1.5145953099439826,1.04232899549325,1.1825559178572627,1.2172030099640698,1.1699762216712524,1.144156652677066,0.9480831752404313,1.1466521191923034,1.0419370742376863,1.1900333658430027,1.1654384413292735,1.2209899262654798,1.5316604184071718,1.2602057246846006,1.2496677468407937,1.3320239855552598,1.23129388374857,0.9943650539252431,1.1366384615992244,1.3139362116327857,1.169418379961808,1.7714187335739233,1.1769088155794802,1.2094891931797283,1.2587657491581425,1.436048468153989,1.1455512618735346,1.2388818546101505,1.1798789820359807,1.7303643946333498,1.2062664996508534,1.0648811605502468,1.2011495669217578,1.1816806955398882,1.2202406228051201,1.195304183533157,1.9453696068062503,0.9211152180569937,0.9772544602201544,1.363902270759801,1.2884624547283932,1.1741559804320818,1.8991595027357626,1.230872434288721,1.0036613459313215,1.025064691878598,1.201891182281193,1.1936215379694393,1.2571044489043932,1.1721542304783927,1.2477515391565155,0.9439810743068486,1.0324941306211266,1.4752021349045354,0.999864351823621,0.9815022303266873,1.0406183962512716,1.1336356376953645,1.191988567978771,1.2404352747655432,1.177296320129464,1.0758280650521548,1.2795781027389344,1.154655450377967,1.3069313580384574,1.186206222365243,1.2386454456058007,1.2232178527890876,1.0824348690905574,1.1062080405729793,1.2571299806859817,1.1564161960333006,1.1394506079262134,1.2124860455733153,1.1516887114900716,1.0388168669617521,1.1433737381195037,1.2318373909055476,1.0584169178191694,1.1873982433606916,1.2506700277847065,1.266534371755617,1.2923463104142783,1.2440458512233497,1.1195298447682747,0.912297194375639,1.1802497631715092,1.5309154784719823,1.2614145825329988,1.1757151831544437,1.2426362340972135,1.0355601214478463,1.1550360930681445,1.2406481731377472,1.2628505962294754,1.116699712860532,1.5257098344678104,1.2286447227968205,1.1707548654266948,1.138451017118764,1.2403224913837576,1.3024687395290528,1.152960770636343,1.1504997217468451,1.1029645800750096,1.1523746481607564,1.0397545130010235,1.2885593251244511,1.0746479639358348,1.0968284716840062,1.0329213056901776,1.3060575922359006,1.5848113307051874,1.3039974686178093,1.0306368432433841,1.3373574571086042,0.876174247668785,1.012566147161797,1.1621169351500975,0.960263961818319,1.7180683105948689,1.0446454693725638,1.0838284801522393,1.0957877878396745,1.2192153503998748,1.273466779433648,1.1903809568806731,1.1771679809649556,1.142932731550914,1.131783187103676,1.6534451508386185,1.1681032229150479,1.1595878756600242,1.204808303886446,1.1009127406477808,1.272313034001606,1.2823705564759267,1.0156054467428068,1.009537116757343,1.10884314108061,1.1719209361168899,1.5792797055015466,1.354695101028244,1.2671137050190586,1.9501104030593683,1.5292638709676156,1.4086924331525938,1.268962258608884,1.4088754356207367,1.2651914763435683,1.164966163519536,1.0780576222031002,1.012795137152397,1.1057628721034403,1.1427243206449957,1.241948302972234,1.574853124693398,1.1495931598106697,1.2296215362701475,1.2567211218250842,1.4691415516331319,1.055055696070935,1.9343092889505071,1.2027756430374628,1.1626668353836132,1.1332235400106716,1.0129973326917339,1.1067741291132447,1.2251205842490533,1.1539154514989554,1.1587079348743872,1.050968333997485,1.2063492985139708,1.2335779792486874,1.3299719852799976,1.1667704052334738,1.1578803614536437,1.1055054982655383,1.162746939416899,1.2506188582291384,1.3383651639048753,1.1700031182348865,1.0168139828597211,1.353770522600042,1.176177480511692,1.1779727104423474,1.0080997844882014,1.257672785181967,1.3501982625286997,1.2246143666959934,1.287422028571489,1.1915309640538823,1.1094562697161878,1.2288352642888878,1.9040928587758212,1.0922966755848982,1.0156163458133545,1.138455179876244,0.958218455690494,1.1558839209300207,1.079208500996908,1.0165459913886843,1.4030359030271493,1.229183797821281,1.1758503567982845,1.0702124807604552,1.335399442128196,1.2221058439504877,1.1662393822233008,1.0452289102812924,1.538981159132224,1.197761848453115,1.1583255121681653,1.2323732009516817,1.3418036768121566,1.2361736159682881,1.1972390694481838,1.2570901333100573,1.1206184403301285,0.6872580910793793,0.9108692034744696,1.6020916259979197,1.3395070593903418,1.1505630113394607,1.090957566475416,1.1562704497445562,1.1159323899737403,0.6472760321156149,1.2576082378685545,1.329033392443743,1.5115231327795573,1.4004992149824347,1.2534989622362083,1.2980455283509242,1.071894060411846,1.3328871983265813,1.9478095163915718,0.7028906651190076,1.1690497371310098,1.3181140840627719,1.1129811573943726,0.9515256058269175,2.302546890756344,0.8325267076049538,1.4103567171028506,1.115569882461319,1.1083475394899343,1.2526632133705773,0.7142338838096703,1.326583142876831,1.2111191003255635,2.0747773120871993,1.3835830237615003,1.2676287178280916,1.9372310425507306,1.315022345452423,1.0713286055883666,1.3765347045552083,1.763772693609437,2.0123157930818296,1.4009090644158342,0.819818145062602,1.3669631180949575,1.7518074733413471,0.7167267004443233,0.9372982238702913,1.1545094622904595,1.677135461600026,1.1212989681038463,1.4777786983849202,1.6026845137176084,1.3279198189795371,1.2547621824388822,1.1216699814021915,1.154932192009991,2.5459831818407004,1.854267813141888,1.4347489074995916,0.8848492996452613,1.1127839907500452,1.2501372340253116,0.8243241092089062,1.0710941049173677,0.9921665889013982,1.0814043774795017,1.1873317564620938,2.5521477087527793,1.3043036843117528,1.161071160896812,1.0304320392042141,2.5682409580725682,0.9922260838692002,0.6857635401344111,1.592879735668569,0.9367301362954145,0.6989225766098741,1.088531429491626,1.1556106651435556,1.1678978100837545,1.27429553556303,1.1132909861190508,1.3893981161718059,1.101201644429994,0.8973816217448181,1.203614253498207,0.6124720879699018,1.2209003673559307,0.9999221306812336,1.3737371048210587,1.4156222387750002,0.9336878897453077,1.416708504883045,1.3109625403787022,1.0436627612056366,2.0017979825200825,1.9431213743433813,1.1951251250723096,1.328062268856631,1.3082643817064563,1.2589159460314698,1.1147587000111272,1.8793782418301597,1.1794391424251147,1.169023233664801,2.55913475550639,1.5827853802779972,1.2728958561206483,1.2983858945424898,1.0419849554525848,2.561126694010364,1.6839559942626239,0.9132116483996257,1.3353289504544463,1.373908915323988,1.9027276920169278,0.8212803015897813,1.3715112200418642,2.3457217905653143,1.5220352146417098,0.8755648270412216,1.0301191932034188,1.1559737750540706,1.1985262724521948,1.2361369147955499,0.8546167936986421,1.3513688777947284,0.82381804741034,1.2153692315602966,1.7607899115932775,1.0988115912848833,2.191258445953251,1.8314448475162781,1.4084520710103934,1.6271055164158146,1.0415829913864934,0.7612413906262301,1.2048436558642128,0.9838046817939968,1.3290120534445145,0.5389976151123791,2.006580002639218,2.087965019501537,1.2537253205206091,1.1065343564733396,1.1545107869015725,1.2979535648576948,0.8070532119797696,1.4989321606652277,1.257841860000478,0.5926986686093246,1.1147746352429404,1.3340803030395796,1.2188973298449677,1.1953047146767717,2.3028117859188937,1.3298676233826672,1.7732310485723815,0.9890565143357376,1.1527626210175137,0.7566556342430777,1.2013268529721048,1.2630081959025297,2.0648556017760273,2.0430859955883,1.0113877543819794,1.201758238347044,1.533049141115741,1.1454048062882245,1.495144281694629,1.4859425692568298,1.181015780333178,0.8518739584719041,1.1289099569175483,1.0088395773929153,0.9518553534932145,1.022435822963482,1.8995032200976576,0.9999768383822382,1.2885620990923556,0.7255648783626126,1.226341985004282,1.371940005547222,0.952871918247242,0.6812375186990426,1.3700448383925954,1.9813337931126065,1.3729223187415827,1.3689917627182777,2.51480693880642,2.2352721452082096,1.2367513394435388,1.132906758955492,1.0086915037777218,1.9303158444452433,1.2515414208332498,1.1258046610438415,1.913732025522565,1.4239654423018424,1.2260725862007176,1.9838281132482887,1.5722720520996136,0.8200131627119058,0.975756773739081,1.9336389613023393,0.8225191536114477,1.254040752346953,1.2214737463660583,1.2616637302456477,1.7776966496472544,1.4362400297173596,0.7892769736108928,1.190145395852512,2.507147736841458,1.946610315485747,1.2546669033105258,0.7245495385636854,0.9821672667748484,1.6217903722201905,1.3764682605051997,2.540308751043175,1.4335974622241778,1.3150308591650572,0.802904835958303,1.2072264702754991,1.3142023770860716,1.2539023686901354,0.831613203678237,0.6689966656089907,0.9055636888991515,2.332172101538837,1.2316083791658177,1.2893783884348955,1.2528847548182687,0.7313585998530258,1.163270139691399,0.9061557543359665,0.5012039106789223,1.2510178601529567,0.8529440058050687,1.8036084381521684,1.8048638336229637,1.7345472345077226,1.375583265250795,2.0117555331355743,0.7402663965525482,0.909880642133282,1.0805485589622907,1.3292412796387831,0.8790196827477131,1.780591285499347,0.9687990696804164,0.6754509677454508,0.7117985423426159,0.7962460541383524,1.5285411383905843,1.7948806764771297,1.2494758879778503,1.3825097643542374,1.1891788947662063,0.6042902939500806,1.8120057527416507,0.8597968661559708,0.7058218117864172,0.5039425069061609,1.2193242738926844,1.4906284335321,1.3191181812148542,1.1932173176990482,1.2425637626902526,1.3110331076010489,1.5830780094409194,0.6771516199462825,1.2425527822742954,1.190858598601235,1.1719171834618174,1.231499818572892,0.968209913522808,1.5501223613663375,1.2304324607095936,1.1620017323507856,0.675085122288055,1.4245815975483198,1.0082846285717817,1.4365510649382764,1.3306260721095857,1.415978063372718,0.5402244938990838,1.0060138715156575,1.2245660398362332,1.0476469113212101,0.6783102858852045,1.3347061781557763,0.5055020547214149,1.2694186839564416,1.34904211666823,1.7872180008983323,0.9082153371795421,1.747785945336655,1.5744344690436611,1.9743779673040527,1.247705089655846,1.0388627862419302,0.8320720521504005,2.467016286622914,1.0633023359823734,2.0613154974455417,0.9614765192007594,1.0591645792897497,2.0401305002826433,0.9929635728421812,0.8576726117801415,0.970747773991582,1.6029333851830312,1.661206054717071,1.4243655427120738,1.0437442927305427,1.4022001672205233,1.5465907907302674,1.8570045043807426,1.8104165117746684,0.8631544253139762,1.3438440215456906,0.9509584155751414,1.2542583360509938,1.3684211241959154,1.7976305025513264,0.8374788015896611,0.6407937462780505,1.1624657424990188,1.1308265908452353,1.1755338792199796,0.9411401020004462,1.7106672928388005,1.5397848209136873,1.9909476794346295,1.011074832775361,1.174330404354927,1.3194875964709722,2.3440992254579083,1.0512171666145302,1.8306384675021632,1.0318284122822432,1.6416392692865331,2.1074462463091304,1.053156532784537,0.9267470485515513,1.3916581554250806,0.9039116758618553,0.9580847047842973,0.8977303535146933,1.249867623773542,2.015243619336271,1.7536138763453886,1.5431171529954382,1.5803979409748543,1.440611621462374,1.162933553142449,2.1917686910470247,1.6916474139315625,0.8993722022798356,0.832880090936685,1.3744406939307268,2.397418306407378,2.7942670846726627,1.061137321324064,1.17508286355078,0.9090395976226966,1.182309789053949,0.9307948268501294,1.037055208407318,1.7736237961313337,1.2150364030405554,2.149156438463765,1.836798965458958,1.6623928431711488,1.4458129089831637,1.2873184754789686,1.3352782486316883,1.399202967444492,1.916881981321725,1.2785902170282515,1.87163891773654,1.1394636646727467,2.1897314938288654,0.8761210552564352,1.8851569018201173,0.9460996443740668,2.3391931618907607,1.3001527665430874,0.9516612116172938,1.1648765189879182,1.6989996142257455,1.8700100795420154,1.1633708812530914,1.8758745598543636,0.8908153727965303,1.6568085471878264,1.1431908597091291,2.0379110491842862,1.5570231842476647,1.8587735984503004,1.7024513516744482,1.1322954839544985,0.9063852660876077,0.9699210862573707,1.1316396052327435,1.1171176791080049,1.7772024603101189,1.0951105502811376,1.6497478586141203,1.0671315914347441,1.275526904572008,1.3470601302623544,0.967676006898365,2.698137875030533,1.4846418936521646,1.2527300808415742,2.0991106668996404,1.4312334205917283,1.5154480592218997,1.2750815388488999,2.393335546366537,2.5480681420324167,1.167963905387965,1.0013608295687957,1.0127809980984035,1.9100167022693009,1.2461206452135176,1.1066122866940986,2.594820046950733,1.8037063967248228,1.7012083093621726,0.8686000736962176,2.1864404931257435,0.9597546662657631,0.976471077435338,1.1823755640166282,1.7390981139764796,1.3985480826933627,2.2686417425027297,1.1079832051054221,1.5905217270020628,0.929594958524595,1.0888647848389852,1.1525660550339203,2.07858131230136,1.9863030017932752,1.7010813356908785,0.9107589726825654,1.8615653547458868,2.1541038149214056,0.9436562504242327,1.452487044283765,1.5147048705612074,0.7835998274217999,2.0511249351998657,1.0076322110487832,1.989599454287777,1.018277003106562,1.262545007230208,1.614104445010931,1.894954836226418,1.998229634101731,0.8841436562632291,1.011154981738564,1.845161821579249,1.0281718238463846,1.1889966590944636,2.4266970558559575,1.4210434914834458,0.9625782643012197,1.1399631134945538,2.2015388284963033,1.02094563533419,1.1311001891121757,0.5998602798451994,1.076117056780935,1.5015370501824563,1.1931862666627318,1.6341314351426013,2.523930076222271,0.9899705523959259,2.726422128513873,2.1384804524368657,1.7440986217631889,1.7206911403904617,1.8076677179027272,1.5471503760937069,1.1847147345953477,1.2438079203397614,1.561543558999702,1.0813165849641884,1.341478429021797,1.2038588428771628,0.8962769273617825,0.8301673312457877,1.3707292878553547,1.4253355508564554,1.3243220566008458,1.6098834796004482,1.6761214822142505,1.0781437026188072,1.550034236810309,1.1542022515620822,1.8390538865532586,1.1861280872149151,1.4486316269530795,1.7311020095551137,1.9419188649109878,1.249992454496495,1.7072486275670729,1.5883995214041702,0.967335055430709,1.035336080227005,1.906532470601762,1.6205501518038543,1.5109485220856504,1.5912107833561768,1.0547281191942006,0.8530745392361792,1.2702526647662278,1.1326386546630616,0.972597438559697,1.1390989878314184,1.0987392731686527,2.318053840514305,2.0887049038925163,1.7349332806396225,1.194835586393185,1.1645925625416453,1.443696531721178,1.3561680248525012,1.5073648344403092,1.657638770712224,1.359743452478817,1.1592882866253142,0.8506040983357328,1.6661548070847239,1.0014613836995236,0.995463009179299,0.6489081830331673,1.6977458367912597,1.858280569652999,2.199478530520648,1.6354607717447276,0.9121520350208211,1.8024142357179227,0.9801108476128592,2.5581519059201825,1.4082482770810587,1.773580963854617,1.6470795750609684,0.9291742874745557,2.2178953068949214,1.674201688526011,1.1135589941570365,0.987540760554611,0.9435570975457511,1.4045228551122806,1.100873096158218,0.6406802095142079,0.8380181561584457,1.1301744220277794,2.209900188218177,1.7579942627851324,1.63841765226084,0.9121305514139857,1.0189233254030186,2.6307061386369934,2.312358839002948,0.8240144843151301,1.3619101133813454,1.0744802264771638,1.317423770334077,2.1505951839025133,1.9600658953720151,1.4481692097620078,1.3284003743711184,1.8734750619602545,0.9614998280379944,2.8313303715053793,1.1159387174074908,0.8763152709404193,2.2020699349174544,1.0109803272893998,1.2235966830598368,0.592131372502309,2.1993172061289883,1.2672941422721742,1.1132514883570757,1.3153366817854917,1.0365863291449726,1.1262308179956149,1.1429145504846607,1.342632568855111,1.311236709744238,1.0444921835350205,0.8460922304222296,1.826459373103556,3.399984120160521,1.6512437190760358,0.9617215213850673,1.4747704611018393,1.409806096844574,1.6016572118689154,0.8564183489202558,1.4669266964606105,1.8513733183633267,0.9993277152886775,2.9580131202233124,1.2651078023713245,0.9931879528353804,1.252366939283424,0.984466847964948,0.702374553727468,0.9210449478187702,1.1933116633581133,1.0793431988786966,1.007817926121427,0.7285229633727391,1.0261552947581416,1.1567682494140865,1.625766551618873,1.2968333386394653,2.6574778287592573,0.9213246313019706,1.0294587395611354,0.9969263825022037,1.6274820086398578,1.1727076015177904,1.5083419871740644,1.278852308984431,1.1302704506051384,1.695977815803371,1.7266863269481425,1.151807568912163,1.2117050193351977,2.5207601800376525,1.849362065041087,1.2302228244077942,1.1431998732063398,1.0863072291956202,0.9050058880567352,1.5219029543250333,1.106702815961025,2.2633253835340024,1.0030995833231284,2.55020203420356,1.158453494528583,2.4107487643713017,1.256001672251051,1.1805111698846134,3.450642283390345,0.9104410456298067,0.9820664255450662,0.7777955065912746,1.3784224439636292,1.3795960577982491,1.1632406152948729,1.5212567378555668,2.2117741242149815,1.41302064684517,0.8411965575650404,1.1510462361153195,1.8521492322606075,1.556447595702425,1.2241438016955732,2.0913699672863704,1.9365801597728867,2.7979388883053176,0.7915659423724623,1.3317996998518156,2.1685173538380016,1.719709643230781,1.5125019916082119,1.0219571511795902,1.2599242637420758,0.5638280167026356,1.675919025180545,1.4709865286613248,1.951975182029817,1.6290246524926,1.7247458486655114,0.996979024378434,2.1273769603604835,1.0063346519248035,0.8932281238319328,2.036358844218997,2.5146098910508226,0.9594423024099525,1.900616296572,1.2719418469455344,1.6140291198536463,1.370913310064321,0.9326513067953819,1.7534660194353309,1.4066445662591536,2.714708749474452,1.948273885911781,1.2901922998561566,2.060843743129288,1.690770778046449,2.00383971282759,0.9907218694925993,0.9972610075980471,1.6028063209282575,1.04066202998459,1.3868429799064266,1.1766305375726922,1.9288703771019684,1.083962023922609,2.0429563135379523,0.9026503111736244,1.698390742760559,1.2217736992368988,2.524298972344821,0.9780978859642867,0.8930890322316325,0.9097246515482768,1.3071226233154634,0.7882799656198312,0.8489114272295885,1.932528708256638,1.978123772630521,1.603735744564839,1.420969743847756,1.0584155734092113,0.9695659853413648,0.9841562219668522,0.9966165593341009,1.0144465621493384,0.7530474608763335,0.9096698336141396,2.1011236474037163,1.7458018874737193,1.849603520477562,2.495135339785246,2.6872935728691436,0.8587610392170708,1.1368664551275633,1.2602433946778973,0.7801627012970938,1.5262793216989967,1.0980255974150759,0.8259945472501118,0.9864921468517687,1.2426291026521963,0.9601246010604103,0.8663114695464834,1.1016922311862862,1.8645156927565134,1.4851107980221296,1.054314719383728,1.3019385594216462,2.0583740286217416,2.6462494735459257,1.4068380936860794,0.9726519442526708,1.3597381967089435,0.9247593926948334,3.4998932373602676,1.847337392663562,1.3594443242399488,0.8925077962491256,1.1010800568434091,1.362449932943672,1.0509339234046544,1.2273619124318604,0.801142236043617,0.814937523770417,1.1350615894311882,1.7082555577587781,0.9224509480936149,1.3240207394152759,0.9246440704824772,1.6162421442596053,1.1520794760874118,1.3627122560373253,0.9911662315150974,1.5984810124933047,2.1045998616217463,0.9079127523657745,0.9985921021407341,1.4848432051154674,0.9530839953608313,0.9786823383065423,1.275005343156135,1.5724811720251426,3.934007005420242,1.0263413400721173,0.8023627917685712,1.0848358030687149,0.6204005113919605,1.1766695556755846,1.2337084595779142,1.0275914911933692,1.8691602480198841,1.1778228796126893,1.4027300714040203,0.9215826800915071,1.7767379760546298,1.242222605725239,1.8827002102710113,2.0452734457066715,1.0305022393483505,1.8706830958170457,1.2431432770405777,1.2686379592615582,1.0973800057545962,0.9415942989134565,1.542791880324762,0.8196707788853717,0.973104791269743,1.3445012486454515,0.9270870953543543,0.8412919176393805,1.5050151255573216,1.3477272584776794,0.9468020432222167,2.3542672759228216,0.9507119807574256,1.0968886233193555,0.8920788585098578,1.458949690161503,1.2802805682639926,1.1385674802305863,1.006253992597379,1.6529222888531998,0.9101746043131509,0.9728175487292651,1.3024409285787732,0.9827094889426442,2.6468799665381972,3.116280613317799,2.83484170019275,2.614790229760552,1.6135715339908452,0.8373157348292607,0.9834561532643012,1.0873033490879536,0.975834997721755,0.9687210094627714,2.3350838576462416,1.5067037493670439,1.3502547463175003,1.3972057670289462,0.978434436945406,0.9089532383484971,1.0383765474470907,1.1429335710733097,1.19981788324163,0.9501718861381802,1.7563838477006573,1.7379607777884338,1.3406525570144583,2.5249403512200073,1.9264695475022005,1.7685683219548942,1.2818937236143528,1.3254613266920208,1.6515265456469213,1.9648937334494798,1.8824432610044406,1.8893428608549983,1.3483841552716511,1.1669248524754905,0.8410282674371645,0.9832949985762205,1.935922916342803,0.975020888467702,0.9054110730982351,2.337262990800131,2.340364760974503,1.960027997408155,1.229389092765818,1.1159893116050728,0.8754084535952726,1.297038380461368,0.9268492881650979,1.3065093700467578,1.124646484020967,1.201703662133152,0.9042196642883802,0.8088924911129833,2.6566159778991656,1.6611959679845116,1.0706094624204705,1.0011183149716518,1.648650306336149,1.2783497518924831,0.9433459337890464,0.9714023510519246,1.0377949458481115,3.4491131262708836,1.9269441465754906,1.2400212739015173,1.7172956275395757,0.9374303271646298,11.548529568288103,11.06756622281677,14.759268855424057,11.758188931597275,2.1467902802960586,5.171931594953862,4.3722963448905405,8.772364386428354,7.9422238283695945,14.197373866348178,10.949674424171594,10.537064897131414,11.209842249843085,13.795636028429236,10.908756371930796,11.396181262858914,8.947858623894323,2.8322240435756894,2.319718513556638,11.031746177072911,2.5311889580126787,10.622271428240076,5.2183613056328095,13.8605082735186,11.604979162090656,13.180997514670878,11.733336337975212,11.229092891479342,10.491812625911978,11.503738492333328,10.852608545091165,12.134293269950831,9.882221919200529,5.865820446269355,3.3378235670139276,4.814613570275903,9.987737924571078,2.3124239977700918,4.766262084948862,12.39278580710731,7.543054339375051,9.289286402446308,14.199461721183301,4.100271004586825,9.209506529192053,1.3373891161089242,12.614636966591636,2.2109976114607917,8.050024048499237,12.06671574772927,3.0396970646961625,11.084242237742245,9.616616210422361,1.0591434841930172,2.3259924443200295,0.9863798852332697,7.7648239364924665,7.749022324809478,0.9699769163750969,9.539955179128109,15.571701706446015,3.40015893033222,5.301715025451662,7.246648815957936,9.043526515076431,12.818835253021497,11.003485238851844,12.662467574939201,11.66444514358814,7.929354626217177,5.321695492045169,8.561640112710768,11.8411900437697,13.117959835111773,2.447442141380329,6.955137652949608,5.079483757116172,13.786235426157427,9.926225724214417,3.699216214234546,11.244482714473378,10.051778962938009,14.375385705116148,11.935856453736857,9.297082065328908,11.662076696388198,12.442451901390184,10.21081735114839,8.779508286438462,4.600685310649592,6.38501046528527,9.308644548779448,13.053830155454987,11.847780162290693,2.0183258041795593,9.536440937601196,12.400946463744031,5.762111746369101,6.113181387540773,11.613095391198566,7.753304300403149,3.1288839024616726,10.432690428136402,7.136711139525705,11.177575423485964,9.251245446186825,10.575987804166155,9.557013897619733,9.711196573973377,10.344469405583045,11.282095428369253,1.2353493397885258,10.545709460503742,12.831019608235879,11.718754156577155,14.661073927363656,8.426293342973189,10.593271310420871,11.213886495352703,1.3224751985676333,12.859996338001148,4.80857436102489,1.0574329390953414,7.799464441641999,10.27164151472022,5.298425096509934,11.55066140760767,13.16589796330157,10.215318006087259,9.179874775833483,13.104732495419178,7.94958378488,10.751388921455993,3.856769745897904,3.2258389918564796,4.333669997983628,9.56265506953105,11.703803362139865,9.78618553554865,8.787320497875488,2.812501513649786,11.408152359970146,11.00159271971144,8.80514847187211,4.441636344530628,10.873820965162825,13.569031419637735,10.5984863154728,9.436224957258228,9.816856275031922,11.278084384192127,6.409005387105872,4.707743069812307,4.5365676441338865,12.03267852176598,4.746926427655406,5.334398981111083,4.050240262067232,3.7185370463115692,10.243567062631076,1.0821481222218234,10.535280579083935,10.252963241874603,13.98760355721046,1.5530660644766694,2.3908666014365454,13.592491935328349,1.0346042179872967,5.273390216294011,7.138585314824377,5.522431667968422,2.609746177267421,9.525393246903837,7.005845690021099,4.714162601031493,11.832536856108092,6.881738479525852,13.182362675942858,4.065930661241873,9.839857647186804,1.390483749062838,10.28231953472567,12.377121635062984,9.394116374336035,12.308868559602173,7.673537695263109,5.420328471774938,11.014941972074862,13.56736874636184,13.157849908925913,3.7471783785416326,11.040054667422774,12.934099307267255,11.931237367542995,9.585370332477638,2.1430497785480234,7.877394395623031,5.025930737621502,14.332296246872787,5.752834615232463,11.217047774223612,11.216424998181088,1.7053607075046695,10.572313835266014,10.398348209726429,9.747987733784251,11.920419350472232,11.56538677072261,9.280174476873624,9.538947240890876,10.065694335079316,12.828086896425983,1.6470739525949183,12.175551802546417,5.052924661595037,9.04583997500294,11.702136783044851,9.40436533242735,6.599805434311297,13.263351000987985,0.966704323309912,12.819245642366578,11.533727888688919,6.933133228778395,10.713463291861835,12.09096776573063,12.747349334817072,8.14580956545735,1.824226539497722,9.219714643126736,11.179486318568811,11.515859823808494,0.9625237212944799,12.049689428628668,10.882822658004699,11.621149396103133,1.634476583764275,4.47184769149994,9.609604354619396,0.9323310987438934,9.691812895479426,12.659001198258466,11.41916662121983,9.971809495587046,3.966138927504114,6.5953268462959,10.829509301582377,10.07041911087216,12.394492683370816,11.715479750655032,13.300701510006139,7.7483179456602596,4.836085736735066,0.9411491858794722,10.384551722091222,7.877173425118439,7.395708341842109,1.3531779392231993,12.974902763563627,11.431351897214066,11.28110962621431,2.2951981686749785,2.794739134726546,11.718069924599648,11.589926183885376,4.949566138827879,11.300321042476375,10.583435548133028,11.252858879249764,7.937233840191339,11.589003249536281,3.074016937719361,10.291424829139897,4.798099911311292,11.320800005088262,10.568936603660102,13.282568304844771,9.135887174700242,10.302477055907705,11.851686950904016,5.2746323304600695,14.87899422664608,13.810172447138381,14.04491435654142,12.010984589898024,14.299085133482892,8.708586499100928,9.888085781835327,6.75792630673641,14.371692168508536,11.940367433256736,1.3088774614835106,3.5000355425059757,3.77523063572707,4.633370274530197,9.901480684512023,11.786150851885528,10.260557338062998,4.701063341020907,9.735057842647732,4.1999847281850515,2.2314497136507714,2.465368559212161,2.483677131231185,4.24343307785765,2.51013584969861,2.824745867043739,3.991514961915655,3.918612566448643,3.576208172397893,3.432503293893876,2.597455011821763,2.4056331839536287,4.8283067934601105,2.412735083844317,2.7615233242481025,3.339489769371697,3.3117303453470335,3.3251495121235926,2.2349318417695105,5.192519602758862,2.6294867800673014,2.358797900819716,5.009711438726976,3.3629728201245968,1.7754237618686872,2.176301181254695,2.9524540327041473,1.772933341485192,3.195337874466361,2.410714686563905,2.29290557780368,4.072432582090167,3.7668977915978483,3.59875200094952,3.9826603378342735,3.1197717343130527,4.636811556935011,2.504469739582427,6.102668961408197,3.8485817697331974,2.2148743053062727,2.4221770648729555,4.028152543406638,2.043727710055697,1.7787310362479225,4.041543744531936,2.6909386103799027,4.18892548021265,3.0546416603771767,2.6099596228470885,2.3908549931918763,2.593130739711908,3.5695869617891285,4.185306738905385,2.210654727656415,5.262672283176298,2.092316563449767,1.9882391787697093,2.512996194868349,5.523382489292581,4.108608525693671,2.341683463091743,3.922146027577864,4.263666361839449,5.179987315680722,3.5072728623561846,2.8017201165416727,4.266123499589831,3.3929532715752084,6.053295168158172,2.4476300001663147,4.1033450678362735,4.3454364901150155,2.373245935042683,3.0579932215465395,1.9204102939958927,4.107720689041808,2.89191620875727,4.326233861878209,5.275873573776737,3.107026049019873,2.8129256568968133,1.7752439989409718,2.231698415755954,2.0412165934911224,2.5172905234367087,3.3888492560740997,4.329947168779071,4.57683720310149,1.5759718713868436,2.5489812615562983,2.9800021202734506,2.823981546173392,3.1310221852196887,2.3781121671841414,2.4918515732079314,2.8424387932001585,3.667440040753178,4.309390218322412,2.9632386224657017,4.157060276179528,2.2365798471520617,2.5894129193157234,5.521741242132223,3.8247859772511204,4.453962570735364,3.3791322410358817,2.5962444611746007,2.469526175034293,5.699856898120222,4.258666908199932,4.170087511352373,2.5405860825752393,3.624207929514678,4.487129351737875,2.1335636681780037,3.598452467274895,2.5618793651646827,5.730029242532522,2.415620905533796,3.5876159905617158,3.4241672517868915,4.068096991345141,3.7240995159837103,3.346088608798671,4.282366557344461,2.1355580726012584,2.750164037927448,3.7356817089481638,3.547066730872428,4.182565607624924,2.8369706594504795,2.3589446903315197,3.8979075442097346,3.794315179120539,2.190214575482039,3.809093881371828,4.082878005952404,3.4516285647364375,1.662084766687862,5.28389508047005,2.947866166112905,5.558239957216655,3.2049131474714603,2.8817137333205642,3.595446335827831,2.449214008903348,2.219103347183813,2.3295077759968184,3.9792922270216446,2.8603859323376066,3.864738535822284,2.6649367833477156,3.290379871638511,5.741939574295047,3.3898161886314613,2.539159559922127,3.47290756480284,4.207573246506042,4.063262434123085,4.173945942653159,3.40039635509434,2.4492506883114973,3.1844740040073374,5.510086997089497,3.136583509610661,2.5056696065491884,2.6240805415309025,3.0071455261998716,4.291155832272849,2.6481499072354437,3.9729387522328166,3.1698041105857113,2.561654113666975,2.7480178261714148,2.9726501989424308,2.5060160872281485,1.778835922917883,4.551055308787435,3.2661588756042863,2.919455043810825,3.4860452762962773,2.590188585216785,2.4483675328044345,3.43717226294365,3.1154382242395267,3.526495728615763,3.7828038019755406,1.916043556574897,2.656839243984243,4.464299916780364,4.325035715626499,6.149653090002673,2.267773512676672,2.6532609195334174,3.8832723518644925,2.3315366846030665,3.814303099087841,2.753006348618145,3.3447034228420867,2.1944705328291136,3.5601249672995774,2.1919744723146906,5.465349018341605,2.992947003456252,4.179248815421782,2.5086788888084923,2.8712039277592862,4.1008150550945475,3.8298929789841725,5.72120975361197,2.4852377757746185,2.3609383965543596,4.914958647923499,3.5892642933036005,2.4569636653640616,3.8598697004744,3.2317411165699204,4.129022705067948,2.4123575982605585,2.802888024116271,3.7380143942556714,2.7550379264876184,2.1790471763616437,4.126232521977963,2.697301614446979,2.5851707606540373,5.9064751258271375,4.102990973279127,5.752662472939793,2.3622988651260437,4.035855540594975,2.003090145448762,3.9000066994887383,4.25068410450361,5.72551122794058,2.033950204108664,3.3680279340228507,3.3322780251848316,3.7232781640670516,4.316574626097298,3.366327560634002,4.288796387767088,4.502997687772031,4.16718361864671,2.5842530993838317,4.687651541340457,3.2410023713612817,2.474659810002671,4.1587287813318445,4.713284494916187,2.426651396360808,3.519830662557835,2.37331075916901,4.356266276861634,5.348737721336423,3.5391361048301233,3.1484080507204752,2.1820632938353723,4.120503848287407,3.3726480414603146,2.054959473596588,4.559605192521748,2.419708334666739,2.034292666731502,3.2001909369857473,3.9798378366132687,4.412849004041789,2.678664658969137,4.089072550703491,3.703247095130421,4.736449071573339,2.58165961810663,3.1084038393787017,3.7197889748041923,2.4892347767938543,2.1584674304031854,2.6906405557534447,3.0067133597111386,4.304647492202789,3.397902656925817,3.440762042077696,3.2399832418754526,2.499893222220165,3.3238947248763346,3.858800016365308,2.9270229465791626,3.9816963232114047,2.5854291005444656,3.290019408546548,3.455840764462858,3.701789754802364,3.4918812575990117,2.065917772792871,5.889151431204806,2.145778211815576,2.964716703036327,2.504321021193738,2.8077102945650174,8.498574709318014,10.31038102501788,8.3850816779943,12.351292277616333,3.753466388486465,10.193869767187525,12.352298765397416,13.297032931227017,2.6424053492563537,10.66634763717686,2.78188061303914,7.272676926565139,10.572168087548715,2.3837483617118576,11.85718155786513,7.978635894372986,11.595081010766927,10.84575597309896,11.996447527435082,9.992689273386803,8.765887161314392,10.766376923248442,8.592093233157513,4.160826345557186,6.916796894529383,8.842346022591059,2.95896791028945,7.681336785826491,4.145948241687223,9.534531930179176,9.970317781650877,9.980336437983285,11.430537524652275,11.43067068356144,5.484716136654992,11.540288349183774,12.808807207596503,11.383905695683339,8.3611436401799,12.870203313671096,2.451205199028263,6.950939908131396,2.5383642257813133,11.110429105850143,5.035883920442517,6.906290916871041,3.253403133760027,2.486875459332623,13.95892576434441,9.383786798688075,3.16776767442346,2.8427364914542914,12.2628678899925,6.167008509093092,4.9225805015309145,11.35099123304449,9.425752063301072,12.08779431691024,3.465645761064156,13.403195572740547,10.455767523562209,11.41565972705031,2.545123633940341,10.518336116887928,10.718060020776399,11.780818337336969,9.541729420264764,7.661859627594202,8.31597229225257,11.780749475383349,8.115832692122758,3.597386093914855,2.9630897215531737,10.013556756698215,2.5923684358953505,3.4411344185505284,7.111311603931889,10.707615779700646,3.851563600277128,11.795786798649488,9.11013157070796,5.887141384942416,9.565581074427987,3.9793919435687686,8.218775070500032,10.798333098795368,5.792270785716797,2.6988627176732,7.791969185993483,8.19353354451894,11.050461423934356,8.317878345694142,9.13091634250142,4.82346189712025,11.000688373414905,10.117356063018457,8.982676943048455,2.8580606866620313,11.830750293935248,9.104197109218472,4.539086061749543,5.362537965259919,5.4028801906854955,6.123050990097686,7.800951477392775,2.8538887711583882,4.731607857810983,4.338960918870209,10.106085155273597,11.698197741786688,8.880309793539634,10.360391063257419,8.307527557165713,8.720471065185501,4.542063229146983,6.974991467401668,7.698283848729061,9.77686666670535,5.710046487213133,11.657680853005163,8.859226175588521,5.26066170673396,2.6972619079904367,3.2560517834009195,10.783214289870344,8.01220084392576,12.844311297887103,10.342433611550954,7.959032988447636,9.334157634205395,9.632390751469101,8.020744818723156,3.214224674129798,3.5050737212124288,11.062068633393007,8.579503658229251,7.95707790927988,9.267594142159233,4.561125174217936,2.4955063035227347,12.018526054389888,2.3809953515749096,2.909445136328905,5.881636296334429,2.4694615920888556,5.3304984776425295,8.188667587715019,12.280013769033689,5.171971242932425,4.680451970306786,11.721874352981299,12.272162711242128,9.737594453534486,10.22398677224774,12.019619633905199,12.780162891576738,2.5209229398906228,9.005680364047025,3.8665876750959103,12.273933999632117,11.533321927658745,11.020802992275003,9.018530409071872,2.759946144664931,13.195005365688102,4.197287993423204,4.416817288953584,2.708848495549686,6.569823292007123,4.010120641605054,11.449037179026508,7.648914267265234,3.6999926712663433,11.246975127355439,10.74997997114858,4.50541886005673,3.0991562050899955,10.719502357822083,9.180021318294164,10.844497974036369,12.450264501880671,7.2645193302497155,10.688299467748125,12.92252201345338,4.777741120844666,10.367765577228313,9.214945835876167,9.921748402684068,6.137970493373177,11.537696531315527,12.25865096956328,5.811163905114521,13.74923081417709,8.37635909852556,2.4747524847673006,3.232537698144071,5.7798619366882615,10.106350569776493,2.3789547195279517,11.951366615927455,10.743963290215392,2.577831472935909,12.361764948854429,9.320371413612161,7.174807796307378,10.16689672671749,2.665346104371534,11.576227376362857,11.79276367776575,2.314088035366605,2.9619860725584704,10.109553008183884,5.100720029887239,9.46069192939986,2.319470401599578,8.522480073077444,8.766739250883653,7.92909721956907,9.927102698239066,8.136530371652597,11.353849575631688,9.621008394863168,7.555938018961028,2.6441251075768744,11.66960311757388,9.380173251682232,11.635189582379192,7.3225998617447,9.778610091109002,6.549247044684014,11.598013676725358,8.717902846087812,10.276534334005563,9.222903506248294,2.883672851328332,12.658502229233434,8.047239937547756,8.539352077095586,9.117303457710966,10.083620918387197,2.3846639056597523,7.09468286318227,10.927309770212423,4.806068090121065,10.922849868610404,11.212026794865082,6.755677536901717,12.713839090067504,4.864290096171593,10.544738434529258,9.419053722440301,5.278423213858901,11.734442742891385,11.289007926600263,2.5677370480158017,12.431104801653284,2.8206935326152895,2.909007661255972,7.788265883076398,8.130180603776154,3.1990168062741056,11.545562809523567,2.446832654346849,2.8757582984407826,12.409546565429713,6.342317157043776,7.698594000116633,3.9557422810101643,5.425309331775545,9.250511997554147,8.928718766666337,4.956782407381845,11.694470475983447,10.517979802557676,9.42686789803704,9.126930807221257,12.150518227210096,6.2027421572991335,6.233558742659488,11.64659369653439,3.4338529530842066,12.862036699644358,9.800353673427034,7.574529247773969,2.767920338237288,2.4915689625511055,11.457829816952827,4.208911761328091,2.6224756244527065,2.459158478278282,8.974208538924207,5.1364228003762635,7.087038107356617,6.665871355731857,11.101954151950249,11.927805156624258,12.726634234008406,8.758975088445794,3.5220886607451343,8.962687270190441
62,13.719889023853142,15.60930205689617,14.409449267915383,13.772264805155991,13.363052450862176,14.096292867593027,13.551463782649963,13.391941234062827,14.413470480108519,14.255068680563385,13.445175761889407,12.665709541175922,13.761768751327747,13.813887385748027,12.556760947576313,14.67434185131157,13.54734427737763,14.439161851054063,13.930452987853892,12.839933416728977,14.171759162676626,13.630279743547955,14.28876125842659,13.807420853033518,13.92391620311649,14.979857235054796,14.670351507070682,15.505430184554802,14.766957995700308,12.503666894419789,12.923994794212646,12.574686514523997,14.617313716933765,14.721501356232743,13.521364196078723,14.030094917987112,13.740667514651207,13.664472696641665,13.651835417723841,14.506450019547529,14.007927351946897,12.5537820735388,13.662195130987882,13.317339578968655,13.713209018364346,13.761211735679499,14.382093493927663,14.239747485898034,14.141683972931204,14.570215529649582,13.676699917214282,13.51692875983116,13.401560640644005,13.734792256337391,13.587360781976393,13.086810106951091,14.16135686098596,14.502173492234654,13.700557137716679,13.469868019361964,14.445499667406185,12.832762775813999,14.375047883134997,13.853874762425184,14.216500754153058,13.947197045425504,12.815533725035479,13.942889754544776,15.46042051352639,13.053238453986117,13.645347575333647,14.250321105051471,14.553752714321071,14.357405289476816,14.368465210452777,14.589189172853422,13.486077046880274,12.989282470933825,13.760078413066243,14.12363637336961,14.0820440047632,14.690351563635696,13.448366982215257,14.127128009639984,13.03272582120935,15.81179098641233,15.535639016943037,14.001955897283569,14.491444183672895,12.669948279814793,14.231990899845465,13.326245389202661,13.942842493093247,14.003128956660579,13.047754681811071,15.656975658621956,13.805389897640731,13.697960443384762,14.514126798220703,13.880229965662613,13.391213247085473,13.832179833323787,13.76174280145583,13.54496961836176,14.038170743615677,13.782543056172134,13.753346012549096,13.862211363482242,13.697714531623802,13.998103136574164,14.873832264608481,13.102598625907895,12.752517290658401,13.70312652482816,13.332250770667613,14.075541912030625,13.02103237584322,13.725687808013575,13.37924955203415,14.418704417054622,14.950538280740613,15.096695871435013,12.725585050925602,13.9127516072089,13.386839502821296,14.457506966629166,15.101825527406698,14.278431863094006,14.146304292174788,13.751244652878723,13.679982514758844,13.386670418483481,13.831658015095442,14.690426100829013,13.82831670461957,14.111936653485522,14.52792102120271,14.851923631776149,14.481302409472798,13.697060864108803,12.594416954804862,13.702451795767752,13.874116429119875,15.17350570004417,12.699360406162688,14.007247927985654,14.218023488069997,12.567994798467064,15.480948482083082,14.642471982648225,12.902732964381531,14.240039440592124,14.057081998604701,14.505087900221586,13.816545104355683,13.365786263072438,14.441119719834553,13.720279689150077,13.297392127490875,13.52259086272792,14.382989991514503,13.929080334795499,13.621496721448683,13.586707280301448,13.78411784663884,12.918752699961239,13.887106158071106,14.475548167796866,15.540466684150433,13.039106142437118,12.817933923080773,15.507534531352158,13.776441472943457,14.478705224074702,13.524939787094686,13.815075276008578,12.551958137128684,13.539992935825353,13.69449269007964,13.61584628348808,12.895188895171932,13.769729326646509,13.784973133982522,13.636670430341937,13.403823230634261,13.708617132151815,13.57865514379471,13.658705290756659,14.231088357658223,13.549674031037743,15.18383644314735,13.885287578311608,13.026163542749456,13.500660595769034,12.99834923474086,12.694571321316218,13.789735762148633,13.857222929354354,14.920709798486167,15.220996161182663,15.511373942717139,13.877749853148003,13.123556429727689,12.896266985015869,14.271379854753402,14.384310702987507,12.534179286789634,13.468242470120176,13.71689896716628,14.134415673688478,13.298464371172333,14.255847616385603,13.648721779378716,13.920412305218694,13.645389898333079,14.291209220718214,14.240009476609785,12.861829098786336,12.673558679041864,14.618500071844753,13.689847042329278,13.562960432845195,14.003679797896199,12.991124592858894,12.354058878182338,12.822671497763267,13.42508928044185,13.045866557380734,14.124515894707283,12.847368844637158,14.979736257466113,13.763347567756586,14.947875933192753,14.26481279352161,14.652152297456901,12.964259402434353,13.383395599899904,13.79997323953441,13.048744544068319,13.127366661569317,13.61810136839019,12.836509436632298,13.90306078073731,14.357184315266894,13.479237151564092,14.413579126600204,13.838804464005968,13.37710082981653,14.426168935916541,13.095400294578894,13.528478208260529,13.598219692695531,13.994513382978113,15.188716829509572,12.968730424112868,13.016636364234579,13.786838733648407,12.421036645343843,14.021640237965663,13.153461559328933,14.448218964429005,13.654340177919849,13.853102580799533,13.369775241035695,13.95849870588683,12.373838844857502,13.203500887798256,14.861776553255428,14.460921357053545,13.7237899053251,13.384743586546211,14.678210795968749,13.776958014360847,13.681480149001683,13.569762769458752,12.999185349980783,13.51603057662937,15.125950365806526,14.623468699181808,14.032787079455872,14.690666856668228,13.611077817095683,14.307313637496527,14.403905708124721,13.739367199673826,13.528640664611077,14.476208282673523,14.103982557317073,13.78598162139182,13.04043523130309,12.54862742209896,15.15687089225352,13.077436774007724,14.034931157739884,14.064649364689714,13.002638104916386,13.266219440364774,13.548355800759028,14.577213740690269,13.596594499622245,14.356888983818823,15.723506350057932,14.7009110609921,12.966754401127412,13.439184502835687,13.24854492956703,13.277334254852379,14.237492687350727,14.6806605477506,12.947834772900707,12.972899438158313,12.54108573508355,13.2489060783263,14.18155558236614,13.736616257152917,13.910195918130519,14.188061445498533,14.538647690510706,14.457067766250276,16.1548986283876,14.001759834791795,14.619223622567379,13.91289155123396,15.656052416610885,12.039136434547666,16.501365738369294,13.933207902012697,13.901234682070987,14.791098237872234,13.323363594985638,15.717252591763716,13.996011820363057,13.117402709630587,13.011068429227304,14.853263518006571,13.73740460410815,14.257095025119051,13.28116358711653,13.303079651664879,13.467634435984113,13.345771208829921,13.987502837315942,14.225788195992227,16.51849986840778,14.890524117206702,14.180322548574274,14.344669947873752,14.39096333457351,14.221844491351533,13.17309383733468,14.01258646673356,13.330498051997239,12.171574712776769,13.208546568165778,13.935403689945344,13.93644251987206,15.457549665828246,13.68246229563723,12.818793714443705,13.23588447979885,13.636126620587188,14.32853937327041,14.784916318640285,16.121281502498988,14.968259609763221,13.996810298357927,14.662636479895026,13.758436195983283,14.116689408190377,13.609340946165633,13.105832259431226,14.390473926592792,14.178679645357114,13.986370866343098,13.104490362452596,13.59486026173231,14.931745723049838,15.701706942717077,14.34082766539865,13.116594954411893,13.948564124191332,13.503835434613947,13.848863978654412,13.5348391744816,15.014672634934165,16.326756325725515,13.03628411402984,13.49657709604998,13.550266570307594,13.735706758003452,14.857504747358309,13.653108742246134,15.594798541241953,13.932564702092813,14.24814174578843,14.538483741718586,11.41077678275092,11.648092648877387,14.487568163856775,14.32352638150889,13.417105164655958,13.434995993477804,13.937398353184838,12.629646896307516,14.430522651375796,14.187371701937687,14.018367898484392,14.488069712652127,14.095212197697094,14.226549790883459,14.636245921411211,13.616103849841597,12.8254336526599,16.092502184709957,13.158544634755106,14.95063034322602,12.948347794707361,16.10479812034857,13.600610416282061,13.086622327442196,13.273319848307002,13.815880557149347,14.587416600518798,14.280239130992046,13.844873170199454,14.778392325373863,13.777860149764425,14.371233812675824,15.728419520169306,13.57479649991673,12.606039171827286,13.97775004624877,12.575218987019344,12.722333018929803,14.707241261503295,12.123202383163465,14.145926959173176,14.66438677923931,13.395694246089999,15.130163882552605,13.224062065069381,13.732156067437202,14.060441701725688,11.471727266081404,14.592235804323929,12.770086122762367,14.419403864177681,13.380590180609733,14.831627683023076,14.354955275251388,13.358732221493241,13.470446039768834,14.331802064750956,14.346641182837297,14.604166568292886,12.8098263381526,12.010151279071605,13.392927461988497,12.599022872172208,14.00866130126461,14.332492482507845,13.273599213953666,13.448993771776667,13.267574659510649,12.922724488404365,12.52149997352333,14.688509960564055,14.623343782197162,14.49784246958025,15.008571351386822,14.233306337176492,13.060908376144173,14.872992890055524,15.481967109784112,13.668562415784905,14.964850526190446,13.82024733981525,14.494346412370671,11.52609618742496,13.542019386906777,14.451303567889354,16.150122441814336,14.607236048025282,14.86318003798667,15.507940605340094,15.760846373615133,13.270393648265118,12.804711296450854,13.441684438175365,13.479491298935123,13.362563269015896,12.143667687564834,14.642135893822221,14.707917475869383,13.71706644841543,11.630092693194518,14.45608022384999,13.808834952696046,12.664506344392338,13.427203716647318,14.586759051862407,12.566744098666897,14.586073811585415,16.097912818090013,14.56644040538149,14.436030243150771,14.44876138134198,14.81060875435006,13.544985799570648,13.954640188978026,12.679340367069791,13.27177110122312,15.209133153717655,14.466340840126056,13.224498147387932,14.012659393539547,14.761521333088645,13.646221002407893,14.427521593579954,14.176884428059548,13.143116899465758,14.116157045248972,13.576819114272519,14.512516117262308,15.201666597954684,12.848138164901696,14.282955891418512,13.7541475103439,16.096830882471373,12.916605799345625,15.89322533389708,12.005698102673373,14.756788383189653,14.443755704003664,14.15764249521091,13.557320929625174,15.417059431702457,16.088407346384027,13.907801030917494,13.964711508369918,13.752630211853496,12.136449150273785,12.381978750800855,11.982153491502144,13.675061823379917,12.512717193974277,15.758063925391696,15.939835266809649,13.328813984939664,14.400339137187283,14.142977429755613,12.460079710425898,13.944076062125477,16.11021383015517,13.18664214017837,15.235479762282404,13.178846019244306,13.401342307489148,14.596389750501062,13.67743867114461,13.003560425537268,13.299917306973887,12.567903433282313,14.680651323823978,13.77282500368378,13.931946451357039,14.71297643244581,13.207230549756916,14.233945316002016,12.936740563902513,13.283474878340385,13.578773769607638,13.782134430647952,16.121984371280544,14.490043089395664,14.205006214452391,14.547599132620471,14.78116973143671,13.879497328343286,12.808770524795317,14.860483287857328,13.853567266351606,13.45673192404443,13.464722056365012,13.92772293977544,14.45663685392649,13.22069528470003,14.726239371485166,13.660232686476165,13.355171124440682,13.909439469840823,12.976151352139299,13.46059196962842,15.140090787789138,13.96838374068888,13.410535867236085,13.23064175134264,13.630100066215128,14.255349944265596,14.259345447654105,15.16070653818609,14.874407297768903,17.33748300886871,14.435171863788128,16.353988650076033,13.069269935126714,14.366679613310104,12.347959694109813,16.058410745272436,13.279858568539305,12.363497436902888,14.23405375233577,13.375237931905437,14.594312216786067,14.661481904817805,14.15932985797084,13.093262196059039,14.723296993350896,14.185617654654903,13.536679617617072,12.302347671902794,14.167331569851436,13.657632610541071,14.260390047684163,12.292884031868528,15.233986524969623,14.051773211088442,13.273915803111711,15.657696760733767,13.700966998986532,17.533516653636887,15.385968744527192,13.014854268668582,13.712953267785748,12.645819340385577,12.575315440951782,14.001701870132065,13.166030140836593,14.119576859152717,12.815518711528133,12.318194280703286,15.6514746174147,14.669163216107757,13.586513954272712,13.106607331289943,13.358838888406595,16.13195859459237,12.380764081944632,15.41281482164563,13.735298995658376,14.176076822306156,12.554252748072567,14.000272517072098,13.028208794441749,12.30579738483629,12.782974257885595,13.46033337164332,14.684423318229273,13.81080015169998,12.79726442536379,13.286929202811065,14.064246367921037,15.496498836049007,13.971033453250753,13.233741527517585,10.94133999549421,14.129245402794377,14.020751274713675,13.879865872134427,14.146720499794132,14.568091577808586,14.216343794540055,13.575924300438562,13.216381485626387,14.069416010504105,13.565615135757254,13.148195655516401,13.03946847437135,14.77747440989917,13.682566252265413,13.157871382637328,12.665521599236774,15.636855033387814,12.827459442489545,14.663917357846964,14.501945043109401,14.43882863500423,12.71730497857689,14.629579361729084,12.349785848766246,16.969087970001695,14.073082026166038,14.906430312469835,13.419802812982715,14.0528824663665,13.86390872403661,12.319115825713359,13.790965682370514,13.68352475380499,16.323812738095704,14.311928281270182,14.049936256705074,14.091488666957021,14.404451875856662,15.648850612558553,13.992675762350377,12.574085650319583,13.675985314107203,14.378464495427288,13.752262316350093,14.208794303291505,13.805583026992153,14.538004791326921,14.850446112383194,15.685944881246519,16.254465210722643,10.946590537911831,15.189708449089123,14.76298041291653,12.557956395924696,14.224962382834658,14.677822845785837,13.241211600009416,12.887173957646207,13.002502539213003,15.53864912549069,14.099566341311723,14.514286570462195,13.74012162119832,14.30695181599686,13.065747752903501,13.111956724533986,13.977624886516246,13.424602860446788,14.419764569524915,12.543914346276116,16.173316614384447,14.112103030466132,14.447960853488967,15.009418607460692,14.01837877929257,12.982870482678168,15.555023058204904,12.614841715379441,14.150094408007794,13.428366716916146,13.680090431677423,14.53776486224144,13.180064089468509,13.772104898205209,13.454210026022954,13.644157827749206,13.805087698624918,13.743558767428867,14.934734789728118,14.686957735374092,14.98625704165619,14.503194470022926,13.148452670189432,12.989715621485132,14.200878546838169,13.424737616028397,12.215679572189,12.632363948431154,13.62495147281331,13.553066540078763,13.199887697229059,12.701443346748773,16.41543249582834,13.134817253223558,12.731470362384185,12.666794895546747,14.131558378371057,13.448117902788724,13.979850055065656,13.305133022912736,14.726434627452937,13.101193015313223,15.781212027673606,12.786541907890099,15.599306514509655,13.419596232745562,12.405552254759105,14.073878576189147,10.975272662501242,13.28954129358406,13.301118483255848,13.746049427144605,11.97127550651618,13.33468600263835,14.518926915693001,15.251041619537236,14.224886153587102,15.05411813031578,15.357488338515317,13.395751005004911,13.803088610460614,13.55140117243862,15.585720919772946,13.695098004646255,13.78734423082892,13.661782021293657,14.669112430032838,16.337424061296375,14.1396487709532,14.78645888478721,11.311429331438026,15.484161083367718,13.875945214703927,12.457657471282026,12.536604634757698,13.896588194412757,14.440438278968703,13.224471966222598,14.561782709963095,14.322934277581382,12.459298533982327,14.023662356847982,14.607296114518615,15.263917519062053,15.567608525802441,14.85598426309054,15.44055289736695,15.97138814754439,14.502865760174895,16.094711096095683,14.800387453307522,13.699976104034977,14.210230721328864,14.648169262666704,15.85984843178837,13.787443745692363,12.682668796107718,14.03427334010398,14.090728693358175,12.788884287102544,14.884626757842494,16.34255583620229,13.611637175088287,13.072994797709155,14.520069081089353,14.519884264162012,13.747461318016219,13.52303654347996,13.280393401930077,13.014803477035818,12.152846770978384,14.545560544799946,14.069559154748374,14.246893152998437,10.951100285152773,13.998287153500618,13.991438571112559,14.626422208486096,13.934981298624823,12.694249312111538,13.682832645137038,13.942781365370557,15.221790252742199,12.68747050900355,12.343126090269433,14.325017329567405,12.940592592065356,14.04272612450279,15.786823835730251,13.141963156107119,14.540666615511181,14.593629390348152,14.607528686047186,14.713738054772293,13.080435307988434,14.147692363775676,14.32461738771022,13.699804670776139,14.206683921033651,14.028819350462353,12.738923497251523,14.33815484045146,13.006874341396617,15.412644953609963,13.878644873081562,16.09186989053586,10.937708471379349,14.000566038105639,14.011114287115179,13.921319289646378,14.47533342161429,13.160825753836493,13.055542700428184,12.380227859513893,14.903242502080925,14.378660826678221,13.00222243502157,16.235388125259064,13.679061361947733,13.3271048503161,12.723434714631857,15.232853864071238,13.525197625066706,16.078535550712264,14.519156440601517,12.569458288729741,13.458341793726058,14.436336820047826,14.15657200327177,12.564642368819117,13.969201863496858,14.649025313351116,13.959415250942728,13.617960280778638,13.969348824553256,13.046048316819261,15.234606029360885,14.407543125814255,13.76407900705015,14.612632255221627,14.904295656674567,14.276232140395459,14.33403235291747,14.38051683224802,15.629146757699605,13.78281452003919,14.048101000125987,13.223415510491733,11.78106847246533,13.520206847571004,11.711417588062467,13.20215162109478,14.247090948151452,14.34400988838357,14.42688459324914,15.021644868367872,13.508279286045914,15.059282758649633,15.23964134303105,12.921021975649333,13.287167974467042,14.926197321769774,13.709310095142339,12.124301299614357,14.131092883060528,16.074070125938498,15.226382716970873,13.237300074578872,13.537825457354666,14.046577737661984,14.069079942276204,14.847153404075286,15.613581184531414,14.334787424858096,13.75101033579834,12.979819661709923,13.277994173197326,14.073972368267347,10.85569650556331,14.627263096620933,14.435538704938516,14.671623954874276,14.660753765770675,14.889068562085358,14.225697461060646,13.637649026825667,12.741786029454843,14.6176279945754,14.96215932379974,13.629738167655535,13.700497221660669,12.286924798238669,13.952324167108136,12.932199452821042,13.540881113385954,13.308881315673258,14.331420365484657,13.083941921613599,13.575049983425911,13.410775004792436,12.244179998899334,13.35679005552961,12.852703975998018,13.376822913068008,13.4004702360713,12.558655146667393,13.470206725021448,12.938648434365987,12.438681137392456,14.173270870641334,13.212923950244836,12.337218642458467,14.519585109598198,14.301126443646503,13.712024664624018,15.329035655870427,12.505446973289784,12.330742973068146,12.991768211343258,13.257850196313939,13.539475181712003,14.286831337767994,13.588145779954372,14.349300706137011,14.460538508222104,13.4630468829989,14.855121437627993,14.826914560391625,13.152232300987585,14.263950981388337,14.478631350364562,13.631425496127722,13.39590294614099,14.538328320827128,15.303372928788823,14.488235834789903,14.393011621171851,14.064982626409959,15.959068999342147,12.987325238729024,13.391962227479304,14.21243297273292,14.55167265337878,13.299583118030476,14.225877442704723,13.9128090616001,14.705643857542874,14.423938961740792,11.775057407948541,12.359371866829223,12.591740716180759,14.767052418404234,13.430245489992311,13.967123587667219,14.849060238738613,14.027930475445343,14.50197336664104,14.54742410698415,14.016404394557544,14.122951067004163,13.806288154465811,13.648582044306561,12.376836951608686,14.591311662800958,13.676918245270688,14.893934312644898,13.915750697103993,14.337689218902995,14.023228840684238,14.117933131089428,12.693665143019633,14.566183080339504,13.414617237092893,13.847585382344825,14.23360205007586,14.539036303435811,13.492141268681246,15.022927627755276,13.97899907417792,14.776448303739018,14.528888153384694,12.835007342153652,13.936902828480253,14.829663195669445,14.82536361251936,13.795875648786604,12.339004461359286,13.069047088329508,14.984670187546945,15.65230054621088,13.911319680073701,14.834604005398688,15.14950220820851,13.913276853064014,15.081381500615377,14.464931182622166,13.998979820697077,12.158561558209673,14.325939848318058,13.915803377457244,13.787981857768365,13.633028683936667,11.772869302905658,14.173795558966786,14.422460237036915,14.581224112838724,14.787648715245993,13.939361452621966,13.937402267972526,12.52759101144755,14.566893201944213,13.14192076517864,12.84260899529306,15.171515392703606,12.097603515452727,12.676400098689744,14.96736248228708,13.932101100904038,13.64027618349446,13.507663226534621,13.25015880371295,14.373174005466801,12.318432087057237,14.721250920915756,14.200791678792847,14.496991626599888,13.867219195559453,14.494597289026409,14.896636930684222,13.579427112806572,14.60987374734829,13.080314475081359,13.427185131762686,13.21070065947753,14.262840157856399,15.040930134632939,12.969672225861748,15.861326341942389,12.805615681860171,14.421794272462016,14.624737979742541,13.724534841555828,13.338236862324731,12.830771862144921,12.859910866514308,13.020291726590669,13.95587486019394,13.905599565490743,15.505395516503599,13.00581397012186,13.42778686459265,14.433218222138548,15.286792851567183,14.075248317116712,13.55291411324864,13.986182384231117,13.648701303080635,14.254764614438013,12.753232522229068,10.198895747824041,13.850389237869543,13.359690277512232,13.979326762533821,14.007258408445226,14.430063641342523,13.737406769657735,14.152171369797442,12.820651725647396,14.442439810323844,11.8913650568693,14.079145232280954,13.511982870457679,13.89336967666344,15.384244439652836,14.309373745790289,14.94673377404756,13.15592975383983,14.601064001517399,13.075280562341057,13.448252083741945,15.62909257015778,13.71566713006613,14.080552743909891,11.893007001716407,13.90276745549597,14.235398210355552,13.95915968280838,13.805278746157311,12.841208489208585,14.789172492994311,13.352038454015464,12.360192213487355,15.304495787481333,13.285220313291054,13.100801730582313,14.471684097680894,14.521990824937442,13.273674886385033,13.011984155096645,13.830799725257805,12.999267286746909,14.28858253965296,14.837863525746549,14.08548495832702,14.451481879873711,13.995245507644524,15.596267542169858,15.199828809888311,14.23602091181484,14.67121354990323,12.905447311581693,13.04579293881926,14.161583772488434,15.278994791805255,14.254289415223711,13.97053246576369,14.383957370322527,15.604403999153526,14.742909316080166,12.118817572280639,15.081586747204062,12.786942673537721,14.172782868500104,13.561125078663027,3.800504802809394,4.695649186433625,2.8347808941710633,4.698279399892758,14.00690241855657,11.169304246600062,9.89303391966381,8.37584519239431,10.022946753684705,2.243770973725997,4.363034485206611,3.6107259549315107,2.6333255758001117,3.150831837451202,5.929999679781387,5.032139394457084,4.6644454288270625,13.507422511461852,12.333887197967007,4.605515743801936,11.633923221680815,4.478754861719395,10.856346323107578,3.2186894098455006,4.05170847116682,2.8860176367586474,2.650004715782972,3.056376122739178,4.7259029159845785,3.9443517707469806,5.855079257540378,3.1101052099899373,4.042468833961828,10.326446516816262,12.401314559078628,9.123964859206936,5.125822991477468,13.784419547056006,12.225461927484748,2.315569777557744,10.294287481919728,6.545131711999513,2.304547752126195,11.662084113862567,6.6183831184556485,15.035557525529212,2.9794044253000855,13.04825818678811,5.612554900617308,3.2531676631855877,14.269464756958127,2.9358129377714524,6.243597009911393,14.65893706505457,12.813138177327183,13.929932297939422,5.865541929324255,6.6107827731289435,12.950121550149666,8.378875583830744,2.6224089407583984,11.411420724908682,8.063350492602066,10.753396503545689,5.496282780825751,3.86098031127989,4.364875599191705,2.4081622626712615,4.683468856848521,9.3011923861579,10.732948844893475,8.704835924783408,3.245756362702748,2.662003511754521,13.026499561791955,8.425604913478592,9.215187876321625,3.2312399952873916,5.178168815958948,13.493451801593471,4.623635968412585,3.7255414153723057,3.3447363090334963,3.503449554975278,6.310057367772238,5.822760937532853,2.06347309455503,4.0849731699872995,9.171767966344417,11.239282491366144,9.520437051194211,5.672206625704421,3.5827605113903798,3.075192611578035,13.545576150709165,7.562474149125983,2.206128345271036,7.45762867638002,10.682028538423983,3.554709346012148,8.532795232765528,14.151791400624882,5.492746465028929,9.803669210824282,4.0404617197953545,6.935208622625455,5.703831473722642,6.075755887345629,6.4056660239712,5.954813536913929,2.5267697152569797,14.021376501667728,4.638065825060424,3.1656790931169825,3.507329406166929,2.022460304980239,6.496566370434474,3.1011189315523486,5.086153931545112,14.406678733957001,3.9010926925869835,11.350630381752929,13.986806830042338,8.390158755146825,3.8620989561704855,10.708193283369138,4.549429493826149,2.6919850960544545,4.915801141170036,8.63394193813712,2.0838809661052653,6.480466630629287,4.509038720501676,10.992610885700481,12.450201862406736,12.084632591570191,5.915358849412939,3.2604093821325417,6.742777672572226,5.106429692255921,11.757572080893713,3.6645898654441385,3.509073649592616,6.350971573610751,11.293421386812486,5.987972656661105,2.723397417175007,4.962841317067824,3.9956788219896016,6.130250555729966,4.382046054376731,10.462574723770304,11.768361507046743,10.009513930767795,2.8271315738420744,11.750904794039563,9.220320870695762,9.704255932608444,10.127816230907303,4.833181640528607,14.2367461513434,4.1787235133680305,6.2084570180419805,2.98854161478932,14.004846883170131,12.590160941852684,3.584039407017193,14.228518171204819,8.470588528504914,6.553126447551615,11.732032225708894,12.71032471861973,4.354835784950956,7.217611652784716,10.619752294175292,3.384624215756346,11.22398405261035,2.682365152600619,10.4561756562152,4.571113480035422,14.731436603516524,5.185116710026878,2.462308787386134,6.553971353523191,3.6991401422188552,9.744893963246515,10.636225991477637,4.717426384661208,2.5703893050029643,2.942521591812607,10.832837259765537,5.213081039806769,3.326726274173056,3.2852501629672743,8.290534024647846,13.587394779833309,6.939347054131889,10.550801115497254,2.0885893050786835,10.043425526758995,3.3197963195007087,2.8773794109693496,13.01974747803878,6.187405981432246,5.111098144017098,3.879668446552827,2.9411537094314846,3.3291842925296042,5.929303000667782,8.415209271503521,3.8402743693490535,3.2272657977551806,13.975871942201385,3.1714389883239797,11.316868824669577,4.624352459832206,4.8063412136567365,4.527432280396126,7.98348318870915,3.278106234818508,14.379518019605099,3.2401641559590324,5.154324076250691,7.5048517930531995,4.13944729370508,3.555151050723828,2.282802437519394,6.5329905475080325,12.790744065228688,4.645795003055159,4.21481904970351,4.068291066737483,14.87067805946947,2.641383818692816,5.480657693967153,3.5396291404375404,13.642082845304271,11.194225757505585,6.015321904595814,15.966024770008133,4.941370362315262,2.5929121320330015,2.745427988488202,5.1647632686211855,13.294471958408604,10.369080148940858,3.7225848717766747,5.766278765304617,2.735289729167384,3.5975519128946623,2.3414006921453274,6.6786077355918785,12.709719198864946,13.906353847123244,6.77233435359356,8.404010965744042,6.53191042502151,12.93913700092868,2.7452956336620944,3.7536259152692746,4.083239247693385,12.76753419905248,12.249298884311672,3.7871816197872192,4.78168966300205,9.222014132566375,2.9662388367229395,4.176459719113935,4.350323672984302,5.711830083691431,3.2480366628071895,10.777319217544,5.155306037397254,11.720915289033327,3.984773139832788,3.265170890652534,3.7494254811757286,5.107706504070868,5.47264904382796,3.1808029550233536,10.148756230575144,2.0530128813590127,1.9422670754033708,2.9110784630503264,2.583493466140884,2.7909974129409796,7.831994407537715,5.594988400618673,10.496084728253802,3.300073216618038,2.9262077944418627,14.161306897443758,12.60359520328648,13.276221973404093,11.521802013579672,7.954065903805609,4.07885251279482,3.541533573019488,10.218952396904598,5.021523466567127,10.697274550299838,14.467043555218341,12.208443231812812,13.260731516675547,11.472552483986682,12.728717883934161,13.32102404335164,10.684631305513019,11.983672280789255,11.114777215057396,14.169066390653382,12.919816249861379,13.08847238229606,11.050001878979687,13.280175589187694,12.867249394934408,13.336142048911963,12.273774649266675,13.584735012257832,14.402958738102013,11.577370342110905,12.609775049303513,12.332720347334961,11.32811639197902,10.552309912362304,12.584564881189523,14.416083478892384,13.740647456178731,13.72511164799416,13.01470062224168,12.333557431023834,11.807885514354817,12.21351162064601,12.97924426703004,11.525721861177834,12.276592538540333,13.142241332440827,11.703826718314033,13.274660387913485,10.655235900212743,10.555117087912029,12.762540552321841,12.417160721530072,11.911148645176882,13.634527082552141,12.808595044041802,12.673624863539702,11.722404897287525,11.32858828654784,12.392246495751651,13.333017830837322,13.246680101143722,13.528241617801578,12.37953053235571,11.50135567833797,14.256064316500998,10.902944050900539,13.069194376613588,11.550607808958304,12.906942296170646,10.206793548226226,10.766345628866135,12.5509920029941,11.946553833214542,9.510857798727487,11.58345839777402,11.682184185075798,11.927512235692648,11.41172358046852,11.919165993524288,9.1701890647434,11.833200940340229,12.47985771755444,12.707323230300185,12.523136529944754,12.384693872808349,12.63622478925133,12.927724540974335,11.763021767644025,12.08213627813515,11.677557177022532,12.318456870687795,13.340384716804577,12.94093559645207,12.264181285748197,13.41999725891367,12.503883156748435,11.798538031597175,10.9993069963585,11.836832466534682,12.731861594489782,13.760458064007459,12.20692368029104,12.71489193378985,12.14739350915604,13.390689349887646,11.838689180907119,13.299391958700502,11.530308939156685,12.579754169885017,11.763038239653524,12.00957210852245,14.476252611243524,12.411730060093985,10.367250320390838,12.265754696409104,11.005260296126785,11.054314269753936,13.257119323464238,12.328130287013012,11.11079101797165,12.844070566432654,11.789640408031135,12.757825185818675,11.574538378202401,10.813522746602542,12.622558237846388,11.613789983606962,11.80156046515288,9.272384259720578,11.646862996303673,11.534170154349559,14.04033509548146,11.7580323995904,11.129004896443156,10.685400464908675,12.199542747514279,12.341694094309897,11.857003247098588,12.275143079550542,11.567542309690205,12.189100462973494,11.899470747722011,13.50783116042245,11.403091582462158,11.066404909728968,12.971350064973096,9.827296291894848,11.09525637267524,12.998103699599174,14.66495434834089,11.74493674778402,12.710308004074689,9.504385311035668,12.139166050731763,12.481332077754207,12.4333529579906,12.966144575652855,11.944767461762428,12.372427714867925,12.799792079679895,13.671754770020456,10.292636236720062,13.6345930433291,11.63760489334713,10.10035604270533,14.190826437017739,12.96650590871794,14.050122433237174,11.546782794159617,11.165526147732274,11.384322428914402,12.602249166785787,14.416482371514896,12.945202410973392,11.687237543893788,12.745753368380234,11.937617638254322,12.547254043379779,13.67922667615246,11.375650145905793,12.564488647126815,12.293727984226244,12.728430898689119,13.532577609398968,13.069722334505633,12.24121673063063,12.1080620441965,12.951272681568335,11.363554649847329,10.527630041912023,11.386985378314312,13.301081766049176,11.046770804189395,13.31895554648155,11.987131718346351,10.859793928713863,11.899552500786136,10.465295240249313,12.631051258348043,12.877251926215548,10.658395409495201,10.645644537645849,8.853122711039623,12.284657189119523,12.140900137486254,10.985649513486637,13.786919521514223,12.455405510796195,13.418626254340698,10.677501802572607,12.922649571216342,10.072990882705328,12.934005368804042,11.720430200662719,12.928363162616908,12.961345839065865,12.618545337609484,13.391506609477434,10.67754543968571,10.641076964849143,10.550384608912587,12.288386882578349,12.290296005387258,11.000574535317815,10.712183678039016,13.285689663404774,11.774043800753963,9.741374383374115,11.524568553188947,12.626869198389919,11.533717556009487,11.461953395380256,11.717935296089465,12.205142124901299,12.190424057719579,12.136351685863309,12.347468923957035,9.298606484689362,10.82737013961409,9.408294809829389,11.453789866826366,12.688681934261933,13.844188458576285,10.632468340792984,11.438706446524344,10.646445979067547,13.016473404978418,12.324458551428297,10.627363981346939,13.314856533579277,11.16864089903239,12.771482533146349,12.372797459249316,10.864193831300073,12.899251205520736,11.937099303021355,10.910960659764456,9.967387167878655,12.298575984610236,12.522275327262294,12.21899351529357,12.362793369614428,11.66558078046797,12.789452193295954,10.772519996905224,11.832426999284387,11.999745021807923,10.674346676622218,13.757802805697981,10.430613318828398,12.044949050769723,12.428404238122324,11.111037595605234,12.791726970344897,13.788366073926358,11.117033955321654,12.444702881809725,11.053363453552317,13.591381323623613,11.49246082683622,11.091154040767767,10.74667403547609,12.250548750138577,10.871993180416847,11.294976097519031,12.855057437110027,12.726005158314475,13.258624977734483,11.597774192769343,12.038038772447834,12.114829686049331,11.177392784777096,13.349482599295477,12.249512159780647,13.611308480131411,11.45867550589031,12.567374461058488,11.40782349805869,13.07601262630805,12.106443044672787,11.458202996693906,10.306442579352467,11.713347885638573,12.937293034513317,9.047325639039855,13.420797618917943,12.858042785787553,13.107278602003403,12.09451339077387,7.3006194105453215,4.110779645604668,6.344787614197392,3.625050346169204,12.030499750058482,5.31042509363484,3.5992290246587832,3.341880439686133,11.445137175272762,4.591868838247693,12.474101816507321,8.835865397169137,3.57504267667309,12.930016612374764,3.595568174642548,7.418310469558837,2.857165954586774,6.028242582279732,4.175337040302435,6.479338251133199,5.643734322918754,4.921000921503808,7.011683155006582,11.178134785023294,9.808825415738845,7.557053701348066,12.141426245199568,7.0051231530886735,10.704901615885488,4.791589085592643,5.888442819249429,6.845158767556923,4.422926720306657,4.286417370373771,9.313335193993092,5.202324626403371,4.56427638078717,3.05084964380895,6.507864129049246,3.3269571341173605,13.294197192657494,8.386149425430757,13.045852542546724,3.6812957201077574,11.274875067388258,9.502659230464356,12.669649442022886,12.62667590294899,2.5846563957555495,5.766093774367586,12.670306433908111,12.243784565832955,4.116927261518991,7.241590473423534,11.058380180493875,4.418374198256329,5.314321000334968,3.9397361047481354,12.087853442013163,3.8635762399859623,3.033755933672589,3.9128683062290026,13.023270681565425,5.743424982741329,7.044195834172852,5.018107756240911,5.971687987706435,7.892918022415524,6.250784080932054,3.8568354063193633,8.126828719797178,11.56128042717587,12.09601099861514,4.4426828291726865,12.941947919508019,12.56035993772807,9.104879094347881,4.042451737257952,11.301890289509197,3.6866505934521347,7.637259757026379,8.883896947395026,6.0916101965864335,13.477624406359075,6.112973657537931,5.295361803694122,8.935470244954827,12.210082170835799,7.7215426021396025,8.330353950629735,4.102584785331837,8.123904291205859,5.007107971158516,10.5743511104994,5.734201986549525,5.609527258063189,7.048094203167624,13.378320953170418,4.899775177141399,6.070939793585977,11.926043204176185,8.76405253534524,9.538458702361487,7.790293417642132,7.839287458796869,13.386561292572555,11.77882746289394,10.95529657332466,4.13791701877742,2.72455829291775,4.783438603496271,5.089559986415784,9.160919397317011,6.115861594605621,10.806790931903059,5.828838906587993,6.7769933260766555,4.674114023916586,9.634275414311931,4.322644110168928,6.059371386342556,10.045617167686993,12.966992749433704,13.167113783343474,4.265681007097347,6.319068222650905,4.181198574105053,4.115347105417552,7.290920671033438,7.832705883247999,4.560477317489844,8.06191505324431,11.615604321237567,12.258289098619665,4.161830703002645,7.784817593675757,5.496155161551728,5.55419200629593,10.194109755746227,12.281364006012172,4.038547921769499,12.883535646766918,13.028460815459882,9.320315558644062,13.490810763507218,9.718328262179774,7.773203014312159,3.5077370959498526,8.760974355142343,11.31454476214842,4.226776809864339,3.6337613467561227,6.826365032043748,5.716389967270991,3.9953875522457682,3.49805901550324,13.156289926053114,5.662584171896296,12.125012338835825,3.8954495236743654,5.887958422493717,3.2569181440434076,4.297887014583041,12.218095657257539,3.7406099439596248,10.589473656086236,9.675367245278146,12.417194758990531,8.004494260334049,11.565484081851194,2.750605307116513,8.10822928950453,11.439912553976788,3.212450101890938,5.420006731676092,11.520990717897199,12.692995273572663,5.8288343621593235,7.656232197326245,4.268727835177451,3.573652761584193,8.164868043674174,4.63733856388342,3.4723222100951125,9.221945527112599,4.34952636461263,7.42264151768331,5.616720736937103,9.017692381905626,4.069908283169372,5.118353236671379,10.517354716667402,4.505343011059085,7.112084331011463,12.04110413027438,13.105006762219745,9.701118496893038,5.883451519884848,13.758297170359283,4.932940806481481,6.013661157441981,12.170045275352239,2.7610737883620513,5.920503230513758,6.9699297119374,3.6179709296562628,12.024047747133938,5.685530762339548,4.127022140794397,13.089206303969233,11.834620968880978,6.08656713557644,10.111312738714203,6.811714169547187,13.393866449225785,8.707971549418923,7.3567234243262,7.475020103710201,5.528968166403842,9.0483726165996,4.473299425717669,5.576014875148463,7.320390661510167,12.18726012000446,4.35740173270107,7.540441160514201,3.9171663254867166,8.631518447381547,3.85164237264593,8.495095484168312,4.986173534042755,5.437974425572685,4.424515475040204,5.010081202354016,13.447783068676104,3.755358936884285,7.182603677028886,5.715149138069179,4.954340423421728,3.701412628333141,12.69999204692048,8.5833189349907,3.5488332805609786,10.345883674969127,6.243030595661646,4.947922856662684,8.632393212869275,5.211843229169335,10.737085109430874,3.828098277989948,4.479246834037828,9.748675801342479,3.850141255649114,4.930360669216095,12.446226183790941,3.9893699054242115,13.020217800034576,12.620415553837214,6.428796920868896,5.311444786776528,11.691556245090657,4.376885079282366,12.586604858975404,14.173705459111785,3.7662095138164022,9.306019495422376,8.25659323342617,11.374494743602899,11.053917335662565,6.209707123350565,5.913182041469086,11.114234457143851,4.364049618481162,5.15462232447838,6.712149424041419,4.801826057987035,4.475765718481565,8.929290689798815,8.983415176584355,4.957274353261814,12.70781196077926,2.960847179830055,5.046992891156182,9.10328819839799,12.988836624151013,13.215512521009883,4.374338167839724,11.133936599353117,12.946059040747663,13.449521064296286,5.950082666077714,9.902406269334866,6.087982510224892,6.992269703870264,4.560245206184746,4.284029276945127,3.5275324517751465,7.051813406588529,12.111193878613584,6.268506449923206
63,3.39440711320588,3.3825191255478915,3.0313427764078535,3.439615474602383,3.5355103659174842,3.4972765055200123,3.300016035537317,3.681852663368725,3.36754301353945,3.281589117105972,3.503702101607637,3.05906959657715,3.501486169020606,3.487685016362228,3.0941362426054293,3.043646034984153,3.296487106863708,3.013310260976816,3.324977469431331,3.333406410995381,3.5795722404376344,3.3506231651200884,3.1975696106453366,3.2590896681600765,3.2288407461303614,3.3123932852918037,2.990620467187961,3.3757238953711934,3.449075338387817,3.194476104127836,3.200031910506479,3.037652307532167,2.726828149752408,2.9529172817906684,4.808954013310329,3.276659789683598,3.512976617731698,3.7790432848646662,4.108840318482579,3.555901998348385,3.552280812815377,3.0877813120324378,3.406707035385795,3.521503200980563,3.218367217656017,3.496170525241702,3.1713505513132096,3.2153108095198943,3.17228935477628,3.217947162311726,3.80623856827085,3.5538272905876926,3.3227892888537407,3.3920262969842567,3.2848021054268894,3.2659831346751376,3.379321683870489,3.163792950485596,3.4792517858234118,3.6786123272635303,2.779484800897035,3.642151546707311,3.1654936127295947,3.601343544480833,3.291388842989544,3.4360316754729654,3.1146948073061087,3.431961057512782,3.379665876933831,3.195250410952881,3.612255147881843,3.387344002121677,3.179964249128967,3.6055077668955704,3.509858271402321,2.9865937088163883,3.3942105014795754,3.209695108393049,2.8701657790242923,3.704778741884459,3.3447680569792664,3.1277426313506838,3.286533402875601,3.704036249495127,3.1823083968631107,3.456442319496374,3.534174664597067,3.421384764827878,3.7743153300062655,3.0796647800842654,3.2211091622746078,3.075427290737728,3.4290459751820315,3.3104612826741002,3.705170688779666,3.4227077152745324,3.4717151900350056,3.4407124908314928,2.7442983938082794,3.2895383254949357,3.5362156760559853,3.5087927575848514,3.432384837583848,2.728008083044779,3.556064327906902,3.487588737162111,3.5152234175797576,3.2891619301617627,3.3632903118175794,3.5486239809014113,3.503047567157182,3.3109883481330527,3.2542883819838244,3.165947150988165,3.2986814483418097,3.5674457171439857,3.2033007516378893,3.400334878086376,2.658339667758253,3.3801926190693132,3.3372007226932716,3.3208526130877054,3.5076024456597676,3.5618887917037187,2.6479217490756697,2.8018375126417046,3.390051969791616,3.212183789185248,3.462080094070456,3.3374835565440626,3.469615158118498,3.3291186056587305,3.324231997103955,3.0323564637293416,3.356318442518769,3.358364091246098,3.5678900396957163,3.267818145070467,3.5711992643010646,3.362407864133711,3.1296653493201125,3.344073761248986,3.363444532235575,3.5817435820861077,3.4371929879939054,3.4077378888474894,3.4571340020990236,3.066524058224856,3.4245747444414945,3.24602859712884,3.1762115569408547,3.499065845950713,3.517860598238734,3.1770392225367305,3.56533828203676,3.3216599421867707,3.5734826961988753,3.4751114417428304,3.521821675259079,3.3135825562204904,3.6229121365683685,3.333053376794573,3.6232287559807093,3.4331195794007314,3.1006634299058127,3.289013023553886,3.2334021258795262,3.371221925079598,3.537371369230359,3.71883999270617,3.6635059256115645,3.537120430054746,3.2270459121637063,3.54040174041032,3.3187549381386456,3.3523570998016585,3.069774859490098,3.351137918575674,2.958499253042525,3.3238102089027968,3.342647780194294,3.5286032108583343,3.482234850292446,3.447848228158966,3.6835834131892033,3.399947840822503,3.534957916490858,3.3423660284057255,3.209135188419935,3.551351277698745,3.59359554405598,3.3523044730025355,3.325446915157304,3.5217623412343615,3.821838331854596,3.106001706993254,3.4125380068664426,3.4427111675832633,3.3311666612886657,3.5030410813860597,3.5403019314604927,2.6511285990810487,3.259847336189399,3.2027353037488746,3.478956815403265,3.6144087652387227,3.1080619552076354,3.4918765034494417,3.4210477284140044,3.523165298868854,3.612965780867178,3.3720208358820027,2.8056738368651177,3.3477460372864227,3.3218716817297698,2.8925586762003883,3.283988921933159,3.6479033680123587,3.0651674079559545,3.4984045390059317,3.218585064895492,3.147762875852766,3.443559133212717,3.8223152670121046,3.21739357530037,3.343456443064329,2.7064620680452665,3.6963394656300133,3.4569572244535425,3.3337070718045907,3.3601160971803177,3.0223203040514663,2.8708307051381046,3.2494151653386476,3.521135743811641,3.3666167191746985,3.5297626897285754,3.34714704943436,3.923634837145778,3.758431310053658,3.3305299593603412,3.662528431054512,3.307873533952514,3.6152230188997745,2.7013221060946977,2.877712906829439,3.424093392745032,3.544125058780624,3.4300671693331455,3.202767535208025,4.779740973794027,3.343842890153003,3.4131215241726367,3.543847785508882,3.674413551982649,3.7217589167667384,2.900160387643274,3.0414850542890957,3.4094064489802913,3.303450524475961,3.1597937348988125,3.4964595837299037,3.411958104254675,3.332178266629771,3.3249626862220794,3.212340784880375,3.1033276559257708,3.51311836024836,3.0660561398980195,3.3285968395023047,3.671491266149606,3.2484277374764874,3.13108322659991,3.287207365469246,3.1398697181590944,3.6852998221100814,2.706071390752718,3.5695861545339502,3.53214791417434,3.43130041975469,3.0124994076132223,3.4145172883741908,3.4786330137386487,3.4515807974230093,3.0704933834156947,3.298043208028713,3.1436629867457864,3.249552701732923,3.3964718197149084,3.209451600490986,3.037670324905517,3.513202681537828,3.7250546881611672,3.3298309036624736,3.3583445188246794,3.249925834876495,3.764380365476456,3.466301667793192,3.2196530276290414,3.49256560971185,3.5828635627993894,9.532123696222207,9.907126201388822,5.230235850501484,4.013596265870907,3.9880424147924245,7.147879687993192,9.652540120921254,10.850312214926443,7.222264894620177,10.878135973458118,4.779103017320988,6.516592836909103,6.377069207327072,3.472770804730448,7.191735527642044,3.5392614528534265,6.3424829045157685,7.673404187481922,8.301587685967451,5.7727490646299335,10.06716950857339,6.7777917717029,6.0028003001893735,7.535376036191396,7.435220174744324,4.053170450245138,6.7925172065387285,4.989987662732125,5.045140687947625,9.225644361806475,6.817290884840769,5.479995663962294,6.734688652932581,9.565879049217525,3.270964587217008,6.804558773930197,3.7125858033711983,7.270345433225254,10.668009162235432,9.73912611491115,8.669901511772222,6.390019140380608,7.676493437276953,9.723256666293237,6.2484198463534435,8.77649783588253,9.089895500453368,3.97592733188677,5.546790398265477,4.59880547668879,4.387175099239855,6.665014744615994,3.476312518028548,5.439462834406852,6.7129988008490935,3.833213613794273,12.185773418180926,8.125418205411801,3.556084480603953,7.459834858711031,4.958575240958094,6.107877944325458,6.91299182038958,5.596499331296429,3.6486080940752914,3.2786999320124113,4.2200926788582445,13.736314321593488,3.3287674121525805,3.4946805130297167,9.278793835126717,13.376381442921195,8.314487347291989,6.682464541152611,9.941004836380051,8.504410081663067,9.65866856727977,5.131974057091929,3.4810687453264637,3.7382032267169585,10.275754551733865,5.956278615247637,3.7317773948563455,5.535582596036728,11.773487878327835,3.6770398992708877,10.019331415231427,7.186823615916936,10.135727113061266,9.635619311905948,5.3926154363602015,10.949717281972454,11.09179888612481,4.913468983908842,3.6557377793285597,13.630247561871359,13.706645466608514,3.373456093688464,3.9760517955398025,3.8820697499523193,8.096374378520494,6.623640625466753,8.072995750858935,3.7472236512074617,6.1410227871772705,12.73043947712201,4.6219068147897495,9.908051308921081,3.529711153250581,3.6143612900056032,12.10168337134885,6.569292775883266,11.656242157496713,5.892845147848616,9.897398621853986,9.026514437284225,6.908566762340195,5.044239741125488,11.687116454187805,10.435743997125506,6.00358778960176,4.374308718553528,3.9245737665130083,8.773620037808719,9.422382769025836,7.456057486639104,3.5131825661052902,7.526198806560443,3.384845552782648,8.455243666492315,6.315744635905607,10.323842395945265,7.796816596515434,7.723558051994315,6.651098921609217,9.260286934777634,9.850656967607822,9.422791276275388,10.586552599301912,11.192347386713353,9.96941846849114,9.222022443962546,13.210193045805902,3.38631148672693,3.8408136733118714,3.4834736592067244,11.641529741052466,9.349013662886998,9.104235315583429,9.835059446138493,8.127222365643686,4.978121163215636,4.292649170918008,3.7569833932350067,3.4035952396045523,10.811640796995512,10.960441230905396,8.512912195392635,8.178698529983146,3.524135376145771,5.89509002169226,6.502995730294453,3.9450355857850874,6.586936922061596,6.735838546031775,5.382752211540141,3.6390942516230043,4.969139961995089,5.9208840764335315,8.853085186174525,3.7422869363434654,3.682994726547172,7.036882589633265,3.2681841204880664,5.641009788683826,4.003946721815531,6.794864827771512,13.846804858982779,6.98210846293423,6.087723215170073,8.276692069303577,3.437518706026685,9.656950389363695,5.9138093158807585,9.866070475126627,6.065232380614355,6.348038661403489,10.683925090886325,10.742391966918305,11.976467883878149,8.222950727861885,5.003999772767528,10.915115026305424,8.044136335085227,13.716637533207596,3.3127305172663495,4.507743717749743,8.272712217475807,4.035912503893981,3.6828677736936672,5.984515268569826,4.803485805416248,6.9419753419124,8.752510745734924,8.104543083122515,8.510376848185444,10.44483127564212,7.1997831188057475,4.286859785783424,7.657018577997367,3.572373311142396,9.326945217180118,3.7488988831852286,11.944205822073714,9.383778667399461,6.1429952983545055,11.950893526143279,7.069310503246924,5.199579897399932,4.852014833246176,13.814193150821525,5.857885901112574,7.355178665104228,9.29171848444395,3.4033379443179927,3.594914406297361,3.253667465799477,7.030535218788018,7.07382108805649,6.124817282372112,10.927137975044863,9.423341833720844,6.04247967968626,3.2470937824585575,10.582137459167287,3.8001579082457013,11.613837075884724,8.498304472718576,4.154614390341263,7.3421927542588366,6.576598060538048,6.548038461727657,6.88017133291404,10.88733080410321,6.22669920778433,8.820095057366538,6.151634553141098,7.285460671784448,3.438031043100355,10.976715227377316,8.494434447465684,9.438625033168853,8.296286079466311,6.271322744552867,9.515532282412128,6.548945823169744,9.731362952994141,8.988662966882446,10.291191055063093,3.8671080363458903,10.174349583491345,8.836517550337303,11.557174075767062,9.196923100570528,9.089711653696098,9.899262976967178,4.467942173158192,3.5236025165914264,12.576842064485275,10.506737921339555,5.919834112389298,9.98104044472993,8.331976977269136,10.10765505243586,3.5636976920945793,9.986726896699697,10.630444972470217,3.8537996639457863,4.959213764440899,10.505392733968943,3.9587292902717497,9.633195173598455,10.866836714684553,10.36317573162964,4.083870024036736,6.38855622483708,6.97352561629867,8.29681566129652,9.360059264026411,7.349565904401749,8.594818171263471,11.311715184967655,4.322375615596903,8.716778877313583,3.88034129441753,6.326644989581352,9.739598520682087,8.264026324140842,9.23850629725681,13.307402504161903,13.822890716342098,11.942632400047975,12.874393128262474,11.606173259620867,12.646287280705703,13.63662527588136,13.43949356823892,10.714030842509143,13.504012199932733,13.448022009752322,13.33427981364067,13.233992857064992,11.767803772804909,12.599061258136363,12.308403629427323,12.694962066377423,12.575040722480392,13.772758489621841,11.21475855834543,12.287702402038578,13.89821544933714,13.467189546339005,11.179467519078377,11.94827726425069,10.802067360576263,12.472709378201463,10.833077280072033,14.339794864931449,13.816035896839024,11.64132364431627,12.538490326809248,13.339084460333128,13.684651170658078,12.998568146564333,14.759490135716762,10.948435711880846,14.03284761547229,12.821862711801185,11.526862467048849,13.654790350188007,12.381570685336888,12.414451683374642,13.30082541374562,12.359288639536986,13.629022091461529,13.461222106797447,11.750326621069348,14.9488493292852,13.221265248973257,13.597190186649913,13.120474557926102,11.894345106956045,11.744354755742686,11.914789035730017,12.652091049956223,12.297511291357912,10.642954546050413,13.697906086386597,10.517968820266553,11.044279489428474,13.4682614923846,14.397871826636704,13.221304846956917,13.445778610569295,13.861276556693092,15.156586393575925,13.441245468091518,14.220331550325334,13.578591918249444,12.117229260776524,13.945684099536843,11.727375623940958,11.904181673139728,13.812308190049981,13.421389488476644,12.946447992161229,13.292041530900818,12.556495088679917,12.476796731831978,11.58067775445543,12.723766982719743,12.358903079612686,11.351367151570303,11.641028841940198,12.526561576486682,11.903871044133787,12.794361360725432,12.231985115631462,13.631380210749946,12.349098079472721,11.670332381163842,14.026937699601904,11.215482498378085,13.139322432504986,11.12799748368674,13.6684155521518,13.56342106822509,14.249968336391317,10.91913051786499,14.017485923708561,11.41102686677288,11.884345148737511,12.00656568982018,12.382652664682592,13.89642874723708,12.765323652414232,12.803226130175359,13.44929748424892,11.468725938086873,13.562505886196789,11.57082293776646,13.826596059937906,12.7241806308042,11.1815190580804,10.745636281789801,14.312148623249266,14.891842407540219,13.287654417816722,10.519166590245016,13.86730953139806,12.529777074055064,12.396497198794668,12.612771599990168,13.539997729595699,10.727639885161953,13.369785810686027,12.300127199746393,11.647961126705663,11.395420278522828,13.623396395289928,13.642914685890274,12.905221853474995,11.215036943043835,11.656693690897379,14.616025172348241,10.754252717838996,13.53627389683403,12.099229867594076,11.50756177894857,12.197232455421677,14.026721253067782,12.210763168360717,14.308972848530102,12.135604306931512,12.668712103789545,12.674099136178654,12.23034362997799,11.243929436060766,13.59644048544946,13.040102408557871,11.661274854439077,13.782135752036247,13.42173301666248,13.406958147005847,14.203687138605744,14.254270236558346,12.571370079609483,14.732664961412786,13.732299905697209,13.606283913888122,12.60867003747357,13.353405180322827,13.631371948915946,13.70395695409764,13.354279414532103,13.348830589550666,12.805062276527043,13.92694653066985,13.763197879565448,12.542050841752577,13.355651080522305,12.898774977742157,11.971330913146186,11.85648394719874,13.98971924945681,11.673492705183623,13.95629017820357,10.877978832839997,13.984590833062,14.210442771592584,12.178227947023297,12.759936671875483,14.01642293124112,14.286878685439733,13.75341609354408,12.05972471090748,11.53982041000502,13.421259696450182,13.817134102758525,14.34298132084508,15.009778332372644,13.047429254777335,13.86424418248421,13.121225100007482,13.491250090739264,13.057331047247388,13.611832298093546,11.14826077559819,14.640587011189075,13.465343523694632,13.876498531929602,12.946363180299922,10.89893042587963,10.934058223660227,13.163316959915974,15.778946290688987,12.042347146689655,12.164481010001522,11.82709875089275,13.525029783617871,13.92142118464738,12.08660840418723,15.089215797283261,13.71761950592909,13.195926583560414,10.57362210116072,11.571613485864553,13.179489047375792,11.296564804917315,12.839706194273123,11.996583963522761,12.956842350634687,14.405398688310935,14.144371666471905,11.017567419803838,11.752598689519548,12.710760385675618,15.159497940447592,12.515778719312642,11.080004759306503,13.699757075699326,13.345846928477185,13.477823334179968,12.611914818037821,11.027931414730999,15.06230597331857,10.943859763200921,12.881837890486134,14.58494869556892,12.096555167485645,12.096644476627764,13.712362873590196,11.323020672567154,11.039906644542478,13.830099556787587,13.042985264946147,13.730514355019082,11.82943215417996,13.310120936461965,14.955835769293142,12.827352187254608,12.957858847604443,13.415417953589914,11.264975119283251,13.8335425959743,11.677224133420138,13.639166561909946,11.925204744931381,11.596223593207919,14.186269720658183,13.075333582941663,14.140107585068948,12.207731666919086,12.454983483692411,10.493280430307058,12.998316118859245,13.550506547108212,12.094774278628226,12.671139319419774,13.436367346059146,14.760479331819273,13.317998136078561,12.167402706840045,13.601854245398656,13.845681988178516,10.486843197221148,14.190636669990347,13.31045166566515,13.099748268957413,13.053520398666274,10.695686300136863,13.804520689629076,13.637996091910669,13.997859816127121,12.88998622268112,13.69591751040753,12.758172442619928,13.938679286493123,14.30292341869959,12.717476895450972,13.131842984030355,13.19700466671598,13.304760977736423,12.674401722617132,13.423633276522702,11.490599742645962,10.857816381654791,13.33672353255205,13.930530760567157,20.41071529249925,20.940298138468577,14.664803830026871,13.757112360721838,15.762743462254724,16.327195811181557,19.64134771186328,15.80098627278401,16.83423460003854,14.898258240237096,15.638473391104213,22.472245430385296,17.03108677437172,14.950468091921874,17.16856226731897,13.76242637771828,16.983314197768124,14.454696562195352,14.254157651086848,14.102981557954559,17.47599607870322,18.41389718268764,13.087194406873541,14.474949605219646,17.53268878217704,18.506658414215813,18.189747646720363,15.007174958942981,15.839096914158445,13.426675261697925,18.097476737155826,19.237890029536537,19.46278747292949,20.518444559213634,15.1903331096685,20.390211340564047,22.990473472591862,15.83074687789366,15.013797930265012,20.03469295925436,22.64905348415875,15.379970524856663,19.951724388675345,13.842601251136534,13.907416462125058,17.98565066303805,15.092236324703963,18.43777087415408,14.613775417165202,19.011728699927087,16.34467687506965,21.912752406693365,17.3678211817865,16.362058389392992,20.23120616805531,17.10574280679416,13.925304783730867,17.348085235028492,18.569339504956986,19.039491984995855,13.7880015192878,15.982781830328666,20.114115908398414,19.534448056471337,19.127252465422806,15.518535011133052,17.34594974008105,19.642102281717584,18.693235599591798,17.990901147522667,21.37877062021798,21.245650288311662,15.298828215779174,15.273092714566388,19.67107979361564,23.58870253530641,14.585000842439618,19.739193632127908,20.749183977360275,16.64795504377501,16.37756750101528,17.914246479788254,18.287158120091902,17.315434753157856,19.339696802430545,17.08328259349278,17.620545772084334,16.64510945710466,14.548160713590303,18.409469405194862,18.99560805230366,14.480891340365602,18.161645213885162,17.09891561985694,22.12811093245825,15.923635816303868,13.738518791514899,15.458288771574713,18.260446024546138,16.868601398474084,20.245134776704766,15.092739453903482,14.684031467162471,15.991889663670586,17.935371793216582,11.50922606946554,14.61749208147554,16.154572549977377,20.414542747682937,19.335045809806303,15.214468845432437,15.951010674129321,15.289387885643801,17.26649059282034,14.186639464901894,22.979152002745806,18.82407217781379,20.560526378561992,15.145407778613302,18.08325801640527,12.047029494198123,22.16063094050931,14.351049755748255,15.319987640539075,17.546744040257458,20.62063966244887,15.637820249789705,18.271720088235572,13.485236595183698,15.598869567454573,19.72553293337134,16.692389250862078,11.76811457606652,14.686759659164737,12.846662846777898,18.635009182420042,17.46138852518148,18.183667127090896,18.985146912435674,16.486119897156698,14.760041857282989,14.90273941710263,19.056191861348854,14.026935107121059,17.836703319684972,13.313870803028635,16.640567641550803,13.818431465283776,18.469807807855943,15.484466589432989,13.136030798956336,16.04605737499169,20.540916677624434,19.267379777991568,14.378630183684328,18.19629391140237,19.76121415303543,18.146559237495897,14.656434854555442,13.298968398556077,17.202889425049957,15.907020486216242,22.039688750631893,16.802883099767165,19.439702968459308,15.387879193444839,15.116395673766224,16.589345701609474,14.7841568030104,17.61423382477044,13.175896847393227,15.515689724268405,15.866507531147564,19.863699571812475,13.194436921988958,15.317072780803626,13.835731639781775,21.950690051132078,17.857103490334488,22.602364838331585,13.309864547259995,15.288513669481308,18.06199227826659,14.12624599655388,13.830714439817033,17.85509783644112,15.73333553687969,15.559390891135086,13.946719953231284,15.640521544010868,18.01476333053337,19.921861031759715,14.357397413411336,14.199730353151386,14.633977660052038,17.110432662672576,17.545451715113686,14.550492604014403,17.8821053433026,14.61861199302592,18.363125548683534,14.247727218535545,14.72112582447703,13.181288639770647,21.453029450695215,18.139095247223096,18.39694549255822,17.621268188599807,18.48332024199036,18.607594034059133,13.850435980492637,12.617583992970177,20.394943589003233,17.037434189157462,15.597341104705388,16.277018646435398,17.19620132267837,20.96656631590233,15.920013316590442,17.1855623353028,16.069686306429055,18.340430374288037,16.725050082635793,14.210102652169315,13.445403411948378,20.371376063500108,13.107079112285865,17.410332883486895,20.04692302634973,16.671499124590284,18.871050535236314,13.70401625654699,19.491075037580426,13.050504340443087,18.265689715923738,21.54886847939713,20.6715614652292,20.39159149246115,16.19496484747333,14.739521463515596,13.506147979507311,16.468874483260564,14.099914600852982,15.660729525749385,18.23646787789661,15.136890418994096,15.544313294387834,17.946599237796015,18.121975657712966,13.712017835082383,12.68374507760132,15.615906598697503,16.927074585808214,14.340090551379797,17.541254278280736,19.240779195703876,18.130429929037145,18.985163011137644,19.99630676091576,16.067162713843665,18.669773400989733,14.953733819112557,17.962717455998337,22.197043009374372,18.45646923195438,18.379391939710477,20.85987555849007,14.1522541750333,16.61854542058138,15.337172903836095,19.343247402599392,15.247028699057509,13.67331642313686,18.976307753996092,19.114090111199143,22.104314812851147,17.734240337851542,15.118796563263466,12.993654128638472,17.497481554530122,18.67599577317793,15.270142034624241,17.12238513715064,15.438024487417614,13.541019224740564,15.808904876645368,17.500298770329017,16.66783078560426,17.003508572501964,13.12317693924705,20.248703598272716,17.510005770881598,17.85684569365527,20.630507763252883,16.33399773287563,19.716340519905458,17.41282077379165,15.54115673652914,20.30194385008166,15.680894213058775,15.241730895274587,15.173034614995688,14.666436789544376,13.322088195316816,14.09644443899169,13.350489150892,12.655693084387648,13.503308652002822,12.933257999153803,14.69507323568891,14.100297845961434,13.971200868480123,10.896778391972811,14.525609885569013,12.250292238080897,12.317199250729002,11.872388066632682,12.914736113058645,13.678863898784003,14.964581788490378,15.310343961719472,13.003630511240097,12.71192059814791,11.249507903407016,15.31751021572238,15.658814219261263,12.479526284569404,12.207467534162825,11.011407428233879,14.787845153999838,12.3803361319449,12.4027262196065,14.520503249389614,13.813821882964527,14.495415600837042,13.712467619714548,13.18322972367114,13.518820320144009,13.472261898144804,12.061507542671338,12.939620378632144,12.134727307535048,14.788201467304953,14.68160683678367,12.145827275130483,13.317406264737414,15.888048424594745,12.158295073401225,12.73386605756091,15.819975311700933,14.106243077687282,13.23419691857206,14.517080610117455,12.974507499432649,14.52844541580016,12.555233605966293,12.783059280912356,14.462476321014137,13.122934444711689,13.52622648482205,14.04456599305181,13.633316034282752,14.243380599928898,12.989087651809342,13.836775527572065,15.476939070098604,14.42750958966091,13.025607618776782,12.318695013349828,13.530673087883745,13.42279796819954,13.526441450145212,12.22873358239568,15.022002860121647,14.566846836603359,13.26712462004294,14.061942905957185,11.203108646471795,13.145789672207245,13.182519196750427,12.26148233668191,12.526985970657165,14.528082095895655,11.17024040730355,12.613215300474844,13.486431759711985,13.637212000363796,13.426416252453915,13.282142667204084,11.971531964727063,12.306274968497418,12.329155218962596,11.761461351110036,12.565326628441822,12.691196277305718,10.767010406255414,13.593202561553023,13.450552726916237,13.65309258444244,13.857712622426183,15.5905841883298,14.100319403239117,12.048584474158332,14.273371715099604,13.973184632798434,12.674791253905365,15.62852744011535,14.217099441513868,13.549486564251803,15.252208179086837,12.059642380916292,14.769545821032848,13.075291005587438,15.37984597444026,12.492167142006073,11.508986456546825,14.703925481648263,12.585646968852803,11.14528039302027,13.608735516274942,13.029048010186417,12.66852055677056,13.859677707580435,12.142791052875419,13.499671502112253,12.737891080023166,16.058783492096527,15.14847310495107,13.39060038808018,13.185629255055204,13.501153810788168,14.456556968650265,14.06291157440307,14.545035579004903,13.756534320586548,12.793987961381294,14.028007956565062,13.7308724610057,13.802160635016838,12.68819989716203,13.095912272921847,15.802268716863889,12.692927481991266,14.33779343326668,14.792333439609562,10.484671693831585,16.369555689650124,13.018598271275648,12.295737967273922,13.154941095895547,15.34511050361425,13.137049274696718,12.343538964535668,13.293704306621464,13.59267260895822,12.98256188205843,12.81552217677611,13.733847159145533,14.737921212129951,13.307305000090636,12.927596879634407,12.808422460597805,12.381807596705835,15.59405964228608,13.5716446859393,14.769012698612006,15.344086754945746,14.882698415297206,13.911937510346778,12.944731898428644,13.79967703316227,14.516508484653912,12.162573087674621,12.642274191390381,13.431128532586659,12.158268752430423,12.986123414615452,15.106645941175435,13.840305651008752,14.415161489109499,12.989779860877842,13.164454473061541,12.860570465855815,12.797729702533513,12.386340262718948,13.781777685987237,12.725784787730593,15.22935401956741,11.792869059679852,12.21371670743709,13.841648547776899,12.419820658490304,12.361937890577444,11.199870695681893,12.8061332696811,12.502586994312935,14.267776022134104,12.047783076203325,11.608133331379735,14.612990235582863,12.60997271991922,13.033814294648822,12.838367289705479,13.708120348648709,13.066755632845421,12.486890362134472,13.866772627111652,12.564413382915305,14.626776393136828,12.899651770611316,14.240061398224164,11.936344562380183,12.73264579040359,15.67930821339097,13.886665967291979,15.190362212142587,12.440822522880932,12.216258275564774,14.254687270935475,13.915705766481707,13.635316221223947,11.941509625621228,12.413371933716205,14.15000766992374,14.355800354419852,14.10654176353806,13.030913043249328,13.267603320134054,13.525386270018767,12.800408088442554,14.109806815829725,12.702996018254984,14.356559448794851,12.184201570324312,11.426722769516973,13.896626016380429,13.771871482607793,14.18732198916525,13.376382994924747,12.794826882613778,14.246260116375698,12.509905509659818,12.126149728286478,11.78908827163018,13.215865199018952,12.233251270024429,12.761514220969374,12.174559919734389,12.58775716779226,13.438889175967363,12.088644633312422,12.073736228767007,14.111441431342742,12.583086019084874,10.584141942053298,11.906813375398915,14.13383437724435,12.5668427722944,11.349177472661667,13.979454766789306,14.04984815689876,14.841817011870708,13.464879204972844,15.341153385295602,12.950599770189028,12.279379172588694,12.43077726662895,14.379212181898577,12.359441778551766,12.762484448827628,13.783965694168183,14.136645112127038,13.115204582613945,15.103786058533837,14.576161823888192,12.696677036253108,15.46451363248171,12.75866515157216,13.83562548314133,13.722961700118296,12.037594333097003,11.564563778110903,13.997545405889676,15.565725179387394,12.186597008496166,15.80337259769449,13.817764328965794,15.278355564229571,13.693274601433679,14.528735986333027,13.89670057133702,14.403404757563974,12.153338020339906,14.036665926257577,14.631898432347006,13.741326492843559,12.039896703425446,12.63485634998565,12.249190168072813,12.982383580271858,25.988324249733974,22.944820784836207,24.84114597786161,23.16077928306746,23.77532669112706,25.09518686887174,24.68380357247326,24.6943936670731,24.235679690017818,25.491653403163284,25.409924589374246,24.617438355324794,26.226305377226723,23.230263953417452,23.14943663922275,23.056525373802227,26.64850608152249,24.79047491863164,25.467967240857263,22.82571092453103,23.272165803141498,24.982426068053403,23.003159752270392,23.39678119062873,23.94145524163017,24.850117154452754,23.372923541159437,24.417404203897778,21.599302628312557,25.81701130872087,23.7451707686583,24.440152463820795,24.607371518068707,25.846201066112,26.237076703567954,24.6145811225717,25.111353647976156,25.493272625430993,26.053405562247693,25.943959064346917,22.57921315358196,26.24849120422347,24.903241377416098,25.230652634670555,23.391727491469776,24.248237470791434,25.701958226522216,26.833430406589674,26.106658085738584,24.25015364600916,26.044333338397184,25.294702635183754,25.235495035601073,23.29493524639842,25.57721247720141,22.774024180300167,22.843407620251526,24.251913690559405,23.224905732707395,23.983429168325138,24.524580349980194,23.10255284444073,25.718613185492195,25.321913780649915,25.475914369551248,23.215515450082773,26.058641607085445,23.10912766749091,24.96061148664279,24.82382756226736,24.79669713207267,22.829722498454732,24.775600754399935,24.62203330020572,25.786705739900174,24.294163675070873,26.25389609408215,25.878664887463106,26.416603840263214,24.76017657934666,23.62770133654166,24.348671884408628,25.599592909079504,23.954728951787203,23.960132754743487,24.361273138039344,25.862029434373035,24.762047962669044,25.684231384657704,24.786137434063793,25.30350683108303,26.32505292266791,23.811357224662153,24.44106120000757,22.92687369354483,24.972123363541026,22.959255125282592,25.635392832476114,22.774061395624813,24.804311979599643,24.77924538903214,25.323184438631746,22.97007097140144,22.986238294655966,24.794530580562807,24.707040637231668,24.144621411569783,26.380880418436927,24.83715813911945,25.8398055982948,23.54425291025986,24.679561137432945,25.273564971412682,24.6759563674716,25.099381401618377,26.096109670825157,26.05584842815042,24.36865683019321,23.093151573884416,25.784809977420032,26.491872881768327,25.13379789279298,24.451141062265272,24.171839275905775,24.418782959888013,22.315421338825608,24.298205899565573,27.706203017992102,24.41500506458129,26.145100910565784,26.171141218554492,25.40561598903656,24.397785797084357,23.05161213828916,22.76936781883156,24.636156671239743,24.531267072600706,26.23558199616477,23.995377708455056,25.478858610155598,25.306434225507864,23.612059932727202,25.517992422091346,25.71256076465949,25.981936033162,23.7109898571604,26.096160418815444,24.41227816311188,26.879257648389636,23.969300584821323,24.580348811867456,24.508691918995897,22.6275730037194,25.535550567251132,23.400873431167472,24.504699138761463,25.344547255495286,23.86362104521439,25.292810450292844,25.056310537231937,23.973072915392567,25.3778253917432,26.364222572602436,23.234234885804355,25.760607688224855,22.84183538561786,26.207013770304158,23.784130977992803,25.95178323816567,24.336053782597574,23.397883522937644,24.840117560040426,24.627840428573748,26.365243250232897,25.10562934016711,24.904349036015468,23.831659140061618,23.42457722302389,23.8812717053496,24.732746278061096,22.485838986667424,25.465641118199493,25.991493949140317,27.834805574942123,23.33152729098825,24.08758943695177,24.50837528427268,24.058093018053363,22.280178066544178,26.23688846816351,24.2174236719683,23.486753242439164,23.3486512177521,24.995195225911413,26.668326655712672,24.5458515670246,22.809540048949096,22.809026433483282,25.354073660175622,25.748279411667788,22.38196852049037,23.11184149618692,23.240076320800444,24.312443186026805,22.788815607776684,23.7414059715813,25.792466979123414,24.531932805474504,26.63614704690604,24.932288860233452,28.763357162503635,23.74471152601588,23.520602437243586,25.266873980339657,22.956913511698193,28.14714141092111,25.523055547143983,22.88390477984008,25.423443464404503,25.571122677436648,23.04854378271213,26.663928426029845,25.939423656024722,26.869041487306966,23.142665698652834,25.35955393429946,26.629419084135318,23.79265760118856,24.891457437196852,22.876431674337265,23.92371203513425,25.619203433631,25.682687301073823,24.607936302551433,22.692816848996213,23.8599772876409,22.688111905674422,22.94015823287377,24.241118036515804,22.431123102502994,26.721525343851738,23.506941210276324,23.934638555742143,24.427215761878397,26.36185296549724,25.236078972241625,23.877577295202475,26.341094913030304,25.689804981490006,23.520100749585595,24.657807782260274,23.054902266029696,23.613792870930908,26.136243512683837,24.524385951556535,25.039405446890726,22.51001796855085,23.996771932918215,23.783488955214484,24.929992223262023,25.656951866517165,24.95539206105786,26.903800153989852,24.985078150758344,23.126945658150436,24.736024284581397,24.522422388419336,24.52521718610431,23.95991181396251,24.504189843516976,25.50493509301636,24.958904610772645,23.859321695212916,25.587543542568056,24.546538750420936,23.01106974987225,24.62396682983625,23.05700421336952,25.219635154759665,25.27700748714641,24.789287970483333,24.667084039628392,24.53112049393047,24.578125706270313,24.77887104532687,25.380233234145482,25.58157856510766,25.021958121915645,24.693056249618323,23.868158671254566,23.79258799939014,24.419861487942445,23.93988316875044,26.11542430379551,23.55758683789384,25.516079114500517,25.016545887678816,23.796025146507876,26.105969678696788,23.229132524388465,24.031469723357425,23.44997872495528,22.58104198121507,22.778331763180955,23.880395665965874,24.335907872563343,24.112908479427016,22.14276785825708,25.572833445665164,25.075376559997228,24.637651043353667,23.593264496106848,23.797840639211113,25.63369805425021,23.056084620337977,22.26202403967934,26.21985367465385,22.26258048884235,25.274590924866306,21.165699072216114,24.927116112224372,24.741962748227238,24.0525329823882,24.155039632544074,27.017025024301077,24.7823749593117,24.374932299769956,26.621307625347026,25.58932259103504,26.43903434661261,24.642322404229155,22.483986461537103,24.632377428601007,24.584344665807684,23.382363678765802,25.637630769300014,24.171852193141298,25.093748449906663,23.799088880446224,26.3903840067821,24.797706277693617,23.611616663516397,23.516114800724925,25.890212729149347,24.126077365986482,24.883823863469797,24.45440200209468,25.790619190267616,23.864665523445716,25.492220179918014,23.86326475994743,25.200668677392283,23.956387613982614,23.99390665617364,22.995377595661584,24.479302422933316,22.383377192580433,24.870479946619735,25.167044758428766,25.03771528149375,27.179874861146317,25.02330957665102,24.92818318766115,22.96438840253979,25.852397069561153,24.72308816427714,24.498187775073234,21.396984074755686,25.417205571989786,25.203428299475533,20.936279805860295,22.180381845814836,24.621817676711846,20.8358229783657,25.180879942519358,27.81767890422767,23.71555714089701,23.48355511932443,25.18009497804305,23.43807422238366,23.10973234974037,25.319530490496394,23.40871212944053,23.20718178105922,23.198611832530805,23.80655763077009,23.550458090207446,26.009338441314622,24.9716921625813,22.31077339898059,23.764587725828637,24.04954155435467,24.333262809970662,23.24679535779455,25.03964564966921,25.009311444488834,24.1653416368872,24.187690029847893,24.75818371319726,24.15458208667246,22.72705439327975,26.01847348035151,24.32690316173068,27.11988204203785,24.617391711204984,26.52058905664164,25.7963355419581,23.09377025025547,22.80492316086761,24.93033928755609,21.90271923414882,24.67410211106083,23.54754746454895,25.823775733352576,23.922093171558593,23.2927026248478,24.85927432193719,21.345769431870057,25.250444359251684,24.57598744299065,23.723036481032654,25.109588474416185,24.86708946885467,23.9037710066244,21.18438627622877,24.204744858593884,23.195073641571224,23.71860257011201,23.151884586955827,22.57075167044588,22.593227155341786,25.14249192559248,23.90848963880513,22.19057629081515,25.84846307117574,23.39042929177107,21.70372694062933,24.708507531479434,24.27818917745627,23.92463929024125,22.654343480952523,23.047497723143145,23.109006101833966,22.743345280863146,23.410776226676926,25.867976627584948,24.353143897163687,23.362484854480222,22.827233383867195,25.006876227608572,23.368236420084955,22.06992724861458,23.446055674100045,26.988595814319353,24.418742096791377,24.584523116896207,23.409132251326692,24.777723850483405,23.849965559415303,25.155907088734438,22.1248931528428,24.262136000839575,24.332508967270364,23.127369362557715,24.331861244821173,25.80804770627447,24.644033704398325,24.851682004444474,26.436133073526648,22.81375707250913,26.9537695351927,25.512995828643696,23.9402201216755,21.392709212851056,24.79644065233739,24.892588267830895,24.265492020468592,23.82381378377321,25.780693276953635,27.414340312771838,24.276745017738495,22.721142988396085,21.977977834463406,23.86855400978094,25.340195443932576,25.836509433453376,22.66151304645771,24.035257271277928,24.244723564055757,22.753582791158852,23.224790626935764,24.476473272642245,23.9106697617818,24.813871056487965,22.288968794187706,24.769905412042124,24.743610709417887,22.928237470857912,26.8432373210568,21.189236086971896,22.43386747666032,24.224604545784516,23.223635284225438,21.986852702984613,26.844489529492648,25.747343755621472,24.957047186303676,22.88445889168215,25.613373590821766,26.455825384543108,24.619540254370722,21.237186676606985,22.780808057154232,27.52044435544598,25.898149758511444,24.31281979680463,24.162296818238524,23.768474858597216,24.723238777751316,24.96326938073563,24.456166583484993,23.304817762312094,26.882960684264386,24.695537912027103,20.140519978892673,22.864956375427454,26.653564125821458,23.883311218328096,21.871410373388574,22.746220283973873,22.18281391334299,24.74456259309014,22.42698321826343,24.4037030282564,25.120415741201686,21.583512037208163,22.42474503943351,22.269707606169014,27.127918630861622,21.829987640307692,23.44749780865116,23.415874536229175,23.27182900070849,25.829777029980836,24.881913488691104,25.50383853010166,23.857889468275406,24.752377586903982,26.523842836258396,24.415451809148845,22.622570719837228,25.860015572210973,25.458158740435568,23.782783380690038,24.111871508239467,23.966125151984386,25.319241948702743,23.93467362208565,24.694193366877247,24.914553211540913,25.820887979626875,25.432596156925126,23.501415050027454,24.091153513822565,22.807630590255872,25.097934670149105,24.1567533701758,24.021469451231127,26.32228320957939,27.234839270332653,20.81658163953879,26.17467890411919,25.022176739954485,21.482847556429768,23.642379534893124,22.579254788061657,21.44725246240841,24.64704136591547,24.399247701166626,25.680395341856904,23.45044140366784,20.798493681171113,25.724782011246923,23.001119126892707,23.76746603060098,25.428523777217965,25.357951324053406,24.10867636396169,24.800546901722903,24.3711627348126,23.50541001133576,24.548463595109524,23.193621134394153,25.958506573922833,21.295466722343836,23.765582566826893,24.376858247420348,21.336043739134002,23.965476955676124,24.491404040260278
64,4.756202721023943,3.7966210106321148,3.7376869186124915,4.171130256652167,4.322083783000763,4.196635722439293,4.154279934252996,4.877816741791925,3.8518580137216056,3.8938150443341337,4.191650265786786,3.558428742729249,4.028644795160989,4.0765257001758535,3.3425558398744375,3.690727216436067,4.150931585248753,3.7467659896684555,3.894862451796548,3.502600882878476,4.076691022316582,3.746479770361271,3.7821238932056107,4.15960693472261,4.242069393414321,3.999315923755902,3.7439311293074358,3.785048001043834,3.6522996069061255,3.78327878425728,4.079283523347958,3.6371544422564592,3.488087324327741,3.6659263834408553,4.570707671644941,3.69666337836559,4.147273670015618,4.228673480978133,4.10790840093184,3.739527020763569,4.07405162318515,3.357180422467138,3.7035739480003502,4.530113865126397,4.482941493098195,4.145151518099391,3.7438206440268735,3.715083957490972,3.8423304052742844,4.12422081888347,4.21696557244423,4.077028191855388,3.4992099351574093,4.220035760428276,3.7062213761603195,4.083228201670614,4.017438789064547,3.8812788639383426,4.140946223655113,4.895149077935556,3.4159145587147757,4.075074878031472,3.772027079482842,4.089900754206548,3.9006090553260258,3.7021374239534928,4.260131008019731,3.8651788838392243,4.077571973404744,4.337313596616179,4.256316208238036,3.9137325265470566,4.010653291004501,3.986704046115353,3.641379414410453,3.66498783334315,3.6241667024508524,4.035149779814155,3.7632025843923818,4.0126836637864045,3.9116890617470856,3.749431074835388,3.331444232148005,4.011867329782682,4.342224199471448,3.88833605121681,3.770340003094227,3.824994563985285,3.8987151972563927,4.363567015335866,4.139730465690705,3.4971475970867596,3.693914983688241,4.064346099286939,4.627861792345918,3.759428854802958,4.2323514439712,3.768612605242379,3.4466531865871013,4.183604213128224,4.387295485100924,4.4497921778980265,3.9014214665765556,3.722301213798539,4.102650603327041,4.051155379904692,4.155488879654173,3.876772876988647,3.6111213180347703,4.2209088298637845,4.069882273629954,2.9413253322397286,4.05884140555743,4.560872366693374,3.832046234569107,4.238102676832875,4.0040312125807205,3.8427595216179045,3.7845136847394913,3.8510593608437587,3.7439209859150324,4.088785544731329,3.509007390349637,4.084355189704636,3.7435704483558805,3.423721883725252,3.743628377579758,3.816771242948436,3.6886802441334168,3.7717129564827747,3.746264320857838,4.087686411884107,4.109293595737589,3.6985808201542456,4.174758767011887,3.9520555699708746,3.7208769282154472,3.6988159255045834,3.7810164919076303,3.6022467269156797,4.464971963588055,4.071061565101105,3.759577979590073,4.401490278297311,3.494237456188386,3.8228001550704733,3.759699878295576,3.359717018570641,3.7632577942681293,4.14849046711812,4.203843580419578,3.871388775158829,4.226152287204228,3.8883994133168915,4.07863677657911,3.8288090736193534,4.013482697169645,4.144687044080251,4.533143889636581,4.185332327096254,3.879072676663829,3.7964388866979655,4.236226095257351,4.115574835777095,3.6131778701459947,3.4860854231334546,4.151318471074008,3.91638000071134,3.762338027484493,4.605838570430779,4.044402664703107,3.7667720780365226,3.7740335487882177,3.7267368300030257,3.4914376214701304,3.757812584311202,3.7485831564488055,3.6818243698677717,3.7575301426508427,4.244908145390956,3.907646838862565,4.096936401263359,4.227228624333729,3.628844852661123,4.879013957699015,4.20557890648638,4.133609868047315,3.593319412098623,4.13786035583118,4.137839735695283,4.399557718735373,3.878129652769002,3.952151641617229,4.251838502389043,4.781787541207044,3.4750738547652187,4.168677853822017,4.553893265204462,4.22507801020008,4.408455055329157,3.7810171008487927,3.7008935202725497,2.9467901048894283,4.092627041599087,4.249187872591646,3.9601503087952588,3.3614137546510787,4.156852644404409,3.877733934848518,4.33103776462522,4.689048773212356,3.903303626538771,3.728226030649131,3.809921987803896,3.522984183061126,3.4313159829285897,3.890421407240143,4.060856152942565,3.5384873236513146,3.673966984584345,4.462189508089669,4.637556966125532,3.674312742418462,4.7677326060269944,4.57365232292649,3.502247359546887,3.805894488588135,4.759654029473049,4.035230225434533,3.506143512633959,4.0461908574684555,3.549904790362151,3.633208315787355,3.897962924954687,3.6450898860245076,3.9258984354513218,4.384707925071572,3.77973153377087,4.7730025194541135,4.022151547420232,3.7578324970510835,4.07936542223551,3.8847818048514924,3.9148655472432954,3.8132527696380065,3.405143068074324,3.892315562823559,4.258589413623997,4.009901245666441,4.572843556727319,4.5362891605384,3.574684587774279,3.828157802363512,4.36631390581061,4.086338226882272,4.074001776006707,3.3742312386214364,3.315453103890724,3.823452589482945,4.090050375829201,3.7599331343026057,4.204325473897987,4.652710641969316,4.075335679959503,4.189432550657771,4.5792550680459545,3.488363081655173,4.062855899142009,3.7523460641326336,4.059774859948999,4.399654580920724,4.146821957137176,3.615732555259038,4.2886270608961725,4.609433868902004,4.104542367080391,3.785719789752072,4.407251864860095,3.7306729344416114,3.731269515720928,3.707531740487224,3.6983637695228193,4.2331172483070985,4.154270402762766,3.7770656400291363,4.126638597510534,3.7951023111588897,4.165899231029652,4.7421735278665755,3.4511188320191266,3.3614416388337003,4.37269367711248,4.73538689032367,4.100800756147042,4.042990982907839,3.439285765872403,4.471374531417779,4.220906540975183,4.137734585895896,3.706865397446504,3.7050724468971765,9.997168080045258,13.686448221867245,6.926674043676679,4.716479941417602,5.35221152293815,10.817874492101597,13.782526945375194,14.706145889775634,10.42193369013806,12.972190301713699,5.084867297702072,9.43456018494663,10.235247705309058,3.54813877123533,9.221055823460622,4.118723475610714,9.95077434815208,9.995833017436878,14.7799401695885,7.060458261736557,12.128913989996809,10.392803042716762,9.320231781439931,8.982831452639196,12.30705787739022,5.230440396646481,10.464304308340894,5.452878106344589,5.999333994283547,9.771046094091776,7.7958347767029545,7.40989908169314,8.264881874094998,10.759464771200303,3.8440041036250827,8.932607602719388,4.4529865750645685,10.903157406033518,14.950994299146627,13.55450566998571,10.143146749718282,10.230073289166508,13.168312911435569,10.78424450115424,8.284853231891756,13.047714861626494,12.846937432601157,5.053872137469236,6.383015927193621,7.191667774477634,4.993600153592266,6.144896909337512,4.140893507436547,6.430285938990233,10.281279193274038,4.707064190833459,11.97689944925114,12.52258269527732,4.201688353020303,9.789502744939831,6.342672525033256,9.277314542438923,11.041470049684056,8.0173415048036,4.46575683160489,4.29620141075503,4.751103331551703,12.786006579298363,4.1164552026954455,4.026205517671471,13.128730928982424,12.49469581769216,12.301053170982348,9.712231412456365,11.076064703755192,9.163848141581182,10.181311228924693,7.2852341371447285,3.9998357208176745,4.249162702174366,13.54177156947314,7.641459563796681,4.293272637075517,7.911318277132287,15.167204982474498,4.174666201498493,15.07853859823545,9.635456974247399,14.346705345843926,10.721130082377623,5.824445143830506,14.336084005981109,14.654427106674925,5.202917073737976,3.9415852368053064,14.613056333415027,15.89643725867509,4.210813228658325,4.425951546911462,4.557392423152641,11.321997826377622,10.187659110626795,13.02658614643546,4.53790361784296,8.985723555912314,12.056533788234812,5.127292141539213,14.558146639465868,4.34703022689924,3.826726715381486,11.898049256950207,10.34931470784824,14.874599685928755,8.397614772903239,11.496911252949486,10.603521105821637,10.943680846045554,5.314797405181322,11.274325041577693,11.51512237601844,7.090611284084368,4.618994165238286,5.008173995791798,11.827429623896572,12.71733942243943,8.208649134424778,4.182834839028434,8.579513567392059,3.932715230764543,12.723956628893355,8.068283702147042,10.377558970139205,12.354855043456292,10.601580695235056,6.17606319606791,13.078245713872386,10.492578317327146,11.15329683941901,14.528153497727269,15.782353576210046,15.150512912499742,10.551729419751974,14.07734703281348,3.8897299064595465,4.398895758635614,4.310584981404375,16.855253717542887,9.997549156858808,10.273417869508535,12.654558163549332,12.376524574944126,6.32612125647962,4.451466447158751,4.2118399710208845,3.790386033548791,10.661218722588433,15.579313188629955,12.704488172356797,12.18271326658411,3.8049686009979022,8.225210972892413,6.9732290375309045,4.177431269021108,7.976296442503891,8.118447379632347,8.32767021763671,4.080089001257487,5.943655105342826,9.087777561783966,10.241936971866327,4.435799934637219,4.342632994186526,8.390695225567256,4.092119561966854,8.698354807713377,4.955895835974645,7.376424426672248,15.625254552990151,8.90193378212782,6.714221608344539,14.640778205614165,3.870541882528877,10.73530319041924,9.229177308281837,10.435783362219222,8.825057386540532,7.751466636391122,14.939113106890193,15.003510209749582,11.76977004825687,9.86289527221087,5.941884118795534,14.689511854375265,11.04569432662914,15.875380350762814,4.290135719290482,6.953233929761713,13.08387525678566,4.63839253491092,4.171738093088343,7.287743635697722,5.500685399058316,11.113433283825604,11.363862084479251,10.605308618244617,11.746962538072744,13.062836083822635,9.634233262440523,5.336816315436536,12.321628065895347,4.223100027991549,12.769593497665845,4.534654133025634,11.679000577125679,10.92493038868644,9.320045091979901,15.8731384358901,7.733717454965164,6.818632550749604,6.5017507678680495,12.825424056579832,6.86119716455863,9.368754242027885,12.668032030895297,3.7956211471261563,4.336733249781892,3.8134149431169493,11.206528847402273,10.068364422239581,9.531935454974922,10.8648345086683,12.69169274468538,6.674243829502694,4.430125695847123,12.627886062122952,4.64550309937761,14.729250376356967,13.512333785943195,4.945817470945541,8.079371894609805,6.390993475596164,7.294285412601536,6.46637199850789,13.110626837912708,7.5299465755971084,9.582694209072441,9.550757163819625,10.916097959074767,4.13319236537787,11.762861346082037,13.389208610659354,12.451498832292321,15.00124893882801,8.87394280773014,13.22893192156462,9.598742094585434,13.168310187876248,12.413579683139368,14.464265149646158,5.088991151348708,15.326456008961562,13.854918302652157,13.356740745740467,10.401721733993847,13.988306178246049,13.073788453511293,5.106633553760389,4.3587776534446165,16.314825524611223,14.75838314886721,6.022968918707342,11.286254990937755,14.979209345459239,14.605112852110496,4.735401252933592,14.228016898254598,13.736634261338668,4.721775937342065,5.38226753388432,13.48537573440243,4.510967960668588,10.971976021188325,12.83255967570219,14.421174672402001,5.431616873185219,9.74884135553275,9.270742753743777,13.131107903593955,13.099852849197873,9.455560199217116,11.67031239564789,14.783663663009794,5.180540138420462,13.690680809912905,4.601489325826476,9.581219884205666,12.901917684204149,10.992366843732333,12.024643710970267,16.292312508145674,17.15267382457839,17.674195882136235,18.410963118593035,18.129318345500703,15.036579118409437,17.681652735526935,19.3007649588475,14.89851450649753,18.143683400574925,19.290672335215387,16.86647451017607,16.455566140432317,18.30663310252193,17.411312610934655,15.98316230388752,16.9870416756202,18.525000570963098,15.634083070964591,16.06650309066947,17.642749932561433,15.623285444624964,15.321612770284057,17.90010838169822,16.325928504347363,16.439482576478007,19.82229963606988,15.562161067779748,16.92311625808255,17.51317979609537,17.922344591859133,18.973025825231773,15.726533082242772,18.272191229397585,16.383387221409265,16.31130399243251,15.6499059164293,18.266347320655765,18.51179875945143,15.598312360381442,17.77026786645237,18.017359368198125,15.657628111708322,16.56035249864829,17.86353274851618,20.215786089844425,16.278830852266548,16.18462826159026,18.773472214002943,17.614629311658497,17.71301152702324,18.046866779463727,16.614121143023958,16.875193165411986,17.63601010769321,16.978490005121422,16.22653961333008,16.649447629934752,16.89263347106173,15.504568115355863,16.69749963990961,17.321517484282584,17.021074725379716,18.594116060478147,16.21104570647439,16.427309755018744,18.545780685942894,18.281160314227442,17.23199815233076,16.113377867475126,17.575718479249574,17.284520422080313,15.385300881466527,16.530087529631334,18.596080279062228,16.138221712689145,16.772076705285333,15.365936356431847,18.499525607154077,16.809106795845814,14.203372285714234,16.831357994175843,18.807470986136877,16.4571724659704,17.56109876283694,15.808936734767993,16.56399965967756,16.800921050003193,17.658206948734126,17.74082482280962,17.795657914548123,16.731718738691058,16.619956918594944,16.6873617162097,18.834629066858085,16.086560059939654,18.211613989093323,15.188373111702312,16.638098175481705,15.499499088107319,18.90712667809702,17.297003892596933,15.869800159246592,17.81127908268648,17.280718510287215,19.01322923310406,16.858068036991664,17.753574662258263,17.434696606102857,14.931224935225682,16.96386859893991,17.57049367276867,17.576678589431793,18.51642896342484,14.28765114859285,15.038875116544663,16.5031963348057,19.20364967343861,17.7261157646651,15.142310307440566,15.562944888750494,17.081445580426955,16.330067635883033,16.574621583189526,15.916251203055307,16.647434993702866,19.187724827045212,18.563948969171687,17.46662451782519,17.627498889584846,15.89012082649517,16.192212296690233,17.345199158755232,16.708065920888853,16.96488615520475,18.276048393552113,14.944423342946227,19.242999249128122,16.800450325370573,15.33930837088283,16.17208050211077,19.199741426076024,17.080483093537147,17.53223700880597,17.437201557244148,17.60748681775992,17.61020271691307,15.22205914921148,16.32750592685053,15.934381151181492,17.22027381137634,17.528082283981902,15.881964847808092,16.96457514017185,16.79365448418048,16.92537568415757,18.13135176510151,15.466249024926082,18.144657901221727,18.10680800404264,17.54390373125322,17.668188518809348,17.8103762478133,18.20378514456915,14.941941887957539,15.394977844348826,17.138375530927114,16.802312483186782,18.130902012276728,16.868307010815396,17.215018520264703,17.2758017326131,17.505585192813125,16.476880862686677,15.688577655753166,18.895892058959593,17.574687716933884,17.79257455715475,14.797058111794142,17.373675370915752,16.438767046815226,16.165834094989318,15.695001399528865,17.276384453269703,16.543447238290035,20.12506251454479,17.114631762905674,16.910057902487583,18.3035490855047,19.573374959182466,16.989769074373402,16.66597237705905,15.387440551267245,16.55867798559312,16.04825187766242,15.936326184972945,17.338485183093717,17.04792697827577,14.421611518011847,16.65063365010962,19.05208322712475,15.962780496272634,15.960655220441836,15.14750387062118,17.797202310705448,18.364094148010345,18.218744536601356,15.842405152907125,16.373882833682444,17.521735882511546,19.520816293354233,15.748496426663207,17.783200438177463,17.71238682066544,17.80618581573516,19.07237326284604,14.588571900353992,17.45419741539011,18.282808413767693,14.788166273902423,16.508670353392443,18.852182652293735,16.24772729991816,15.855152312610791,17.809616139165676,17.36140091545771,17.55387698858756,15.386688606624602,17.91904478547225,16.04443878120526,14.370758970138418,16.864476826888016,16.893242573505013,17.40581460683211,15.437286651061278,14.454942026812004,16.658275593540147,15.563549387964361,17.125097820829946,16.869113776629245,18.559337100009248,18.56490002958227,17.436119717996775,16.70679644726766,15.114706942607231,16.741105022970252,17.00958001081474,16.674601391117076,16.278212948050413,16.861478670660315,17.050323276019565,16.537821303517322,17.256117479146777,16.345291780563393,16.704682163088464,16.951515537189536,17.50877353244301,18.245905649924968,16.917502776288213,15.80735627606379,16.517861750385595,17.667554062471833,17.13366350951016,17.994329418376484,17.359108845396083,15.772781510538767,15.362454844405192,16.14321550961049,17.52065243253388,18.30118720624751,16.464236411566002,18.901256362275433,17.41441618674282,16.024412773236794,17.75301990937234,15.744321651687558,15.551325154985328,19.05168827651728,15.342156385153281,15.976792589474933,19.16039945521854,14.91780007311198,16.433759342971495,16.968987871201833,18.777580856375064,18.2655698353244,17.437647964602554,17.9566329453056,18.022206553312774,17.900224872906872,18.364577061939904,18.924907545752045,15.536147725879426,16.282027830572527,17.55671470501869,18.659656547104998,15.772390220910925,16.351701684146693,16.58137049734139,17.09223540679741,24.687172626040795,22.02978250674361,18.8552513082664,17.85474418885035,20.152065100369974,21.61886508872701,23.017946663240597,18.81686719146006,20.94168258684561,20.00524055658895,21.64324608716645,24.100169669045933,21.83596312119779,18.860917961937776,21.662449063448086,16.662896602643546,20.515804001816313,20.156077972772483,19.41344050451968,17.490100743119772,19.633819184613525,23.716668880017686,18.745874103931328,19.28955077391691,21.121207157960207,22.727414935016657,25.183338622789247,19.448660264513244,19.3341104210449,18.569906604620463,22.511314337655538,21.761265217148026,21.613250967632744,22.61069139974749,18.10794645749684,25.97847482807361,25.068321855823353,17.228077878305502,19.575340743679178,24.025874648764702,24.712652618142926,18.101862082268163,22.89079444782975,19.292346969011785,17.787583785106197,23.55486101745837,19.259197837466296,22.178070688137375,19.622332086565468,24.054731111915572,20.069934989268106,24.12656773068842,20.779260677981053,18.172973474506467,24.897077302286217,19.316214500196395,16.33502762846658,17.700350659222487,23.600541934533304,18.94502390838299,19.531504667958725,21.71327634195093,23.91247870787683,26.49495289807419,20.35137374110009,18.936312597763077,23.584082428593632,23.415276331082847,22.66497335158882,20.82410036562262,23.680063634391708,23.13148250238937,19.678199876681038,19.387785141976174,22.148192408665224,25.141976804432574,17.15944291371932,27.008601226001577,23.363196920111083,20.76758881037496,21.1399202795304,24.316806878608357,24.39390575298155,24.34821762251526,24.561311051507968,22.01302993221225,24.152070775336764,19.913966564149643,17.43109904960022,20.508013298374077,26.065575846955017,17.483890397605713,24.23146005478221,19.55303570131737,23.669724434922408,20.266798092340633,17.34052968099602,19.561734342041266,20.26636065222365,21.315470812159724,21.11555765040255,19.366269528143484,18.538151444158064,19.65533004754098,19.669451379092248,17.459777446222382,16.84845116079623,22.3905280787096,22.63439179033032,23.748405029053806,20.36444688537878,19.84047635736812,19.431703868128338,23.89470569755874,17.280291945527804,23.19670768188325,23.17377156362652,22.546339570472302,18.603137627612487,21.715416291474487,17.07679356234015,24.144818558017402,17.997405726114017,17.829332108802397,24.866064790977507,24.636612184818173,20.700029477840616,20.702297128988736,16.23836183678611,19.533753273359437,22.91118087950908,18.495164122684596,18.716989217169175,18.30220913366067,17.405532878896715,23.89321881515263,19.27146946911328,24.219755379620505,21.809639119810342,20.25476428714263,19.942395078607554,18.380306411333407,19.24364727813953,17.8079186428722,22.18197178742036,17.719791900063473,20.93044859481958,17.453713690535064,22.772510788074165,20.52613234672307,16.53721876273249,17.59732247009201,22.894863950316534,23.17316158723752,19.43831831489897,23.198732086324743,23.23220803410802,25.949391759786252,18.305654741993756,17.98692657560528,21.559975724435496,21.11346445694607,22.463323285077106,24.558256060113873,22.526882193998706,16.907320547498646,18.722977873449533,19.29412747387927,17.37489596834934,21.14898166947679,18.401628839278988,18.96902732662722,17.6622117343402,24.890229464325568,18.270964555082855,20.167372064892067,18.784736623094226,25.27879014982589,21.912100254090785,24.532940527361585,18.812386760728224,22.862988839010825,21.965372220155835,17.717686734093807,17.703842254591688,23.445915041130434,21.00489284452418,20.96633872058739,16.991975230324133,19.543464329258654,22.867050912947974,23.680392096914833,17.28053004770854,17.019774060128015,21.78294286656374,23.24754475278957,21.35399221095611,18.14750796768042,23.754396458759025,17.564966091549188,22.965788352637176,19.209771902466198,22.02291716933257,16.91105930971841,24.661913976409856,21.449806290129125,20.866718162980664,21.91644312536253,24.913295130397746,22.869349859589292,18.68146631698313,19.30769580259241,25.502817623845647,17.734092207090065,19.277947191325218,20.57222358629958,22.255539040516833,22.843598976574494,21.104545535988002,19.768619752947966,20.82213367742919,23.57253025790697,21.19463309120993,19.785851957183734,17.863994440693087,23.162785592212938,17.871937686908748,20.37030859001318,22.399296414141087,22.056031572590303,26.186702659378394,16.993482814136343,21.382103602842292,18.78851134292052,26.079600736005617,27.05515794304446,25.439322139292397,24.044274044601416,22.23669340651259,16.856080417668917,16.38747943794402,19.07866800831571,16.687383871287434,19.421307655742954,20.446380696862928,17.63511238559666,19.18412110455705,21.283880192780256,20.410495886411297,18.158339668590507,17.762819107467976,17.07620280351706,19.71781285381169,17.194572030042085,20.700221012276177,21.39758676328837,22.501985405677594,25.956251514766965,23.764345575511808,21.904184410933095,20.783263942287775,18.180511275876505,20.176990309349534,24.093450851066564,21.65424775622785,21.29366401937505,23.855830145129964,18.784900601868486,21.48115554655287,19.697887843674554,24.419493224136986,19.328885275528144,18.97769722085751,22.844822724281148,24.944172346993362,24.03029017372538,23.423036016934326,19.462774195815868,18.34383088034395,23.04464804030452,24.41824059589226,20.069990907426522,23.018557072625875,18.585203655486197,17.72625827782707,18.334626971257542,20.710663242285595,19.690867465838387,20.622399961530597,17.232611621618112,23.81400098982739,23.26292837397299,19.144421913962617,21.619000036243555,19.055221583772173,22.52124643955292,23.84513500808679,20.1720786413999,20.994723109922276,21.598662603068714,18.53745730719179,18.52252284299278,16.451604933545905,18.18567189120436,18.264068248876555,19.070285587400555,16.24707816332707,19.799484186783292,16.60887434928823,16.521430500875386,18.242510041112684,17.821539894082477,15.365973829004057,18.604987957068655,15.721936669977643,17.332594773437233,17.80045728372093,18.221884413019755,18.735029888618563,18.568898497010164,17.949171972940064,16.487450917531632,16.101563787139987,16.21570811245062,16.58647478997298,17.434891275953653,15.60672998320577,16.006102695537752,15.814705086724988,18.263755662100728,17.935881147409923,15.110640627974199,16.53805471656835,18.76130016773283,16.70808970423861,18.155066429916815,18.928860368837572,17.456135054715407,16.713992694077465,14.478209488773045,16.82355325008214,15.3406897126077,16.611279736419654,17.75806183161966,15.231686974715322,18.160520690585244,16.553662876994245,19.882617547097,18.20595641559827,16.77620315005952,18.068468023850407,16.202936553432075,16.796334383917056,17.720206189616206,17.91271156025932,16.046130209287984,18.314505295797773,17.255604983462824,17.407101462413944,16.232781849736117,15.356559565641168,17.014208299545558,15.164194080184606,17.09204634071929,15.249631934291012,23.32806289212617,18.675276146232886,16.671953359602778,18.31909248986351,19.334980017364316,17.529087150942143,19.62455261650866,17.613470259573013,16.294571566966592,19.047670811515157,18.9855446875514,19.23728047926109,16.20415466989898,18.882975515044894,16.768145519622333,15.433999137202951,18.164922018258036,18.61533584965315,15.675814693475246,17.959013038104427,17.698216897295193,15.601527431604516,17.417232688627838,15.974359639374205,15.682861161231054,16.052165847982916,16.70551691846652,17.876241640612022,15.849185429881897,16.054688016986415,17.65594976099337,15.39522799610412,16.48634624621713,18.337872684579636,19.896184479259873,18.306015444340062,18.09925895867216,15.782228850225202,19.345105164021618,18.557862704015413,16.516790987857593,21.44682462442002,16.570251283338212,16.824401669314085,21.215751254661704,15.970736455436075,16.803026698897416,16.53966712602174,16.710291739341887,18.235601519107334,17.454608918177883,17.833500389654418,16.667025215869913,19.40282508210548,17.47878251924698,17.805035497800624,16.269230617396325,17.70889321075895,16.702073995704524,17.449834633888408,16.09571217196788,23.106305266186343,16.17399099204093,16.572999704519276,18.740272325754365,16.278514431446933,17.21166754861246,17.885021572977667,17.860729903208885,16.423569649118015,18.77727658659958,16.576973303741564,17.43038114652244,16.63375727152834,18.27475223199401,17.35989193858165,16.80613345894709,16.6320674495562,17.484067663985613,17.848632477558347,18.268684450519974,17.725946749743407,15.538241054505319,17.252102511888477,16.46558626976376,16.820111389413576,16.21308288874881,17.05838192718091,17.826068625791088,17.92082671599947,18.88919255121133,20.485847111832744,19.018601439809352,17.371389394712676,16.59976195447672,16.420541439522907,15.4363903868401,15.798590533939601,20.74236312810007,17.48474280740173,17.32052198449107,22.07961569024815,16.68563133241091,18.419755107959947,18.262214869640804,18.987037701306264,17.948597127833125,16.28102811086081,19.3942818480569,16.473753969737746,15.272472095727302,17.343859486295134,16.277292038215712,16.755832298200822,16.57260463026792,17.881817758778322,15.507341543406213,16.799015321487627,18.766512506250326,16.025501186024492,18.904882644232448,16.03837328790597,18.51285925662898,15.541862700508641,15.235413841939048,16.779186874233297,16.660945064772708,18.29461257154206,15.841927821538913,16.57391522976785,16.427901358955587,17.719250771089285,15.707773979391986,17.3563427255912,17.604391854029707,15.143901625601826,16.088395589873635,16.36979853486374,17.163498833748392,15.476154236658061,15.442931597336209,17.88166715471902,15.082961309699565,17.87651184149281,16.68813415908594,16.76774238960563,16.413587062918104,16.924450557776844,16.729584676794975,16.648556976912776,18.14184764613493,18.203663833049536,16.535326205021292,17.962667836853058,18.861319549502333,17.81238633452823,16.42953947440034,18.05644589273725,18.44763890281946,17.714682130340716,16.81183181038068,16.98360835679451,17.743410854878693,18.71609118819788,18.366951891294324,18.686138612179604,17.190671762756157,17.361976339905944,15.195737452206817,15.487422174872528,19.27940288021283,17.917934139590177,19.68214543027292,18.128168663252875,17.84285655657951,16.71048066284267,14.832323670861394,17.597459180967263,17.18658601035877,16.665052452874022,18.93732267401538,16.43779207961297,15.5464309346845,14.977955901566792,17.883310793031495,15.411302932086352,17.3734246509607,18.651327961022094,15.91287258454314,17.869427575247325,15.781920472515809,15.22778044476802,19.290044586344518,15.934142262885596,19.18282049615942,18.953351597602534,17.356154564623623,16.790362463677884,18.26401457972046,17.736944890653596,16.447350060795685,17.257780850510343,17.647278828539424,15.456242237596204,18.30462084467772,17.357986689920747,15.99192146895167,15.463259854180238,18.377771465382555,18.127319258777288,16.744361417969134,23.016609233480793,15.519525363656513,18.365027999648888,17.612459081624642,15.693227410390454,17.43992095047232,15.404765558125806,20.647110729776838,15.353193716632632,19.702327515919013,16.706383007877186,17.229766126358278,18.98108213358114,18.707716303169665,17.897622223469302,18.970125431426194,16.17269799779716,18.28802553771656,17.001975074121738,16.19001782194759,16.059481080096166,16.79150709006245,20.603990596950737,17.38498399781589,29.626064862854136,30.371987336089788,29.036221843771973,29.228006184466945,27.85783435352023,28.37313423061411,31.57650022587622,30.043619820835758,24.545595523492665,28.52303969574597,28.92299247130478,28.04724009425152,27.420688431208408,27.341483882533613,26.1811839381446,25.462400722183926,30.431672940057613,29.480515177228412,30.783280627559844,30.475436081620582,28.943779281731917,28.411993972823613,26.181232821531843,27.911545796034517,28.458248344969704,32.77605150510089,29.039392760855915,28.336326747713592,32.69765310015174,30.992780460459066,29.402845467237448,28.262029827545366,28.79358735211236,30.63523613097329,30.369911404530438,28.96492222651629,30.35561498395825,27.44706048570183,29.51331637594258,27.40379872215344,31.646711471419533,28.336825196115274,29.12107876802582,29.782623359548296,27.01910263495965,32.93482749688768,29.569841037839797,28.667767605822135,26.47376202330892,30.049576888267794,27.249639766306316,29.319145504542572,29.316542745136424,28.18326709246234,31.551381116370962,30.453992745378066,25.48897604657222,27.044978274345553,29.789857809940127,28.421126490158034,31.215967319975164,31.13708401529685,28.02543702312434,28.40407082727619,29.636905006662147,28.902077057118504,29.078926427493116,26.018842393056982,29.114833246532726,29.301514147084067,29.357310178113508,27.774915589385078,29.349844439971374,30.13951747780348,27.63294700142011,30.033434779469538,28.171120403675683,30.53155764405018,28.941587159371437,28.160520945358567,28.886559801325237,29.728146888997404,30.206852776187862,32.898087243523385,28.507975548358242,27.202576217225715,30.94180904203114,29.312038687854816,26.523799869496838,28.177145995229303,32.389502857738535,28.011202850269054,28.851680511438136,30.16897895538997,29.827462283581212,28.475538937315992,27.784019834011577,30.096989289196124,31.038698660931182,29.156672886421152,30.503372090366717,32.795678711266305,30.37925408827488,26.705357609382258,30.651363923146057,30.802188490966696,26.726911967825146,29.091688574712386,26.965480450671496,31.181209778344087,26.862776053744597,30.147361417531684,28.88132376457943,28.216072120083187,28.15033268665043,29.339466765135025,28.769232752544767,30.72976029647646,28.103410837591703,27.822121766738785,29.476350727789725,28.784748311734077,30.823571215822753,24.605470614096937,28.002330498745398,26.561096071293704,29.068497524624526,28.949104545820525,28.254402405203155,30.096447479613435,30.6622023822169,33.01586907287887,28.5369548348694,29.47284036684194,30.627872440975025,28.394600853343967,27.697781086796578,29.23163139711453,27.458482490506288,30.51717249609768,30.93589412656724,28.96396716220034,29.79766921969816,26.82452390644901,28.51001075774176,32.31902249425267,30.313560809063006,29.930133627245006,29.175763708985937,28.310923543727167,26.490051943106554,28.32864377778593,31.562272308895505,30.00783020503537,26.197277588426733,25.739971476064827,28.85624478810602,29.84948519885322,28.93073292930426,28.985868041616897,27.452432697831153,30.09874309958695,31.539383878609012,28.317128312360705,30.87778101841569,29.682835727865225,32.044131056286695,29.728089173362473,30.16806935283863,28.40682137448013,26.419571411121602,28.39232159417856,28.97815679444604,31.99478496223081,29.81046323342729,27.430903382720565,28.87128507166768,29.42425037756963,32.908240900717395,29.431727488983825,26.445124213172914,26.9639706680446,31.110298794637075,27.88689408332978,29.87149044826109,29.998063598863972,25.744069035721857,29.85139832124686,31.242000458463345,28.168097305686707,28.829074139763918,27.50419325996779,27.502139420129613,28.980759719953152,31.01368206140963,28.411721952530595,31.79845579103666,30.166357849324474,28.655560330265974,30.257709981071322,26.481731225857846,26.837759151935092,30.963784949215636,27.721474766614424,29.90167884237243,28.841521410805008,30.4915322303434,29.96776372987843,30.408054433207454,30.22726988124102,31.77795401490041,25.11327083602403,27.753096258797243,28.793648645808233,32.110411251431756,31.57450400990597,29.375363128129376,30.196403775378595,26.6023660759789,31.700270896362312,26.57378336320898,28.967115490069794,28.86540591757861,28.58514409536923,25.857038444299008,32.912942915941784,28.943869670273102,29.132166136585283,29.29408001879982,31.019590091720488,28.76046382516671,28.12343708444205,29.597669873278644,29.73518654736205,31.85747102404829,27.94578296207641,25.39307725765789,26.951876714962022,28.65028959118793,26.519910307486146,30.094208318886857,26.412367705819232,25.556099600967816,27.016290325486764,29.265293835328727,30.024547108650424,29.909008814748287,28.648231752649814,26.95276649603048,27.71856608692017,26.342927331129857,28.5260657558763,27.750038038358024,30.72656705250208,28.883228861532668,30.194248106768676,29.81357962754053,29.07290772943236,28.779078873700243,30.585263231054054,27.35209511351469,29.32530133410252,30.18206336679956,29.451723126423985,29.28831129304118,29.435715844280637,25.287116508489092,30.801986308028418,26.42273249449537,27.803448593186374,31.602356857434017,28.91842076015055,28.054089874068485,28.156526682380978,25.738063327661326,31.426477767840606,28.767503819490056,26.6439198444087,29.431426149034948,28.054544177733778,28.29799400658262,29.041240724931825,26.364094195367933,28.552687253694796,29.087239085353776,30.929943260374287,28.04458286208337,28.878804383958894,31.484709411784788,29.730288522036293,29.864847782280528,26.502216366557313,28.2926138431438,30.867935936220018,27.412365358313515,28.29300078604287,30.85132765865012,28.77954085733382,29.762796480181954,27.994605171398973,25.763580137059712,24.528598052918515,28.754735948446438,29.314052162795633,28.431747218798964,32.922135092843014,27.889444652228566,30.04670027127289,29.647099326320806,28.151739600699944,27.04322716160863,27.72342877501576,28.23826633171545,29.719897468384737,31.011307326604793,27.127879531056976,29.295028331519454,27.332705251578513,29.58558318039008,29.66463618555069,26.91575469302317,31.367891497045168,33.72914211987882,25.872820186204763,30.446465065346253,28.20760622045624,28.59209772674564,29.71593067357246,30.423040853354784,29.033154069358424,27.812715681706162,26.859598838523368,27.071733124811942,27.739215563423112,28.294206078597682,29.60296322378198,26.36751081025308,27.52854598421218,29.887774137145968,31.01993726618737,30.4508827674544,28.226837281098597,27.851369210040904,28.350924217683207,27.48209465730614,28.384938080248304,28.836110470251253,26.45201157664789,27.192736740465463,32.446067910954525,29.689413213725906,30.882980682570288,25.90335889977982,28.322966059294078,28.594692341424224,30.687516528992195,27.38076868670332,30.074307285449287,27.763153792198604,29.514786155138726,29.710223495603536,31.27870801402355,27.55028138117634,29.586852732606562,27.668386361960405,28.016446481129574,26.40832498398773,24.801410350920236,32.630213691842165,26.7608121041613,28.84488815207442,31.224289183155555,26.49844504891188,26.053397247338847,30.011078424681386,29.79548837519467,29.606415813787763,27.637503275955797,30.08030007294661,27.88441196350453,25.334836382203896,27.109990682801268,28.81947356108127,30.554735874736355,28.421053998263282,30.554547336051854,25.139487050052363,27.137969682874516,29.5918318561104,30.789395595701855,30.706142637839505,30.447401787734083,28.562596882122033,28.614697211788467,26.991860316258474,27.208361850707238,25.142265775969992,28.806935184141604,26.32587301496436,29.574304025603166,24.86635188060326,30.06886980004509,27.784229672409406,28.752007864699493,25.521341597458115,27.70861382773134,28.663119070730218,28.745167544079038,27.736957587996912,25.84728225860967,26.216324088944717,32.65488611075107,25.94189183834826,29.644575109928223,27.946377061914735,25.630838339180997,27.0432573252287,25.56907586444727,26.833024328457803,27.695506724131064,29.743100183558912,30.181067269501302,30.004073050723125,26.750323170643938,28.229854421193327,29.39154577741871,26.47074989083472,29.221062844070673,27.083180191742343,27.19716591617102,30.831235310083112,26.82365177177923,28.54557972224073,29.115881937051277,30.462831144086888,26.137411764981074,27.810471049263363,27.936868942490896,27.48603008159169,27.9544653550942,28.673767758687784,30.26223794045983,29.136002281666087,29.504211100735546,28.611264116526556,30.587812449209427,28.70022463697728,27.28386315730088,27.783350797823324,29.12408287178459,29.845236266877293,27.000666419304977,28.322520604167927,31.414758077763477,28.257951220115974,28.511301899477978,27.098441834770455,28.076548346214498,30.530138944075865,28.20833218983856,28.677114037210444,27.489105998992066,28.414068080421,27.101067587711352,30.609633491167056,29.457966714722282,29.205808216119582,26.820490445949417,28.7542537100835,29.348606208071782,29.93244520846954,28.939815386905234,28.526758289169297,28.93569806335152,27.04602157618663,28.187987904766494,29.652942380676844,28.264078506538848,29.70187997388566,29.505707496102815,31.347294929202555,29.36986032289466,28.730266989925564,28.810908611679537,28.465938453495323,28.580372352111926,29.92000288751804,26.439255982672712,29.990313674677942,28.85901659103191,28.764418429138512,25.775629383205175,29.769818843621657,28.908904026540483,28.176837424643423,28.373134876467635,27.66832013110533,24.878173337582144,27.80434801098023,28.37380780415008,26.79039169280742,28.56104877152225,30.876900198515553,26.42429351657505,28.469419110517773,29.038932927264256,26.392914754921236,26.053844363029626,26.50747523150389,27.41646967659698,28.007524787756374,29.27890101430751,29.552292466748145,30.821620106960705,29.15222541705123,26.16427731712216,27.445938224807488,29.263409838475496,27.66843425718808,27.046819666013924,30.75509121379592,28.51148190663671,28.56499905678647,31.038293941118322,26.772743418707677,27.490688891109148,27.246626380081146,29.49806092857733,30.05937819323597,29.78481358127038,28.56139133081022,26.79114572728173,29.084879459005368,29.862095974653442,29.3407940471318,26.89914243330422,27.50604006888804,29.035092163820174,28.364602589354938,26.64545343438615,28.528821343146987,28.919826051365376,30.134763864379256,27.625548812049853,25.160657797947323,25.71625017295621,26.28190335595125,30.198486696769024,30.056151538240986,29.989697696880565,28.413150540115282,30.602596142468695,28.448919752377567,27.090292747993313,29.414349175973413,31.010060670338845,27.212311811803012,28.406493963016064,31.684615444124034,30.836064090256087,28.2676792833645,30.665330022510716,29.155408439749273,29.14970588223713,28.276082600768373,29.70368220194891,26.992206901885748,30.11506197967404,30.651714775649985,30.417013691853622,28.952861442300858,28.9633788996905,30.409343797204894,27.12077248635344,26.51077848858913,30.51254582899446,25.610121841898493,28.379596940352517,30.46642175811631,28.589843398517317,28.24712708833434,27.636601338490383,29.337875275504146,27.90379505204357,27.78764915814897,30.075337476592583,29.61423273915834,25.939851962827326,28.092218181827,29.45656157369078,29.773795187425385,27.863771776726136,25.2553371042862,27.326959693571485,25.782392648720528,28.755500329393108,28.36208471655747,27.353850358541088,28.953134652727105,27.596263462787842
65,22.166670330031796,23.952291430883722,23.220399201446913,21.53340379460065,22.07283327176879,24.52985718696157,23.025247802269288,21.320802863434395,23.32918033412789,23.96303574110742,22.41215095248,23.12748057375089,23.548185708505656,23.60032056727311,23.158953780882147,21.984966500897414,22.99395224773679,23.250908516025795,22.963438252544382,23.4213422623515,23.951959815038347,21.120671771768183,23.30110584280049,22.05147880373763,21.615151566999653,21.99499761143829,22.024325682350465,23.9027354360276,24.06584339926802,23.366217990276315,21.43113802910146,23.206033012633743,22.980705466893657,23.464820788117574,24.161645192320947,21.253386447572062,21.546527606689544,21.802062237057157,22.526405748994403,23.711601896137207,23.719499946818473,23.18006497201611,23.298144339462535,21.55935118445584,22.174605286857204,21.552586132018813,23.177426882441672,21.18838915165024,23.478208545113958,21.535900308839587,21.99596710649254,22.668765106567424,22.51143513700867,23.369793405275868,22.4724288062829,21.980895082673637,22.88205969598191,21.46718541282013,23.62046824747316,21.33957424361706,22.96185862941736,22.279430809810428,21.162192303943755,23.696615263600393,24.079089121133002,22.084935431025674,21.334598056383072,21.177754020359103,23.145128263321904,21.885994217076597,21.767034544657957,24.48324281199774,21.52341137909606,23.901431137452533,21.603757073553886,23.341444487830067,22.689160742473092,21.63141911804395,23.10870421396123,23.730356436698266,22.808934395571175,21.920561446279933,22.290391604241528,23.71950074888059,21.89607975897555,23.615791176851047,21.358917131570962,22.50671175492165,23.743499266633684,21.225930269470666,22.054566218921273,23.092445718617018,22.090877741443077,22.052384965433024,20.661897918119475,23.84290689617103,23.38519946427598,23.126017233065365,22.953925563096842,21.393305029065868,21.99220632994979,23.05072796456859,21.27203714924402,23.159351019920198,23.74339838943407,23.579553308289487,21.56266235754725,22.984119036570167,21.596493296977208,24.34896887097845,21.420304203400956,22.058099220608753,21.556210152652348,21.989444151325092,21.051122533460454,24.231502693863114,21.774925770487577,23.97406933727514,23.00404888388808,23.329818822445073,21.6249363838643,22.351708419125288,23.731261395343672,23.78836199364165,22.896917358382932,22.97853676202642,21.759372519461774,23.321263358301092,22.37009906742836,21.272875572754028,23.427517167534813,22.123050254017645,21.849448640826196,21.907091164369294,21.440283783866136,22.77972232987346,23.720816791129145,21.76777345451921,23.819255464086353,21.606589378762887,21.19224818646563,21.76926283290352,21.393942501077426,21.459849027215533,23.49017541982437,22.544079574768336,22.0068576532361,23.161101207160918,24.13230864033531,21.459345970304348,21.356845873453285,24.993119628567484,24.425176744398417,21.490257701353283,23.79359802948537,21.05875524638108,23.957639074851247,21.624290938623155,21.571776554139845,23.13637657820082,23.973074905634302,22.695358485307054,21.749913905796888,21.72953513678768,21.176617374038337,23.345082467801124,22.043827128413017,23.235812471049957,21.32593059867889,20.670144874171474,22.312768881494303,21.328108621430413,21.18490501536428,23.727557760226915,21.382530346081698,23.982119723530424,23.338834653445875,22.453556574050562,23.07301907300274,23.162596454561363,21.555229441464444,23.756492045115838,23.500893741335762,23.201112354285353,21.31728410254763,23.39049540640103,21.72831320602088,21.544858145547334,21.986488665525265,22.576642674015,21.451155977485517,22.89346364524896,21.78068991247995,21.515699130990505,20.892905587904533,23.065960542976644,21.512820318466442,22.869092131936497,21.67401698768811,21.544453170091085,21.33119174790443,21.8707874335407,22.018730595895352,21.430415197066868,23.822010951063422,23.845147877781393,23.118996532579175,22.411576136947726,24.16066883037859,24.097453076624877,21.344795922342673,24.48927465862972,23.02101706754832,22.58847148013793,21.488583921118543,22.844305536892765,24.053998630001786,22.29389716956132,23.095177761655492,23.899849499186764,22.178808489061243,21.989709639841944,22.164693116322574,20.834070747728116,21.2502766147668,23.37080285140655,23.137158177013053,20.810406848375603,22.923271844886816,23.429982204656437,21.799270244798286,21.139135139911353,23.880492544109494,23.845808031092645,23.89814731191037,21.598295678559694,21.938814340925866,24.02747480238003,20.806145448024488,21.906594846778667,21.157324490152114,22.259364913214828,22.959998916982173,23.975352560592743,23.07763943041999,22.882469142975488,21.23861575484016,22.214344188545724,23.488104338585718,22.03330621163546,24.0340598500458,21.463107192332906,22.487977056483203,21.457387284790514,22.33636984113208,22.24378835031657,21.15002264563465,23.090146734988124,22.5143832008512,20.90549989382815,21.239233761762787,23.572733327052003,22.706227531292804,22.112752127470447,21.355092828625814,21.256942715611668,23.20536487464977,21.396730438243004,23.2857049876425,21.83109852539435,21.338944353136416,21.45363722546625,21.1934473874791,23.1610147855137,22.008922528458452,22.326199384490764,23.165531304869017,21.377630734433172,23.834245543302213,21.371081182509265,21.960605990368332,21.64763049844155,23.771835128913587,23.759365497579925,22.782305424169596,22.993076022310913,21.278200687736987,21.98870483615538,22.301395665031496,23.257844625764935,23.150279046002964,21.464968995024194,20.834968061400687,22.0749238802132,22.985565634282104,23.270727192207183,21.204050153021285,22.468148378514705,21.562635883380196,23.36942614467443,23.23200846197107,22.164069504189165,22.423057093459125,23.729621107662627,22.216589208374778,22.918928961710975,23.199518930706613,23.466978649845796,20.300682882197933,25.239024815457487,20.511974409681628,22.05170345811497,22.988998791322913,24.282380335206206,23.59661893515312,22.316070822926868,23.658440890059946,24.558136455767347,20.815465328556257,23.096562564921555,21.378616233176647,24.341088034831845,21.674193637551625,23.367602760811984,21.699013063403566,23.219173531768607,22.718343866844627,21.695133777106463,23.444751034686302,23.039649878548413,22.033767057406322,23.412885469736395,22.95207796568563,23.629819720683017,24.507449405287506,22.064243370979614,21.240722047553888,22.803261865362103,23.277931732245634,21.999930819734175,23.38793246644112,22.958328409699497,24.292009859003766,23.309281208980604,24.4583843048052,21.10488504323719,23.72365526524347,22.872109618301476,22.831281621721583,22.56577877910138,23.470438221224672,22.958446723894973,20.910060012098896,22.84242591110101,21.31757994072377,21.583706501439334,25.029549881931217,21.98244182393086,22.297930638808452,22.6089096422401,24.696944398278344,22.920658117524198,23.975306258780115,23.35243247057219,23.223327835399424,23.767891809190196,24.26314326622925,21.881925816081466,21.931350958455855,23.425447516321064,24.647688272655035,22.93770579364566,21.63085878337307,21.971146589071342,25.12727695598449,24.595894680801738,23.71900146158092,22.121505602397608,21.464874092279103,24.624009088520985,21.807162931563532,21.513125057599012,25.978174973142703,23.510525235778548,23.247718081613385,22.233873190846598,24.85103902222538,24.66388873387066,24.63980392700507,21.473449997264538,24.505012846278618,21.110191595744705,22.165274676065938,22.329686903320084,21.54741659171471,23.642397801604606,22.010581407421782,23.721903130346874,22.74959037899032,23.366024061727735,22.1853047573606,23.800295817815304,21.627618235852903,22.81922641576365,22.70573491970426,21.488576219759754,21.952500190123605,23.875887460861595,23.30955853364727,22.44095394184267,23.67332466746628,22.044242839181805,22.232222242857382,22.198509313222324,22.94040672152807,24.61904820143325,23.690029216404547,23.28217249508699,21.143464831250988,22.129775507439202,21.99586852141469,22.500339966219943,22.127361543960838,22.778660667983047,23.428371304636947,23.71550511682586,22.723335373684783,24.147484642101723,22.194099361028883,21.379016459886014,21.99018759275164,25.702801686931913,22.394727703025268,22.433521641604088,22.375665433778252,20.871879489626888,23.271682984617186,23.43179398026567,22.03100275529996,22.63538224464956,21.850735550979827,25.62514572279205,23.196615284597545,21.304268832721625,22.27206314821189,22.582506140294967,22.65846112502141,21.95448671765938,23.54027465274358,24.061175377898778,21.664523968787904,25.82949959459752,22.935647565324636,21.75201865092702,21.49871103415644,21.142764373240944,19.512774738627193,21.393805553601194,21.96275890324671,21.83745382815067,23.91796621756509,24.844715957868424,23.293498325305155,23.344690489032512,23.707432032422023,22.785612116643357,23.483449855897057,22.603842633401143,23.987164281237646,23.90378288262289,23.77027825083669,23.046817581805346,25.164458383515043,22.34333249839567,23.140176483082584,23.308059799586083,24.041218742226288,23.750201028201328,23.138622729691203,25.072137916608614,23.13849023942474,23.114095232952735,22.287296729828473,24.574015159921995,23.372010217003005,22.249325453350362,22.984665045642195,23.63650758932724,22.02848060881944,21.986497833982227,22.212793711549814,22.435518658480824,21.464550252993646,20.338484076168168,23.071759966624082,23.696668074486027,21.84741675307785,23.362452542246956,22.73492348770253,23.086045242685596,22.457446475453374,22.954131718164845,23.762703325107474,23.39850736935289,24.436432356542063,20.678392767257538,23.10080596960179,24.356659285264616,24.641335893514878,25.882758261395548,22.419812421355996,22.636940440080625,24.503075606016992,22.721145105856902,22.12012386424617,23.114442748726468,23.979505810193725,23.498262147687456,23.7139224300174,21.483256990759482,23.769379283643634,21.981147598190816,21.074323032456856,23.90888642506851,24.553766104415878,21.098819681871582,22.244138294148318,22.057685543622302,23.467184202176323,25.129716651470684,23.27719360639784,19.547722114702946,23.67524605161925,23.118268801724863,21.963792500989236,22.773946335957184,25.137041194032676,22.232252024134635,26.1312853522183,25.824574973693235,22.76063424074704,23.149449387664337,21.12825635224102,20.503146200582567,21.45733404309943,22.888069055682365,22.239651107505377,23.279357165351822,23.353845275461364,24.19046397313059,22.493358954331807,22.42862708058418,23.491355205020465,23.112517311413058,25.087311481509307,24.415592099245345,22.875216971935057,23.25211794868675,24.091960703592928,22.000801107466916,22.81441038386287,24.6595812233689,22.03397653530087,21.974442605850314,23.116709348836075,25.74182303138524,22.25213601362804,23.039538183963874,22.405267081596456,23.098605618169163,21.310867690703564,22.984245157306315,24.61461958465047,23.12063016372917,23.560591466883693,21.55247096956426,23.50708257345948,24.04016960147726,23.92009802551389,21.655099575158392,24.19518125375415,22.117900981271994,23.189405285725133,21.45475806618039,21.044297135265566,21.9702283596598,23.045179308651978,22.265883536114533,26.12281348995671,22.779404563463995,22.70357504452817,21.19038673288533,23.69580902380571,21.971963495624596,25.959153248279467,25.59647068420516,23.07661800920456,23.32675178253252,24.622500858802262,21.671116429162723,24.58090204826565,23.06018645053294,23.877924687323798,22.75650682615211,23.015275588719497,21.170708022325623,21.176431487513053,21.64383446626664,22.05271351737533,22.23204563543161,21.611371191166935,23.27835945000299,23.43464776512919,26.085072725223988,22.110740473947242,21.910393834123035,22.106971792361893,24.327388138291575,24.601284175225647,20.36025342916437,21.83449880314668,19.627679618968315,22.05160979263161,20.235471195613048,24.918628819172383,21.972387157911506,21.946185924839508,20.581221844641178,23.672157995780697,23.165881572979,23.43340137901622,22.75584171732486,24.607356399331277,22.127676271396147,21.744243472133082,21.76315589374456,21.612160989284817,23.4526184292531,23.0555847053521,21.479739811128816,23.352067627419846,23.77251929698553,21.49987072677572,21.908309981235234,23.569188199522905,20.047079650020926,22.372134815409886,25.09936741667339,21.266843649805203,24.129428834735,21.37030776400509,23.847553701272176,23.832004822148118,22.694046114176015,21.71676175595273,22.09310560885642,20.878750879809793,21.624615748237364,22.927311047680714,22.444271272232964,21.70143701160201,23.083615485941323,23.44696044109002,21.319782182214492,18.249052531741203,21.15135809769955,23.567385418677315,20.486113060071645,22.158783376892487,22.837465071867154,24.577068647007916,21.58599007316304,20.660262414349166,22.02325717978486,20.474959911248945,23.689276288451374,21.076597909549353,24.533513661258517,23.311937366609982,21.84859589181244,23.7046097126388,20.966989104896932,23.439524767742213,21.55655944762429,20.215596930993186,20.554073041647577,23.104059818527766,20.951506802534666,24.478477295856855,23.296820041041283,23.942617197517443,21.147318935423133,22.993752681630195,22.021473315595756,19.435305397904596,19.54808934526424,20.48852250022483,22.048431692055896,23.346442358130332,21.19742309748234,20.95533337204949,22.428865463311805,23.575297131878024,22.20073076719453,21.352555903807488,25.76995985954258,24.886691873353694,23.784772641860236,21.276094499540147,20.666000743471415,23.086333072074755,22.447283473017418,23.441666422075173,23.52298786658037,23.216031438666278,22.067111098483107,20.893009091890182,21.48934518927047,19.176218863560017,22.56960017860101,24.73806315190631,22.56822107215228,23.628017101298028,23.28332117384839,18.42239054099868,22.04485851281818,24.652024620002134,25.459568336658194,23.140490614707215,19.87980318922322,24.511801212631987,18.640623220338515,23.0475517776906,21.991141184151953,21.745562766062356,23.653648346043866,22.12266504468345,24.77163471839775,24.259332375641257,23.43113992733805,24.031046628908136,23.076981447773253,21.072494912009265,19.566744735170037,22.994968600240938,21.564476658169387,21.402820742619415,22.185137159771813,21.6363166173831,23.805093924076317,24.4826043138787,23.128086410243412,21.225907104457285,20.055140929959542,19.505483010948637,22.913631223798152,23.43975986214545,22.44134992205679,23.03020833746437,22.86081293251615,21.447414078823275,23.662492938986922,19.92023134442857,20.00544012509664,19.95480840580608,21.958637863565816,22.106392431766093,21.07715637215743,23.559560502462695,24.306925211468112,22.19307481814404,20.534768362105797,22.64529180258363,22.196489958422063,22.72471619655346,21.887288566767047,20.35604782039679,22.9910671174702,22.857752387863503,19.69271990505584,23.774989962715992,20.926668905208913,20.421288479218642,21.671712596345344,20.8130436522494,20.053103735453806,22.525548001932485,23.200507342842496,20.569397983633323,20.28945518166934,22.055999657187304,23.65068225275597,23.11915758674314,22.918822424978533,25.15991290111655,22.47156416496586,25.543944603144055,22.539097343280854,23.035870409732272,22.051259737184417,21.627988666322654,23.093479190034753,21.678707859906012,21.454507726184456,21.393729146336675,19.021850159991562,22.410105129113365,20.869296550681714,23.90263000651839,21.78753716607284,22.117900582175213,24.18200967039148,22.2204641843332,21.863726397316587,21.49235468414143,24.791625802907436,22.873258015872832,22.386260181662937,22.384204195710872,23.139541933317812,22.101612444853377,23.7561206482247,24.96767955132386,23.010552059921054,23.814745272552663,22.535134855936892,20.44872393203225,27.045723267225462,23.727891734903494,21.693117564344774,23.52984617140709,22.901153700884954,23.229922040159078,22.013429275365436,22.998347414642414,23.73680710965604,23.820578937223775,21.11478057545297,25.74037789502061,20.86579365863571,25.665940898364198,25.68530558516633,22.970444254944475,22.18055563378075,20.52117267988622,25.2558492492524,21.54569644006535,23.835953937931183,23.809798320556045,23.1846631475512,20.917459874744893,20.53145736389608,22.931518033700574,19.486269553347118,21.305092248559156,24.739362164939696,22.410899459679843,20.49603545283322,20.43893442657812,24.918009901393003,20.00703518217688,23.795376645864994,23.208275359053623,21.836599697774727,21.55926425786152,22.34056913471778,22.585967635602838,19.50630019985358,24.645791320139217,18.518393771597815,18.7970036110376,23.81496310381964,23.232057635201283,23.395415177798498,21.39723341144521,24.31463707803376,22.4042591570434,21.260461811087364,24.551050096748476,25.034718441516073,19.144985997360767,22.0832217491611,21.351611192047084,23.18993533912994,26.368157673327,19.941036816078352,21.90991475323703,23.227951641583005,23.34456268717282,24.059483656201436,23.61628210422105,24.64569904241379,24.752617421900585,22.1474388027128,21.401962049186814,22.068544330300174,21.42034316673034,22.05286566796309,21.97447297967737,22.939465760435393,20.878289720309617,20.867429213180646,21.20093423806887,22.440067152025133,24.9728827966483,20.40038481365902,22.16005257132863,24.514372437799963,23.356746922192396,20.010824987294058,22.746867942201998,16.86725707609654,24.188449511080865,23.97362288774614,20.988535870082067,24.49384187412552,23.405357913451837,23.293243408623397,24.147673301351897,23.919182510923825,23.381177688129934,22.73012364903449,24.297382149319617,21.85375029375911,20.012371341434918,22.926119091623683,20.67329668138077,24.696413657204676,23.130364479318015,23.53823167956657,22.33340065570624,22.703388286566103,24.78698309923176,22.524782761630757,24.032168031694173,21.79901795810999,22.75368527243331,22.948736701468825,20.769442490310283,21.27074129626249,22.65884848331118,21.642116145729094,21.395576681555617,24.066687435518006,22.25299503928528,22.40502286504308,21.149033242208507,24.180696393710207,23.716469420795235,21.19332605735775,24.318894390553563,18.897273196268436,25.487128269326398,22.2957284166487,21.066069498789243,22.060826754642648,23.51911949672592,23.30484221460858,22.338959191298507,22.63494788297935,23.18010066990081,23.096751921644092,18.0628550571893,24.163326863938494,22.948602791332842,22.245153328857086,22.505355917706627,22.152259827872168,22.62964102355195,22.836159215678745,22.6370871293445,17.558625241178216,21.17435939834951,22.649036183616808,18.91606696574422,20.940489362779957,21.898311144486936,21.647170176484398,22.148167722323972,22.914581297059236,21.218504054306315,21.914822917203928,22.312716013051805,21.773532854002376,21.06971650344204,24.328950055830873,18.90128398504313,21.87404677867766,22.377092464117432,23.13749094147388,18.183110458124503,22.08237315155406,22.37715427849598,21.341411062989366,19.94561282843231,21.680460668936078,22.172754188700623,24.470239331089545,21.736219872802554,22.87638810376629,20.142236302880377,23.048095352690225,22.142566410642726,21.85024843222667,22.880587886527852,24.20154533107328,22.346497320018763,22.829769712450652,21.799198843969684,22.066729965890918,22.829227244331708,24.027609701217614,21.869789558651433,19.61816165446955,25.447424859716957,22.87402428533686,22.836971570208323,20.65112092861989,22.02967116785139,23.481713069251587,21.51056643905151,21.31134731781998,23.859504087490585,23.744874769168952,21.0037644503101,20.64161413848484,22.78379653579273,22.272425868695723,22.671045713334255,21.56831689516491,22.144713661583996,22.632618325615915,23.882555286169886,22.028625610595487,25.178235995054944,22.260959404915656,21.020815126619517,22.4209027339992,19.78758243935449,22.835234064386515,23.14838924875926,22.270819332297947,20.634290964959895,24.172222409976808,23.90950415988891,23.29226829957832,22.284697756316206,23.785667035917193,21.617531633344775,22.098234171537513,23.481904042217803,23.56297384693582,21.127523245680084,20.10699313886844,25.244988723856903,21.953592277302057,23.46873712644411,19.312450604105965,23.657392100338207,24.215598354402054,23.569247059986704,22.850943906455,20.851612607537458,24.105065703920356,24.598829954587618,23.362458391608964,23.14751449991324,23.83232463025383,22.651580842447853,23.87536062925818,21.763577585993993,24.292740149162512,22.14812036537306,21.06022644797559,24.14406231146123,22.42230350570428,22.544917780704328,18.89144039527643,22.136071981905623,21.15861358389212,23.09716581289135,24.259397706980874,21.37687024063022,22.482155552608344,22.91585640984707,21.33343257770517,22.43520635813155,20.13307426910697,22.49970275249038,22.547809646858045,20.192312698854717,20.376105638651204,22.314212543382602,23.660927897418368,23.19184372875503,22.304458077381067,23.49962088054233,22.839553544661733,22.18401269492499,23.19983652401097,22.336227354510623,24.3206871396801,21.53620163716302,23.164310748203256,20.725550400981405,21.908788011388953,24.680158638175364,20.378033961877115,22.021764553908316,22.925878911837174,23.13788677069428,21.876515666382065,20.222905192915295,23.680930251066115,23.64914315829508,21.589277584663353,21.871896111593536,22.129079192383525,22.85776523779996,22.72100547151564,22.29059955517298,20.214657733303767,24.56182174344481,22.061710277023227,22.26140233468991,22.955378778824265,22.372876084751965,21.531905750066954,21.06545520211851,23.443714264212275,21.472150428103976,24.36677110483386,21.598539914881922,21.284008110994254,19.363716879748477,19.232988485462418,23.042829682318064,20.169918732652327,21.684682490780254,24.328917051848432,22.995130981032233,23.16637036277523,23.092467843583393,23.5879734253288,23.271579640446447,21.76168788918197,25.194290917322515,22.65728194817384,23.7233902453955,23.487961917160433,21.193069358224378,23.58539520581765,23.005277748671045,22.04579550584232,22.942231301689805,23.49743872189471,21.652215600693292,18.251714231979573,22.41127595833415,22.284993736474448,22.456582114877623,22.193946963016717,24.3148755957081,21.25532109000084,25.76188565771203,21.725049511762712,21.464772107068985,25.21717046715521,22.097623284854492,24.465627760297625,22.387204172911197,21.74260702207999,21.48307369904159,22.57501282912956,20.06035105006396,21.276890002694586,22.709530360087502,22.048701923487652,23.23451616152806,23.72785679242011,22.66463698077196,22.35681015039263,23.38673253475952,23.260509184754476,23.229868113250767,22.585460650427358,20.652492143858236,22.705155862372372,23.926270103940034,22.750776923221096,22.294774432196878,23.518810098975408,23.192120917041265,21.2880110264972,25.138808094636175,20.398961697609106,24.238445825808782,23.426444020024682,23.499005948234032,22.515404240705752,7.713785686675919,7.189190341954425,4.3240719330375,6.900062469314323,22.20808406262792,18.16610216411017,16.17278747337711,12.646711534709512,14.778209714223637,4.5234813862843986,6.382799168223495,5.423259130110585,5.445576669419245,6.017200121817419,8.097804101498063,6.79152886652327,9.238228553915006,21.402699953457116,19.71118927247338,6.78623551622496,21.05684614190746,7.922187501297068,17.5120059052994,5.3468661973846485,5.8828998027433945,5.762484856202437,5.996049048495592,6.584754052629938,5.097164574947536,7.7559611497434675,8.101811645168603,5.965951232341329,7.979972446166385,16.104821414533927,19.728105350527496,18.340232336508528,8.840386821601207,21.668135728144257,17.436593435798038,4.677145264832973,15.260436359899739,10.85033584010445,4.541936121513491,18.429127304269223,11.039500037508363,22.38231069482425,4.5668713413220745,19.83290966770428,9.710826068238378,5.666025487001099,20.061542903850114,6.398797686205291,9.79448434946264,25.064463988389257,20.072162147011987,23.971864433324022,10.22333414972238,12.15415567646438,20.73506581104426,12.064884613141801,3.936867525642998,17.465432806971116,14.886378947713833,15.904446364977186,10.88717543252157,7.394749103897627,6.351498113859118,5.3359543723805976,5.945371207838936,14.18483753155993,14.224467027003072,13.32089088072454,5.66957932766325,5.123048812770134,21.252117370560914,12.882562561942203,15.521789069369712,5.335887570636438,8.909710558959407,19.365229137981,7.67981362830736,6.82300748162453,5.741840319410126,5.220183141074995,10.40362350875086,8.02297343972836,3.6925597956926204,6.241258176767519,13.54833873175166,18.57447923536209,15.182557864152235,9.321109603585311,4.937024466262452,3.73485981123358,21.334800358271092,10.382523582909927,3.8492095800783526,12.43295128333123,15.66225872075625,5.443795490503949,12.667538883674698,19.810032613881283,9.015938478840637,14.16218773831077,5.802687164120475,10.867465058644816,10.179653262656498,9.521004740507871,7.644669788913914,10.405268414334607,4.368074473666921,22.744037837174012,8.060364270806879,5.221291804115768,6.11856947635335,5.605471022420584,13.101684274962128,5.891491018584963,7.864566925682288,22.090321141866283,6.006021351851624,18.51774564962432,23.54838231589793,13.547273790964105,5.861859310233664,17.210997154149446,8.554680588058034,5.175445151251856,8.35472844939607,11.255335605300225,5.178024508071513,11.854279673418416,6.680068440911216,17.59397102682157,18.675694327786932,16.87000416199561,9.469432692884206,5.541937932189216,9.827512705704821,8.69204682356956,17.35740987664102,6.25822615465301,6.882676023580871,9.492948532444508,18.02039426193745,8.746052488959732,5.284380663020509,9.326296105829195,7.577085029257351,7.070455924477961,6.356071732412157,16.087163497622715,19.237634501724646,16.63370371212678,5.451601919860627,19.34167700467373,14.953576547924422,17.784580161821033,18.91730673328891,8.218346482216608,22.88751078719236,7.34992105998978,8.879450999118626,5.68877009278873,21.468312569929076,19.95009995229064,6.593468405775374,22.845710739488176,15.507245616998668,11.260429647764791,17.353549684996928,19.82960480465517,7.185670122721808,11.88524496013529,16.47952210705514,6.346056918014942,16.562688498245734,5.19419690747136,16.115303756456473,9.011817243771544,22.962278819131214,9.770645864339428,6.23655345348239,9.130402891144094,4.853862916973668,13.217247884352295,16.933077135211235,7.253855309519416,3.2560817243894458,4.736371426082942,16.762667795031117,7.560493799783269,4.689267589918644,5.07988260388033,10.452198056484418,22.659024122622228,10.957777026832142,17.37763515492144,5.887950584955073,15.998761654402477,5.650546837179579,6.3781030068288995,22.242083872710595,8.713906611019953,9.584863179260475,6.295247443124473,5.554419580081683,5.639923779815345,11.848647440607127,10.543107157923902,7.694584865571653,4.643841569218428,23.41717758149034,5.501618102233057,16.39282996480395,8.237411167082625,5.981459425634442,7.451010264738875,12.763817020814667,6.445808737274032,23.89756095971904,4.6705882211834275,6.6861736894524535,15.196753033708648,8.203108213630294,6.726966325165555,4.271125428435111,12.810279173742224,20.385159650257172,8.108041028311698,6.038488191142784,6.412701666379275,21.831645335656894,5.408490766567196,7.603697880530331,5.649496514567865,22.708155438149696,18.35845874499681,8.378773098851097,24.202686651374798,9.622263789706087,5.165686010143874,4.345259242403427,8.684120637505824,19.090132246512812,13.85234763094687,7.155539976280543,9.565222731575082,4.787894683166442,4.885536157407065,4.892884497000707,12.080660606738471,18.516849953084936,24.14329492684202,9.497313636166798,13.944221986922592,12.493150721781515,21.413046208405998,3.923257017153951,5.641840454732206,5.883438405870457,20.06926731141431,18.832294482470118,7.672031588572272,7.015752148487375,15.14321283915103,6.156388583858081,8.417119046524924,7.397433884824675,9.91161256971689,7.052913123236453,19.909751099294297,9.757015118615994,18.28332213227422,7.860834394693794,6.171963742633748,7.164875101086782,7.45284327800566,9.282995622793468,5.507943572026826,16.543868447240246,5.3525364714757275,4.150328423384337,5.522045325415132,5.8269298847759385,4.77486197499915,11.583881796767777,9.730157598798632,15.647790008310444,5.695066249640928,5.550250600252842,22.814631082016685,20.706784714755194,18.50107897812787,17.96225043092604,11.279899212333383,5.991195555573794,6.574511264805126,16.128064210161146,9.296584883670782,18.053611722411038,20.239144527034917,18.92461127159554,22.016806156443877,20.76415254109562,20.9667233051781,18.19016609031114,15.427434173256753,20.271460061468375,18.21143128347264,17.921390127643324,21.43810556723491,22.30428778724585,16.70574377589454,23.833367385548748,20.53804409606754,18.527160830000646,19.18486888458434,18.914559582506328,20.34690415273963,17.442284720866944,21.969991301108763,20.945833968197817,17.384635596630346,16.926983349362118,18.451278293765096,20.97752389775518,19.600721703451836,18.040195558357244,22.191363557073934,19.909537086771024,21.883974206398545,20.622257758566217,20.170783138967735,19.23353086772066,20.530220705047,20.169960665901666,17.118347517924757,22.812634934705873,14.761235443309484,19.2522703532357,22.371408332078968,20.798477589466554,17.000749832156373,19.603871350568767,18.54976559864914,17.373750730593496,21.728879860290384,19.09221392782639,21.57632381754022,21.426280138634443,21.717490486783266,21.502142106844847,18.69430795421977,19.369818409327504,20.473754547245935,19.417596853555445,19.1273398350296,21.229459150944717,20.840557709517523,15.466569881020066,19.06578977194079,21.05696560440163,19.094262912328855,16.116535343087065,17.459447142383986,16.930640405321597,21.126262581470304,17.67678048665287,19.012750006502344,14.479854492476388,20.520112831860246,17.800464376062145,19.968474736657285,20.974449650065516,21.58057503633468,18.980176645507044,20.19990551451992,20.793719588006542,20.79294366844084,17.44860304118819,21.53134897355186,20.663557320821575,18.50910037621232,21.169119217721864,19.529699542871995,21.446144310682442,18.98315614922568,19.076033414297143,17.220618173328873,18.209911180161267,19.4622604906779,22.121411839661526,21.741099203522793,20.634870864537913,20.30172579244709,20.317899236407246,20.79576142603556,19.96969673058176,19.27466050658298,20.358782432140874,19.67882314414764,20.269717923261922,20.616035390012993,15.551006930307986,20.08892237815024,18.44416314853402,16.33969482295232,21.83570979700772,21.376847507605557,16.121001568382827,19.874062068745573,17.190913857424768,21.425586135777017,21.62997307230794,18.018837366879286,19.849806193275487,19.119027639913273,20.016885481271597,14.984123639608992,22.007836629112706,17.20829208239593,18.122945621857614,20.269905019506872,20.105954591695532,17.73821294703676,19.049478073089634,21.971122424480836,22.286653243023967,17.046858517989648,19.535861964127477,19.508226177357177,22.14971695664145,21.289820561575706,19.810379817280733,20.542341805785153,20.239663152111724,16.137217385816754,17.496173163672655,20.296615706181473,19.417527848952005,17.536484834813145,23.553439061044234,15.607704554550924,17.546675522542508,19.44291723706956,17.174407027168773,19.71711405969312,21.671849318929358,21.340620886150337,19.465549817307206,19.496952405521295,19.135155960621283,21.408924749215767,17.73334031125654,16.50483001247732,17.982263887660277,21.20267967514189,18.15612042154332,17.593513854030178,17.473387720105734,17.014697040369335,19.34690747233142,20.346804096630365,22.368812418427574,16.907394796432094,19.46077871192562,22.350137409552946,21.716337922428107,19.591758141125915,18.59289816307372,22.02320785358375,20.527500392766928,19.376551481967205,21.6838705197116,23.578228877855665,22.151437649264768,22.137781403231187,18.563206851556398,18.015713830327385,17.70890922423695,18.079017531542156,19.043348182523673,20.014214886107244,20.23280169327697,18.717234943000015,17.64628927303473,18.780494493433242,19.024832026762436,18.978918545171023,20.90185722884973,17.79454659729721,17.932990960987276,14.428615018430625,19.685594537964562,22.308595726461956,19.703224949988044,20.64851756747352,18.774832224377178,21.08945246612788,17.755838347131885,18.457017203683172,19.305161639488176,20.320175852148626,16.849162914231727,19.62293317529303,20.12241892930672,17.9913712269796,19.518716596745076,15.658710990094972,18.767466561427383,17.660609664088923,21.533557632199084,21.08446819921618,15.938736871669978,19.107398587788666,20.571191325310455,20.02998075359364,16.88331967589609,19.264214297551764,20.74196810357395,19.635118650631355,21.814038335851297,21.70652210723589,21.06487369882087,19.527089498168444,21.161415380147808,17.93847218398958,14.718551535171677,19.398251020386706,14.818090668898547,20.420827651624855,17.423641292082092,18.853318055267522,19.269227091860508,20.808176514925236,18.503870796498493,18.350395254202137,19.154655888983275,17.782235733917346,17.933126896127572,18.54469395853207,20.054236098958725,19.55955342497265,17.928669509553664,20.043628971642026,22.263289868479855,17.418686577542527,17.109727707405938,21.524878427604726,19.661864671267786,17.178325958161576,21.446131541027103,19.74745468550273,19.04592117844185,16.474024993561095,16.57178407524613,20.291028095186217,17.263004300649037,19.196008657296925,18.593252702436356,19.083686570809093,20.750972494408376,17.443881745254625,22.283622583054004,18.96894477941512,17.58184550808423,20.315036468374203,18.506328328325978,20.6832675374025,19.347217633195886,21.22484940346691,17.253539866375473,18.798996132277853,17.650362894223036,19.866559134492046,20.630064223870022,18.369557905140745,20.49880820085469,17.176763267317554,20.847564756567344,19.270185269335194,18.49526715683506,19.733414542065358,18.880459553697424,18.859568141672277,16.850325007761224,23.52531945607,19.41500044559733,21.21872190343356,18.578666555006524,18.90082911528051,16.001548962174134,19.836285610479482,18.50709817537467,14.65591307144487,18.99045440452969,19.678554821155316,22.597479722035647,22.12622376145404,10.73408660888346,7.802189696891671,11.594646839489824,5.754283762097718,20.81500762229729,6.768356656989142,6.04550852396541,6.880080781394716,18.724262500710708,7.205745076697978,21.387322168098233,14.617148812192733,5.981059781111344,20.36428912928098,6.395187140388018,11.255232410479811,7.065246419629576,8.8526807287625,5.71452911828314,9.248488320438522,8.948654720028385,10.986076749831923,10.437325771003781,17.24440850691582,13.774575842293416,11.313756853954809,21.875952721631705,11.430603543437757,17.154431479448863,9.222884325030067,7.301898218950022,11.488057674984033,7.827475420015151,6.53701946427506,14.976003643212366,10.827002012991576,6.342149848327137,5.541892687726211,9.787964334421986,5.768817918806465,20.724052609269865,13.434770112076881,22.204808942190137,7.0422925424302045,16.724750749466672,13.861587358745638,20.16927347782356,18.67684323135343,5.286742669664975,10.235457401684766,20.822119367080962,20.40242949927241,7.1013468307486045,12.30092174322399,17.279685009656994,7.544471978473727,7.39579103963988,6.875619668798437,18.947617242683965,4.1059528047661225,5.071392380526029,4.522677410047574,21.089540061507932,8.271071610119334,8.71666166434509,5.898874295647345,7.779706597572747,13.383271617781386,11.151715170155741,5.483123998148714,13.724981196551047,18.88972650680242,20.455952225554917,8.445596633611212,21.603128474344196,19.256072272497033,14.223164869376086,7.305900544573909,17.456453293072133,5.94889688789945,11.0307612897409,15.565278653146732,9.977777675004559,18.977572360722867,11.089493171787652,8.890435709609958,14.506778154488522,19.493094706711094,9.528929163879532,11.200354610063808,7.72555581912911,10.590033075380662,9.988066319629608,18.09927326660628,10.289507265043648,11.33939310387689,8.556973127327735,17.95335280153473,6.8905274776642615,7.960760042643391,18.09863438663361,17.14461115767402,16.22737568071571,13.285397879443217,12.68482461956395,18.367604160817713,17.385191483159733,18.62898393796295,7.436839054005141,6.166103263872732,8.821239412804804,8.375015709132185,15.071958546130345,9.872987581890587,19.28640814985588,10.698748975192776,11.398571428923248,8.532828377820643,12.952902015289006,6.2756612456292125,9.091636123504003,15.873427859848455,18.375189532012083,18.490838926339546,7.079147838222444,10.37404052199558,5.818999261480692,6.192288437076529,12.67259963308671,12.557183351401083,7.8902903669054645,10.513463150206537,20.053745280631084,17.764277816141174,6.828211353858318,13.498845288489955,8.436333056644044,10.405558486126107,17.32707630465565,22.445215319138743,8.21084096043569,21.894075341414517,22.66249398048334,13.7416236883848,21.953894430916414,16.458297444351775,12.18395699409793,6.4575692111421565,14.402645798009758,16.528684115790984,6.291261443371937,5.854198845209867,10.545374527627532,9.026383434900621,5.625623746911048,6.2180859298891695,18.934854615669632,8.846103822097913,18.490751013451316,7.819609559286058,7.312468599883528,6.090028976383558,6.756229515155247,20.395654981573294,6.123909324193473,19.267329054096596,16.391722888577057,21.074488440964274,13.312144217330207,17.15072940306354,6.266456369866229,11.396731524756346,18.08986556677377,5.015396800792318,7.2787602467495995,19.582339479167516,20.65660531264824,9.309400274993274,10.435948721995237,5.941326930180362,5.632195444025624,13.152558372734077,7.676674539537614,5.9079378215593366,13.973305833586435,7.6454588508109715,11.230932792043866,9.872293265221565,17.525077858136115,5.46248911378384,8.021928284841895,16.035592986603966,7.043976845932344,13.512663150632251,21.654535994549352,19.61079424697109,17.604541958566042,6.908252867378732,19.096449379869814,7.515736558868759,10.83396738315995,21.013104137619152,5.901271754425947,10.226563315081945,12.798185133241693,6.177627980264167,19.098417250907538,9.0033046866784,6.140177075528333,19.134658059267164,21.25193294168311,10.560421707496978,16.150037949912342,10.716806681028936,19.171066998784003,11.655712241267521,11.624057206042027,13.528511165187675,9.083609644364826,12.512259483506861,7.652879481287509,9.44907868754012,11.8672270389939,21.198154779871413,6.178509969494009,10.799131360247657,5.66739893694494,13.773693577170489,6.1683543342046026,14.207394217010341,8.727668910471465,8.714899158183515,8.047184451780153,7.561390494929109,20.610179623509424,7.083070674348973,10.728290848049031,9.132358531903378,8.359124388026956,7.099939378615821,20.691519823106322,14.349102045485965,6.460521436500346,16.28447292227163,8.778944061917663,8.935056613417187,13.595650046825812,6.715805056861799,18.079111490276432,6.230375392663873,7.9474315115257035,16.522375005544728,4.932630849886508,6.561460425580388,19.806734421791983,5.66889711634315,19.685540805983862,19.969144310074913,10.350122090470602,10.337363698538036,19.71797085899421,6.083472133670686,22.877079215651136,22.314647402040297,5.53727595455335,14.901019598992882,11.53403469408202,16.76024188401267,15.389594204032427,8.769943658908188,9.310997979665997,17.738080667270857,5.890041397127777,9.608393197210914,9.706823148031326,8.514243817741587,6.1351012391900435,13.66719174785841,14.657089880104428,7.091791921474315,19.032623254765905,6.531339782035661,8.388004815260729,14.406955857040833,21.327463783691822,21.705829916275984,6.370621833669564,17.10259178076232,21.837633539697194,20.90308555787057,8.526797196199336,16.751791175486673,13.90933152547686,11.924251971473673,7.744808834541725,5.4855821473974045,5.4752903197014495,9.278328464799886,20.053763440174897,9.023519843180818
66,4.528570471852185,4.650510832777915,4.836665695310187,5.329197805809329,4.893572724348715,4.972731367158389,4.654679438872166,4.822327484949772,4.8042796267138534,5.2092113191238685,4.8675194125864065,4.990183632044705,4.8649161041518445,4.847485756439666,4.805428435426269,5.4901394327305155,4.6742392917382,4.8405984786350045,5.258948938664528,4.981051677196598,4.791818862710662,4.998297104515005,5.046925620766041,5.102649442610607,5.0762105948950005,4.1467573798367745,5.492286793987684,4.65681995760507,4.81336642110164,5.125857057905849,5.036721379410703,4.990718355031766,5.116975427731143,4.789908385314261,5.183481565739428,4.874492086115973,4.753317506888668,4.795641053570897,4.888294852347792,4.810844879079735,4.739286491315679,4.800371895495891,4.977599324104032,4.86576884366023,4.544554602424666,5.362961816789129,4.986663525189981,4.934825153032036,5.080132325046483,4.724931112530228,4.810172338649615,4.885741933754367,4.995435910614189,4.62401412845274,5.152721554604441,4.759210914587427,4.905870656824619,4.808000765531921,4.770727393998489,4.820989388395365,5.049385581760276,5.129466047489875,4.9242955090281715,4.596380325467601,5.2292727708774605,4.68704984135313,4.951294593436507,4.991131780079024,4.374071851047099,4.514210304429763,4.684951719861569,5.1939062353596,4.795360352877362,4.6540262459272705,4.852377028598899,4.856073403008264,5.025348558400345,4.8025743452980985,4.520896671856214,4.55895381662516,4.950070594747178,5.510566351217411,4.765764739767358,4.5555595769525725,4.579002594094285,4.526818654250466,5.206893419895694,4.939037922085631,4.5948238850078145,4.9753847005634695,5.0958173888589675,5.077545142825281,4.690294370728823,5.101585425950498,4.4389740519219085,4.606852147596509,4.731368589476352,5.026785792880912,5.070140943718342,5.17665569238296,4.940353049947074,4.716466931733841,5.008957207135512,4.408865594269515,4.767355161275168,4.855055520671018,4.756255369968128,4.930627592457914,5.013335088588684,5.03018232276153,4.947071063690269,4.723553288438124,4.808478812399783,4.6249209496558485,5.022431807130878,4.995643619647578,4.7823251029474205,4.488888656407022,4.436857727188598,4.820709919418497,5.50752197853042,4.228272687106372,4.919303397733637,4.698528574714214,4.508144204789472,5.034010058471631,5.386742853271148,5.0727524232369285,4.743290133425383,5.236733725486995,5.009735504298905,4.951221268546963,5.106498135453563,5.4966662032048355,5.322892939656832,4.943434551864735,4.806774736562958,5.485744642866002,4.7990985607693695,4.984969536085373,4.968073391476781,5.03669796180676,5.194909077388226,4.9142603925245245,4.936308438628767,4.933162381667755,4.831235673007572,4.788888376380283,4.578917231690864,4.640582977351576,4.9499027810745515,5.349369902932596,5.0044836940008794,4.799235678363802,4.6051255813427465,5.036816070759518,4.6672593481063736,5.382306359337896,4.874543932491573,4.636168510909064,4.746893898123627,4.904041098040212,4.68770181511288,4.900873226806606,5.170374702870789,4.9682931242558634,5.123195584946546,4.930170964098863,5.212441306343895,4.446258848083997,5.1012038222673475,5.229166733994939,5.2416417755499625,4.825136451369537,5.091650466695313,4.438782371110754,5.118425542424901,5.113157465160722,4.584283963853526,4.653799710007691,4.807092791277324,4.577110173975448,4.706355113791171,4.945736354272958,4.829058055162109,4.625375507389762,5.322600493626327,5.01493122241579,5.099638829145985,4.862239913236124,4.92353843327758,5.208768261466367,4.871243062968407,4.706056005166673,4.28704576514291,4.957576399027659,5.325848258071251,4.657373586895286,4.991528021379776,4.9844818003799665,5.204808313385873,5.886931826495019,4.721689737689921,5.019242212724407,4.984816345808592,4.672671303360454,4.851264029150007,4.885026503383323,4.51875041627779,4.978149270485661,4.880209845922205,5.208829934092041,4.476239513071852,4.89404132317364,5.076141509299735,5.0479272285857135,5.229551032485033,5.107671624266841,4.983223770196347,4.826169111198683,4.541228221090866,4.637140885816509,4.698169381687619,4.301338126802589,4.632691286974433,4.977463914298626,4.342386241985075,4.35192027637535,4.961455914036566,4.981532403937831,4.164481401349455,5.161280580821552,4.735768190538325,5.201616905158338,4.812572040093547,4.772030949540796,4.964726844985786,4.435845355327002,4.363671848660645,5.0413777769573995,5.00062603677845,5.119394880701712,4.948196777117121,4.756406438447027,4.313694831062422,5.06106025844586,4.987539937625885,4.893369164381644,5.004981807415391,4.6604517567761405,5.236727085631948,5.066161847595718,4.9211784867249655,4.917223001802547,5.051193964172801,4.994888300030466,5.010882063309981,4.712717007160755,4.922690188062241,4.904272746347639,4.908612625347888,4.743040242549389,4.619079255045098,4.924172424032004,5.267689741673762,4.648894262635525,5.108371992011298,4.93329667338501,4.893903989991701,5.064783813665592,4.675751104007366,4.648463010213311,5.150949044175158,4.694554301416438,4.630032490863331,5.054462073497733,4.304696997744985,4.9101733367599225,4.837737410232281,5.091477882570019,5.520045174296999,4.731826546578807,5.002717240385754,5.041122298002749,4.728703933189299,4.648848819965246,4.885361636174128,5.046101463199356,4.5660833315748315,5.044606771654987,4.76934267265592,4.936433320772231,4.310993733976253,5.0951591690430496,5.256621196848623,5.01244672316591,4.615535413164707,4.817235114366136,4.72237943748039,4.981918704069627,4.721617795782036,5.074933111473724,5.076187194074333,6.054259236019111,4.81452952148537,5.493019689102191,4.471565986002539,4.867801490912673,5.7869376505615575,5.328565071734119,5.297727266253962,4.75983831311028,4.340022618128073,5.039604603765039,4.717743187342826,4.780324355574306,4.800550976193407,5.1781650001400825,4.26930034553755,5.517566720526959,5.829712259779492,4.768022782288282,5.58990621207112,6.08001655683566,4.257752346439351,5.470036476182447,5.86613764723534,5.560742844084999,5.014042160337238,5.241146031023834,5.1439961126693525,5.20383236477111,5.33106799062404,5.950820955277507,5.137754490671237,4.919283306162129,4.332614279962291,4.934944007706564,4.507565831984154,6.25911723809545,5.9063305763818015,5.820356968486303,5.054796704319495,5.437763915676458,5.045574770743675,4.445212042438873,4.816409747461086,5.139118099337357,5.373719584889056,4.622213918900043,5.574696885997515,4.794187837780228,4.560170827924496,4.838664540867198,5.753770121550217,5.606556898457791,5.209409374596394,4.939838592821643,5.873657230026424,4.857123859259825,5.406347748238204,5.429422082776089,5.402270749794318,5.675225763367392,5.6637683580178315,4.918683359740791,4.355837284039113,5.043114912428769,5.103566057340697,4.984000213274269,5.022691606206681,5.080676926438048,5.030023357064167,5.307607236705466,5.175133068637071,3.9807684721867527,5.006113578093999,5.056139930459375,4.343520131681501,5.023278507205046,4.949502950938261,4.991648699951628,5.83074317360219,4.854240673810753,5.651120282598089,4.760564823871056,5.178615061720707,4.505508012026274,5.80746005472405,4.553491621927474,5.103259079871026,5.572965897257155,4.926921293140707,4.162196541705203,5.506441594037433,4.969719605737286,5.004806152919774,5.059836132795694,5.13337421906849,4.933744826164608,4.814024459937295,4.691467150955948,5.628844643993647,4.939711197769685,4.4694234271786275,5.7895277484996095,5.026759370275747,5.542075296689639,4.729431760484873,5.0578966097881874,5.073941254114085,4.903397565355234,4.341403746511898,4.717981306944943,5.164878822307952,4.904749984914345,3.9555121111668203,5.676591432462837,5.472923309300382,4.651741957369044,5.3733519192086,4.543390783025823,5.193902763574624,5.36118145678839,5.7218899973717985,4.753265311688448,4.612685760929944,4.99312462146964,4.959043218500486,4.874273998279297,5.875489131785064,5.81509355769121,4.523238734154945,5.6887955428550026,4.9740338515801135,4.567024291922378,5.721046011482673,4.998035858004192,5.32364665956121,5.222598880889958,6.295739331390251,4.948955846518369,5.830804050411573,5.022466640813009,5.090621049929763,4.978582630573874,5.207724186135471,5.9857689890359795,5.038045141946996,5.65898733768609,5.178261285916607,5.11032773878157,5.450644024976981,5.2293305932074015,4.967861882987926,5.262290838330148,5.073154169697254,5.037270792115306,5.867671074203263,5.324519911205097,5.185430406740552,5.051818377074477,4.621157694040568,4.681594514568759,5.949531431047244,4.619511952037575,5.680374114171376,5.581126845671823,5.749730587476153,5.450998458763372,5.741095785959343,4.801181685835887,4.982160629550378,4.863251739932163,5.016837620207473,5.7890845720934445,4.888280676984158,4.859008462837548,5.096424253259389,5.7061032489295975,5.120105317479195,5.43473514065971,5.203348697898667,5.058356957822701,6.057942013844353,5.079270865527589,5.12061396874089,5.899886376212151,6.25431941419171,6.26033323085395,4.876195333310088,4.148649647618272,5.061332523025445,5.832537846889116,5.014154413342369,5.077787866940382,4.647854472134102,5.6017552380085,5.097505823904901,4.8910157704205055,5.579421525742696,4.691498768778674,5.633118488872374,5.635643943762181,4.555575497675122,4.225413546306259,4.970058818226079,4.756975532944631,5.813648030567523,5.6926829277963025,5.629654621832376,4.85354732390149,4.437114004250253,4.452038497459188,4.858649666336972,5.809463496007235,5.3778501833737336,5.248198292511918,4.88316917206341,4.7297716607737215,6.128949319346441,5.11991004777098,5.537530650583601,5.991820159847915,4.465542027723892,5.280435508383928,5.06229115689753,4.929428566349843,5.596645688970099,5.240353678769925,6.059141989548737,5.141124208422743,4.776254124683859,5.128227801873684,4.559831023498563,5.419338149551096,5.194787437598036,4.724136556999956,5.15504605150746,5.720438276710092,4.57497557891665,4.811294953756059,4.483449320470537,4.598572327710008,5.44870119977893,4.68956595876053,5.135483406742488,6.055552927734781,4.493693211912256,5.0426139423942224,4.807123329034253,4.976640979906822,5.091839680127461,5.498387994290433,5.064499205627881,4.377601108486502,4.3315608603489215,5.84022153439626,4.794854771586209,6.29468565429736,5.4571717368422075,4.4747987402436475,4.900229618053187,4.704191722256738,4.9735122764801165,5.013348811848378,4.597154835337486,4.807094146195207,5.030491602228059,4.501413497943872,4.926512329693463,4.584449598275033,3.9871406312291042,5.501821251955539,5.0351509720391805,4.340929598490913,5.084002541455465,4.730553352591631,4.918259266567169,4.714585794943505,4.780257231929964,4.985182609632241,5.112868662864816,5.520787722928272,4.487909989724536,4.51495018045856,4.79115072582589,4.901633799513021,5.11969200519865,4.696534476102487,4.7377503607483575,5.4579792674524406,5.147180195529744,4.895319678490289,5.0661747996857365,5.52792217585917,4.790262882887379,5.836769141783157,4.873703188462636,4.152857281997444,5.2032417609725545,4.159407097693471,4.74655131013326,5.7693165354236,5.551223004386273,3.88387983788685,5.0821162771133395,3.83502518723474,4.818725344074508,5.285629516906269,3.8127580230228517,5.531699080162382,4.969665503107721,5.417845481739778,4.094901047420605,5.221660639380468,4.819502333479082,4.841531377801899,5.165250017879962,5.151791472357298,4.967443786819182,5.287809565909483,5.228542814211769,4.079578344958968,5.432791182069629,4.840269117043917,5.247672286326327,4.971536376102227,5.180928753889434,4.76658839451021,4.765599441626502,5.381168093310568,4.628263400053751,4.256950911035169,4.255042740784724,4.97135450890065,4.914792061146738,5.103825223404191,5.09446640709498,5.051977293310917,4.667612531886393,5.439301815559425,5.238663793697071,4.692243253086037,4.68421336933411,4.146367392585004,5.0523696930720305,5.494283369310522,4.648658095164204,5.199684598160465,5.11232512463929,5.163906202035496,5.543130975148749,4.859964712994092,4.886052092561748,4.648423257532703,4.7359353586695585,4.326028844209276,3.9315109631647887,4.416771786648059,4.683265979958235,5.260860661589436,5.138063765317901,5.130206339453633,5.5003405576768305,4.403910961431068,4.506126711735722,4.750626466412797,4.583813262731285,5.04519857438277,5.495340912774018,4.790805498514086,5.044036063497891,5.272381566580706,4.3118635346923835,4.462599345918086,4.459752791981141,4.509835043292994,5.256953919852525,4.114364400413058,4.366344941549828,4.202941612177546,5.646045592014568,4.6965980948071575,4.2915117327023635,5.383255754780623,5.436975082824569,4.27202658248255,5.398588995086132,4.6747135369827655,4.9076990758830155,4.425466562173494,4.865215958063786,4.695967067812228,4.486735949381906,4.553327546427417,4.144080015858962,5.1289428678565985,4.795400836965375,4.851181613734329,4.438501967811969,5.037752600065199,4.321616888051109,3.920069222149964,5.531398109784643,5.030987405060318,5.307472346653991,5.789189108086181,4.89196051885568,5.099069475551861,4.195616125451456,5.5212427544983935,5.185933920603844,5.451971073627837,5.1655613369946405,4.756686948879232,4.227406359608542,4.589292576973384,5.197833059932314,4.555449053228102,5.1613032074962,4.1365922997748505,4.305581985777113,4.73056459955496,5.3889752501889,5.075269863145436,5.132324775247531,5.073984488803187,6.025525587628292,4.191202432667333,4.8052172692381605,5.332436108931797,4.321133210292275,4.692886300894001,4.6738474548672535,4.914612002390614,4.766318862741045,5.010055783125115,5.409068419756317,5.06849249178295,4.376196360007301,4.789816514091304,5.511860444476635,4.212019501354627,4.94554336187536,4.510786018746439,4.132354314307737,3.7927730051619624,4.71369088166307,4.480100245437088,5.084299051074004,5.956711930240704,4.981956024638468,4.794408802968543,5.379099742293673,4.6587632044010645,4.756675951723282,3.7999142290138197,4.984274675068951,4.523005480215937,4.667349679434516,5.720984551648396,4.847437457517956,5.0419237331351034,4.618949231757196,5.268511582132855,4.545415045183376,4.3618640742186265,4.948619472916238,4.8807851971089,4.579849477686645,4.54159316780043,5.092477286321829,5.166128493946262,3.9291420816161007,4.502333794538518,4.459911375906944,5.075873510717204,4.981283157317478,4.37605991007843,4.7625639213838245,4.743791455444616,4.006199405485324,4.801530789469041,4.271773907342312,4.152811941560533,4.827519323948896,5.437098370329737,4.208660182529911,4.434164043845134,5.363795739898207,4.448070558380255,4.431589409528659,4.9025014399062945,5.062759384584164,5.2788604312585194,5.5465218882741265,4.8807353831727065,5.179399249329559,5.653237212361577,5.983755880339076,5.141643552849318,3.3706597444031714,4.754965524030897,4.163815826573169,5.202201073111485,4.6734962023599,4.880595572152037,4.425436203708629,4.805560342257694,3.762869487367958,5.3027345186637,3.9385182276517674,4.108487822153759,5.495046925612908,5.177553434416076,4.517333164971726,5.289811146106942,5.536282233881998,5.205517944711237,5.201534339945882,4.980642565910527,4.906447006456532,4.719350804167396,5.271639956143356,5.328046313364783,4.5489757580025225,4.918332761484564,4.948131383266708,5.216748372635463,5.10261995289971,3.94200175572199,4.201279657386639,4.842395140394804,4.408557303253891,4.287059794944618,4.6067906485980314,4.888760345929996,5.765977049156755,4.077793457072692,5.287863809118424,5.270524237829141,4.701598899025932,4.733483900042075,5.0169785913860725,4.671916722476132,4.5238795185417136,5.101315194400903,4.477516737043797,5.502291984131571,4.401363615032062,4.905076191416117,4.375599777021753,5.426080676493805,4.383342035649862,4.718182697858387,5.7405963117759295,4.780097101001494,4.936399887782993,5.691293145883204,4.41025894695835,5.514696380591963,5.028076114561446,5.058663394460756,5.6269086579008585,4.307769298716588,3.885197950313498,5.409430238287338,5.541493065590664,5.377560738127993,5.253666903386472,5.195976967432267,5.232740670636002,4.589891097392504,4.7020889550770235,5.165375408183918,4.46710431330683,4.515064853613504,4.507500855953256,5.0689137280481855,4.557734272853751,4.796249233294588,4.681991382179931,4.174316136754001,5.034368815142352,3.824313739085321,4.512281884837446,5.290097924910278,4.995278657269173,5.015093928444579,5.438653733336185,5.1219701407560905,4.444893119561785,5.040791784589438,4.0799672304963375,5.364719764288302,5.020617314294228,4.774688385572734,4.664356217912817,5.091072475917462,4.866664502762803,5.138245499051654,4.994489587317842,4.872766600927226,5.036951274601918,4.7823210421058695,4.701635127177964,5.289313791158593,4.381509827807169,5.425983413434922,4.902562166224568,5.069188894955041,4.348096153480534,4.3348112624235675,4.90538782498302,5.584225728536505,5.22423998839068,5.106442486429294,4.630475959642556,5.529314653693038,5.262330824035692,5.983592349874794,4.953841799528188,4.382833755964022,4.71977230141304,4.712983753792768,5.353344905375898,4.329973912609084,5.547247527349915,4.920222892710759,4.95366204580426,4.378708353477275,3.8810506496195356,4.582418713033818,5.0874082768018685,4.54980921307984,5.1464855293697624,4.910931409370844,4.696179001312193,3.780112114556362,4.033407693520391,4.583315665596684,5.482399021876894,5.0328900994380845,5.121114432846744,5.901803299031052,4.829770136405655,4.425272304147564,4.795186120866898,4.5423080849344135,5.425731354051905,4.213394967630685,5.055394922739079,4.684159008305703,4.328987401294907,4.856200074644133,4.911860279950464,4.238298733209153,4.171760677681223,6.005431610733961,5.061761654478239,4.3969704277688075,4.7071120979817085,4.330341386136196,4.916189029558756,5.208290717579384,4.147038527744806,4.570707143942748,5.142297092395843,4.3371320207100945,3.8506569729205737,4.99760163828369,5.036040913187939,5.049120981482465,5.0508899269638725,4.576308649155516,3.922947729006736,4.949574135235322,5.129363436586144,5.956685457608615,4.413339812292937,4.699127085162308,5.983217511200629,5.393546472109491,4.337495341793779,6.310762410695769,5.510180441660452,4.998244697473425,4.972541337903647,4.6343697580343495,4.092453043115651,4.746394901335901,4.7329334932662555,4.462399065761875,4.512327874565687,4.553839304038038,5.195652141437917,4.895577949243453,5.019617271715145,4.102042948542686,5.623903169077985,5.952704151374289,4.3108763141030595,4.626369954542979,5.719217388022315,5.348652551061531,5.067092826057086,4.388014759511547,5.370459668630413,4.269978763240278,4.656192305243431,4.876206888779806,5.47778387047364,4.148362222736356,5.348488312865881,4.93558431153648,4.453697856231638,4.859063827320711,5.182816950736481,5.136375698129572,4.840815242492913,5.888917879074125,4.607097444785508,4.874756918206492,4.925069002293812,4.643627628836799,4.9710733785067385,4.765167049558177,4.532620074785492,5.1698906076073055,4.749198120937348,4.619221863730723,5.251083600333962,5.161725713409188,5.053778721688287,5.123884382788532,5.328576711864986,5.971605735814641,4.880721593643653,4.135019747583169,5.182007539210009,5.156490932097612,4.708648513322668,5.040538143476455,4.597895455928333,5.406344947820353,5.291994497445765,4.938677513839221,5.353176673875418,5.076327367184064,4.588526229982429,4.606751343899202,4.11486393577077,4.549477194606654,4.560439210481185,5.011713208547159,4.589766332333104,4.024193285958742,5.447304842120638,5.246939713029742,4.804273536934178,5.165952886703418,4.811725191497985,5.582495437539601,4.760830497782819,5.480823122729283,4.738476541612314,4.6694552957724875,4.834869971455265,5.574780608823546,4.479966991381497,4.962708349738049,4.850512863008988,5.13097281068958,5.1912180014331915,5.1350011098209905,5.3081824433580005,3.4636827699577672,5.093415492708671,5.876921400344786,5.016435097999356,5.126552556058149,4.707450080466713,4.70569160554816,5.790700561855311,5.370940129146709,4.969812980265182,4.470472460746207,4.178669287348114,5.426879381269965,5.078417413515566,5.375059307478592,4.736195643131613,5.163019813775045,4.111821654750224,5.170754715644338,4.898826252262559,4.916635967342219,4.64825175233228,5.30395009247173,5.6876812385781435,4.931991375683989,4.787751583607777,4.773921916465351,4.709772906978906,4.413544819677114,5.149071839957012,5.172353232819219,4.536649582057679,4.430906239726853,4.677968164274722,4.821197097826734,4.295902325470207,5.694673605881351,3.9452147956815233,5.035418405049715,5.65113226671963,4.817484324271325,5.013301992965516,5.115584674842868,4.934779750243099,5.6770574951843775,4.70608718986064,5.034685335234312,5.1790457907254535,4.429268951169556,4.921502097025489,5.394202003720206,5.083379544678955,4.622148220895842,5.1131437645034845,5.290480872640258,4.725621384606559,5.230932999370742,4.007424523402312,3.739354166003389,4.734435755200876,4.879078265929937,5.025631543051027,5.348755023653726,5.022699372078991,5.228317739553557,4.627452608996959,3.9296570525153203,5.227644024253466,3.8492384798794195,4.7014015108373695,6.156907128569196,4.356461101724874,5.136619488875621,5.258939945363264,5.185353828111678,5.393379563072023,4.892856069580032,5.255009740282473,5.089535269038377,5.195425532307465,4.070702223651199,4.8735345587909515,5.15556963753637,5.218667839943839,5.197766991581462,4.3593038054125035,3.664644744064483,4.908361131234659,4.533192949411806,4.502487389384972,4.754516098831332,5.516003838362536,4.303645073064433,5.156586714893385,5.247242312655018,5.312114192390431,3.674907815504699,4.589813277100042,3.6505938761030383,5.724430632046249,4.112360317066349,4.393973658586193,4.059206634195134,5.348069191390433,5.163146729229992,6.0518701408474165,4.783945131995545,5.368198831761175,5.202457597559109,4.861105629013766,4.426583701369925,4.7940996809693,5.085056959266555,5.346677001955408,4.041834513616934,3.893497952920946,6.386875893613575,4.522277159747309,4.1056145709596175,5.159388247984945,5.330739156942207,4.435214051125389,5.037803816217497,1.708296690452106,1.6709917275012847,1.17488729698811,1.5007456799796075,4.79629720390696,3.934930165375219,3.5669898359979424,3.2047220154796126,3.0323466340889764,0.5247388775061711,1.738400110988569,1.094079156976206,1.2430166836274779,1.1143798010410477,1.8574636324674438,1.5378557216689115,2.210256844179632,4.4961169961064575,4.454425909632598,1.6180435993597992,4.602643542457404,1.8493650612696297,3.656063195571734,0.9042347510083302,1.4132013576596865,0.8854298408843155,1.1957691856671189,1.1813228516000744,1.2228176437083218,1.769692790248634,1.6617087510654425,1.415929600427584,1.5931618676691326,3.5574548893538855,4.356652496893343,3.818715790046008,1.854275815524613,4.562367726358471,3.9007886259927633,1.044322943089052,3.145673378349336,2.4929990563876383,0.5345119502213161,4.181757623466699,2.527609039019676,4.657980604324261,0.8489829999828646,4.701019431524754,1.8580232399737335,1.0966744381706743,4.491937479270648,1.1318082326419818,2.2887356366759657,5.056025725029361,4.726034422281149,4.557598946594023,1.937192628673955,2.884542597845032,5.0499463511080975,2.504214212624019,1.1307243046434485,3.735307888572047,2.897706710790034,3.3225439699751265,1.8519253641076419,1.658312301511781,1.4897829443293726,0.9269952402873317,1.208960259405049,3.662341622737787,3.973235962714897,3.3642185472482846,1.400278256112013,1.2386733789214797,4.0738533454737995,2.8700424084332057,3.17218243860857,0.9140372152723112,1.8580283375739965,4.245906090971615,1.6405294717259373,1.4037666989780722,1.019898405306166,1.270617346285079,2.114964507732242,1.8116206649098496,1.0138224861487999,1.3392063596967179,2.7714045408416608,3.5881502207594473,3.0068266256031633,1.8350388954308419,1.0586538935721799,0.9857558609531356,4.7226953893069545,2.5226898669176636,1.0712599886015115,2.532372219172579,3.4099560288213726,1.2955875533408248,2.9905507312539834,4.4336492843460835,1.9939425728346312,3.2671969166646986,1.4116046366429547,2.5264381508260736,2.356345790484595,2.1805656089626018,2.2408782804129213,2.4072839954250935,1.0697202139552693,5.083877831165652,1.8648623314495547,1.1326899722381871,1.3986905063910207,0.9923661661456753,2.909424269082036,1.4192850423175285,1.7140979124103501,4.888759375375782,1.6983266372360717,3.7496678107136496,5.5889344754858,2.555412189657194,1.2412928966991363,3.5933984710813633,1.8427582746516677,1.211525173652954,1.9472527909173893,2.6846724953969594,0.8761517491964121,2.8638397813430037,1.7388170264349114,3.9564253128885816,4.333960623937752,3.6016156061377,2.130517519324098,1.1466251559098328,2.2560170278947056,1.7589553128591646,4.424292273623519,1.2122034625275493,1.403731465776217,2.158512542650776,4.107938748289649,2.0036343387004636,0.8024996807349426,1.5282361198636145,1.8379117967058982,2.1355384872371403,1.6121005365552996,3.606578648100198,3.8329375648656385,3.61474969217957,1.1144736774105108,4.084315255592783,3.1980063231326454,3.977743139347792,4.288357741936881,1.9408009433368993,4.864324409134961,1.5641660398301676,2.124564220242094,1.6955124433599542,4.747126749784992,4.213759618826404,1.6555180350311332,5.194694576165629,3.4648691001524705,2.2350703372527123,4.48787899375268,4.6688579189993265,1.9868366263279638,2.7363319822720937,4.038978019925095,1.3778338256357647,3.4458666902270103,1.2213723212257594,3.4763664024353473,1.7129917725297283,4.662756932209781,1.6099653692714868,1.0405746904626223,2.029821801309268,1.6759417932792473,3.099525910889771,3.5808970258596458,1.6926774649218637,0.9213952901964603,1.20645973701707,3.597089165508805,1.6181535472827555,1.076130895015507,1.1761348681935353,2.8249474193489124,4.556724191033372,2.4775976548674157,3.404222517492817,1.05609035314625,3.5525993694945885,1.4436568979590352,1.1877838040678712,4.69431972642129,2.150775346708936,1.559501241801548,1.8097547581217064,1.1177156744613856,1.4202777660621342,2.643797319957213,2.871040268219697,1.5115995762681602,1.553453045932045,4.803178774962464,1.1089776765063746,3.684560243508673,1.6434248425792084,1.2330372960393028,2.0379679771230563,2.8769924371053093,1.267184849281248,4.939260979830246,1.5503998075835954,1.4034091430717353,3.5151195559307293,1.8337880523198689,1.039849664148463,1.0927381760704737,2.9080738546082348,4.486535039072448,1.7461878051320379,1.623701441152403,1.7382170800835346,4.866347624421716,1.1685302778086641,1.7517488834561166,1.3959895130959363,5.198643573333819,3.6392372604984535,1.891140247965208,5.1474553874402655,1.9474943836860916,1.2136304277305352,0.9306617195461454,1.9493411900943525,4.217316865771449,3.1506506466589546,1.503483569304962,2.0984451517372853,1.3780206230195642,1.2068821962233862,1.071977628880806,2.3979117833715375,4.552713461762684,4.535568153171593,2.278924769913244,3.1162710733498646,2.314404342381665,4.674432172401457,1.0963770132556176,1.4750557015307015,1.5436263864736903,4.243406657051594,4.080766300600996,1.6598459444353988,1.5574250386062058,3.2252239497413333,1.1516159626573352,1.9002234944974632,1.5390029088945902,1.8959824165990753,1.3210181317348135,4.034800348304449,1.6051865448070632,3.9164847907789695,1.7943435542328996,1.5067092329255827,1.640671840694621,1.9350684895078545,1.8244962912187965,1.0861716415126657,3.3194545628841254,0.9667437003145974,0.5647948741585854,1.6745854806902887,1.1595836737677225,1.5861123850794363,2.590261227108898,2.093243296577056,4.081122145231141,1.013872231168385,1.1279178063889903,4.510075990050065,4.03283928908616,4.161602703824049,4.21285739906102,2.401204707127356,1.4246618982262154,1.5267426471882446,3.5019863471135717,1.6347812353794635,3.8443282368710627,3.876475758483201,3.9997891874976634,4.280634713072668,4.282121473142653,4.424334832789276,3.8902455709752854,3.890823027740872,3.5621223026791284,3.5062188368132845,5.15140172253821,4.649605065284729,4.54769642104255,3.3630669698236932,4.948314802095443,3.7559351298303394,5.50602773555869,3.9877391851557267,4.62124724184499,3.897292568225838,3.535255154939046,4.476840926800387,6.01685697500495,3.8200453295261103,3.8909773026400254,3.2553316653689923,4.818860745793972,4.621079387899338,3.90591149733364,4.756441411696472,4.704172857309608,4.2100247878196475,3.6261732567918012,4.036121143111075,4.388958471095301,3.775464341569729,4.241235882154684,4.074141023951616,4.390697673084147,3.3826383868625944,3.9870208892755983,4.44697187005824,3.829724925061421,3.4172906979798974,4.815326773554754,3.3012185914670398,3.294709607464343,4.757807946823451,4.306475508959956,3.7059651557593045,4.691221309275502,4.781774680303325,4.726454764375977,3.2613252344129187,3.5383217844065564,3.9052108869865663,4.333061808245469,4.790249404347288,4.742979912435103,4.277319632955426,3.3930761647149033,4.948248836509242,3.7265879043917254,3.7028016544223297,4.627272755699312,3.523181270713273,4.748381438083871,4.487518347931024,3.461592186105266,4.543255508429955,3.0615969453491663,3.428351435438175,3.7025556229564502,4.091179301856143,3.7361966724639553,3.687497468339843,3.864631654784932,4.031809066571487,3.6923358059308238,3.491208966659321,3.5714862812187733,3.6810323520095114,5.416216050104662,3.3516182496619,4.597175163034717,4.85389574112578,4.387291997576352,4.513993934885219,4.385545749826309,4.0794325416150885,3.2904080886502145,4.482853163518429,3.869441065875602,3.896266537529483,4.347729936167224,4.457321906793705,3.2249907714343924,5.3931275666131695,4.346694837013898,3.5236201632892903,3.822163322178083,3.6496170986686733,3.865200733986675,5.864219670550606,3.3960629199029757,4.321698276160118,3.7087740117599823,4.640953188455306,4.584538443738138,4.454114694159381,3.5109210917883154,4.128704391207969,3.519615265383067,4.708531805031742,4.3734721400533205,3.7457215133404387,4.15002613018524,3.772224883303183,3.1305911241393183,3.679194584286853,4.744299592310326,3.45015657463302,5.224353924472343,3.47235565518159,4.787582167429094,4.3709238585897,3.536133065348736,4.564952597491557,4.223219928883097,4.259817845854085,4.4182436426064955,3.7467393193142104,4.008561448997512,4.123380292352327,5.301871744087936,4.735133114379176,4.178833026459908,4.642253802112253,3.4713516995698743,4.150248403857395,5.45755018492198,3.608124790479519,4.4581963863702,3.9915118722837093,4.848596092382412,3.7207979751137397,3.845658927620351,4.729694923011722,4.6765706277570525,4.6425280006766485,4.2954999239251626,4.665715210573164,3.8799675238079923,5.138391198103821,4.651792404782929,4.294226474313978,5.1299274567656346,4.044441839268555,5.33170196994695,3.461279384207009,3.4307651263674397,4.44278529347509,3.303044172154186,4.671339628616976,4.6672766259798655,3.029054590255221,4.529771916536511,4.343938860979909,4.2422318733041955,4.592599510770441,3.6731640959570995,4.460022384221202,3.772246495339148,4.5568604154062715,4.996895849987684,4.885972522135963,3.8785628712981706,4.456634447600343,3.3471523588914076,3.4665886074423846,4.445638732188774,4.7428080240104515,4.588048470777089,4.100478492076111,4.452973682487317,4.056204031767046,4.268835113464672,4.06467439558183,3.802860480116235,3.8574728049877676,4.359502858115131,3.0766833900185224,3.0388686647349776,3.135576065496983,4.867396572907582,4.119487757283058,4.114351964306306,4.034556523637482,3.768707595781355,5.28919112120935,4.347886251082396,4.6257183029502515,4.704281753605356,4.253461931240416,3.0497083608574687,4.140795382951292,3.9843456578438943,4.721512531439696,3.583070354417247,3.877484691663268,2.7656689674864126,4.472830237341905,4.9072152969187774,3.882461784587444,2.9614768939068434,2.8314004873880516,4.819989735930088,5.522348097093532,4.736776990358044,3.512076943670999,5.884054265974267,3.558159009770382,4.239631816451109,4.7850397682060475,6.274179723907145,3.7226270258227,3.6941118832933486,4.478672249843527,2.874823561265508,5.032647254031155,2.4552115306336444,4.509072226221979,3.315258928096023,5.112468742731095,4.038856919204289,4.307671153697908,4.4468425611138,4.695438940457269,4.470709793784069,4.386802416072895,5.10969581109394,3.6533530352056354,3.593152701572984,4.076236158472569,3.756499230962932,3.934871719264524,4.309454891231173,3.6989884066175156,4.7654705555122625,4.91900516317447,4.279295052142474,3.27758213382093,4.85470808230883,4.46794198731292,4.427719317902977,4.094049380863814,2.978646667808572,4.599277452740341,3.9802697109312013,5.4215712942346785,4.269090256190138,4.543422736287679,5.0632418925403,3.6778413428645576,4.819072178003989,5.014302895823019,4.020568587867298,4.218571675640738,3.7906919586645307,4.3466104237298415,3.5936457837227347,4.31205654813559,3.0800034595880716,4.80731794905616,4.275747848439369,4.2569820631211295,4.294871497895297,4.83425427887813,4.371931417280495,3.621945543917263,3.5400614286164025,3.6946650413577444,4.53032541633846,4.452602905096827,4.055627470199406,4.642502739048806,3.873062796222095,4.616879175777808,3.785264794749849,3.989385962291941,4.010839142201067,4.805791786184272,3.916089075534614,4.489049491156806,4.710464993701898,3.3220420179174095,5.486684448505196,4.11362552649802,4.342801787363767,3.960520006122819,2.775624734416932,1.4683892718572507,2.7195328250832373,1.3580216834040288,4.272447414006485,2.1962300908710084,1.3489355444192976,1.4012355972835022,4.208185089623668,1.3512015107842077,4.676488212896004,3.2644889466129543,1.4169066134928274,4.853807512042668,1.1368202863320653,2.5782860903655997,1.0310108834976386,1.8441072147615554,1.2992390264430769,1.9672121448874587,2.451729648906581,1.777336190904909,2.7738791240566454,3.3822293467194395,3.085195300399398,2.638177460927342,4.609640205157356,2.3076450670216855,3.9212795300915495,1.4083463261267521,1.724131893823642,2.3135283407659646,1.2937307423647992,1.5440152796335986,3.3763503268653494,1.662807546361959,1.165642848222476,1.1658228625643245,1.9304986984877892,1.2191849030839677,4.195140560789661,2.8601353996131498,4.4230897070938475,1.3341900760478709,3.4288190577822832,3.359564589124842,4.407673689628663,4.535051754849708,1.1136437787778664,1.9602348967614516,4.526276567782068,4.67112718393984,1.869185730109122,2.663506304827577,3.2544774813889026,1.536276347192946,2.0732767183805314,1.9866642209198493,3.835680275364813,1.6817216417083753,0.8869729973529072,1.3614944824329962,4.295465741224422,1.924029899932561,1.5348302958904174,1.711562082795695,1.3912783429230657,3.162320012451418,2.1595399478055985,1.5944765624530384,2.92356295036057,4.71551895861628,4.776491995066602,2.02609281449404,4.371567798037788,4.3076622356790235,3.373170361462938,1.2204170660636084,3.83618615053753,1.2638046690902642,1.8827582583414921,2.9748898170600193,2.5495758639060893,4.401180708451389,1.8254770785220156,2.225036350649389,3.1553464551788246,4.652288156435827,2.34642779385412,2.7184543520155913,1.8488163620831743,2.408253238823885,1.3834626335837474,3.339070126973096,1.8161178758249283,2.0232697006339855,2.5199809491153005,4.48660934555498,1.7957726684636046,2.114551216641989,3.9975609466440742,4.101407186021402,3.3396904839684276,3.4052281139264653,3.1769349594455005,4.3554741600622595,3.6493043315945877,3.4731262906959426,1.4451379784235119,1.1414323692326527,1.7151073741027454,1.9747277244991,3.2171053930221176,2.1531715111913994,3.5367475925617176,2.430218013184542,1.8148376064922265,1.6458366325216072,3.073267816900847,1.476665680920496,1.8619002604620627,3.2073562383135648,4.27027052420214,3.5174410258633317,1.2644279409361505,1.9133559120776473,1.4653592907646515,1.3028595809289152,2.976130156017268,2.49671906354469,1.9878733621468998,2.8723354995016797,4.346503625932569,4.316882601855532,1.3011064371869787,2.4622527964184866,2.163896763860971,2.2625412446861413,3.600779551056748,4.408550730848076,1.7302348229802058,4.3875622851838365,4.608785451905104,3.2251311271088015,4.510842014122203,3.837946335190163,2.3231843219045345,1.0797132669418148,2.806379177399979,3.477627510197241,1.7004375984481346,1.6839916728111897,2.475642988962101,2.573662433755984,1.379520327355567,1.493526266532688,4.153584799665144,1.7548165950768557,3.5770042433669977,1.6809428060764688,2.283568294126103,1.503795261521317,1.582456425402768,4.605910312826439,1.1420665257799159,4.373051583956611,3.4095194206661743,4.859315794439034,3.170436703809565,4.032159201993769,1.3181725860059046,2.163687329445708,3.9663818038750542,1.247745131200838,2.141125663022535,3.6457179737575065,4.346804936249621,1.897836446688731,2.231876057334749,1.1432464388018893,1.0436460276658723,2.904324752842108,1.6997189463154403,1.0906727568113057,3.8339368863952283,1.4682102628327243,3.222790382070339,1.955643965535113,3.5077030411755072,1.038473181764587,1.3516096569412164,3.325902334097421,1.5078577980388563,2.2846751128541496,4.616176032113108,4.370698241468159,3.032136140514876,1.9827920911824661,4.547771812128859,1.6444348392117012,2.347240875332637,4.484867362540675,1.2080253366933087,1.6700694644262903,2.3755828479856786,1.083894141446591,4.574266791168174,2.023899932558517,1.233637513014193,4.8532725965385035,4.841882621252143,2.0946036640181074,3.4073462766401823,2.9801913668389073,4.505389651467046,2.397074690927487,2.5217041905323465,2.7933014459379244,1.9010746604772935,3.251255450198769,1.5522470194150804,2.1525794950314285,2.8108986658900887,4.562094257435204,1.2561024398739302,2.3946161470668144,1.2736520599566672,2.6624945023904876,1.362320027308317,3.127756760691561,1.47784859823146,2.3768601688669535,1.8228380988037942,1.505696760619128,4.256061308603125,1.1287646849230883,1.957456575053556,1.8307202887045653,1.8757716333068362,1.599503661036964,4.858843487959489,2.764432781433937,1.7666308997358682,3.3912654431202713,1.923932322794093,1.9375145273844836,3.3760285853844967,1.5718257832734912,3.8237970682623814,1.2014379032011009,1.5412827932257536,3.848510779033667,1.2682510327585597,1.5342766441710447,4.51745468912731,1.0995634510802759,3.9821601293471516,4.692237135109255,2.514700366064401,2.0633613523513765,3.788304427814689,1.411059715193828,4.507260782320356,4.552760251270207,1.762632562597958,3.332925766008192,2.216387523366993,3.683334706821489,3.774234661552811,2.5123077788655883,2.56801289518596,4.036078622414461,1.6435813370985755,1.8226734749817495,2.384631153448467,2.1112205623690117,1.320787351219419,3.3869600896013567,3.4999210796881446,2.1615976474350367,4.247028523534029,0.9291387161699299,1.8710717156872405,2.729358485773768,4.145331029064001,4.4244734098704415,1.236642279979238,3.343003242464691,4.664362651142088,4.382810137701277,2.3534112757704384,3.460227521052671,2.7660923264880677,2.7299287329361617,1.3482544707833666,1.0791098209491803,0.9731859900568666,2.069119189653999,3.6723921744508865,1.9234828916445776
67,14.300008974977922,14.381824595524053,14.132542084051678,15.019482769128137,13.328035273090714,14.320552476505187,14.127067220346873,12.895442796732226,15.013995367803965,14.212735202708458,13.314781456853382,14.04957443963234,14.194582370122765,14.211862595612567,13.990609145435998,13.628881908501077,14.106524725562307,14.15401510249686,12.992552140764051,14.006602724672813,13.751060946767936,13.903651890956125,14.240341064929606,13.600373263692912,14.87106590772878,13.169160549738859,13.640059237682026,14.41499995347856,13.294990773425743,13.95821542308047,12.979171379259597,13.94855627829711,14.202201766485377,14.367512071599188,14.016957141909623,13.7605260419352,13.232049685290354,13.430865385334336,13.332458313466503,13.417133518097117,13.681019496733374,13.970385198169446,13.973732889653013,13.143240223812143,12.728506395129788,15.006684604085038,14.17840064768707,13.844976939427914,14.23298154205085,14.141545997908374,13.38261520878042,13.434242093000071,12.91276176165268,14.508859608050816,12.921528428057362,13.648539718014591,14.208887577797213,14.09509891401836,14.398794201196251,12.93498426405491,13.966563063649236,14.473572508333119,13.94081274252824,14.531111849090394,14.18170503940562,13.664005381871533,12.991952597762934,14.693515084812214,13.563390304094595,13.41358671392697,13.24489530899679,14.16044293102473,14.145321698773659,13.582082530274768,13.552321592578668,14.305703307952228,13.02538017061511,13.65470271108905,13.939670352972476,14.346972658035783,14.245626670795122,13.55407803912052,12.951639269698706,14.353019454923706,13.292961423431574,14.251794472355419,13.138562540082134,13.65804199211184,14.215420413484935,13.12079997569141,13.499238555972438,14.155965602711452,13.653781578849824,15.41281320802462,13.833710209327302,14.238224949912846,14.391456718869245,14.034476146910677,14.088292632493195,14.99796177506947,13.324865005519749,14.343870745881885,14.746925379645415,14.43108348522387,13.663780450756216,14.165362545348227,13.256000814447196,14.29212357395997,13.98468095629355,14.274439022033452,14.380982363273661,12.983315550565708,13.472107908021027,12.943396827169467,13.916614927463105,14.303805928427197,13.62388039469168,13.628420848007917,14.931315555949306,14.919957914320767,13.379263274947983,13.306465584125476,13.715941001978397,13.657232551276753,14.906079482171247,13.976210389971454,13.426295063176877,14.222210851250063,13.711434446444885,14.568527171048455,13.756295016642234,13.692695201743087,15.30494371359327,13.589006375714932,15.06333171328933,14.278365224903549,13.40257248708738,13.350312726507907,13.450395692022644,13.928285347683799,13.104641903547877,15.27309306917203,14.541770972565839,14.497501393173623,13.832165695489355,13.659876143518943,13.651080587875633,13.934421773032883,14.553798191747758,14.182195191211957,12.944793612162744,14.2095825265268,14.313246702630494,14.162104071715325,14.565862517647194,13.901866087310616,13.571011043270195,15.009218082132191,13.171912208678059,14.171363099726983,13.388342829204294,13.649153229062065,13.247362856831012,14.826261496059946,14.54179714303045,14.012552370221112,13.582439048878529,14.929955169376417,13.14584970724636,13.88450263739285,14.455051284800701,13.136695924406725,14.555949687691475,13.460773278548052,13.923098681911263,13.724955202170367,14.076840619251596,12.919910100969505,13.774594884109518,14.224344871247986,12.898478294547767,14.60160080401725,14.494071422691283,14.041292530714767,12.889350530036666,14.511705130343584,14.893524628898083,13.958128293615907,13.485512077843014,13.477464591962981,14.465450457167785,13.023881753280033,12.80760297642945,14.366323214089752,13.982293369988396,14.136117833886292,15.048751919854485,14.391210488543484,14.482280935735725,14.436824248454702,13.149704248688199,13.34902748407315,12.919770450924938,12.989553676323997,14.346225575154497,13.518799068447912,14.005941502072464,13.433349935038827,13.520213845051323,14.275692886817316,12.885216285938855,14.179186541386844,14.145840831436281,13.674769880163481,13.93271166992462,14.142322130856865,14.205108709177908,14.504218434215154,14.039885270594386,13.290653039765758,12.69823306496258,12.955395769127255,13.680145773328766,14.037581869465926,13.09035503358144,13.971523359490641,14.811838159810396,13.961032237091727,14.22511036834642,13.993449504601134,13.283791475778036,14.510054266622152,14.355562164120705,14.225249691597467,13.280127979013482,12.80514507279929,13.317040297017812,13.76401718673554,14.144148138330529,14.574319595791888,13.871542691635598,14.460353547447,14.25385100569357,13.407365583357626,14.691990609273466,14.145270308923193,14.738044647880967,13.311273831982016,14.719309682230094,13.166865873708785,13.734332153135005,13.9321140468914,13.729266741513717,14.544617530813522,14.35058319230735,14.448276796180869,14.556177522804147,13.887284132215573,13.680638814207713,13.790427930575973,13.945080334940515,14.426445988880605,14.342317658114306,13.717516478017444,15.039690223519301,13.082503226838277,14.146913551752045,14.375720715495017,14.195796170851633,15.322992310226084,14.245792262381581,14.221787996698891,14.54107106726931,14.378741169400426,12.887959873474125,14.363617155295449,14.6595501149279,14.41846448215942,13.293032168374596,14.535897105326328,13.591597859662956,13.875065453501392,14.364545888293218,14.56335777771861,13.508134100200566,14.118728185535122,13.979868847607674,13.551216292207728,14.302035985604853,14.091121332768854,13.89787703554403,14.43879164593751,14.026591440160349,15.392018017152184,13.063849669798946,14.02663574849412,14.231401789905158,13.432363906890362,14.178707295922115,13.742470332294392,13.361851314225817,12.997927371237365,16.24527330309916,12.618316149202188,15.230252567233277,13.869096044650123,13.034041493982667,12.63434580793235,13.223441342117926,12.544449164962002,12.708016319186484,14.98028212273264,12.339081259497954,12.17797843787265,13.382586594985664,14.931543178801352,13.67746209216912,12.12435756506346,13.690003076121195,13.184732463007272,13.544478394579235,13.360532571611584,14.872292167822842,13.220989899228222,16.534620954681767,13.421503578645709,13.119973106045066,14.89245562785358,14.541052615157007,13.098521724295752,13.153391897808953,13.197441215826078,13.001960687472394,12.03222158956427,13.715947655313107,15.301934632785793,13.486505937665498,13.735048627455082,13.094720565941929,11.526916665389757,12.012340542102482,11.494202672440835,12.144470924032895,13.283514998778903,13.667593380398706,13.511949522803038,14.82000556004604,12.570196208516288,12.392970654195421,14.405878972809884,13.812070071204069,13.868041082605021,15.410610090891106,15.04388986432041,13.617541487269069,14.866161020231923,13.991151591913079,13.276165527826752,14.069068887909962,15.217465631821415,14.49037201430459,12.406757447454577,12.294050317932712,13.354210530639678,12.392355134410481,13.614050535396155,12.32433615317523,14.65173848801419,13.219968942395191,13.796063452679036,14.817799538646032,12.678364521952524,13.259754505033854,15.547167781014466,12.858317694696819,14.80522811380035,15.388965637609235,12.934526982642565,13.26085247211569,14.871731012825217,14.72351832520004,14.987934665917882,14.483039061881998,13.814519181520918,12.39030456935632,16.46137236394376,14.672500980549199,15.132577200791648,13.625387941758492,13.214860223865202,13.639784680175742,14.294062756123873,16.839154826817513,14.01360362136545,13.967219099190814,13.872128855581991,14.677815891148287,14.871571758984194,12.793086442362949,13.264528177866005,15.394806552135787,13.287637987915101,14.845432911521089,12.514769353974334,14.274815384415511,14.331512925690244,13.225727907159001,13.216086194227504,12.829496898248403,14.01129775118276,13.782609195905849,13.29384516760735,12.709662633086154,16.62445446489278,12.943598788924778,13.742100073480527,15.258656225517568,13.339504348010296,14.33096256852338,13.485558939088138,13.959155133790722,13.715555269898628,14.666473780570357,12.352709747161793,14.095027361989798,13.465352296485849,13.699465234413855,13.468588952232315,13.588707261666881,14.988102002491619,14.478629151338192,14.523306349265901,13.763251892102776,13.911488265342037,12.815738595619505,15.404500949567426,14.669607859465971,15.594968460529437,14.543571598929985,15.932066450293126,11.441039300880593,14.167433462158302,11.571004358316632,14.807362938521562,14.136053713194162,14.573290281262949,12.768811543416437,11.048294815154103,15.624001629995075,13.23127872318578,14.952242901024851,12.712507705476987,12.406340399505128,13.982893859705564,12.992424962753114,14.669406891931212,15.926320569241819,14.77072640662827,14.464448529078572,15.483773050384626,13.993149051962579,13.186982775647222,12.8911524984975,13.179998817287059,12.104695769325748,14.789135233688508,13.512420425685406,12.887900710909205,13.28008409826371,12.254236693419141,13.029243022752693,14.82604216723081,14.041894145018397,13.72258035117399,13.780578689802399,13.23511982709067,13.390575013177468,15.196285051626527,14.959607262333527,14.75324805784381,13.359481089584094,13.26161070933199,14.210247351321382,13.675119848703439,13.210778060465511,12.890436084150528,12.907931320289169,12.19065966102084,11.541070620383358,11.521393090618714,13.302034840363856,16.091021144107117,14.755574032846281,13.239867734443443,15.113068818325631,14.932243150736893,13.878717652638635,13.829872386620346,12.618310083623756,13.844521765996236,13.063432120741329,15.063305166511409,13.18817814502712,13.37971815881691,14.233934462470225,13.99817785871797,15.035123501110073,13.3708041214924,13.607350473234373,13.676406393415848,13.806143146029802,15.191695060232298,14.377345997837569,14.252354355020936,13.403821035291292,11.592361666592918,12.261529119697375,15.719250182187368,15.264051546546813,13.414999835549974,12.811743204911226,13.204221259424926,14.392747828810215,12.599930137897918,14.386869107572629,14.674942219143686,13.924330111699057,15.297977714228841,13.40977881119042,12.687221927621206,13.233306986184832,15.96877839460533,13.469453165871117,13.400981901720113,13.494790078907066,12.315798256361788,13.964267668760638,16.58649016344432,13.162251673737114,13.82721476160348,13.649634685101006,13.22703280321068,15.645423900305216,15.522078548623128,13.446689126599743,15.020122068029105,13.310908421366994,13.274324142239557,13.09107806967271,13.414568141173355,15.78222126348176,12.860755711563916,14.347512287505552,13.087692209176582,13.145612453223533,14.225793093224041,12.346013001469707,11.991545825303362,13.416769841365367,11.82833696078569,13.815004494995424,15.15017613883762,13.004541001644014,15.708754501432923,14.261678602739494,14.031238523125566,13.06445691745859,13.874066074227391,14.047316020359917,13.501949101878555,15.071913247994303,12.752204542353557,14.743295654569788,13.107885261927473,13.894087168339146,13.097156336014267,14.078854207547355,13.341344213957932,13.540165687793392,14.643198924278297,13.466649732926287,14.62720377013645,14.242381181830146,13.61699543990268,13.085921882193055,13.762183629590151,12.780369497349394,12.621023888388267,12.774823172717126,13.206514553280492,14.925630662988283,13.186777034105678,15.299575449068259,13.071942134130024,13.561667637725316,14.0756490126586,12.816389015278894,11.933059146576896,14.265492464995708,14.431781879730805,7.403214801522181,3.4099774897851916,7.001817988349119,14.166603055836529,4.381213535591651,5.29092920257941,12.685409707051825,6.586741088288686,3.4563357192782505,8.997758735553253,6.577981090871263,12.495328984340011,14.94228307656473,11.047193831109778,2.827154274967664,3.087697591794304,12.982155346291492,13.30565673124061,10.470658213144672,4.211052128828322,3.5945827191016795,3.8285035645022245,6.426552272855267,4.8749933795448435,9.198916461386803,3.3488545031764407,2.8044734819228823,5.3391990638951015,14.054306824800188,5.046211681160646,6.596552237579997,5.277481783694909,3.5263634276325195,4.005295065411211,8.825861127622748,2.8988978849350637,3.7001203866970838,13.460110227511635,13.011462798338611,9.785857010428419,5.153292477858562,9.659951900535583,2.6978735231136515,14.953285708072585,3.912894133222161,2.51678689784699,13.367509057456134,9.550200370914617,4.580070914500399,6.285206997275315,13.339022402871665,12.618732318320799,7.98872705509553,4.721676000003794,3.3441499717381395,12.23897498942352,7.319025392657976,3.0180763142198637,7.89458612721419,3.830157559399484,3.8165659734969686,11.470309526132379,14.03181581711344,12.919702087193013,4.276267274405095,2.5356148310568893,7.276075121738099,14.033768868055702,14.982763234612344,10.01427087108248,7.7697964087329705,14.091219068088744,6.54412779638128,8.458505728923537,5.98820545146906,9.0972976347304,3.051982214784301,3.9155139656586524,11.991723092574183,6.700457367244339,4.754212672780551,3.0319112594320243,6.76371167989618,3.597145748184003,4.5335582117714015,2.49178575893112,12.686819758691442,3.033030476203473,7.498559490924173,5.195401852762431,7.481529762082337,4.447764462807369,12.082564398007266,3.9092964233644234,3.360133548402734,3.2512103793060767,5.375226326869325,6.694753188465354,6.408833278936045,3.763275996811422,5.661518070094604,4.319520723972476,5.842433281469094,3.137139512497576,10.208342843838167,12.750343605208345,8.15809884656018,4.97188425270989,11.79961237443734,6.176579342203366,8.622641492056925,4.696433643577747,13.276494778987189,11.26887771750781,3.0470333643752143,3.418171818294121,2.612739991463515,4.60421000175625,3.2036052470556737,3.8087461706678325,10.090697707494293,2.6881415156530553,9.278130570505175,6.2202439079068865,3.710826730731974,3.5254320104049697,10.879597783871109,12.494162163351191,5.3172659829887,4.699095565274242,3.5571594262762485,3.6022617686622707,4.514449961705846,3.9013496707286066,4.702935982161204,4.1031934454174035,3.435082923264309,11.462714994510899,7.309671528231752,2.5279697907871426,7.661028274156769,4.942072371183583,9.721323504321738,3.9636739093340005,5.258350148640128,3.0793192807774536,8.639729073595207,2.5411083464773085,3.6290189014313725,9.455629428445391,6.801736440425225,5.265745086884263,6.231657022009884,13.864700350196754,3.2730132729940697,10.278358889977397,8.06149042748214,2.6534721929770924,13.655893400971202,4.242855245575973,12.703888021430979,4.5554939204737295,8.272022571962276,9.977829934354876,4.6768190394927975,6.210725343021054,13.744876730878692,3.0490146198328514,10.156073426329426,3.724835457364611,3.0034098410460657,4.923625811829295,13.65102289389263,8.75543919589935,2.618986142293517,3.585822471180295,4.490559233362371,6.265497162344643,3.2644811537912335,4.384003147076303,12.928604210367233,7.204139919683525,6.391043930939115,14.280468998467583,2.6157881598988046,2.568769042884952,5.330907697466363,6.870687936920045,4.9218302957240505,2.9665252923996213,13.27099403562948,11.702551545773497,3.791744275599147,12.671691770809321,5.943904400662561,5.31921195722741,14.102782089632687,10.448602540361474,2.94022707077218,11.633364372089945,6.891049612487412,4.432125408967097,2.9826033266269922,3.5759565563765903,3.4537174022356143,3.210838665142139,4.409081079891989,3.0724431867980404,7.452450663699563,3.301478929874478,7.185128100634376,11.347730079750278,3.0893842097954622,5.981937869905641,14.263047769870603,10.347752675375936,3.9439987416432167,4.467369158998912,5.530320946084275,2.71853265444222,13.64543305970986,4.0040611256688345,5.262287901437373,12.65565894871603,13.786540515603443,3.770164587025529,4.4311229695643375,3.0813760530873373,7.9503234763480055,2.842985367844517,3.1612537559971305,7.875694535361772,12.122143315677418,11.593529716392728,4.213481781025823,4.360281728855062,11.272050949642733,3.7727422808221602,13.714963636605665,5.474170074122357,11.885401941306801,11.867761285471776,4.972708243806261,3.9333034061611896,5.576288479890987,3.0518707593099212,10.683700026134572,13.844121337219017,6.513847662905844,12.57047507883912,3.0386892585275795,8.162672020344006,4.56764437763344,3.4858709806746186,4.2998566825371825,3.1706559142775994,4.92488761448803,13.970387646237512,3.9880732040656572,10.728824901357576,5.466340993398981,12.38813163199343,7.514715233748558,15.04064351119982,10.39904582234041,3.9778403402251046,3.0939243361036697,3.5587542953508637,7.996038919402038,3.2515577701214013,3.524264883595447,6.560593705302621,11.010365612839571,8.551094456471104,12.879252691239335,10.994246724013307,3.8494494863579902,5.412905830784269,3.9233601802677778,5.841233200407084,2.9995253064849536,3.4297776026204203,2.516031330868977,8.36355766398423,13.67657025433084,6.853441921546577,11.467259519097507,4.045032274399973,5.962822055850247,3.670222878416367,11.206087285964394,9.895680997922748,3.742698633293693,13.41302577127157,8.514361308381005,8.40923156131132,9.240072213039799,3.2385532415431153,14.987717574585751,11.600293278229143,13.422519941265591,12.095358609619067,13.400425933957393,14.687743448639807,15.230003418187694,15.729503380271128,13.874772121912052,14.010879715240492,13.24559382853441,14.37572564422694,14.195512894125262,13.714739722792112,12.947710989864689,14.132371456879056,14.036790498145628,14.458481200786439,14.745198454741912,13.685573105191962,14.791662616164098,13.51428412031336,13.01474912976196,16.66971884040492,14.329410979659205,13.507277714191234,11.835050280188652,15.211629269803584,14.124422537173608,14.097264932998755,14.513999443304408,13.398343061390342,13.671543082083849,14.949893695233127,13.570367417314179,15.031137617408229,13.87104611640792,15.183323662888956,15.653247212640913,14.04970980102218,15.25821802128817,14.971165792068561,13.032351773922008,15.253266637416814,13.366985307916153,14.620460928570706,14.31452397296993,12.919280238739132,13.611028302992882,13.810790571846471,14.144397568579802,14.449061615173434,14.894166628897965,14.62929338732515,14.50826063739353,13.990538170299878,16.40251139652918,14.511969578739757,14.783380092363013,13.381168682032893,13.773303535837375,14.843154097071215,13.561917077814252,13.587945705241353,15.847439397726667,14.307429571181295,14.93998204162056,13.435810131058533,13.516648670076414,14.544043220305811,14.257526957733175,13.392452560258262,13.842126458303616,14.161232995358466,14.925709583639918,15.019281995616948,14.199877248865072,16.865464775654903,14.737891073442846,14.243820052553504,13.9553881847124,14.047542906419082,13.42630244224738,13.877592006618526,12.968279803452443,14.844964865691766,14.185249469308259,15.20660851321146,15.60445091927731,15.834410200698787,15.060189717896076,14.537961658134016,14.053742549133565,14.3599555101087,14.4799652879899,12.745876651316053,13.081088008349672,13.159312050151927,13.128845184749329,14.531508831443295,14.133219964903489,13.851553438093612,14.322799731397811,13.618574001650867,13.792127322401566,14.909912080529685,13.583820000491803,15.70060591888565,13.770926388263714,13.529129506812435,15.087791043933814,13.886369100817802,13.7635499214311,14.468149604782266,14.648568777656399,15.47974188244374,14.545481806026574,13.345539120139412,12.921349837784216,13.111214896740343,13.036842253725068,14.648629034883667,14.566625612171615,14.167375172403894,14.272145925103814,14.310636124373298,13.456089131583607,12.094817532885235,15.500361271871478,13.563785761293685,14.656770050281997,13.678850781259444,14.74081351685012,14.371219831020309,13.09961151525787,15.374819802299614,14.853573332961178,13.924252968669052,14.522152726701844,12.859592046860284,14.481823401559206,13.69201273167749,14.404097092744687,13.595023389791269,12.88929465327301,14.70016853510545,13.202072604485581,14.100052943026698,15.914324936218556,14.429805111449863,13.466623857204162,14.01095323017802,13.226978884135834,14.060437304249799,13.424273496195436,15.126895127388066,14.583140907063235,15.0405010712047,14.113126600489155,13.707142606623778,14.088363178847093,14.175421198904909,16.25732796724295,13.31706271639247,12.119478038115387,15.088261792561491,13.881153057543477,13.568839607840683,14.444384395192099,14.396368990119218,13.828627992214981,14.291517893902663,14.033500697245,14.703404902672055,13.95880328423679,13.525030158488216,13.44424488931894,13.589710622241224,13.749651285692066,14.746277001972986,16.26315688572413,13.792470469910532,14.230053805780388,14.582379982392526,14.11030113518346,14.945075160526228,14.760089934549804,13.648545782916848,14.835559295937077,14.320752556351115,15.13619639968176,14.905558048883396,10.913619787425175,14.884234114551509,13.817866270091177,13.004276207316401,14.151384904731469,14.473666660037923,15.336432796957332,14.269101317069623,13.941121277734393,14.34039400728494,12.109169576958053,14.432601791801327,13.212332686896557,14.263811645503322,14.67543374906303,12.87194274169584,14.476826424380636,13.627698085261294,13.131725679393751,12.882405838967264,14.397411186654205,15.005683886805283,14.786967844853248,14.401303965865987,14.844187579824922,14.443771460379422,13.850928369932683,13.65271151443427,13.443149602697561,13.073981034727131,13.06914827154413,15.051261849235852,14.478739870175339,14.567911601169605,14.336967832975144,13.371814578733307,14.208397474666082,12.858654999275833,15.449834443438384,14.982780525912652,14.44029867906994,14.029421869583498,13.730861083219674,14.109538042373558,13.719849043946285,14.281841511801256,14.87391144553241,13.932056069311189,14.825724339948582,15.00856006754214,12.973234407957909,13.093255627807117,13.125085553994817,14.793597037270361,13.222385796974432,14.53036941828233,13.263138304635948,12.49188901533994,11.960711900097794,14.028873795262292,14.106385389412104,13.875721570210288,13.34019357912806,13.571882636243116,12.98212012209158,15.94210750065536,12.223849648854438,14.065260115690846,14.86607936763478,15.585171214533093,15.08839293251607,13.389023947039174,13.338972559601805,13.994723398944009,15.146539685427392,14.222050609523238,12.6727263119566,15.786042981399847,14.839570652099667,14.122024526702356,14.518938710264651,14.261386819263901,14.98006925654685,13.631000352538342,13.513819106697818,14.014512161149625,13.508338284955855,14.491526946532566,13.922022907822882,15.470964155821587,12.66716836055041,13.666837656238918,13.505271760069988,14.179315060362548,14.178764774109094,14.014713488532486,14.099649854770782,13.58861982199509,13.520140923774118,13.778509797566645,15.12136302032052,15.653386359455515,13.483393889106036,13.879228890426793,14.383254305807192,14.788378840613952,15.104316089761765,14.301440145125827,15.013523707584815,14.815939074621234,9.018469405239912,11.12508463741334,9.135975467030894,11.822195498682705,14.258350452673298,11.331405057076573,13.603781602340947,9.82374490140431,11.297532627478278,10.814012253767935,9.572938297636464,13.08603507534842,10.130553883706591,10.326290898422418,12.341032145346958,11.513795946771737,11.365553496227284,12.56581244696815,14.596775543136102,10.98619655025543,14.1898422789344,11.432364007380126,13.20195139297016,10.415035609564848,8.726726549847164,11.953183158643098,12.129615283635179,9.20080766387827,10.10798931659052,9.274516734788232,11.485400019650621,10.321162499151034,11.571298767080561,11.329692764299132,13.406259591915841,13.033989155424383,12.2608886527681,13.964044492980511,13.366059919451622,9.23911900728866,11.404836717028967,12.028097964834044,10.988821671900801,12.390416976120354,12.002515640159602,14.881956419252635,9.218699265060897,14.879834781981106,11.913503132741022,9.268582562824065,14.016703011871378,11.851763323253385,12.59984720200739,13.896656668889825,12.776285836314495,14.655226821698964,11.933880740739443,11.97380462684972,13.240512642395707,11.177494456898616,9.431582869792399,13.390225759796623,14.51324038022239,11.541843722190656,14.187550646430372,11.726805480992587,10.830137989533904,12.235571329574473,10.957143084694998,9.967304628219273,13.325943349452219,9.9008489027822,10.575083657025784,10.228316515075422,14.03776996903806,13.811165051528825,14.508998507339857,10.439582899641223,12.298325135663795,13.225879508572254,11.185814624508142,10.797975711747958,10.248684929890093,11.004966663294763,11.019527510696628,10.751750607855772,8.794868700685914,13.302217713524074,11.0195627781165,13.147708155039725,12.727553246957715,11.451498195433988,10.0527999787672,10.856880335541709,13.591825618753262,13.109654785368289,8.844647900861043,11.055844096993535,12.512997035146272,11.752067795891731,12.890015280904766,13.968315699514022,12.011259240626043,12.825072832359645,10.572357344057743,10.604395878728285,12.45142331201065,12.387385253856941,10.541155447628237,12.302844355507004,9.249323396457225,14.563758679269709,11.621504766005078,9.20556266509445,10.811106665723612,9.566155539667866,11.843492436125596,9.943955019510796,12.095986790222392,14.82118718877435,10.677356499704166,13.233783733171515,13.904804638053303,12.282041310576446,13.172513830043322,13.091437790023292,12.286929058184352,10.166675122237926,11.766942741343998,11.79103717488447,11.968775474861763,11.85976550505046,9.674498163579768,14.34194960408915,13.263970405316918,14.305943381216107,12.348716547549975,10.370282673463612,11.66978095024069,11.484748784685546,13.162639166922288,9.583895004720244,11.164493960648786,9.70045305250567,12.303689149881784,12.30812064472775,11.765244210632032,13.861367243387274,11.324739856574965,10.516895245149378,8.44719222240402,12.328194198690912,14.060291177689193,14.576135381666813,8.70371379172981,11.592794315688693,13.613735399191043,13.284427125284813,14.245894595182746,11.695046453851848,13.483036842896922,10.76065163192383,9.72028077064315,10.652926909037827,14.504521596555488,14.164340514855498,11.146064793702957,14.49030712302588,12.670430006431479,12.241211106145876,10.761308524178263,12.741875491278236,12.581776461995211,12.89857831894761,12.713307337901814,9.820731434985992,11.637341969055056,10.084456818773274,12.841873927799538,12.208659063333604,13.510368025325194,13.9558519984707,10.095596497804522,13.400326654921821,11.480976508848862,12.219259134370951,13.004773572720657,11.137986100656812,11.763019450468885,13.74057236460726,13.273682055525356,12.289108069177976,9.952238116434138,10.825884388688769,13.007565630359867,13.556570322668545,10.414440989579374,12.861710280990199,9.820664330062739,11.95699537228885,13.976314848067458,11.989306204978561,14.762166282284447,11.585348995557654,13.95288255955413,13.19031759374291,9.15941391356452,14.05307082987315,11.374605498437772,12.9645989744557,11.594588897214463,10.956412840674627,13.700575244807496,9.208558542677391,13.590216619858497,9.74796005969921,10.890122855512907,12.483910429357064,11.047849270614057,10.509003286265294,14.98383294967112,10.982603296431503,11.303471127692907,12.453449982632732,10.309980241807661,12.767519579965843,7.003741405332389,13.153793152005456,14.287479367321437,11.153895617026455,9.586505766450923,10.49235670632661,14.54580275915924,11.502005208205532,9.357280748644262,9.559174034360932,14.354436627276703,14.88325021176544,13.090707084195573,14.32515914257609,12.597625857003772,9.433636863999393,11.298766503507546,10.98120759090879,13.208524727806608,13.720561833206295,11.115917460758531,11.936550781767822,9.189911249349137,10.746717649213906,9.80411468252537,12.681815107012122,10.949936553822035,14.667765657594027,12.887540355911193,12.910033360057799,14.314886014319047,14.6458135367343,10.091352514016224,9.55006914369018,9.543230243191404,14.193953512588768,13.735306409836388,8.939420839537892,11.89878957207896,13.265855864387891,11.563622053275704,10.459687337269056,10.964216801488114,11.927549295571492,9.097531126852832,15.372543070708252,13.976216903360323,12.975640970282921,9.507107753672148,10.24438302859465,11.438196655733089,10.87312574317924,13.860976932780984,10.127626329758698,12.775684535553543,9.518307767485576,10.026149764832219,10.728168588341408,11.903297351180873,10.916088873299907,11.078160547906677,11.247114099150089,10.290460981252222,10.225628378629347,9.124680405931535,13.75552981077241,13.181506291705242,13.924453742629352,13.13222374717361,11.116456432337882,12.073331558233935,10.663144569923826,13.882890249030458,10.109807769884306,4.092200202054816,11.915060564333292,11.47359306799612,13.550321016850564,3.683042990963416,13.155146214300048,8.299822011663705,5.651721765314675,4.615497330260567,6.266137047626265,10.69380506423773,13.076834756002864,10.821116847412055,4.031301975837301,13.141209186495695,3.5344210247152894,7.643402662941699,9.519008558431961,3.624632330955426,12.026479869884994,2.4573018137028346,14.16900504313457,7.0359755130067425,4.771493517969252,3.7173204393980224,5.196694720145375,10.7040357324074,6.105612558484926,3.424089012170868,5.167121494612778,13.695091669474738,11.947253635105527,7.2420726205593855,9.849761142131435,5.374272810271193,7.575498597495755,11.038477260135789,3.6076321146095442,12.64308964492765,3.4080532860493897,5.776894916644055,9.52270328033688,10.943936485991651,2.738944382304947,4.99039671355532,4.927990156311635,2.5348391451245376,5.2997474764142245,3.380404501109637,6.567175484507743,11.972559789406793,14.368376069857366,11.498773382896735,9.18937968017806,6.944615987264688,12.097970816430875,9.733332183638073,3.8889650943205125,11.813702615077087,13.352043087948786,6.251426656479431,7.267923993196094,12.528605085259013,5.0374531597353736,6.335549554143162,2.4619364211404147,10.169132331022722,12.943836728054839,3.594604576603683,4.273441991437924,3.825657336494656,3.8293827592271747,3.7874779779665513,2.9486469959822683,12.866726883317263,6.55990419267577,10.01327494072412,9.28432054034836,7.3319239890529815,6.2234532026154,2.536663318653594,6.250569604271729,9.308986708329513,4.862580905756921,13.934999448047687,4.319162488133975,11.184124863978505,4.252288435655499,3.2620989342494466,3.285278851834783,5.695016665327641,14.3017734501411,5.061752934306785,8.148234335691804,7.299706437173958,13.938049222075138,3.8687770679306652,9.46217163613445,6.838931316366838,3.30150568744036,8.58044383915196,5.856899529987913,11.914531259526331,7.901741361060446,6.755858093554502,6.51234633009045,2.4260276358940245,9.070346528172575,13.61645112449241,10.857447733040553,3.149970071205685,7.250770119214472,3.5844711151949817,13.29517489973065,4.181721130464716,3.768538364580885,10.982356837378308,8.7809727644846,3.920844650597635,4.884980767259229,5.439513786710188,2.680012747524587,4.021103943908906,4.835615320475132,3.5329315860789894,4.050834310510085,4.354499974600027,6.988861656068111,12.684169991154695,4.179941216844855,5.457870370775437,5.727279461601545,12.431703386207108,13.158756991347085,6.3116481468850445,3.5695069791928744,13.637603934936985,7.4545484485388345,4.420534588688513,10.34260591547663,7.322394622828284,2.5419155602464483,8.20405036540186,5.151978838217869,11.940403707266357,3.7209380372829743,3.8171198669638007,14.697422067284377,5.985148999078398,14.13689808996727,9.938642472934253,6.187665054694699,5.576736483015683,10.40101656607449,5.715783544637722,6.578906231253622,10.753159758503498,9.359189753697986,9.812453534636333,3.592237534707499,4.387394782637237,4.414801258355401,4.7222220795374925,9.76421549782213,5.31498423153059,2.963975493240756,3.684106805558877,12.676151981904479,12.037658318728298,6.025255964457627,2.763399138755303,14.05438653287617,7.558384894201796,3.705077785466859,10.910433715154687,12.581150679315275,5.047366730496421,13.368955660276674,4.836650186391662,3.4754222418116765,3.891308636694747,6.897072382044886,3.498344198463531,9.52125080217641,13.821795182439251,4.223217809038068,2.792367459863462,4.234089787442011,5.136393834367491,9.990919472833383,12.902036396588695,7.006273232654211,7.229285637709506,4.208938229058044,3.5249649061402177,12.968339536327079,6.00982002534968,12.706995122284768,4.424900155872635,9.744841397799712,4.0178405433084246,7.332567112091103,8.87568748892953,13.740840234361459,3.0096331827049085,12.50555606359888,9.083050439178844,2.9759242567769606,3.566913904824887,5.76656322059452,3.12333719484768,7.445908263111255,14.54384131306453,11.344077723487917,4.821307941419012,3.168239355796287,14.090300368567636,6.079884521284005,2.9746766663133806,6.823034131694658,7.447939927870474,9.60992160316552,5.367510162198807,5.2928996596227185,6.269624609672494,5.754230410683526,6.869336927347905,3.1812791879573257,3.638855659646207,6.784384537571652,3.415621031165467,14.225657323574442,2.534099538951705,12.254334989430259,5.855613341913172,3.765502641987178,8.495961422000512,6.099852727694672,5.0043080590940345,3.9656126532545786,6.913533085470824,2.7325917080683957,3.955628916392019,8.485271922026163,3.6317476437492693,8.524816973510148,12.330547963443323,3.3682782665944213,2.994104758043376,14.533311238000822,9.419030781989198,3.6389930369310703,14.587776714292858,5.5463118733906684,13.076878385034815,6.1462264676837775,3.207734320024754,9.760748394368688,3.182770176402142,4.859683844466869,3.2193709149264245,4.288241199928281,3.315930594288099,8.9582018759608,13.952481921662208,12.408923571703925,2.6652370918508335,6.827693872628265,2.5586370797281743,13.669654381100184,7.2244307761342075,4.8786532544237575,5.925778500313445,13.497852701446494,2.7924299183647507,6.545686015774686,12.45646110511666,6.37495140811835,11.754616497509453,9.45910094650674,6.426288255238172,8.603402445737604,3.11518237783122,5.553290008368526,11.7905532994322,3.642207006149075,7.889897519372894,9.930916240723372,7.832985946271007,9.685184683639353,4.291801422098557,3.559104635376038,3.938853669183443,5.620769222660798,3.4758200678975855,4.358579715150961,4.685823074923835,12.612411517851951,12.601612212071572,4.674602892015123,14.122705261138961,11.431211916944223,11.946441896581474,12.004637267717133,13.680614566661033,12.895483067160384,13.611834859109424,13.397486442590315,15.073092235273476,12.95608858442927,13.49653890964142,13.515043049151547,11.386138934225942,13.573439028426218,11.762959960226626,11.254481405949647,12.780110872958149,12.709097953701214,10.732364180642515,13.549172212229957,13.029678474389094,14.250250265892298,13.02519100264681,14.352605970238383,14.146678773553951,12.32334430163306,13.938538894015128,12.815037318615474,14.91822939961129,12.30491428303754,10.449560039537968,13.189549271821695,14.052734385398237,11.157387190245517,14.150994636899018,11.881338654866584,14.650807202993283,11.32919997621549,14.506262163632845,13.728505558519393,12.505069954286315,14.038447594856564,13.56161889882779,13.094961866826171,14.192013086318712,12.566724892345363,13.921042847036986,13.120207779320719,9.489569398309598,14.415786371771988,14.187015183373125,14.037421242407655,11.451134761597876,13.79818740600894,13.122720261912606,13.374186741756128,13.06188248648614,14.619291360493987,13.478585084203209,12.443093640917382,12.691625831354571,11.763751853070929,12.600113347830073,12.393482255879258,12.166659106020143,12.239579433912484,14.629105835358663,12.033217431765756,14.442042653318202,12.888685087312457,14.51531384262494,13.048532671687246,13.479153684476316,10.812434108089214,13.735754222749227,14.73766188447473,13.398936500919318,13.105369523789056,13.351696345585527,13.427923523104548,14.324591543836016,13.319853164450873,13.103743683763915,13.345689236767718,12.941051437653817,14.189904526662126,14.968652833605864,13.760779496702114,13.020546471024824,13.510791004515808,12.185815751024736,13.197173181996247,14.742321983732822,14.380380742239591,12.583206298866736,13.590415005724507,13.13698588368826,14.106189692902543,11.700706457363472,11.445378882904905,12.353415629332618,12.11238690205083,14.365657944095412,13.04994150644117,13.536504718282014,13.717535583893792,13.062073582876488,14.395237598126075,12.397062024958728,13.864792285141583,12.67984765707052,12.675995027411878,11.891942868931695,14.496225316341292,14.24146216752915,13.757505799738285,11.793535806042627,14.11737661936362,12.966258755030514,10.895952610188095,14.44706241509642,13.267635005854613,15.275092574254234,13.552937461589401,13.892821757286988,14.130684373390656,14.05707348092272,14.313556487772898,11.758346774670192,11.575857445571081,14.050157888055335,14.37977690342433,14.537895927808592,14.275198076351796,14.69967304101896,12.613792520294439,12.695171495260977,12.300114436822394,14.38273278670354,14.10941011144953,12.127151560243739,14.38606163060708,14.666471527424527,12.600188922566137,12.875532447760598,14.436593318664608,13.380649222248035,13.429708569258858,12.90947563111652,13.016222965186515,9.820126348702628,12.046797443262868,11.095735261115497,13.080188922896706,10.971234743806978,11.173065342759811,14.836193617707334,14.858374934250376,13.671014734007471,12.139342236959859,10.96320750936328,12.848927213214976,12.401003545941245,14.473962945153758,13.62055371181817,12.624394085598235,14.328826139952037,13.707912649887078,13.312827326031327,13.219002392634682,13.084786524255179,13.173290541617963,14.128532111305052,11.698621325909395,13.841809377828108,13.22001771099227,13.322703966923758,12.934765274244747,11.723417751826501,14.313729546911986,15.667779536501465,13.041629710471694,14.413154888568828,13.565574387273154,13.405182415280201,12.563876268995982,13.909281719135164,13.323539729221123,14.771171259738578,13.663591556190969,13.149712193620122,12.142163388362171,12.09491571170532,13.30197083944179,14.876690080902787,13.594754903996703,13.3436113647511,12.591104749437125,13.697864040507447,12.638571876801329,12.105500686909261,13.908827022717224,10.503256401058275,12.973109390436424,14.60994234271948,13.787833018681315,13.487556942279385,13.055305800260705,12.607755134312697,13.870693084092611,13.935490667955042,12.867635929155885,14.613782262267252,12.886489745665449,13.229218029708074,12.282815475629448,13.684804734751738,13.62477768929543,13.663028947901504,12.664450750748008,13.327786912774187,12.884374333156007,13.090946751163777,12.762375026577747,12.154005846748952,11.496069383832538,12.758112314182581,12.856255493090547,10.34238055433035,13.000536441989196,10.727973305551584,12.900123487616064,11.388121711747415,10.947443718582168,13.781437814276332,12.69939766349678,15.469106019547322,11.9085765665331,13.710457623644238,12.387364808452306,13.942012009929446,12.818578698477515,12.75742451336636,14.77945663045161,12.90364207102574,13.514564284947825,14.351937881166247,11.749685475534468,12.142718774780066,14.253870665483817,11.925395863687358,14.411487194807894,14.567890687953845,10.689841646125062,13.202327190335089,13.207613256093083,14.02507389104875,13.631734774305519,14.079532530685848,14.030421449829344,13.860616678159415,10.998672131697047,13.780477390690413,13.263835692554213,10.884283800585182,14.213175930362068,12.61979365472367,13.377297112909211,13.243558646834918,14.018146317862845,12.956008713911888,13.665733860919575,11.582689345367191,12.690203152482239,12.772301103079355,14.431441191248052,13.421538049792652,13.295033074380997,14.840299847428572,12.254711864578182,12.761951289468096,12.571198979728255,12.114751446495935,13.063064555629316,13.46154891326142,13.80198921810903,11.42452294920447,14.329570881717077,14.287679130225962,13.197448880501454,13.63071803832903,14.239850124103341,13.003024052810307,12.969687920291626,13.37938370022712,13.17838283820778,14.46983544275498,12.107508744658292,12.72776173347659,11.27402344140252
68,8.864680060411876,7.620804761693546,8.19326595225529,8.647068195556756,7.899920287793816,8.557162319844407,8.304315672251027,7.918817417025046,8.901347668019978,8.457407654237088,7.894871755531185,9.085522995733518,8.61480385618175,8.61352175315225,8.989393315416303,9.016354644628128,8.305121516712452,8.16413683770026,8.538093423718072,7.92880953676224,7.976555336237516,8.302548676757526,8.348340733792885,8.40689602000013,8.540246992997766,8.411517318391898,9.001615054816256,7.561994876261382,8.124854201524554,8.672013483842044,8.866669393880928,8.96282318283275,7.709419051039246,8.098320713599755,8.443032346937052,8.432683957047951,8.529166538468639,8.695064013609372,8.790323934115689,8.129461515235796,8.086124230849556,8.980344824822259,8.603885296643682,7.859296151698354,7.8812425996996085,8.585634678218463,8.335470611867208,8.41611466206842,8.390091659112818,8.317979896708426,8.718890605442297,7.979656542609919,9.100480034873417,8.295641321617994,8.725336985227194,8.323150637289558,8.594365403623202,8.410215364155947,8.488405897696717,7.972368895794852,7.740159086290946,8.249803124702844,8.439299347120237,8.375568372378495,8.464751666275323,7.78874371597273,8.813374708196497,8.27539173615263,8.031314687195126,7.842044707962524,8.744166230384899,8.41078885791103,8.330336686271147,8.073948572727938,7.867364148108975,8.07854968600787,9.044460802950084,8.356732391854743,9.129166944274624,8.36578826510511,8.621063073212069,8.914425590869966,9.192576511848943,8.35664540548879,7.971671506680022,7.689082580656533,8.54679465846341,8.870356499546649,8.19277947496186,8.733340484292025,8.563856742259945,7.940454122136235,7.790315079581158,8.335503634774165,8.09009075852517,7.604688051812678,8.628570887446136,8.499637548100004,7.817695236571062,8.579703835956028,7.906466906945454,8.63493383059023,8.307376796954454,9.043198554413985,8.08377711871915,8.613675580785516,8.522122867453437,8.544382899374858,8.489091030507163,8.510456823745745,8.60626814018208,9.375777341613842,8.270186652373383,7.953189167010196,8.204639690088365,8.526198786782254,8.280630021141679,8.09269799687369,9.010679981828343,8.876887180765287,8.959166916171696,8.334056160317578,7.909101277784759,8.037000915140583,8.94203273557733,7.806752489981619,8.955465918066869,8.370412903211722,7.805407866210156,8.246422362889097,8.561343542130283,8.400345797366496,8.301243380575198,8.995595484798777,8.638333891261528,8.582842350923963,8.135812017532878,8.966534686407652,8.153876295609365,8.446401351076592,8.677684046174667,8.354122370325648,8.221969591826106,8.599222112423925,7.963624522534648,8.860309157711884,7.760828714689178,8.96888964240752,7.479163272650396,8.354866586417403,8.869827097421622,8.603977106229136,8.530062839671082,8.40676955122937,8.349862159176077,8.213222488708334,8.033046900790552,8.593448618856383,7.844137032482734,8.270379805681268,8.142308478530676,8.937723468451624,8.757359258310826,8.357198092729911,8.102137070209158,8.015287071377246,8.438211299516817,8.873367058840435,8.554044819190215,8.089694307484216,8.184180518877417,8.5252639077478,8.10686182453509,8.14669858862859,8.617341579719332,8.217067382920087,8.76577345629981,8.729263390929475,9.180768250027088,8.339153549586369,8.834826678274611,8.348341149138747,8.616335382134057,8.520433390496892,7.907554699484372,8.308171110468178,8.520440162735849,8.557038940129909,8.547067043982022,7.902391372305371,8.612216084561258,8.57014242218777,8.822806095876166,8.339645316283553,7.987738796919159,9.066191894701387,8.620165819350381,8.75015692725029,8.168905221465174,8.608877091925173,8.571828607688483,9.445806919174947,9.345766850258144,8.86356660615601,8.717054241445215,8.08795097407387,9.007031951843627,7.905718674406311,8.086178922779606,8.553030949148935,7.932616456889237,8.457525302673217,9.102845660981608,8.938702210894562,8.59417779491755,7.803947837936209,8.474946373878703,8.227962787416729,9.097477919189812,8.143502896535555,7.879908323618757,8.062312463968969,7.820574461597297,7.986920515376668,8.452510730080421,7.958461855051584,9.087426132881832,8.022671344425063,8.608604145189059,7.949557519712374,8.395441220735059,8.059260904315677,7.928580277995932,8.470534891237795,8.154237169108796,8.800252597217561,7.883931650841842,8.227620948390914,7.94407406573882,8.310543755236353,8.31050681727606,8.173743968909681,8.554372155283746,8.14575687576419,9.158749577110715,7.793361605114272,8.261947614641594,7.874179499539981,8.772203476458918,8.01894994139688,8.523429562675325,8.565267987336352,8.875041997382315,8.696896614724489,8.226452801249778,8.134977194895026,8.178010238916109,9.151549555694036,8.872080427884347,8.217743326208815,8.49054120464119,8.63381395320599,8.742495525405522,8.363656563811992,8.584075835236545,8.472940509448293,7.946757078512739,8.603496754161915,8.273591196100988,8.349834404880518,8.297510259917615,8.359214508751531,8.139989678459868,8.39450671088826,8.063200596424767,8.198786663120474,9.150559381413796,8.661758865111443,8.113914720215229,8.26025554905447,8.985910100860027,8.344614966637259,8.747863376035774,8.738731422652293,9.186183545480489,8.33591182778375,8.502601355427919,8.472548014135915,8.833591021417377,7.944159025300856,9.004800695588688,8.775378252792127,7.9875024250525035,8.34149288300967,8.537577576206955,8.007812787024143,8.24820187670083,7.84607136542133,8.330855545040274,8.563932285204244,8.421414489440657,9.044619083545742,9.515448289113543,8.17401299702324,8.411972804873054,8.710483721311945,9.643502768874416,7.216920811480578,8.208117409155516,8.731717923746181,7.383621403273165,7.942471255227145,8.740428822169466,9.015840887750457,8.339654720096433,9.102902769874376,8.639603375421023,9.103237817165462,7.884785162698326,7.043127741540254,9.594683918093295,8.240147346261406,9.315866904274499,8.249485783951204,7.632170256711554,7.597406964497291,8.686273414719203,9.279765752633402,9.055864634095965,9.552205175393286,9.07295887816889,9.125957033452256,9.902287637017698,8.367475034100577,8.490285356960777,8.589223058836701,7.875486943822303,8.044774234277789,9.580055046649793,10.197150672415098,8.903633157578604,8.587536469179144,8.991918245044772,7.3692504921767314,8.441603148359249,7.967859574937066,8.534186533275419,7.191596284010887,8.887781195316474,9.018260293359667,8.651034381610907,8.44181850582898,7.502094941049432,8.757782090049957,9.362956313529804,9.360811431777579,9.020369276728012,8.021247627832915,8.276944267887938,8.610240914179851,8.460198457154615,8.829637957624486,9.15538992897006,8.018289453084458,9.032929254133117,8.747978088729125,9.096332961778735,8.256413898977971,7.451645830062304,8.330937438758218,8.141722822780743,7.257983132511931,7.550443654710543,9.353647168737545,8.707444316218654,8.076737244047722,9.603071358416924,9.050973421901727,8.417063923418146,8.120094373061441,8.507642047075212,8.272294657702862,7.867797587787745,8.16502311634929,9.054501036786714,9.464829580338657,8.169626263067753,8.405822205618268,8.537959154559834,9.854282882931564,8.473289548163699,8.472072123931902,9.34177443739543,7.897587208010425,8.651368599784687,7.922122133628027,8.936988250618713,8.82197821269924,8.93688102152015,8.479894388287509,8.415097736157033,7.806491607375985,9.402979969845664,9.800791991337817,8.033511702056897,9.749060341584702,7.859003615002366,8.86077705947615,7.401079968669852,8.751816507205675,7.816159150634365,8.040290239605389,9.064259724030496,9.460976453995634,9.730636472780612,8.29558263828165,8.09598216054079,8.017343960325148,8.272980420266851,8.304185793868564,8.07934235567248,8.577206249154171,8.861090083046035,8.83848531894615,8.357282900580667,7.925354460306771,8.755862446563041,9.007677145428964,8.983173396690365,8.448814832882526,8.234615968827887,7.85187775025248,8.728223982555717,8.358930662255247,9.129857704140925,7.504775960137538,8.195877714726203,9.261379577701542,8.233778306998696,7.666515920103726,9.895839104707298,7.672444023431961,8.619364910042377,8.782920386395702,7.961494101043167,8.143397846110037,8.854431042562823,9.742543959502667,9.361341445422154,8.795102614983815,8.295332622001212,8.664633904692755,8.819893819907595,8.533247935931778,8.522258747057359,8.050375162448614,8.051048013852508,8.3983326803492,8.221527332124259,9.316181845613125,8.070435491509693,8.522350374301016,8.688267138832268,8.649220815077276,8.352162375825682,8.409554769315125,8.389047584641885,8.809644791420192,8.899606944675854,9.051383657833576,8.805485554093405,8.445608343042315,8.861885693745053,8.929275453701457,8.196174143508149,8.350434431237282,8.779170579180734,9.42622967489576,8.940766762684587,8.044531729744937,8.942444313575606,7.074987224855914,8.067777818512738,8.448568288917503,8.324439025499991,8.981138053574206,9.770595836623498,8.204842471030867,10.22272236919249,10.229506618439911,8.054163098509806,8.014307174923566,8.765275626470785,8.227670213759787,9.137546356992283,8.847444308458767,8.407312177585526,8.699108044126362,9.837388123715538,8.351027528564845,8.574410074604552,8.369144284024143,8.92757658295309,8.002598966949156,8.061581807852,7.9403908998652675,8.563627543348048,7.951884753384843,8.55027385323715,7.7195205433469924,8.33727522093575,8.592768565969283,7.572306937012119,8.04329388518741,8.078970064605322,8.727211861345234,9.200028104863282,8.460973611810946,9.567273439470235,8.347378820753868,8.545353277748651,7.4438976787787015,8.424359093996923,9.187610209730005,7.565724865937193,8.00407096201637,8.773365941128544,8.669718063113386,7.987178798774577,8.748691881584504,8.293236299119801,8.050829464168386,7.899631289721141,8.960573411738734,8.617846919964286,8.996381555813429,9.004001034971752,9.388901635942679,8.250866223952169,7.630520143945679,8.755245049358015,8.658030615167277,7.413246497816834,7.453956845689956,8.430025789138533,8.42486250147796,9.077381651380776,8.284790788028277,9.560552863999934,8.988250561535876,8.848257537241562,9.866195081106076,9.411358723969265,7.066502826538997,8.594504009944174,7.518281402042215,8.76889194282861,8.856545338485192,7.852030349283866,10.182865171887949,8.581833513600372,8.297158684680346,9.458607889385515,8.304540902433134,8.905463798054162,7.895325882790586,8.602270141531537,8.435293053777622,8.711818534401464,7.935384409558236,8.095261171276105,8.698257401152143,8.046166599628435,7.063067494611509,9.137391916468738,8.666927838666316,9.244214163399302,7.985855557059427,8.870713213008985,8.089467457457916,8.020517972893552,8.3806834525134,8.796047952159192,8.44967990258608,9.793757589751792,8.332601750012953,9.561797461338323,8.901954812389887,8.430210190209952,9.841425168453311,9.093611942396043,6.87562107520951,8.508541246819046,8.666783732201704,8.07482619035607,7.785473307815748,9.527148286163655,8.912604870468462,8.317866597572296,8.144309635482179,10.347705740842247,7.290820267065807,8.189402664153343,8.72561280010718,8.219852801720622,7.517326202493574,8.783407568301534,6.400239386552008,8.458463132169213,7.976026111847955,6.396110052144256,8.380676902454486,9.28398987906942,8.923951827448931,7.741563650637135,8.662436674542764,7.73436375224716,8.600557914502694,9.553626825444075,8.18306519558659,7.953043543008842,8.833865764556387,8.230676407192522,8.038645926199802,7.338502024334806,8.859187885572622,8.374775313495677,8.037225608194019,8.706814652834387,8.901604328423057,8.290264546695573,8.320754216170695,7.9841150297884,7.7365097466310395,8.64177670317596,7.80363681270343,6.646414939607612,7.8420761530321235,8.523292374604448,7.899682510317716,8.383575591372093,8.849940025934664,8.468745918500899,8.088990751217262,8.3986734262175,6.763997965962305,9.419565513586171,7.401191069021255,8.583391755605804,6.757517726459726,8.741763638300975,7.837999168421633,8.798333401748963,8.888135677661568,7.790606448785596,7.495321617880472,7.760767528042813,9.273854813710605,8.925749777482855,7.566059520253188,8.815476559719208,8.163220532608566,8.760696675741244,8.50409793616984,7.727974685581882,7.44519994272554,7.839828806832128,8.387332655410322,8.242268639958244,8.95138523904766,8.556426039786656,8.278502566181254,7.908998907992456,8.157284384320798,6.992146448250617,9.347787806312196,7.504649355638162,7.992916425995343,8.574477958042705,7.075905562023026,8.231666932687949,7.844838447535324,8.62994861722767,7.458432506620581,8.078548589458805,8.382891501201291,7.8764624085659705,7.8106438334278,8.461690090024074,8.396718808116942,7.9913504225779235,7.934725928746435,8.912945763711301,8.754193964171334,8.892740343592395,8.378219496603869,6.101431583554881,8.198655807541687,8.701525252422309,8.49677698461341,7.409469567246579,8.637868969194658,7.684214535600447,7.734558044642831,8.355599077205563,8.569248039197854,6.916560732787918,7.200085628224818,8.745612741593963,8.0500899762057,8.735057630558824,8.710779018149967,8.943403516164544,8.775711876436416,7.854104234255065,8.510605222759542,7.581504600581401,8.575342137185384,9.113647792062956,7.661868201205409,9.515612702201993,7.610131671913578,8.45378133851127,9.08729755719476,7.623777686908718,8.630893129972844,8.276699007436589,9.071076239880263,8.83180400624064,8.047551776875615,8.096412450537796,7.558449326567231,8.411212356831914,8.776977609295063,8.084776325847262,8.03044331726936,8.54488141539447,8.242464774484938,8.237865997052488,7.54854699612687,8.111787908355824,7.091669322121746,8.042815882019301,8.555487249680102,8.199827908565336,7.872270831348962,7.996311262439206,7.348169203926722,6.836913554493555,9.199995806941178,6.816353003534609,8.875021967583708,8.671183745057167,8.091152641892537,9.224400480525253,8.80967692663666,7.435533245029541,7.34283000514616,7.927711926567993,7.0001999186198915,8.532198583924858,7.663352309128001,9.331986016621169,8.77875169688534,9.035016864399502,8.201511973511654,8.663780114686382,7.745447907818186,8.678575812154154,7.79082894666429,8.356312285629418,8.741846751739134,8.265448723288246,8.156882064637495,7.919991626564815,7.00461290430978,7.992891301655223,9.225594395811097,8.34096065476967,8.671796519647538,8.903183591137353,7.7824468369757325,7.679941470374833,8.10557535569094,7.496022964205462,6.777724673304765,8.46768816170872,8.778639411418888,6.0615591885079025,6.921965073877725,8.422747781783366,8.94022421940607,7.155543050487926,8.760816046858055,10.325951509504549,8.67859557670904,8.075103145364283,8.8945654634849,7.742442916713945,8.38460471041078,7.111542045577691,8.182681776993862,9.269037142374705,8.396471227966336,7.507550271865081,9.063409767314123,8.308456654127916,7.989122446896681,8.000133851583856,7.812348011515608,6.419306580394453,9.704382383770584,7.734305760902195,8.169967984157807,7.760894682111532,8.197323646398988,7.825763895041076,8.722200893173765,6.900372774553916,7.616994741100247,8.901830340214397,8.38915615052723,10.0175027287461,9.186676469855575,8.824933074283111,8.427960986360892,8.001494109458463,8.511192965193057,8.528060168035951,8.573090674991837,8.091013316579957,8.941458338262331,7.719922447213592,8.058752654635013,6.950663498277484,8.060813709975154,8.967140628469526,8.52475643237858,7.872827416595775,7.978491294988238,8.956689149492483,8.950130177909921,8.9242458450097,8.811567582056767,8.208077228688792,8.790405326771435,7.562766194900853,8.421038393536536,7.894914852570689,8.324200066097124,8.316764189069229,7.695168210402897,8.336187726936098,9.126117929825389,7.863749958964783,8.915563631275358,8.832782963728885,8.12551795546301,7.917011585163798,7.556932930106673,9.161714391802109,8.918104303275454,8.652497767356259,8.72511369583485,8.470833373854273,7.747011859626105,7.440186644690335,8.965955321602703,8.601396361975869,8.704385676862529,7.585132380496898,7.847853135006496,7.8797700173536835,8.420686395286392,8.479389497511288,9.743539054356368,7.554851385507237,7.533883585229734,8.00332333022292,10.30174312623747,8.651241101546436,8.444251640900973,7.52867996896859,8.833865487840505,8.701161941561024,6.941722692110747,8.47292010459576,8.401827865424764,9.204414352993322,8.576582003789989,8.750455192803843,8.032151070781426,8.048972621882763,9.452876976125797,7.896498678245949,7.757168220021557,8.03505506071857,8.86666078207714,8.14506521107094,9.015561583431838,8.130211667191515,7.964299301658783,8.088120107568061,8.008496248663345,8.111996596987066,8.26641285440895,8.613929644926836,8.523521512300718,9.27309214893878,8.891747058186214,8.587561987880303,6.12754275427841,7.57515997774802,8.28690358012704,8.831884406655249,8.7625082646077,7.867067568568029,9.060410181235369,8.177485305527016,7.307828104246884,8.818915017501109,10.501539406105127,8.801219895805115,7.412959241031432,8.334518347585982,6.897230100478781,7.964708473104244,9.172168880678342,7.9436825192836995,8.95961754420267,8.47782064706906,8.120173669383345,8.581924054690317,7.916297635722739,8.25015366301112,7.688466199056161,9.639039006539914,8.202965340010323,8.275697870342032,7.208456753057834,8.297750677290932,8.1624989126108,9.116696215252317,7.587461316243574,7.287754314140318,7.8936720946712375,7.472794474123837,8.174685826516788,7.642094213415866,8.441006275338163,8.780895886235683,7.328278414497575,7.242342554787491,9.142351565871392,7.473602644883888,8.808320379216958,8.846638231226104,8.597090041875814,9.207717567556555,8.582321404839716,8.049764380753533,7.4552941488163595,8.167876381442614,7.462314788273963,8.61106075103043,7.9663591366737,7.089748611868186,6.5411831838564956,7.980375072842978,6.67942207392432,7.8149605908864945,6.4389021897528185,9.811589973819842,8.168249456050686,6.8163369503178615,8.761763188051425,8.51960208496028,7.004950386299594,7.594459286521931,9.764885800234058,9.275756308966452,6.377106476491315,7.921284277497171,7.502768850345457,6.752365052344808,8.823036606255563,9.180312440137165,7.807616553396468,8.369046415798254,8.148794004598281,7.602055969911122,7.683292625867642,7.8673884972287755,8.305473355000137,7.552191484317414,7.541969648720835,9.330064710006466,8.540731669018607,8.042821519005933,6.847315582165069,8.348721623194017,7.54970652902866,7.373638135878748,8.257124358401342,8.17246129741137,9.032853032385901,8.31484614313791,7.2414249283242444,7.7006370739621355,9.13347146507076,7.931309221079112,8.47133775938367,9.00847094642196,7.3034326192436625,8.915255043736517,8.551338112375019,7.900690431057501,7.121242193437319,7.180026990226058,8.083047852627201,8.630192048831736,8.48531421162113,8.451387627096917,8.533388676641335,7.319993810893709,6.7888385995733715,8.026034493744831,8.712669880175872,9.135683721048347,8.375202616995363,8.78526690383831,7.937983307286512,8.262732610995057,9.487358682820911,8.591981752095162,7.3810533340967215,7.238011228797096,7.902325443272061,7.64333749378999,7.041948811767092,8.8229757215998,8.577674763084431,8.354356024591956,8.07802142125284,7.759258346932691,7.961103337827147,7.715826727359558,8.410477390336952,7.988593703788383,7.003856542119478,8.699297673986752,8.868899195966497,9.919634660018142,7.5094404105105195,9.255427660850149,8.000181765439589,7.6796365987697035,7.430926284327587,8.482809338968135,8.821118365052397,7.859933239012808,9.099336146731027,7.930886636835811,7.9129346426502964,8.228757141491613,7.708967610291589,9.09032135054761,9.275354965843068,8.195694961687632,7.999336810748483,8.227721930165377,8.28331918971,9.49126966779639,7.843329091058296,9.306130850027287,8.542274013623201,8.594088253965236,8.084811671701972,7.6989647872742175,8.483334027170471,8.877012449870874,9.078870907689533,8.828012661694627,8.477258888907858,8.324798427653844,7.6928643775991326,9.621142205203393,8.369882547522291,8.645091130092277,8.46597249126987,7.211387425847248,9.598728491086261,8.549275475095005,8.214078360334405,8.80851586845196,8.021320109455925,7.292958743147222,8.264522753810013,8.812300545437386,9.171787701112056,7.08210024396019,8.475520517626018,8.247739511490494,8.923138336641612,8.538337368979215,7.836290365891139,7.930117948560776,7.418685833318873,8.237996192096984,7.954974676280349,8.428448569635892,9.075108864441155,8.347678902363384,8.889905882152176,7.843405683752868,8.107477122296494,8.019222223271683,8.15306714879937,8.333839481124405,8.023563109888281,8.932891810335683,6.544358708557503,7.298675067679377,8.36959959997141,9.080960081032213,9.14927571237723,8.173185768399126,8.289131110843687,8.370429382563934,8.99323476282234,6.967505340490399,8.328496178382622,8.696444540670072,8.69479426122681,7.426768832039627,5.998900150533634,7.378870017109769,8.838784441215326,7.731692901874661,7.9288226539247315,7.933120484726997,8.519660296189693,8.972018422956259,7.861962828778923,8.10568449445628,8.547354298711351,8.739453631926834,8.438752048052498,9.190611966083756,8.337367383752763,8.521410234693064,8.463465353840526,8.780604639611765,8.114771643776686,7.8868716664200464,8.160812720107828,8.525039718435526,7.642956272870884,7.804379807053165,9.07299074111554,8.855851010179883,8.471868631834884,8.057929464474325,9.818197483121189,7.388553358560461,8.485603312397265,7.528990096848868,8.324520405992368,9.612412317791964,9.095470040369543,7.8902890457756145,8.23823160997322,8.579985208254145,8.964406510610743,6.999571152513453,9.839341426848499,8.705648227305547,7.320710968039894,8.122246576042738,8.729692699337619,8.68218401683623,8.55318133757012,7.687485220050209,8.737067316339568,7.752679824297696,9.14630066604813,7.291206740601632,7.735256635224034,8.547306518267293,8.475330763116597,9.143857958187015,8.692746658335627,8.182061377999306,8.328427763043909,7.479961190080838,7.597649535298919,8.565478140586144,7.926621669706464,6.982064913758899,7.775780846384158,2.5859918441455547,2.7360520277256355,2.11393926710206,2.4547197642697074,8.156276076322731,5.955483248727909,7.027056871608876,5.193466223529516,5.589822783882915,1.4301501553410987,2.3619438823588736,2.3287632444851734,2.1259783499834253,1.7663921089992582,3.2146061334327523,2.8515103139864273,3.566150690157532,7.185215127894274,7.890586157316729,2.6076471918965947,6.508652752587849,2.9037971808450105,6.797051583013865,1.5335309838507563,2.4538084223627474,2.0971496169474233,1.5915614884344058,2.231725606637252,2.5502950748023285,2.5263696025547864,2.7432935121192235,1.856598983179947,3.082849727465046,5.397418073287482,6.642204688532156,5.735890595087319,3.193037598444966,7.949783782006642,7.229855248946168,1.6191093056529993,5.820850110356993,3.8633394516305155,1.413500918425391,7.464664919643969,3.887727688590935,8.64344950262698,1.531409545070205,7.8227254141459,3.3514041317326853,2.485220937172936,7.5359321002524275,2.029344448450784,3.9290904973927594,8.417994815568488,8.324158083873941,8.655898245143675,3.457283200096666,4.302315347611435,8.369818806639955,4.676095004887783,1.8969710976621954,7.023444283178737,5.223095899911632,6.066906441792853,3.685257680768864,2.3066928912585016,2.453732272536081,1.5538987117344165,2.3705731503836365,5.907695727156117,6.504016610888104,5.505556365745523,2.2996092842528606,1.601891727956609,7.513657190858188,5.065916312841839,5.68649461983145,1.5299723530179776,3.199513547088842,7.947714476881814,2.7488990865700402,1.99715605308182,1.7744517776887636,2.3369118620001887,3.207109363064289,3.174348844949897,2.114743623748588,2.556596197305882,5.071831872916943,6.060343613365586,4.924253721401836,3.0466309565592695,2.2558304925847175,1.5124752058411057,7.764175699027835,4.334012750285902,2.1072679944031583,4.98787923148048,6.304620716827349,1.7821415408775483,5.147047588622052,7.462111949513722,3.378192476706512,5.3271981202791485,2.212229537533315,3.781594716336411,3.397950858513973,3.739856061634987,3.241376933377487,3.4765583688920167,1.8425681107661873,8.388233999679263,2.9550519730617144,2.344407483020902,2.5052500058779974,1.313256487895805,4.189749348861255,2.232644250507679,3.027086234358768,8.662588652551179,1.9352348126462227,7.199638772516817,8.202955266387733,4.16686515718805,2.470823576155411,6.699221512660371,2.727162407528254,1.6540652806054308,3.1904683705294024,4.63031071353877,1.5134003454472384,4.212234934880691,2.4328480401568036,6.891244097536247,6.878783958393658,7.26829072565774,3.6541746233433097,2.35809480481587,3.414657638428383,3.0279414282488526,7.578905158156305,2.766883262131927,2.4317197407693882,3.2756256172048124,7.2908934962015675,3.4804729835926493,1.9484002438407313,3.313196290659791,2.6553202030575886,3.1293612060415126,2.7155934489288316,5.719648416077691,6.250255417801771,6.116575087658959,2.101197090929891,6.352852829943782,5.696964225266158,6.345930013914325,5.941304128539491,3.154584537762462,8.752018031248982,2.2080207347885805,3.1727870137009457,2.2147506257745793,8.6791439955493,7.939292804770505,2.2221264981334845,8.461702714747037,5.443415586391718,3.8738388981874636,7.178371118095319,8.23833658195203,3.0540362630686757,4.6088680087150475,6.082164582523882,2.2444071847754095,6.280430136796419,1.631755278928528,6.438930502895336,3.377154361690872,8.152539816709462,3.3499771217056526,1.4072119256915923,3.5812841841235517,1.7327148629432105,5.5939156431000026,6.597068211938749,2.7376303154834165,1.461199350713647,1.8183078573770817,6.723101104825165,2.83217941441249,2.2273905866338697,2.358445193495518,4.619620022518395,7.443505468586389,3.957231579611131,5.707096492004585,1.342368702990345,6.251347171250292,2.3062515607386116,1.8819213487929511,8.757495945942054,3.0802650458983685,3.3020551108582037,2.6943317842508483,2.237066641168724,2.240866611343772,3.807238113422958,4.740963998792276,2.9124941156579505,1.5627148015782066,7.749124988632712,2.5090452183923566,6.7415094177716615,3.605525622332625,2.4065054535433523,3.1953108815774414,4.947664215000532,1.963965263811807,9.035580637090337,1.55430231673211,2.460969072414878,4.854644772453438,2.6618517879574246,2.327009994978154,1.6133815267064273,4.6645391310753315,8.18916084979532,2.685961676839516,2.1972379680320016,2.2877050906586853,8.922614588932486,1.4994999575770143,2.591798280012129,1.920960496508057,7.634393412100772,6.455348169993309,3.212633814416511,8.435077262070203,3.4461803393244077,1.6172773646592202,1.6011417883424128,3.2230734078658165,7.8410574659620185,5.9170333181248465,2.570900494420521,3.565190263113474,1.9738273195978184,2.011536663593787,2.0092008279443423,4.750475716188468,7.556491544896796,8.638221223994163,3.927476740533165,4.856623605990353,4.365882817732008,7.827728222673639,1.5285333237311982,1.9534626999749518,2.1268050099738502,7.947727270774382,7.616481032321116,2.613366109190806,2.6323085775100186,6.536316419106317,2.0311083363961666,2.5882465544709725,2.6432404333155812,3.3687471659659662,2.450683527221489,7.099677981565743,3.3292795823178962,6.935328183595971,2.529833316421677,2.328243351612597,2.3022235430058333,2.906616539173799,3.5325500787560147,2.349818632670652,5.459186154957581,1.3267782845436127,1.3390981333947083,2.1941360533825325,1.6271987991245513,2.0212891215537954,3.9847810741095966,3.745589471714674,6.683599269955342,1.804013101300821,2.2300547095853847,8.436813928347895,6.85154417148635,6.915059273584968,6.109642537586623,4.554317998917302,2.52198226052873,2.497515208592076,6.180602111566663,2.8809497180453345,6.402051093954232,7.3126556806310425,7.032666828553983,6.898713210009093,6.955554010142886,8.401718234140006,6.968491773565491,4.814258410941844,7.190354424665745,6.2669599414530754,8.216181467115783,8.145256501910461,7.754412262810329,5.389797240125639,7.320344075259363,7.130378659150848,6.730347080972905,7.425403200216092,7.267869486336433,7.234930416056664,6.959285914857014,7.37720391009718,6.854764137291199,5.06199609514136,5.130585977151462,7.680020362434458,8.027549053083495,8.91957964247175,7.587392744098549,8.311008944585364,7.561021334162903,8.194689041891985,7.430812506918338,7.378619789263328,6.470217422315589,7.503127994041849,7.649333917343089,5.907113366124951,7.202209506432959,7.1488307776603675,7.468477173452989,7.500833456951649,6.977488089585523,5.924265194331603,7.571416187674413,7.778262778726426,5.831509353261692,6.750628399901535,6.520644431253488,8.280631183699834,7.529446761847028,7.42548605577212,7.784907680452808,6.273949596549047,5.862969006881191,7.241019127217605,6.201107192244999,6.874819946679233,8.14851534952081,7.394742009900001,6.374154839584661,7.233178625362515,7.1444366787815685,7.100447648243554,7.057300824537206,6.964426585305881,7.890759292347478,7.272315849295357,7.266645488186719,6.600593448794501,5.786603515600776,8.822055700327699,6.684110470087086,6.556438171576786,7.093573152315948,8.267551657358277,8.056155107543598,7.405311227018402,6.822930500050838,7.149466807103555,6.930008780067606,8.10952173865877,7.050016258929546,7.917904134263303,7.583959664769699,7.180117137023436,6.370852692755222,6.622750287211872,6.440667799703198,5.72813414608286,7.8800215557008055,7.18911437023644,7.979643043028862,9.217792337069163,7.787492340320693,7.742206862237403,8.978947814870885,7.126717481790182,7.573486571657279,6.709335912683475,7.702621732706836,5.669852320938211,7.330562028051579,6.774065961744417,6.3481613801954255,7.0935275506030315,7.141667892508368,7.903471393003374,7.59389495438077,6.189997296151795,4.963745361200018,7.340477479716782,6.948454860148044,8.10173567080394,6.415225139103712,6.118405377337303,7.938721048522543,6.2239498681560415,9.113359918077867,6.357539191713398,6.845985178410289,5.810779615538571,7.338260840149719,7.165505180455974,6.789605272717351,7.771814287392271,6.9243173694392866,7.700487530355322,8.442607597496435,6.6229716700493775,6.463328689702473,5.608062571445324,8.329394958913682,6.933308383276809,6.815455484285163,6.632197004220941,7.676302739341895,7.5011527284313155,5.894038543996486,7.4524772214005335,7.938920667921684,6.983279789710345,8.189269562463686,6.416022643019193,7.863271430369367,7.05889370550738,6.626995441607824,7.549834583048039,7.069732631012711,7.50364212331055,6.909189856641235,9.006299456712977,7.389344111764025,7.45947766431312,7.94143781037516,6.490224061270421,8.185870912570042,9.208579889151057,8.436238378699151,7.12071483051778,5.870405854666899,6.651469801271895,5.43511548318216,7.874037459580986,8.49341411742399,6.47305980590319,7.627402590712602,7.295260306106886,6.658433183694858,8.886258214713848,6.939453265208592,7.383212932709643,7.485268871623787,7.66624382196655,7.640740174147465,7.460620303065512,7.984838171778068,7.5061198416592205,7.911249063623618,7.992510074088211,7.872216637273723,7.905996029572758,7.495790378670169,8.299036955069894,7.063732069456345,7.258633559830777,6.40018510280936,7.246963008561839,7.540082383712648,8.06904711947401,8.083276949192184,6.509381448668892,6.543333382764137,5.94912918485074,8.718779143838299,8.496989080515341,7.756363050574792,7.176341335094791,6.8174938287946825,7.215582760469876,7.8089052130623635,8.303199469085211,7.647229905626432,7.739555320598406,6.55198670407077,6.595486500854763,7.375647874141425,6.6364217425262435,5.332257508862518,4.881515788161169,7.124139071308362,6.4289628088228765,7.73002963033016,7.080616377831937,6.028647560762923,6.9485688532172,7.812328203009727,6.669294060195676,6.489394383323751,5.853023632031663,6.71718930217848,7.374983585414039,5.8722090672252225,6.654511924569276,6.878530445285302,5.621305165292825,6.772415306600119,6.589496112566757,5.83702235621333,7.156979310953341,5.76086935013943,8.159506507028736,5.8266438909780005,7.864335855574978,7.502562660039382,6.875749945277051,6.231257643140298,8.505000386784069,7.237976862141404,7.874055140444047,6.653051348468223,7.02508818934778,6.818212564220051,7.056356063739901,6.150093282410071,7.4097911935608485,7.230881641519226,5.9688360399714,6.592964409694058,7.71478045376184,7.049264364442608,6.3224352725796615,7.667989857866214,6.559305063602889,7.282686963335964,5.178565854367893,6.481750534124415,7.397864430666935,5.703630118972539,7.988536372146685,6.849376251190754,6.635645470831419,8.569518047730439,6.913206052914525,7.620749451959746,7.890859346504779,6.337965955711842,7.080399980279779,7.006756189245669,7.131080583685174,5.8889047584395176,6.056976186046727,6.484405326234469,7.658794264067779,6.405700637442437,7.647039930165872,8.595232116510944,8.422853929431911,7.802721199583226,6.6371164790155905,7.178082543367798,6.916608480638323,6.867642987051958,8.147753998834146,7.014747539704886,7.236457019377603,6.450044201141883,8.182706406903714,5.836607062537982,9.249661726087641,7.214332569232119,6.906748065862364,4.508675397919606,6.622022312263627,6.771933332981275,6.009470826787846,8.257937662284716,6.70034955270418,7.1607015070674285,7.874637170387264,4.735772932536984,2.4293776242368628,4.164113229189203,2.210354147658236,6.305308736900975,2.766255811855998,2.2549050368481502,1.9703644470587163,7.004561155200012,3.1990170403339437,7.414551986777,5.981396389056813,2.03332211241683,7.818793241675399,3.036032859646178,3.290613475849115,2.0529917966677576,2.62027326956868,1.8980227923056896,3.2072319604458857,3.57363396889433,3.932211828600362,4.387236343150618,6.5348564988486295,5.8020185082881754,4.534264826654851,7.937461489938898,4.15995037152508,6.5758385282926675,2.8073174229928743,2.944533786566227,4.741798077685011,2.90374718045579,3.5371562313224114,5.264320481588018,3.0503594556759923,1.99557279523298,2.3113105555576827,3.1158092409647056,1.6313764520620746,7.60718789466243,5.109270296339995,7.866094466913759,3.5236173999565468,6.54467084913799,5.015572619536635,7.173485208408328,7.4242941131369,1.9739443273881476,3.846740476751654,7.582598691569772,7.677744479414842,2.5813142873417214,4.669281471645821,5.654557581586141,2.732689783734457,2.9070051644630652,2.169514268591698,6.34268065452235,1.9571484322355948,1.9128647438554476,1.830818054773334,7.368262426476548,2.9689892004099576,3.675048779562508,2.4966624941872544,3.6743217876093857,4.8314892697544405,4.106403152840336,2.6855099710864963,5.0739088161776,7.084060071122341,7.1926639038488345,2.4796659289180463,7.654438818764429,7.202508687942133,4.79905738449317,2.940054573351005,6.474749841079846,2.5394083721640426,3.782748466719895,5.403470518307309,3.24021931513596,7.657110331268201,3.6338079007429447,2.8513082045477627,5.14769366099988,7.997532488978052,3.813591896131923,3.3384905623863923,2.712104156124996,3.5216075505806566,3.846506212378969,5.9666586937828425,3.2045721050441855,3.647358138235699,3.6416875322415936,7.154088998398858,3.0175977762255672,3.6628539658225363,6.653645684283772,5.55155758642264,5.992885597418107,3.869456057232092,4.065207677321463,7.723671560397189,6.25197125888403,6.205505347973794,2.199555773366233,2.745418229141127,3.477508875184824,3.247639595967135,6.300629367773316,3.5177095141954524,6.312678329450762,4.053601050327426,3.887557102024189,3.3281805254748145,5.318135709617729,3.6000408304203453,2.840965224850441,5.827113702257371,6.884966759279558,6.728069644654352,2.290430254486898,3.7199211054290613,2.7013403984887696,2.591053098827993,4.803589891540491,5.470035949136735,3.031772804877689,4.451426525390464,7.715736901090253,6.318602268619328,2.1871565719947665,4.863202407838244,3.6186961194988423,3.8895512384513533,6.235484525651695,7.777129919659442,2.430159660324562,7.84053247742009,7.281590701562404,5.223324940621222,7.811024436814235,5.997829998631882,4.369369560942925,2.284129890939229,5.566438394473458,6.221508895922794,2.403193767562864,1.8306880131192707,3.9764922542604086,2.85095398288302,1.98077733392145,2.2124555967370387,7.0436408579264,3.4050372054752196,5.982054231697091,2.3807736063612763,2.516132637809681,2.8251930133133447,3.0460899839407034,7.727923946645375,2.282793881569431,6.419334108354099,5.506854906568378,7.359730940210887,4.994729346553336,6.2245145209893336,2.6018606216242017,3.6546383359186327,6.485272223600583,2.124102450274234,3.917526419242792,7.028446871839721,7.621617946046108,3.107159567490176,3.8652328054807885,1.8761112200639438,2.4350075197765593,4.784864689831336,3.0042995393814,2.425943586197437,5.1099878506945995,2.1369479437287078,4.9101848117523295,3.650554858300878,5.849156483728952,1.9278307045981788,2.5797378856561117,5.889779208125333,2.585109977143518,4.55347335103764,7.236345583079449,7.282963485327656,5.977681607654967,2.834935636038524,7.995192834135948,2.155303327511903,3.588969508850378,8.04157220049944,2.8490581147471534,3.3756598527153603,4.308422968124927,2.428932669568643,7.0540324963497305,2.7177802865282965,1.9402832967398533,7.7997334853617994,8.009254990479226,3.284328880312498,5.455823864987031,3.669660303818591,8.105921135054132,4.480433559251514,3.429683475301431,4.315596794441349,3.766829604058545,4.632408494909807,2.72245201600725,3.8646874733388286,4.96436369534691,7.642111987423235,2.588057982194016,4.477976789576481,1.678599704585628,4.32344922355568,2.4784179543541347,5.165256696609126,2.689916951698975,3.3870397012070392,2.8438983159361384,2.741382540943227,6.7577030918304715,3.197369757977428,4.153971497485429,2.9797963176006066,3.636053761316227,2.568892735302516,7.575894313451978,5.182506356501907,2.627843906425008,5.810398285954102,3.5314486731293653,2.9350405363349488,5.773353953496316,2.7077500619910952,5.500213273393554,2.5037266169488155,2.3211516497336357,6.004608904712268,1.732054418321308,2.7015597481007028,7.59668304142326,2.434739293414078,7.923333192661984,7.481927364794731,4.491801544311093,3.608301369344297,6.855340159158602,2.083145111715622,7.636340240241303,7.196708438338707,1.981657498133903,5.566886336205299,4.619665484767421,6.089177290742104,6.034094032818415,3.74032741965192,3.4492660540267757,6.240320730135074,2.5730399735037897,3.1974905211239952,3.8482011718097775,3.190440325505962,2.590321545516379,5.726835556307857,5.675763999946371,2.7760545463793354,6.80240321592652,2.522199116302164,3.0758621647109643,5.180117364543291,7.882080717801077,7.73145266157536,1.881477703840802,6.463093234535275,7.236234523203846,7.698964291083316,3.105826722073024,6.079806975430176,3.8896607670641474,4.801257397077635,2.8502261638548614,2.5323970609590902,2.287178094396976,3.6220906761751723,7.131883101190373,4.892859703381038
69,17.1340801266826,18.13840738083797,19.176507179964087,19.134042618603974,19.386339186842136,18.59820109981538,18.6554810717523,19.284832573590503,19.60384140965408,19.27566384196244,19.673782947170796,19.39866828934553,18.269798407513573,18.166247711842477,19.245286219271257,18.108114898238323,18.635322098766064,19.174454862085554,20.53256557971552,18.587154247455615,21.046066215687155,19.22937167291951,19.16640023279509,19.920254810268155,19.163193918387613,17.354750910685187,18.11462004670171,18.14818301523057,20.058673412308476,19.150624953676843,19.266892394329354,19.179298744946188,18.450588265788515,19.323930339381548,17.99075653001891,19.21185807586553,17.40433325162267,17.525985168313657,17.550413463910978,20.291948149371922,21.0380953006393,19.22064890342224,18.65940492359269,19.287419991528132,19.14658965548518,19.090235775393126,19.260207342667325,19.12272974226549,19.209798002370082,19.248970427672294,17.54452405927229,20.027437393198145,20.198985685660045,18.434090367157754,20.29337695154236,19.084449227492893,17.78522038680698,19.235895913987733,18.15237399721109,19.265239332149815,18.361320469203722,18.158265718194404,19.16269604003997,18.59427369696053,19.255844041578584,18.40320618182282,19.273092955124323,18.867460658332686,17.632068093480104,18.5386651970559,17.361725372336014,19.33549161723411,19.237296832500707,20.868464067989816,18.935663959897504,19.237115581196765,20.107910298305562,18.693072584892157,19.346138243595476,18.737427499001974,17.86850295651773,18.19677059805919,20.109586805908286,18.73143920683196,18.574349628951843,17.992543030325688,19.378677569177054,19.250469878943232,18.816656403672685,19.212741581401986,19.912385645014783,18.69684514246604,18.42000105307652,20.548459252169934,18.68439924635301,18.095811831014466,17.992127400381673,18.361016975638037,18.41696350664953,19.123482982694124,19.3946784904488,17.51483715715505,18.947029890600533,19.170263611427835,21.019813941272755,18.26944602099056,17.405195887426572,17.932918594111303,18.14503795947426,18.661791979642846,19.844869998960412,19.772844518745263,18.502811877773333,19.415039381960938,19.206657812729535,18.962532701375288,18.83832543538459,20.948113687328377,18.84384436090562,19.542567889437994,18.566098110740178,17.535391920546044,18.613614731076943,21.036419350818313,18.88697596592367,18.300545260992273,18.713514412650973,19.204352291589785,18.693777629015376,18.105588970317026,18.56506541041501,19.383164610085398,20.3448494072607,18.139061948127754,19.03007607831735,17.83052733704251,20.20559706683586,18.379345780427137,20.40353273036905,18.1584960970865,19.118735178243938,20.0196708801414,18.09799022741292,19.861096609814286,18.496659202196152,19.228715632745192,19.04447524455317,19.18714143613294,18.00653655343403,19.190180312881918,19.258779280302953,19.66589562894479,18.581116130832893,19.182871762627865,18.56335362713304,19.20792067442182,21.005305725829494,19.09428362722062,19.264542471837167,18.578629588348253,20.60248436288438,19.338947739956573,17.335185550621066,19.80464669787233,17.80507890499984,18.65540054270439,19.900572493234982,19.4952500262709,19.403115769850412,18.710104476732802,18.251706666685614,19.44596193803996,17.9227230217748,20.28170936303792,18.026402862448993,20.780814986789842,19.348041037339005,20.276820670658314,19.37156142870842,18.545122306247833,19.710164529974346,18.496899796659317,18.018350998462154,18.414143284088762,19.287471200170856,18.418676239723798,19.26004554367487,18.12530216628167,19.93993311470919,19.934218927704098,19.860352060529515,20.549441439933936,19.268426605955863,19.369212287236845,18.1885540743438,19.329538244756183,19.145868094545868,17.30412969313652,19.991135786166886,19.68055855677186,19.36462822187764,18.19335236296439,19.807754214678486,19.26839134620217,19.4967435410479,20.89370711402979,19.235617068113473,19.905552025570096,20.91890429249375,19.099141668002286,19.329982940298134,19.356232892482765,19.21314294945205,19.33646462677629,18.02851211995716,18.317475899984405,19.27770239559752,18.144835128010534,19.41766682726113,20.108825944708656,19.126639842773915,19.328240359586175,18.46848280968455,18.206165040063233,19.008590552094127,18.48879695125727,19.04631053202072,18.333538940043923,17.868512642929073,18.56469148102801,17.352762947313533,17.799410099850494,19.313458885112325,19.303728374925946,20.142867200611857,19.506451444533557,19.39688818120572,20.76654285614223,18.104831704704814,18.78620753973523,19.21784382504513,18.255527520852525,17.841021133624977,20.644845318360375,19.07560704412485,18.329658959031114,18.888623986388403,19.46000591652378,19.76712570923205,19.052185043625844,17.912494934261915,18.076972116502887,19.180757204753018,19.78574000158066,18.248608098635348,18.26673711656661,17.817039333532712,18.87938997303977,19.182856727311748,19.266715756011926,19.093795071605047,18.113898059283834,17.145777190828618,19.364103479285173,19.037409705353983,19.004106091036927,18.70791867726869,19.833944737263426,19.249811025696296,20.09452219689694,19.344207622478294,19.192652935038534,17.839846584587196,18.45228664678364,19.342926637040097,18.2497715778544,19.142273977043377,19.93031303085225,20.137906018484138,18.504397128470483,18.11988333722256,18.332294469545737,19.501525883830865,19.48877557311071,19.388601062924607,18.681894708967366,19.176888801757073,19.99546991830672,17.13381162841407,18.60136457190986,19.139318156877685,19.82974543912636,18.343528883558477,20.586502737150887,20.622864087723993,18.602624895507684,19.220853690122407,19.739769745729763,19.18095702818176,18.718100761578107,18.880843793066077,19.778519398662894,19.538362325709986,20.194405261259195,19.4592031669157,17.401413113120316,18.88512635229054,19.105330610360134,17.268682003016806,19.63382649602571,17.24117258310102,16.827068527887977,19.289544654200547,19.552587353819185,19.99852363132967,19.579353202966857,19.546928014086042,19.681394207329475,18.536366310104366,20.216345644572115,19.7156507203281,20.115801845345576,19.272894578066914,18.881532695448445,18.32026080647459,19.815827658242945,19.774514707466324,19.265178248307944,18.70718678841762,19.38446162856278,19.87495425648403,19.13706153853584,19.40737700912293,20.43913679879224,19.87517283798468,19.740192946063868,18.083383420115613,18.794656619019612,18.783536814617886,19.069573453530243,20.59527413007125,20.56807830198147,19.572337836067593,19.802767848701425,19.917497388886407,17.99075546414933,18.958285050036302,19.49366834913008,20.139398330917913,19.341668388948197,17.64608591547531,19.429360687255155,16.23926426588694,19.351771029095197,19.525218501716022,19.324864464011718,19.269196438692575,19.66235448164161,19.333201710104955,19.00366725340744,17.464815748515356,20.091381592147144,19.86563719924593,19.63023467397901,20.452614904804207,19.394218727268587,18.680255702488658,19.329336910409587,20.224101058041303,19.825476348829802,20.218107577455523,19.287480371053114,20.12939811594464,18.825706256978304,19.363541202189634,19.616317876808118,18.60120331724062,19.779624551482506,17.720793156618136,20.265334662220837,19.361063573982324,19.556787575877458,17.989064311200387,19.542413993986678,20.437101274533127,19.952229840663573,20.086063107833116,19.392064331168047,20.095591620632444,19.24672731876121,19.912135509194854,19.60430677532519,19.590712660529455,18.153237041153506,19.259496595632278,18.11879030425857,16.617583992521826,16.767850429637093,19.689805123212437,19.859457032985848,19.43767439005005,18.35890465505535,19.376133454247178,19.04417514190626,18.321337824398693,19.773630690667904,19.856038256533708,18.93634600480515,19.06567652872221,18.597795163642335,18.237899300962933,19.557689744217857,19.0022400988287,19.77268997353361,19.398018200626087,19.999331271945344,19.010895487375087,19.64857393516367,19.56818325246927,18.686848650620863,18.223512631988154,18.853007200694652,17.75645583884282,20.062465806465866,18.868999780561094,18.45757064572832,18.84287457527186,19.429759733093473,20.336917343589253,19.228712550844474,19.68225525266008,17.98438016666728,18.394062506858308,19.148087991006705,19.698332729319528,16.214499104819172,19.152685391792698,18.647237690089725,19.049862419782215,20.293378062401537,18.97892739622002,20.02632411811744,20.575449274806097,16.418396183223575,18.973536105390366,16.692938145406075,19.710043186924906,18.84121044161061,18.71661934258074,20.282208481027048,19.232005709316304,19.478318123239706,20.117030802833685,19.039735949399734,19.10498710690804,16.910273706934248,15.65688180124974,19.57053710958454,19.74463733320687,18.861729289298182,18.658991039244484,19.028057604897146,18.710607038109266,19.616131440083862,20.390095410271524,18.079548075234683,18.19385239051206,19.715776486154983,18.590988548855766,20.200569259876083,20.332711135971365,18.94330959149274,19.26852233997573,20.38654882591042,19.88409649959759,18.80810200515907,19.41558291946317,18.19471791362979,16.895378141898945,17.74729060577551,19.070116441028556,20.179403017272346,18.998982173550925,19.928609919545647,18.844541047667164,19.619110484782667,19.319081330301305,20.289966925868423,19.11513847969098,19.033377469842073,19.20427653659163,18.350799671482857,17.572108180810403,17.2494775831327,20.416349089661363,16.790535996873476,17.65140891142897,17.61415224962129,18.9549884239639,19.364094782962876,19.74721283513639,18.60316448614615,18.719435258504014,19.57068713751511,17.038027950506358,18.53726667621699,18.804331366594155,19.776049412310506,20.129020172502123,18.990267990850576,19.020741949191915,19.007938637046422,17.33887696037979,18.299933675366443,19.059329581140506,20.60501853383787,19.792738397340603,20.592238761341385,18.189204173360174,18.041239333454772,20.332991573972535,20.193846502260048,19.63016522089802,20.29615485336701,17.295071099645813,16.92318990210082,18.624228113887337,19.85628214553654,19.63765089766539,19.562514621413246,19.14751395612787,15.728981886087157,18.44281258711873,19.09261275078925,17.50572628618569,19.240881243750724,19.229804444358912,19.73145375279551,19.842628571274464,19.26796645058643,18.900230449999416,19.338837361069245,18.611752109849764,16.07169297962689,17.57120954767065,18.445094590281204,20.120862419859765,19.152042875588737,18.760064088089276,19.522890167681656,18.00267039648304,18.77841136034123,20.875214070595916,20.381262786495213,19.12068013654766,17.538335059339275,19.21643579993226,20.466898639781967,18.380342266361833,19.404748490525765,17.335383535462277,19.476323866245544,18.844293347912515,17.308098864514463,19.803023012732663,19.880729534741977,18.42316037078596,19.437259146373233,18.57298713617494,18.490946541654154,19.745295253594666,18.88684967588832,19.772050058976014,20.352535859635775,20.68028234411099,17.35313473573738,20.7170712712177,19.6522235772293,19.447094132235403,19.33367436292842,19.563866182175342,19.27877558612858,19.458177727747422,17.767279328553002,19.283277026449706,18.249471925670456,19.213540231761662,19.564717053429046,19.695724717192856,19.160731205529114,19.6564812662282,17.151947239616828,20.160407187916405,19.081106409927543,19.696385959909623,19.47753114348487,19.160073545310258,20.52475748730726,17.14549570031747,18.749638762001403,17.297954318545184,18.440858504418934,19.193116612986117,20.18872197285615,20.092063601767045,17.00777756744612,19.54158410891567,19.441599861861857,18.761350780746866,18.518363738972198,19.471927944775725,18.250793130274197,19.61533165406576,19.387725816758387,20.069803865561425,18.39276548924352,20.54741983005884,20.222132974926737,17.118600178770677,18.978615471783023,18.253832204308768,17.246279806228095,17.2421881235045,20.211107277872312,21.119790657621294,19.88675656766861,20.3873606637462,18.406750088431647,19.47095512742268,18.89510524247402,18.862200612926017,20.75013816572775,17.925692360360802,18.466949769186122,18.50249234439577,17.890119133538235,18.327931676977503,19.75176704220882,18.98277273476655,19.92657055512254,18.584289622637563,19.673621655936724,17.79056684099926,20.07234501291004,16.20902487873831,17.028234502926374,19.124174618284503,21.332035099186474,17.722516229855945,21.810108262156124,19.848353875088378,19.797678793052395,18.054896086102374,19.188637875147528,18.43866962931136,20.482510289288193,17.913889825008678,19.664144185402463,19.901494342133894,18.713805574262114,18.446648562125127,18.792122061214073,19.64880727602198,17.327174036513338,16.498960873381268,17.282960277140283,18.85565342926971,17.31006982947952,18.818800085356987,17.720721288184443,18.897381295993064,18.997085488953232,17.99323182988977,19.687592709863814,17.63769767662879,19.92273519094415,18.08769427714014,17.672008372957855,19.258891886880686,20.880316013970933,19.02472551885523,18.597094446666077,20.43168317887102,19.07582730560322,20.891947124358037,17.230707986554165,19.945216985668146,18.572325263000952,18.947536136252456,18.64334915351041,19.56756453008469,15.893033789569039,17.841124776496965,18.509372253136245,17.109280816944537,18.82357994094264,18.399076980426692,17.172987650823572,18.582501814022475,18.370946031448973,17.64528185210174,19.332846282398155,17.387041425054445,19.622145782073297,19.85524065379093,18.8274832770747,21.436166592487908,21.55919889548941,19.273154935755827,18.12646701613314,20.13645411633753,19.01342439234032,18.87452410607248,19.222513427104037,18.359156250932283,18.789109174754074,17.578913855876834,17.62411651076686,16.46812054722283,18.860504289107332,17.220655708849232,20.432017294117127,19.383541661596233,18.98873273631467,16.470581708010876,19.77384380502912,18.724026377731587,19.74900375274317,18.345153349349847,20.760590909863513,18.295757983797813,16.452358172598583,18.191023212798033,18.49028819985894,15.903231353516226,19.162982159199295,18.79708850881373,18.674018927831813,19.375104014654575,18.467549077027165,18.958299600435833,18.01726629227481,19.464391188553574,16.511211464686053,16.277461963815554,17.986091080985833,20.473727410810653,16.96642493301709,18.617182305062,20.01515844166688,21.761772910695132,18.360834760128714,18.70022319699945,20.347366888664872,16.792551353890136,17.488078522276364,19.438212740630657,17.10116928686553,19.479197729767357,18.095613401824664,19.375296841751048,21.358198761554974,18.656267768416363,17.958686907232757,18.19049349904055,17.20530230958275,19.718650223161372,18.51706639000292,18.99426602463161,18.69656435239288,15.31377388737771,17.489391172255697,18.291072570817896,19.89939059501531,17.178708242435114,18.461685276000658,20.85488199740952,20.12808068782324,18.694911036978066,17.129547111444044,17.998184248120076,17.75361082785478,17.572825195428088,18.903003582233527,17.53729021852309,17.12599614928032,19.35068742950655,18.47781539267573,17.744258296674214,18.051959134402424,18.925335647132794,20.10483957627566,19.922902624259002,17.817323529021614,17.758292881089716,17.959683869294327,19.016893255448757,19.2060370930106,18.30691928943513,18.767842995777766,18.713582018741057,18.8072584696369,21.385322913426325,18.51818695814897,18.219099023013815,16.49700475297688,18.09951443123148,20.70742367434312,18.831275107540538,18.279537390633237,19.94487541816943,17.18373323244868,19.60388827869621,18.63787872584189,18.760212500494212,18.734634389164466,18.858909648267073,19.596498312387293,20.26904974423388,18.119319870522467,19.48650365697877,21.057044590489735,17.56559523473611,19.305965945428348,18.588042255332393,20.103425949586395,20.94777825456087,21.394161818528836,17.7516572708896,17.802820882038553,18.518218130146813,19.868374686985142,19.224374008967747,18.794103135337654,20.222510274296614,19.121049509739514,20.07325307924065,18.365093322329795,19.294843390404413,18.51549101109503,19.543805858345273,19.55091636785848,18.840901448054055,18.426543962335863,18.322705942661088,20.031496526388604,20.314685649843046,18.289538648805863,18.290795639581177,18.21325060810116,17.46317496722235,18.09800610672407,18.43598671614394,16.88129652410707,16.232101535653552,19.974614319272803,18.992640325133234,17.30342310150575,21.13224380777179,20.95220770098726,18.518664240158394,19.678323929887547,20.186573318167007,20.963743306193393,19.84326931281042,18.760995849734584,17.273663911503927,17.05004700963406,18.996615842533707,16.65544235449872,16.512152164656875,17.873989186178594,18.957503215252803,19.51626153582502,19.23311740292999,17.132144183236065,18.724431485769045,17.64443748833265,17.687668861325886,17.755438215463574,17.730739572687874,18.72494489624918,17.29405686094142,20.05941223069503,18.355005271619618,18.174004975685293,20.046640257031072,21.242347043979994,19.77430201372967,19.276265969211913,19.303235037007532,19.025164063831372,17.660995299025338,18.99636466147742,20.50435679273615,18.436549809709465,19.656544456053766,19.845985296076716,19.987944993392087,19.337574089813014,18.10688704530897,15.70608864124971,20.726611899105883,19.72191116452606,18.664946850818872,18.220862335740332,16.642585065317913,20.97902988133559,19.633958836154456,18.862277103322377,18.820113897219663,16.373321126927387,18.378883531739973,17.84202141102245,19.665981569542986,20.00617423389121,19.60579105514822,18.595190888851462,19.887090678928125,19.15802163188586,19.95430688982579,19.248925119950854,18.417290963681168,18.34506399793006,19.621550055746305,19.541400709300255,15.680267767344372,18.721108019744285,19.194942122682935,18.191794367428447,16.052533682637595,19.1920471217326,16.741134099271935,18.760073788537543,17.81792494034785,18.256341589388235,18.1504571989063,17.62816116500215,18.020866882959528,18.107710066751366,17.27523459780405,19.918378778271503,19.05533710421433,20.81598850923542,19.237923181924664,19.638338460119428,18.21552755435556,18.84983879566522,18.781793339790806,16.59262396792888,17.713549979544887,15.402719191689984,18.40102623388191,19.13560536693244,18.473175020458978,17.99375845104108,16.72982205087931,18.935265177467386,19.458846936646257,19.73383495495888,18.222141501437907,19.571630775673416,17.823562126027404,19.50821464046914,19.09713919565155,19.78185535085827,19.20286906649628,15.186060555557606,18.294107024223656,15.966990184040569,16.05648631965172,17.162194376297954,18.447564882033493,20.08083401289762,18.186995426054466,18.28359254112616,18.525846161985434,17.646546934969113,17.784996190027755,19.494068636319465,18.609465295485027,15.154705966622945,19.479727213908973,17.14805306621185,16.733224695177224,17.238670851659446,19.351631085048115,17.811436584813023,20.889551688750373,18.66725775519786,17.58786048284826,19.373457851607196,19.1036842199533,20.221474021551916,17.12403837983874,18.05935439687255,19.043652542298968,19.03181037366273,18.188856297746675,16.478286160418918,19.666922924921128,19.37220273161558,16.810593684194902,17.39786464120782,18.180297161667202,21.060416430556955,19.088117736996615,19.49482088979425,18.889703765000956,19.627923456364805,18.88665383537067,18.630732712724097,18.06787910594003,17.267402338453934,19.545023396780394,16.24044336730017,18.297300564970133,16.960301650896785,18.550481719655068,17.568296304929895,18.956693326709807,18.296116218740327,18.353931392296573,18.63270819789762,16.903430049272238,17.585165248768835,17.353913009042326,18.03656284538397,18.936397204498927,18.665336466712887,19.737902774776952,16.039779696195293,19.462823232135914,19.358423520089318,19.251323224048946,19.311958469502244,19.706366969938315,19.588309671264767,16.86855804144946,16.341918444550327,18.006543268887846,21.03156048434594,19.774979203301516,18.263589724520575,17.43916936973045,19.494282489678415,18.06367747647274,20.56127328877178,19.942238923396264,17.111795243216562,19.417485502860327,19.61203849592183,19.345863248768683,19.003652279525387,19.580309114657414,18.526833679167236,18.626145074984304,18.65476695915095,17.815952297956724,19.119339592191253,18.707990664279027,19.84724886618076,15.071906670759823,17.84313999558646,18.64547474779962,19.566102304854073,18.486625922405235,18.748580463977625,17.637378438536263,19.106333546183386,18.163578145963214,18.394357297526394,18.982683274809517,17.54138922607355,20.465644181283345,18.144237614394225,20.994585305282662,18.319058523722816,17.32665260874763,18.568295903409506,18.9027039104642,19.07279192187853,15.771894810409428,19.662396360946126,19.00548712812237,19.860133069391743,20.37430541487481,18.489708913207934,19.11910647181928,19.072067138861875,16.081215913410897,18.32505606366601,18.84616504982747,19.440862414977186,19.543858727226002,18.925788022757246,19.641318120874523,18.475627358843965,17.73887208949313,20.134825955951584,19.29009732129624,18.252654502329772,18.743984768020425,21.085621201079604,18.056590069360283,17.508006667586198,19.033509662002444,19.272232803724858,18.34567880822324,18.356269905376024,19.19994596407935,17.83096218778261,17.66017163930016,20.146951939919116,19.4927791544875,17.93129959439044,19.58310684868572,18.663175758547,17.835094822501354,17.749109896081553,18.448454375208712,16.57641317771156,17.413555861967403,19.068412968941725,18.905802609486237,19.956419803861493,20.9113842900975,19.629830771782864,19.547885412055827,18.977300385974907,17.69380218014075,19.149474490212494,18.50936441929017,18.667540961605,18.751287473450446,17.83374174684322,17.142741471148415,17.68834913579367,17.424072373947375,18.830231621630894,19.072900981693486,18.258485258436497,19.673160298091037,19.436965075873616,17.40803847864349,18.65736072442994,19.40499671018607,17.427492645840353,18.844969296394503,18.398223262310978,18.276162657355034,19.474170257131785,18.106376565871397,21.1372800981056,17.668071631812932,17.47925371921766,20.75932465811853,17.56762296382212,17.695123327752082,19.001970843743766,19.534727279508036,19.18917997134974,18.86066774477111,18.71399096758294,17.624541210048985,18.537986761764426,19.004911632440077,18.356026691871683,18.667700188880936,18.659708785115882,17.580148369034628,19.394153042176498,21.185965211240063,18.723092693565995,17.719295016388987,18.698513971333306,17.605957223167373,17.789388358119854,19.33373199867916,20.739752225905086,20.12981409620601,18.114665692262147,18.51816536539643,19.275551349899274,17.907863318300805,20.044821011489976,19.381036942087057,19.01398149909791,21.389850456068643,19.776435392820964,17.584295684955162,20.714075002416934,19.483263375591903,19.01258660284672,19.039143259488807,18.936431528656488,17.517939472628754,16.60887862805096,19.07277850368698,18.93384421109502,5.210532864479125,8.132426811752339,3.6372153876573647,5.291743348468308,17.75036577065848,14.954995865048259,14.275856158379247,10.099523718405196,12.454791097724643,3.090303694206477,6.904833478665025,5.319176857158743,3.9542505809756294,3.636205887645294,6.93792505479245,6.060336527907376,7.13951535710289,17.90770526771767,17.263228421236082,7.684828983164447,16.749529887452923,6.335546640650718,14.753797488688186,4.29685662739951,5.801364209381935,3.870011463155805,4.390042068734682,4.407433194893048,4.965965638072536,5.462197988877328,6.2380959955495365,4.448944908130983,7.2521466449273415,13.30319632056151,17.209147733723132,14.226188902173103,6.239523592009438,19.282596779513828,14.882549876778532,3.7585940615176723,12.758695453868954,9.397753144554036,3.042718132134125,16.325003556721814,9.520966045444412,18.34303021306126,4.139635595895177,18.16643367963943,7.90737160414305,4.714973451964175,16.637901092364572,5.05697572162753,7.711490025473574,18.772720667754093,18.18979273408821,19.68094056577197,8.298497254764742,11.101803940147398,19.967418712993535,10.403001116813957,3.363459090427726,14.623483190820416,11.168408897830115,13.200042188308753,7.832375307515605,5.882122970977218,7.0667136356535005,3.7074306606650755,4.845226353795259,11.35442870065699,13.893897200850434,10.618486158400321,4.354916961320564,4.530742033065742,16.45096976905705,11.061662747117797,13.619586331309048,4.290118217847192,6.27508206825368,15.85564103077888,6.625593424335092,5.622032061481108,3.491114158945125,5.061892464486325,8.515426186605955,7.176931681828805,3.272164636852519,6.236602304041404,11.55512795582789,13.52646636494926,11.531827430129542,6.65403871483405,3.46838559924783,4.366999797049594,18.22293117339284,9.964441281821703,3.3896256203619557,10.158465249956587,13.874019295181931,4.438826257645122,9.769960235353398,16.503289250572543,8.066239190027034,11.245748723272744,6.491506895575123,8.86869126171598,7.668499631371538,7.3880288514555446,7.96081068591514,7.819867221669849,4.700857186752628,19.18533613372336,6.367731543785222,4.269282816318551,4.780880690845056,3.3154794904074403,9.883281607899601,5.232497570572937,6.730341987824705,18.63687107229411,4.6609660843747855,15.31892650468464,18.893756992676302,10.349981338260678,5.848381627041706,14.665043430284658,6.732011123625293,4.512474054846689,6.405937069203159,10.116218204905634,3.4922923465378397,10.873359702738432,6.9946102277755635,14.926688281118537,16.442092321452055,16.123959530108998,7.25719786142461,4.918405580833838,8.49730089634785,7.34064280326391,16.975943782157124,5.157453156496522,5.295105304995089,9.09532303155975,15.962355434977619,7.756936161833356,3.5579206248354236,6.833202919883214,5.961964981806954,7.5270422470920915,6.099382287453728,13.034112576864448,15.247599401292048,14.091050093849496,4.3172248127579005,15.905840263601512,12.374747552058011,15.488173146298905,15.679547809647964,6.396687655668185,19.297308787215606,5.562053564605505,7.386185412027047,4.608475280303099,18.22158022791837,16.459319889437968,5.049090818433797,19.808298737769277,13.9008745225436,9.194352040766674,14.047902412764756,17.987635359985457,6.210750072774862,9.301706935445921,14.409288040969855,4.776049918018131,13.502381085160476,4.52327894105952,13.401799190622523,7.839977121408292,19.480852662883603,7.117990766991371,3.8125994290556373,8.235617910052191,3.9016016808558547,11.815851164628857,14.439167339579198,8.179015042713129,3.8004925623890546,3.890013869347706,14.012575983449985,6.0325064805556154,3.3534073191353264,4.879578063870223,9.552450818699805,17.008011241909657,9.944456730542349,12.761119444882357,3.532861208922839,13.891889244984558,4.6119799339353955,4.777993391333369,18.687816633116633,7.826404589567181,6.994375179691433,5.452742650441514,4.43226886313841,4.586786894113344,9.073878607148533,9.70980296433862,7.0670833667164,3.5562666594448187,17.935447975275572,4.548011324289006,13.940978120657103,6.690799468811268,4.9891324878655805,6.448133146944093,11.259781430576052,3.914622861155951,19.482133625819277,3.5584351059521824,5.440412861852402,11.652742554082485,6.188709783987722,4.727550228435535,3.440587343633181,10.545402960374945,17.700884794411103,6.811112620138991,6.778943256665703,5.011025790666543,18.688382542846874,3.7023504764770476,6.539231187999867,6.04342160952789,18.412319006538034,14.188325964916803,7.416879133325912,17.989970022095406,8.179814049302268,4.035797512635885,3.2539911093771536,5.904161183217045,15.799959530340084,13.438061146600575,5.611472825406546,8.517494624613509,4.038926093102216,5.483893728132905,3.851284781896308,9.920748559217994,15.052664562694025,19.609807399156928,8.8108626934752,11.407200488096262,9.108383346441112,19.365401269295607,3.2582173168799926,6.3175693705764395,6.675541579575686,16.571046052773504,15.606743226006095,5.148968811270485,5.563844400709477,13.109421093235534,4.674237547979092,6.309112651075883,6.261516661396317,8.097426593224196,4.74579459230486,15.076187176268865,7.100852493220195,14.021672616082183,5.563570708220525,5.349472969675824,5.676044634731667,6.170503857407631,8.153179083574546,4.866832614214712,12.228413431187452,3.2689114937369053,2.768794481711549,4.532573791241131,4.178225783415457,4.100803783240311,9.7989549887975,9.543929467160144,12.631257083503419,3.48836253935677,4.434736469211986,17.811335166890483,15.32929761083339,15.36878780158685,15.987098926201242,9.910575036693729,5.399759379819021,5.51140670450717,13.845593198354013,6.750390161652277,14.213267920058412,16.87236267173355,16.705719952589465,16.957876549507482,17.60814546100999,16.633582958400755,16.728495613643968,14.227046904448619,16.453622984854707,14.594791267793907,15.931776494678768,16.878530815300312,20.138278735435744,12.85095974474004,17.933691522764008,17.59086939994975,16.58454887808819,14.813208931477893,18.48774752119447,17.002561000128868,12.638483191552936,18.501943930537813,18.17056631253942,13.189907780396673,14.45087746088507,17.112970537386488,16.916632804423894,15.969382941209824,16.980094794896868,16.83444849719375,16.81805390249658,17.442476448652126,15.808883020365545,15.5147751003173,14.265277596358537,16.013414873940953,15.697282871015828,16.559412206075145,17.372714756503715,15.033590331324504,16.93665125309491,20.41668772569052,17.944629328992075,14.190203175232574,17.53725835992951,16.925581930777092,15.380120440307902,18.083530977895684,15.42060936761243,17.282974035442745,19.699824708550807,17.566296197972896,18.133224741377852,16.71967460852491,16.941816861183373,16.973273141398867,15.068701164204668,17.939210950772452,16.430073728313847,18.498615561169387,13.411395895277378,15.33164581332948,17.17990413329242,15.31910971595095,14.368386344349492,12.630183076114928,14.72008126989163,16.090545237311904,16.79842706978732,15.173618127827137,13.220903363030452,16.209587847230363,14.962900082749197,13.027285393621787,17.09508119498247,17.29063890735326,17.253370582497347,15.285366677020345,15.837909480306033,15.811816768447382,12.573965951339364,17.359803679835647,17.385065452204287,16.824259983167092,16.388889646135397,17.874456725773786,17.064924115527457,15.224794633824215,15.016150947697492,16.997145830709925,17.298683382828695,17.90529475235479,17.315513777121325,17.852181308337887,17.18016945436705,17.49706423860008,16.768459095014492,17.438777598623844,17.1125678899354,13.620493429369349,15.49433015434338,15.960692653168234,16.885491515897932,19.014980448008576,13.636395724374736,15.030142294668378,17.12087205043709,14.502393090289088,17.977910016151576,17.138286269002144,12.727859678398021,14.84680257344111,16.931083879857642,16.96288015490927,17.88857039158041,14.427815653644812,16.921968553822197,17.775317583840145,16.867597035191665,14.607383456022616,18.6753299610805,13.14591518091086,17.73093226990177,16.691501080187194,13.2684691772226,16.186135717761474,14.07518593054217,20.113205781131118,17.064834560671688,16.328623077810914,14.450555312817409,16.233076578702402,17.287777179257,17.27141254840533,15.69681052468743,14.419076389891755,15.939707921373635,14.10576455000617,13.298195832623477,15.479466173504543,17.9680873484834,12.570990618468661,17.06878097674278,14.888514417045027,15.447733426385694,14.8406782407122,16.801990176127916,17.754148263049828,19.254393319530376,16.58868943561436,16.71066827866084,15.92456084136964,16.854341974101832,18.08764322461786,15.759249269423098,14.604231155926895,15.973421410146353,17.63864905972738,15.75711225033714,16.854694017847077,13.305744722726883,16.06899274888772,15.86329339544009,16.635410959351617,16.930822100225107,13.233761447044545,18.569918685671837,16.354448757161837,17.084843577564726,16.066190191405543,17.34383324291549,18.51307224866637,16.014415291697706,18.568963696316047,18.26016617662178,17.352959754516945,17.289913576497643,16.23170185176957,16.77779184415864,16.342322609088566,16.32613504992363,15.93266870615408,18.786829495189696,16.55067385366402,17.30968298435108,16.55962073691258,16.28144112019843,16.577655969386775,15.800922826520251,17.24308163893209,17.137876634837077,15.374955091779377,15.38077810181312,13.530333897414032,17.246546763678513,16.864270846932648,16.90873476875355,17.119591154411996,15.125424858674856,17.536576620939716,16.210252499294374,16.71352343262807,15.744914032802875,16.002376973841535,13.192474611260154,18.00122053122945,15.254499623735237,18.606361043881467,16.60300655492134,14.264812115213314,13.629632500631267,14.513940492341654,17.01025332062754,17.835743922887488,13.521851079532135,13.565086111475159,18.031074207001446,15.727897699711763,16.261003978866324,16.877760207817165,18.49609571597485,15.559142833592766,16.06127431461664,18.05646745642019,18.117613384311536,16.142652734033415,15.84535525316702,18.472417312490133,13.234306671363997,15.515683786000455,13.167330305026558,16.080902708327564,15.42850922725347,18.932909492742667,16.997985805902744,17.614313754372564,14.641412235728053,16.487381835922342,15.643999768311385,16.26403497974185,16.256210013894435,17.420540310619224,16.396801938775805,17.34297378240821,14.878493408972579,15.113389674077174,16.309899797625434,14.882223073105736,16.136302121336527,17.026262687029856,16.643384627010974,14.856488596487306,16.962911105876668,14.561560450052928,17.20165182832143,14.436514833810678,13.250302666804975,15.841049053377287,15.395596441499471,16.881712685943878,14.504502250851301,15.162852229118531,16.60890957988423,15.253172216795434,16.625065694009756,18.843088552685604,15.702118942424033,14.93451512338094,17.055555293535146,19.20095626704479,16.962964131994585,15.640763392858952,15.096341168516416,16.063085951912733,16.270746779258182,17.203621650422686,17.195343471368922,16.422804144861235,16.455677333749783,15.642566355794527,15.661708981825862,14.39553388116332,16.684015181502147,16.08048652105593,16.879304384844193,18.410266813154664,14.87992731304572,16.80449602486437,17.653865775936037,17.73192297804251,16.450597339077135,17.046600813352807,14.343908619193092,14.685920970693633,18.52977504055269,14.185320705179079,16.953141425803306,18.106919915349298,17.343860912246047,17.225718725875307,9.669534318030465,7.084300964175894,9.239674764549223,5.013098296627368,15.139436913719917,5.984343023839127,6.120554785128362,4.842730057178717,15.630436504171483,6.939626085353932,17.307318978402012,12.445475707252012,5.291836950722941,17.08260996205399,4.4822098753361574,8.482412684231852,4.612192839024193,6.777252265000493,5.35150616915895,7.033607982117519,7.916575670776438,8.337496338451146,8.80745025471077,16.743165677040803,12.478028012449267,9.227931049301713,16.468257325881616,10.150351419724831,14.586544843788605,6.319144580722601,6.365607123271507,9.057812461859578,5.10589379735199,5.590094515645562,14.020176008564627,8.206982392891401,5.172898953779033,4.332171188772613,8.113724588110102,5.721564942361537,17.129416040316716,11.79885901467316,18.10484529244847,6.362653436341707,14.599978354211158,12.350841479496577,17.096794440353637,17.481044766727237,4.072617222809036,9.257672050729768,18.492397890790027,17.03025652551458,6.040730383576389,9.901691927976794,13.375868450078071,5.516140752945793,6.933772741966253,6.7828121564749635,15.115814204401781,4.254047749550766,3.9748143923187738,3.7896391024321354,18.168562918573734,6.476021297175012,6.7459595477876535,4.9634560682228965,7.674901964995803,11.479495866609474,9.625601424188323,4.823109734525884,9.700418860004497,14.417881433650546,16.467962374813865,7.493439154298773,17.155563251561396,15.847024664867519,11.621233684578002,5.13697584135719,15.124695697135296,4.7550483474732514,9.241820357135616,12.46498131597392,7.659741475978753,16.75548518796021,9.461910505068161,7.0500387600831065,11.750898782987523,18.42717606856296,8.654657866320825,8.909291808392718,6.228950250561122,8.224462784394568,6.619471551925526,13.366948136043527,7.830457818313887,10.343818919046939,8.426619122889697,16.935415338015876,5.8761022793125655,8.29269875701131,16.13844894863204,12.217577437164714,13.276507753286607,11.031751696633622,10.309330643622577,15.798151797717136,14.016217439114136,13.884890538619468,5.738296465549809,3.897105122436567,7.708085901788818,6.020478174091578,11.949878590980427,8.813035144045687,14.14245165282497,7.748707894791574,9.754409197677843,6.913881783967558,11.442609520418685,5.659977087599214,7.41211552067165,13.156697431668242,16.16530896120906,15.501764498456044,5.490399533783106,8.331939935429377,3.7407523393702893,6.444825039453471,10.84022660793668,9.74143191258307,7.072270496059827,8.771559434233316,16.220774036186636,15.123793480950507,5.910069958280266,9.375284354033456,7.585491277178292,7.8216794677943495,13.877093616531418,17.34863196363257,6.085854829065217,15.91679438432905,16.98130979556485,12.02657883997487,17.822732199844012,14.209052920536358,9.514215149291882,4.744710227878471,11.951865684936399,14.312726565390884,5.563506379418214,4.6019924335724784,7.732978225352281,7.031434770126122,4.932512527485724,5.498645187754225,17.196803325355024,8.37977185928804,13.94435221988981,5.573095610404304,6.396146862466046,5.902561071437625,6.519643980986492,16.74163603992965,4.739979282287941,14.257065333691695,12.914933504070637,16.96717322220763,11.539933074647829,14.834624428604616,4.3212448797235865,10.51065800950675,15.794530229306863,4.5676141097068585,7.12375784402179,14.930592513167763,18.185916270247844,6.311667784867275,8.11015921490877,4.6388566376720926,3.7116174832475117,10.988530298738004,5.529790031956999,4.32574878299877,12.7599710433849,4.4697593156529685,10.908911438512112,8.770162766319029,12.605206458681002,4.616682823108807,6.554069762968979,14.570520243443259,5.043915458707301,9.882118367997235,16.89283159148645,17.602035545836333,13.136270038753953,7.025283509070171,16.27456134112357,5.693552690745295,8.894384043438244,17.47485323882534,5.494682730941893,7.399004929561886,10.405378884141852,4.946335729617783,15.961382566487933,6.892624360724978,4.7391959200034925,17.757832588895635,17.59956470006895,8.584438567721946,13.466714163198914,8.165824398133337,17.363709611361436,9.128740065425411,9.275932910112742,10.719062585314598,7.282122628346524,10.035264753562998,5.595870009887218,7.705390590610054,10.377028201782238,17.470263479702783,5.896424741603138,9.363215336980243,4.385315982999738,10.745533348596943,5.106416953607104,11.799143664117144,7.429031448115035,7.7246353964710215,6.048398673960965,6.942126322949726,16.728936612263627,6.271029396552336,9.365385840481274,7.982085976217555,6.906689771027471,5.228466623390562,19.059912588068705,12.661089278205555,4.925718356417045,14.057629518031563,7.212609526999274,6.813739043635316,11.352377696003353,5.734111466383662,14.599211111706909,5.19380131105477,6.200702719245159,14.267039437798928,4.587232661010702,5.937290443528266,17.67607121079044,5.686072496657989,16.8915486731882,16.40000245498626,9.12219009167898,7.636415564977261,16.811595815187157,5.71851650107504,15.95386336399314,18.47338293711395,4.230700836259521,12.223778835420394,9.70345905577302,13.91899803084956,13.546329110673314,7.937564929046903,8.179498942206532,12.965040408096334,5.456475426083059,6.67127039282651,7.981637273961634,7.443750090693653,5.438367150145844,11.5706464002603,11.974191581402415,7.226146772258824,17.610498632772646,5.670028319003363,7.805185827366214,11.115578702984028,17.799005783001483,17.20216683154444,5.285749470835809,16.54131540595355,15.641530153305418,15.90809197643366,6.600287015594643,13.67850820075342,10.728422279408946,10.26583172517717,5.808920942261917,5.980293908122505,4.950549263542824,9.133412583141977,16.685430951230618,6.951538044564592
70,1.0951264174800246,1.0122648155282978,0.8953951799279962,0.76614775238943,0.826425816261412,0.9354514406840991,0.887464086514353,0.9629607968586416,0.6999442526824203,0.8318946287374,0.8803906128579208,0.8538334602909885,1.0203369252586763,1.0298595094390375,0.6949109920016732,0.9758893551921418,0.8770687054504128,0.8794647624348363,0.9094561138518403,0.9804900595912902,0.9216043701215336,1.0712792297725071,0.8945624966355118,0.9845011734858484,0.853430242901509,1.0533050040168594,0.9929251153164101,0.9988500169486806,0.9090691913827832,0.9594659655756446,0.9739981672533099,0.861789291182104,0.9606130125170443,0.9344993452388302,0.8904531081153093,1.041540059906897,0.9928781473833026,1.0538285520019395,1.001215649373043,0.8550898517975318,0.9458411159346996,0.6876596988341442,0.9512036480400137,0.8837467539763474,1.148276072072715,0.7545842903241313,0.891071414922277,1.0139804205307377,0.8991994833355438,1.006200731347592,1.0554029722514584,0.9107523014734064,0.8893665326726724,0.9774845597769449,0.9122691155698652,1.001621967060307,0.8867513526235115,1.0006572728510779,1.0051529690651406,0.9791921953455028,0.98935948443347,0.9791075946372725,1.0512068522108282,1.0332191870746552,0.8245562964766502,0.9825698680327619,1.0455108227015737,0.9552285962315583,1.1820639090113763,1.0105795961993058,1.0454811700062001,0.8600175857083985,0.998786349833393,0.8694475532313277,0.9879549599589701,0.8958750734307841,0.9295060039387801,1.0623234095617142,0.8952728194888325,1.1053194450805586,0.9177132397208337,0.9952253808343473,0.9619639993607517,1.1034073042676624,0.9970199816955692,1.0601259198373651,0.9965409258236514,1.015731057636469,1.18218771004787,1.0808184616526568,1.0105591287523719,0.9822166487320368,0.9818749889757354,0.9559431160691388,1.0236469865251523,1.0414881185543465,1.0018048718111858,1.0167197101224184,0.984910794267587,0.8175182835809163,0.8279448530106417,1.0885263913575633,0.9201178430257648,0.8406322408498408,0.9386635300647728,1.0173787962035625,0.9925498625822162,0.9791677212741505,0.8703988547603411,0.9438917940411048,0.865641724486685,1.005989107053893,1.0639573092241972,1.0538905463147314,1.0266405183882794,0.8884382382834621,1.0398542571942393,0.9765061863230209,0.8067101128050289,0.7000009941764443,1.03085455700402,1.107913412275134,0.9803518952743799,0.9717951981397479,0.7835876001817015,1.0158494274983354,1.0461410852832285,0.8943257943735082,1.010201261277611,1.050116178079243,0.97947302633792,0.9677926692799163,0.9386890509607525,0.9889237045114331,0.7893621723007987,0.9150177736704764,0.87293294377274,1.0237482686311503,0.8534596394989988,0.8632160892879303,1.0712674579473724,0.9499761421142943,1.0416443476742399,0.8080550688007352,0.9805119321728658,1.0301922948548583,1.0081436549844844,0.688988539816152,0.9944515243416611,1.0042484997341252,0.9947105709926967,0.9080042306513708,0.9418086139927756,0.993671329605702,1.0508623188354695,1.0295718248582477,0.8700931860831428,0.7575754285839273,0.88025287018037,0.8948489394785318,0.8289500684754328,0.9851520076373753,1.041563001092141,0.9152655792648542,1.1962086258091713,0.973244114993303,1.01077592202051,0.7250275648419532,0.9972894372751613,1.0330420120605641,0.9508881865100398,0.9979790342633137,1.0659648790446226,0.855417395316516,0.9012432084666183,0.9840206000896097,0.9533448842626234,0.9256679702441556,0.9426170568997211,0.877393977923145,0.9941621077286467,1.0436274612421708,0.9978432412716461,1.0213018444808735,0.9537849188078724,0.9775419880745915,0.7664955296396279,0.87344788769326,1.0139730083115182,0.9053914967102353,0.8039400846162588,0.896890948177325,0.9581842681535768,0.9538712321893329,1.0885880949216495,0.8142946303073605,0.7796055251543067,1.0710000369203472,0.6578352410425677,0.7670946713568211,0.9930668996068178,1.0132113786433572,0.9950198179619257,0.9742659873791081,0.8475423506017421,0.8588594745533327,0.7241063626080212,0.8996804283157029,0.9614044606741576,0.8761225196192067,0.9209400849087459,0.8552729771556652,0.8796608214721072,0.9845921660415563,0.8823820647864048,1.0429558521228361,0.822507559066698,0.9764769459060664,0.8429068794823786,0.8920186469066652,1.1644696868489812,0.9802735653696569,0.9876534577643886,1.1049339007926984,1.1250689847093251,0.996027507385684,0.8279212705009867,1.0577282458353046,0.8792734922831176,0.9843668554122924,1.0420967708533695,1.200659985672179,1.0449540629961411,0.8320753303993674,0.9000778669249678,0.9819372427808312,0.8345671579241891,0.9707575445979028,1.0943850395510855,0.8390915674339725,1.055668392242298,0.9384771685622638,0.9388746223059278,0.8383944589804065,0.8479981069492546,1.0454219656673318,0.928503989701679,0.8644539109820896,0.7386524206275411,0.9245167278522021,0.8983659649336188,0.884196871188646,1.0283083218812525,0.8037205751726563,0.9176161180157382,0.891359782229462,1.3461286058310495,0.645448727394812,1.0313994702358165,0.9573028142719545,1.0356656062395155,1.002310976117729,1.0920829496710351,0.9857253003903959,0.8070040347570155,1.117472620519869,0.9901098149228962,0.867011662103239,0.8812900022378864,0.942500632586289,0.9598687687586831,0.9991064198810199,1.1603638050023681,0.9071493117583481,0.9919578494454253,0.9139517758669998,0.8437738002870782,0.8239152933442635,0.8937694571348503,0.9732062367078727,0.9847211468016449,0.8468604751925399,0.8497843660827074,0.8017248405290169,0.9547141981483884,0.90460881644081,1.0423797048574859,1.0255826748887316,1.098938205552703,0.9701115684891188,0.6806354586738144,0.7737670891106146,1.0628633269355303,0.9566255636407615,0.9181576483559908,0.9668954359438133,0.9608849288343946,0.8846610786121639,1.022130181127733,0.9846819003949504,0.979747524997355,0.6854150075992876,0.6725944764861048,1.0964438548566897,1.0105741442625789,1.175275037544492,0.7504026124058433,1.0704915939081179,1.3511668657636955,0.6598511231071643,1.1773075593580662,1.5217808531600763,1.0929641100461118,0.7244454769085583,1.0673029419203672,1.172286785441317,0.8215223060968166,0.7205816168004877,1.24539726852604,0.8374492670119579,1.016505952835922,1.0380342412315846,0.8929856156052964,0.8330392587494109,1.9026268390577181,0.6916621125769606,1.0717332346781745,0.9081101246035493,0.8805549365122823,0.8091540154569797,0.7018473757187894,1.1876822183458702,0.7681072157252319,1.2992798775666339,1.2386018585998348,0.9879000717145036,1.2443524833212765,0.9251384796956998,0.731920303716266,1.0501694329788056,0.8619914567039886,1.0967444590529558,0.7259950556220347,0.741582748178954,1.2132504727961366,1.2129659329383085,0.5870927056122845,0.9379132757263685,0.8786113033819493,1.3826842578488245,1.0386820004116621,1.0794132076014409,1.613985803992276,1.0189252124830432,1.0702948610741747,0.9011887022913891,0.9504784040564881,0.9533894050549029,1.233740655973317,1.0463751968604547,0.68210999753729,0.7575318434479777,0.7541564688647906,0.6661320336749434,0.7353974155264091,0.7697709598323144,1.0447455590863084,1.2215895481420536,0.8952217920259489,0.9260951006157222,0.9309426595963334,0.9412754496561807,0.9107002009803101,0.7904174013524193,0.715554369116844,1.316694425709059,0.7008775200466546,0.6699015079444657,0.982901537341245,0.9242570906404518,0.979263901392991,1.40197626262775,0.8086597381522428,0.9198626691798464,0.7281508028222983,0.5747386608832747,0.9510497712800418,0.60814451377983,0.9755735476320931,0.8862364066005961,1.231947733952021,1.7206948688529184,0.6065024107888527,1.1413218788099977,1.1136870069847264,0.9132418111880821,1.2316386367810592,1.1813588884754682,1.010285455660532,1.2675129591306424,0.952617251047992,0.6796088074791142,0.9073604310044378,1.0263702966753339,1.0120271079349399,0.9258526724942664,0.9489974916036443,1.319597599609524,1.1639118914205815,0.9871391348790952,0.905593822371072,0.954553424853694,1.147374413133973,0.5673300601042842,0.8442675525206421,1.147230098304488,1.5112154585735154,0.6588230125647097,1.69094503441264,0.9630869476250624,1.3163061998417724,1.2947256167000472,0.955377050593334,0.8883521335329276,0.9397732784115931,0.5803337897074988,1.28016382372079,1.1246209997781371,0.6153129118799013,0.9749564067138536,1.2046732151816646,0.8161268931260647,1.1111432299014783,1.2073503488814952,1.3190559422555101,1.6176068498301974,0.949850406250745,0.7654848024514405,1.5600237104760173,1.1816080100545825,1.0406667842747561,0.36034570279082295,1.0310540718944474,1.2543259186070719,1.0013904616264513,1.2650768709615514,0.9657072380097774,1.0140750148631965,0.7235828300730962,1.2287793679089822,1.4403694719129512,0.5492515523018914,0.7569715744604107,1.042040862495331,1.0739194986563485,0.9355996817415051,1.4733200578472128,1.5756505913817482,1.1992072844931765,0.8022391758176033,0.9533446443590008,0.8057155488991885,1.004548513698362,0.8981117084182163,1.3047026172555418,1.6195892822480729,0.9547363960252072,1.017163503613752,1.2990160178562558,0.7074155373241326,1.2069585545870585,1.2508813650095953,0.9500555266889179,0.639311896127734,0.8842543491286893,0.8772147114542328,0.7139100146933445,0.7531529673611301,1.1527094426543818,0.7377877458453195,1.2099334158623405,0.8339358577282883,0.9825286896288046,1.2294741062109054,0.8704815267516878,0.6395702342637974,0.886042419473458,1.30006954133381,1.0637064438583939,1.0389275200832995,0.9720426071159881,1.7781844745599762,0.8448561352975755,1.3541063131588618,0.9757629536503242,1.174584087990938,0.8876550325990846,1.059914993334104,1.0516057133306111,0.975813234868412,1.0744186210411173,1.6008794536514857,1.3168249667794196,0.6563506042077417,0.8622380578985517,1.2526679453469285,0.6277702163384828,0.9813730927586692,0.9719582778668776,0.8783028556889056,1.159062499353521,1.0671791188860644,0.9756939466822667,1.0073420105287172,0.9642984838079868,1.0066755146612192,0.7566318538148116,0.8051977406119113,0.736305972008374,1.1333790421412202,1.1021681654162985,0.8915473169984606,1.875886381869448,1.1330899004987975,0.9599029647067723,0.9521985455876911,1.0081690701197676,0.9528574753774934,0.657771667450438,0.6829228264086717,0.798577483278951,1.4794407472242912,0.5802145289023053,1.2123777471074306,0.9206814863461579,0.7927116169373136,0.9506783773484352,0.5751037733126357,0.5217168142861447,0.8592738240549572,1.2754227152322324,1.0760725102108748,1.7461757260797572,1.6500581632608506,1.0907563383629326,1.6013710993704597,0.6946227189667356,0.7888281730348295,0.7299374324231075,1.0189417424579108,0.8710364035910296,1.0197280589230515,0.9327046312581382,0.8307315974638461,0.7648329161233166,1.016804612871654,1.108900951800846,0.8734188443122365,0.5726411778141332,1.1382756694227512,1.1978515993378305,0.637852256531786,1.1435697878900697,1.0635210728235336,1.3028764540120439,0.4010282897445798,0.5892801994774519,1.0884748449342212,0.988681301505205,1.0300856525333877,1.5159687266059632,1.0707218987001692,1.299192158060467,0.8280790741678705,0.9373552593303136,0.8561495295031849,0.9022968163896082,1.0208153488664917,0.7453439968866796,1.301493104401826,1.014673456198967,1.0853384206786176,1.238565949580687,1.1213713358340038,0.8832624932999829,1.0098800143221354,0.8802124231494086,1.3631167683946415,0.5319853309947249,0.6730558883607144,1.15333221358469,1.2203520953061686,0.8678538963816393,1.1637693280663377,0.4846354842153139,0.8869909973687689,0.8789433599247917,0.887609448729162,0.8176672914242519,1.2079645123871237,0.571748993928217,1.343594461379476,0.6548415544411181,0.7013796125688299,0.5965442101417973,1.65256127851701,0.6911745801807718,1.5224527353783763,0.8408250621204838,0.8796671157528414,1.5396326479829476,0.7497626287187892,0.7188503719449152,0.646439913215454,0.7868688135375548,1.2225418621011432,1.1381730807617438,0.74101785621563,0.5864938869598745,1.429865466668095,0.9673037344436932,1.5980866178516895,0.6191663187211012,1.3438697917034184,0.8822054483756562,0.8871143816931407,1.5576949185514422,1.1634374572000592,0.6255702723229349,0.48483856990281,0.6620646518918158,0.7347550149474967,1.0420486328088823,0.7926425259874641,1.3859083736091893,1.3546364663412602,1.3179901091255415,0.7689597004071091,0.8532894207207005,0.7273834514267823,1.6464760534871434,0.9714307385480594,1.0895155885419976,0.7765833208187439,1.7898835369521873,1.967714590755422,0.7178398453485814,0.8258871128640466,0.9526091966629774,1.0138537248868025,0.6974691690112172,0.7575792343323628,0.6692808980710939,0.7177160518939734,1.1275076350059792,1.232231986426999,1.3585507225418767,0.9676074509431769,0.5776088633090137,1.111637851609302,0.9559502878337658,0.9196822533376755,0.6693744186543207,0.9932391192295069,1.7422655988518714,2.3963641202909827,0.8253655134456515,0.761900625079072,0.7864726511121659,0.8714551689142467,0.9378447199687924,0.7423707564758429,1.3231420894004557,1.0016811646057024,1.442407369246435,1.066256016559868,1.7784364382655737,1.1158871501248175,1.0212751764541865,0.5731798076024877,0.8771706915109816,1.6659143973987849,1.1129101741938021,1.3828512837389508,1.17799809596721,1.249801446146087,0.7822710792556329,1.6841011845056166,0.9368296662588388,1.6539727923897543,0.6626902433168724,1.3260260432434532,0.90987891936194,0.9624933243580603,1.0719643131388874,1.2615457482607277,1.5953631199935527,0.5888262245460596,1.2288367221732726,0.9726503334387409,1.425470125432841,0.7708198421758711,1.1794374767696973,0.8267230735028477,0.6679668405182998,0.6807500708964603,0.8033473647359278,1.1284970720350143,0.6273583413578522,1.2482736702647823,0.5313546374291781,0.6954931938224257,0.8162184689561447,1.0740845770492853,1.0604131925657159,0.8435936681119337,2.3453399271454516,1.0534148880517433,1.1985377390815932,1.0777363622633749,0.5832687537689087,0.7439937921685487,0.9921107473763805,1.4123963534527015,1.8825804407151152,0.8590609081235524,0.799357500291961,0.6356001742295915,0.8053357590323117,1.2245698060623282,1.0464566639011474,1.8841070329579952,1.2714127728065774,0.96529827211531,1.3516830652953569,1.674587488906789,0.8379648208360285,0.7681766945640311,1.0018973555909336,1.368095249418346,0.9843311203672973,1.8446852104618772,0.7622044691191127,1.2400960025943168,1.3433305603438352,1.2488255945163564,0.5897574636797378,2.2768507148062924,1.3709483804525697,1.0555033383470234,0.7750794813845274,0.8067571470163222,1.6848671659927577,0.7136256178658484,1.3625981405448915,1.1452307848181047,0.790353977257932,2.137421118024101,0.8154150095933088,1.9542686088312669,0.645443159585106,1.118323663348085,1.1072195346372722,1.123314793636427,1.5313044471207407,0.6467214039203365,0.6933311728491497,1.6727865806442046,0.6429998663836372,1.1406379620695193,1.6598116449487565,1.3246480744860523,0.6699164734247798,0.9331720440196422,2.6851378203636806,1.0731479333779037,1.1221310627693355,0.3253211230966932,0.8219946544621429,1.3057081216248974,0.9040363180050468,1.357041412194167,1.9423958637887648,0.7649524237667514,2.306597234229202,1.8780740473225312,0.8024271097525182,0.6717325314131837,1.6086517790783967,1.575495246936545,0.8035149855536716,0.9325962755704266,1.2753831784515575,0.9090357665909545,0.8562391459436276,0.9497672113475796,0.7361206338468281,0.533147849584559,1.2122393997463505,1.0759952800140342,0.8064365102420326,1.4380794461216593,1.3893762277980715,0.9207611126646212,0.9206672134807186,1.1296641195925392,1.4563126177899728,1.0091660735810777,0.9909525892846843,1.2064820178067373,1.340679840506669,0.5928021571371245,0.8326776908017985,1.0297999344196267,0.7144752271641065,0.7797728472984855,1.0152955749600467,0.6594590225715887,0.8111896275099484,1.3510091757397484,0.7195845159672611,0.7435962117109447,0.9215974338765207,0.8280890898189208,0.8203766152630653,0.7632782170192205,1.1168593204650499,0.8703814509455926,1.366180407352742,1.1399902041909524,0.9369259456465027,0.5776106166854528,1.236809798430347,1.1129548877633946,1.2264008550627343,0.8906149067950747,1.0292071256231414,0.9761874245339588,0.64638958957435,0.9792302147317442,0.5756478198375495,0.5746671860087217,0.4856261155549633,0.9668523556541251,1.1633308034160061,1.1932898974149173,1.3914773114781758,0.7372749302110342,1.0136644749809234,0.7574415434175582,2.3917997304049106,1.2705155102844703,1.2308688065129347,1.5289249511813736,1.2762698058379405,1.2796072386451802,0.7499455256559253,0.7415638295071103,0.9938655996082161,0.6629840514428142,1.1055260517586416,0.8125132713110663,0.41335719911114205,0.7716305421673141,0.6281280488293398,1.2677803601187398,1.6703120049649922,1.5383034345103146,0.9280900361052372,1.0719463665694238,1.886864940949818,1.4423692121942153,0.9641246457665777,0.943816383059581,0.6582134441369137,0.5751080808400993,1.1012381889301204,1.41443177433011,1.110567321964045,0.8906222813646198,1.062448402432131,0.8405395053154318,2.4918967975086956,0.5441744778477936,0.6818584353957636,1.4786157481328674,0.6669644881492315,1.0182420152703717,0.32957778853562175,1.542719235831667,1.0896006597371724,0.7860420936522128,1.1183048543908323,0.7092802284038124,0.605597544673405,0.8114999734181568,0.7537235361220737,0.8812425806710207,0.769173921323372,0.66153780052809,1.3906380022095628,1.8489512409844668,1.1713359950949342,0.9366940663573535,0.9534202105140686,1.435913202404827,1.2767344317741078,1.016035659829339,0.878435878895014,1.2170726806382137,1.7621811354760502,2.006323797379605,1.5634877661413542,1.0819901379609405,1.125579725063661,0.7831632478702554,0.6935501389636035,1.0191239316419107,1.2119536145475789,0.7522608396231499,0.6082452878763931,1.2077961742624228,0.894238434154741,0.8634541992351009,1.335191166321325,1.0002789728821422,2.729733740783486,0.46617966677378053,0.9073318741181774,0.70755789460966,0.9942227502688578,0.9922076103767037,1.095970513458327,1.8264680011106689,1.0724651909226532,1.661539360785185,0.5562686279529795,0.7113646149653694,0.902484816165767,1.739992519345638,1.956945508845278,0.8372677379010888,0.5367578749294124,0.7280167840920837,0.8526133505357284,1.4197794579475171,0.8881051676914862,1.0608714423570376,0.767715217624036,1.3200123566143243,0.762589855471332,1.6122949241270232,0.9140495548102127,0.6680699368452261,1.2163141827276795,0.7193106337181514,0.8371187255029987,0.7399428156090412,1.0340339841114714,0.7514715646826635,0.7816147469389454,0.8107018099660964,2.120742523904389,1.224560860889924,0.9803335111191817,0.7597813504060041,1.134563011353541,1.375807940816633,0.9074303421392339,1.2088771655590145,1.1421132208926554,1.8384955155753937,0.67931555601424,0.9905076523423121,1.8784151057360623,0.908982758196666,1.1411786092497038,1.5151945346180462,0.9498660120140706,0.7228722766320386,1.071705309467646,1.1005807988255936,1.7399247345843678,0.8376330974969606,1.1905218808828963,0.7827382464036176,1.8393828285516216,0.9759516288103127,0.8560251850680579,0.8920956464865039,1.5912837988382376,0.6448277143740936,1.6301284139965728,0.9324461673919494,1.1956719276149492,0.9444870696830847,0.6739047246893487,1.1063381095311382,1.2627368757021493,2.1623439171314374,1.7252931952671606,0.7850326395432484,1.5522180055544188,1.0867552335088713,1.8774931470512994,0.7823219618911998,0.7876641025204298,0.9287904280872489,1.73666206548534,1.005085023307416,0.9468614862108028,1.2873988343038354,0.8301269161844949,1.6468690293511141,0.8400900225628614,1.4537701904144258,1.2683223180166439,1.6171835692809897,1.2409359856827045,0.5416250012909486,0.7399651264245454,0.8575771066482158,0.9837385445938768,0.8046577641991517,1.927460842592703,1.5384143980541896,1.4251512793899082,1.2315725881138717,0.7852721481118812,1.0514570430319934,0.769602942231642,0.8321720217355639,0.7753947550090328,0.5876360445092247,0.7883874360308665,1.0066758848995285,0.872587293200354,1.6501841183438848,1.7752975200152286,1.9910499343894263,0.6266547124222366,1.0228491144598866,1.0306873282478741,0.6213333760390087,1.2692617774366721,0.5686160522129943,0.8465764522682581,0.7927519992593122,0.4838459587205738,0.8558116058068989,0.7679918282129105,0.855914039747475,0.7154230150063752,1.699480081147769,0.6464719343032069,0.6441610576002196,1.3098312253395892,1.897316101394721,0.7627274535219303,0.7629707974553945,0.986947078414972,1.1450744556380104,2.033975681258201,1.147868983111937,0.9193331810880631,0.8009238690723338,0.7433526512574296,0.5272386624537294,0.6702795655118045,0.8485103950622226,0.8635195658091621,0.544540243195439,0.6903043306198419,1.3846509103799292,0.8150573276755106,1.187748302607618,0.7401869159394402,1.1232726347943416,0.9494531857416397,0.9142197007497486,0.9405963257383256,0.8601126368650327,0.9496423342034874,0.6493779706823453,0.7487086403834826,1.2202513630583922,0.665278322376656,0.7784018939412086,1.0398679574097633,0.7161278568517495,1.5124689639124442,1.1712551749204532,0.7149325504612272,0.8571842116321251,1.0593810370614374,0.708682565529653,0.8865921219611185,0.8854964735650793,0.9929702296251974,0.8502874631387691,1.4675471882639508,0.6101004792041217,1.5979663144229483,0.8287938561747772,1.7737421400267357,2.0129158276485946,0.6203700646149157,1.4761229148144637,1.6040136459788623,1.202893331897324,0.8881206859332036,0.6992893454243604,1.593470588424846,0.8075252009035128,0.6384523200832448,1.3566093510997166,0.8828905749957874,0.6524247068423313,1.3262365166118322,1.137843065730134,0.7748693168444762,1.743138917415084,0.961837075763977,1.1740949345430056,0.741691060314913,0.71539480917234,0.8580083637161633,1.0744237513112658,1.0541185253065852,1.0285993943193743,1.4883746671728662,0.7768800997719018,1.4775151372485194,0.7711015573529968,1.9038670127652304,2.9373737640709776,2.0629398438752635,2.04003584750166,1.6146156599225345,0.6377485389568937,0.7457094890135345,0.6490754682491082,0.6975306422779235,0.6323303604859939,1.592188084756669,1.1857177538534076,0.6264967879604132,1.2865036313208191,1.5907223261472803,0.9998794856755329,0.8240480404875131,0.857801743543662,0.7495037627218873,0.7863624147444409,1.2367697376664537,1.3807583387446052,1.1115974502793762,1.592975707712709,1.579102713541547,0.9840368585949351,0.9471951050759476,0.7708013268513851,1.1576602395164537,1.632814030001932,0.9223064093680913,1.0260060408966116,1.429979139692022,0.7931236058200699,0.69367337512375,0.4841825646604646,1.2020001017016861,0.777181937748776,0.7977241281427122,1.5435453814328526,2.016798916399335,1.6325775938523603,0.7230478756717685,0.946153943830453,0.7916827565090755,0.7832341576938736,1.5414762763993757,1.172470821059643,0.7828113489892649,0.6069711867797336,0.7528544833070053,1.0103408125446622,1.274452457486711,1.3130130199087862,0.5141698044101927,0.7876117557285757,1.0866215815527203,0.7845518142446902,1.0077512176082841,1.0189287737266104,0.5239114403808938,1.6921560397545101,0.988918461875223,0.8495659936075806,2.0005970163211155,1.3816193023106444,9.852910371661755,7.972928501832435,10.361944904580033,8.612264969514625,1.5887944677421748,3.597924965753081,5.276709144285237,6.61433021786317,5.080441902065284,10.830475850420886,9.760800999124458,9.54087146428713,9.84867951182744,11.031287335291049,7.927235202612805,9.960422056885042,9.294397459369572,1.7610846800861337,2.2372023388428337,8.207145821028584,2.1760323630805933,8.411534535978111,3.085160473103317,9.416517052773854,10.359227386168222,9.53480551409553,7.769642949270123,9.739268200937024,9.79611944776401,9.733924285698732,8.500795620621409,8.999005876036808,7.350163684458058,4.751370279437702,2.694558683695618,3.4450539852016298,9.881105676050183,1.4991758370379569,2.811765760280261,9.25880058715746,4.88218669330998,7.555069561784892,10.928074481893299,3.0199439031709603,7.45582855109163,0.8352048991937048,11.385572349060439,2.866493858541986,8.310726729695872,10.351734695322724,2.0320617253208697,8.111890157771162,7.24864235723147,0.7570081634598378,2.2007206541870055,0.7781968425990365,7.962366783387185,5.474198479011922,0.9465044465293102,6.067420765295142,10.102835776106755,3.719277848904952,5.039207468230068,4.791753306097131,7.44870743903339,9.073494310812931,8.712695922272765,10.360965715126737,9.300351750065362,5.637262489964686,3.8607224039262604,6.052859425035436,8.84723731999849,9.97742200787947,1.7369713130637199,6.084563970905838,4.585190335211284,9.414533435150533,9.871826919640723,2.0196589342989673,9.535880329160614,8.853990498141204,10.805900575356668,10.359090311936361,8.031232230487664,8.878938261474733,11.255695875221576,9.244050429075594,5.561277260672545,3.7489363371711586,5.772161881386698,8.48768714282892,9.757581654581799,10.90801710036211,1.898136507010871,5.711589334680796,11.37338086385799,6.048509683236787,4.012387629423935,8.689735985259471,5.791925609545038,2.1382242886781038,8.670066723344222,4.868602871894301,8.961082611766695,6.076860612051836,6.932740327035991,7.433292526786948,7.308393620498392,6.704808306675706,10.892318010588298,1.068358964330165,8.274301464426939,10.19247164330605,8.68998049880329,9.87796421502178,6.49091557373422,9.540621671773605,7.731309216139876,1.1190396031078935,9.727982109788215,2.814021266674885,0.7644434743771943,6.824602834590818,9.342942224879996,3.158403085377016,8.600781502150907,9.90183899878403,8.065721794120535,6.018467501078639,10.575714900278921,5.760530405479966,9.580482228471206,3.4161962321249453,2.651244125071001,2.5669484689854074,7.504294383735753,10.60501273113203,7.823279920324965,8.644166715187042,2.089359027307178,10.339478307341617,9.188312997757576,7.794350460330151,3.2245397361653443,6.967432562325217,10.122526388188083,7.687916652614954,9.246884229539292,7.725779989042601,9.984204598102554,5.743439646811413,3.4300496462634555,4.3524654275834065,10.376394730207572,3.171087552507953,6.392433548064227,2.967205055293087,3.4758645512037334,8.06277209202201,1.0142059272053225,8.990517004920772,6.700605922425262,9.970196281346396,1.4565334126778005,1.914069864740023,9.645134242030379,0.7858199931801052,3.9339110760916136,7.346672522185529,3.5525634625184273,2.2887950807904285,9.0764766119325,7.618358065005953,3.949244011567811,11.089254093814002,4.53942742586997,9.920115654689276,4.627583956113217,7.053370566410722,0.8710437547750969,7.6396110535221196,9.202266889172602,7.727077708926389,8.379654356983604,5.059099015713274,3.2432555036064947,7.967291822626649,9.65909276981311,9.385181293141281,4.189862656746698,8.25902249838747,9.808493230250367,10.041256176999747,6.702328980732243,1.5367886623803462,6.619784848222577,4.357598418934577,9.327782865940268,3.98460621799325,9.39819354978819,7.912978974781957,1.8211748630910796,8.357483131668612,7.645942872983305,9.607431122542017,10.444620627658113,9.468465016374509,7.317117510249531,6.564620437375201,7.533049341748067,8.979516274408622,1.1937339527890571,10.353558226542983,3.830217432614215,8.388349779014744,9.31516292890439,8.93649242473391,5.668269373530504,10.886037337133795,0.7870535009229709,8.967030440068614,8.956704368081649,5.045814937082985,8.890705459102769,8.773062136214444,10.193819641558914,6.2814166704973715,1.8352816920115658,8.790646779835065,10.031135082935393,9.638365706313213,0.7635776065698604,8.038374417593047,7.278630249832948,10.186166793023798,1.2360382599490898,3.0567730813531604,8.393721287183212,0.7172491276596338,7.071698789977569,8.956920889929282,10.766688327819011,10.166784574989943,2.154064327056106,3.874661662016921,9.02194956778197,8.107116807374434,11.43558536410299,9.317658668333,9.016152604888207,7.854350875374352,2.9079951782067854,0.7774951604413911,6.5979278505816445,5.552726101361619,6.360817370169438,0.9873778767915157,9.845976660463393,10.239983284012594,10.12570810829135,1.7557073440667958,2.9685057096861236,9.850212341973272,8.502206797331002,6.080378844861295,9.492578717273133,8.899759161857503,9.854648087490206,8.204883216072862,10.154628929785028,2.539070330315998,7.628356741823813,3.5656241180522046,9.5276957822413,9.124527928228845,9.113195851516275,6.598642405024053,7.472915044947548,10.668624365390839,4.989952198461306,10.32315944924481,10.347648855440173,10.032773086210762,7.914736468310824,10.790359515065239,7.121835641753881,7.436997294098965,4.494571363159072,10.758584703270477,10.396785100391984,1.0699035128927232,2.345163300544795,2.56103515664322,3.334082154976676,6.4334987283418466,10.660254004351353,9.101808106795437,5.0639047847822205,9.138051100133849,2.890468000587911,1.8483137208818978,2.7171446372512174,2.19877276322995,3.290800674196847,1.8714917077724769,1.9696191490846076,5.178553394298755,2.886281842814113,3.3921983283439903,2.6958017515253925,1.8297930114821095,1.7505057316246755,3.130438813328373,1.953854268595041,1.7111495213460688,2.936516234072593,2.8369962040322654,1.645697701966944,1.8131602403099574,3.1963452252556217,1.7557847092953949,2.889592019726085,3.943719918549018,3.8737373807918143,2.1124539035936425,1.8060908741508057,2.3653786207892775,2.617170315541505,2.2294179970882917,1.9532040514759412,1.8117517931498135,2.681834502695534,1.9580093059596928,2.1865253336114114,2.6033590785188814,1.8413084993315123,3.2762896159913883,1.8993727571066163,4.209992323266987,3.6774499295012526,1.8334850341891469,1.703171324936771,3.891273486578074,1.6784662331650892,2.1131545158529867,2.6382442659154877,2.434664293153949,3.2371706552962976,2.17436862636572,1.8323466090676632,1.9685830912926812,1.7984039439564463,2.6123070901314787,3.2844064771786012,1.8456996968578654,3.948004686841239,1.7002737888667419,2.3472575315110342,1.933070122222132,4.151099159956163,3.19410420966528,1.6537365843804868,3.8026725800306926,4.319784981918783,3.193071789905399,2.7990123222215515,2.1024294902392366,4.396452570866464,2.717755237905394,5.06043531873351,1.3390511302261645,3.9015123287338502,2.593004810453863,1.6301858515379555,2.1703124624942713,2.201638710380564,1.9701649212897467,2.463883462241215,2.8831715532944284,3.3029303415055082,2.1434522208096016,2.2222053604211855,2.099732038455938,2.100148327475164,1.5886944344316227,2.7833997758238036,2.70498593710006,3.009490947039472,3.168568962400416,2.2227815541487494,2.035709064634289,1.8256993487573627,1.8369843232390344,2.9104947432400454,1.7543655382206578,1.234180007282477,2.241775478937079,3.355712211255458,2.9551102395294757,2.2442968063058157,3.2139418818206367,1.8341426705911712,2.675374857252716,3.982150107625817,1.8766930883885051,3.516697761779394,3.1144976923562915,2.0467337695610524,2.898595089421745,3.140174865364604,1.949893680643225,4.283450067076621,1.8803362487085291,3.2381541637120272,2.921523583011127,2.1364911847243966,2.3926654016079825,1.2766710335669949,4.621871591031446,2.270056713208918,3.89772424075615,1.9906962048732761,3.0637270181800083,3.077823606540822,2.1946834883568265,3.140000172875029,1.9470351194606619,1.9382858006382337,4.316980191303526,2.058665320850267,3.0924510253273847,1.9685578695182284,2.066367993832716,3.008428766137307,3.201672197738396,1.7656283960683705,3.5797655269707165,3.098932676730508,1.9061224768630864,1.3513328972019039,3.3266636781282153,1.829151658598842,4.362397584866869,2.573073070200865,2.9137026199890665,4.125030866733187,2.072978621918443,2.0433845965336093,2.0285353890767555,3.213338997152764,2.3685681385210042,3.591545718129034,2.054154224096026,2.341977477430541,4.503645301257045,2.6287831372333996,1.6356811706667485,2.9426313306552045,4.298212416680511,3.1076558965809364,4.317637292142413,2.3636459522960993,2.011373412271245,1.9340121094465585,3.902601547059276,2.1008486109894124,1.8502004189327557,2.4065630792152137,2.404750369477824,3.6249200825778285,1.7518223503422379,2.598608738200623,2.0503044146907303,1.9939407863892078,1.8353801690906861,1.798114686172017,1.8029107664615958,2.104590253168706,4.591840754414079,2.142701406101702,3.179482195192914,1.6860058788413281,3.21425996662061,2.0143006338553304,2.43876920353774,3.12911625947214,2.4998299274970948,3.331170905675231,2.2125521514831608,2.304247318715103,3.4207940732043154,3.36717505391292,4.97961570591399,2.003134338713403,1.9673601151764457,3.625542515961149,1.9284649512258691,3.751733332538994,2.2166845558705925,2.1803789938138904,2.015550789548157,3.081899668863707,1.7977530039935004,3.9226622315079025,2.1482144093657123,1.9870390732393344,1.8695118563793394,2.318904126826129,5.1657213804432605,4.28680912286194,4.511115437769717,1.9699130167548233,1.7188021004582985,4.10558739643175,4.07455858497013,2.0767838874752433,3.0718695637265885,2.6559488018717547,3.2821637409625897,2.8808090260418173,2.374505913166482,3.0152311247280217,2.4945336467172208,2.5937202333109113,3.097998468512323,2.4589540195126114,2.0413702530977633,5.004970550435103,3.1299318573917274,4.999869639827196,2.0041594395995834,2.621783163738961,1.694607109680853,3.6571880806485546,3.298016868226675,4.411897205721984,1.8455874409323414,2.4259900217456325,2.167692040306222,3.3019776328072865,3.772869557929246,2.2098328008540182,2.951000265670772,2.9191480442318936,2.094500974293391,1.8239454359197973,2.802918151896236,2.7221012892959426,1.9762800039919854,3.1597025362916633,3.1260378146555343,1.9897409929050132,2.0508660956752274,2.5233215883967737,5.200668529669221,4.010079003187358,3.3543771431570377,3.8622456253913775,1.5560243087823034,2.916513252681519,2.629404109880862,2.235295692203061,3.433949851555601,1.9281368228591307,1.7352179758501018,2.8786624255962225,1.8664047956141019,3.6205810497399926,2.1689827540499236,3.2608108729737704,3.0725051653060507,3.7687482369726237,1.9115986349003191,3.1355298860651986,3.551393357115577,1.827667725716611,1.9225253849928992,1.7864534284383542,3.2935174951199833,2.858057386154714,3.135051057733938,3.1830802387324657,2.3951029692433212,2.6514040910845207,1.645325808501026,3.2602441062817955,1.8133087198989473,2.9045668924989068,1.6196232611803938,2.3846793321856183,2.891715546374065,3.9030403887330376,2.0354166579067186,1.8517876578562054,5.03105120571327,1.5223266427020883,2.0635702217703704,1.934740623329505,1.745875586894432,5.816367228719239,8.364004931385535,5.9400787921192055,10.547202318301682,2.400994325238055,8.054585737035165,8.12509359248329,10.280679020694766,2.3893384159097715,9.882895430987967,2.3724184536103263,5.429699144512295,9.145004159502664,1.852228136304009,9.491652504544176,8.14500631020116,8.09715195801263,6.068690276462915,10.279662974085738,10.045698852960733,7.688763128209558,7.235300597410302,6.204967063072049,3.1702997126074894,5.522827057794536,7.22719679836278,2.2920496767762084,7.958559137875642,4.373669392613665,9.144078613326627,7.92379631078775,5.830472322637374,7.928029271070823,9.398009478200223,5.462997155788777,7.5516097269209865,7.319197558422241,8.771617983078212,6.999046094921693,9.600043381480953,2.049720551580416,5.596441051099255,2.0244610161091448,8.096730977435316,3.45058525658693,5.906080852553692,2.7678927534033937,1.9070169809607929,8.483699845235044,7.655973901306381,2.2677462308586116,1.9352801981006909,8.12209466190609,6.10945944840399,4.487506490881398,8.171316834890014,8.828437673138131,8.789342747767753,2.8824547431682315,9.596145421273071,10.974782711780925,9.879640247902062,2.033155227820283,9.183113499123834,7.106265386666659,8.694945440386507,7.507025773287954,4.780687084641997,7.396323226247252,9.602711229696656,6.246614614262523,2.934767888355698,2.473066280285176,8.170895536055365,2.053546727869955,2.8237510910379315,5.413204641629005,7.966880445537217,3.191604078830945,9.10512867234365,7.499277185379844,4.4789967250559695,8.649302645610002,2.7921262338567394,7.969657643536253,7.709846277564047,3.863212845461803,2.1386738008419197,7.187347368650608,6.34738558503637,9.578052026837494,7.2476681486044106,8.254632637915766,4.101800369400868,7.658052116864642,6.810704126247399,6.666858021566683,2.3207873681875837,8.88509651867623,6.285682990944675,3.2338031140964425,5.0665885762055325,4.819038169930536,4.864629384725645,5.418802430614726,2.1769329772535913,3.3432654924725806,3.732109156719506,7.720971709657308,7.808147927828662,6.662290733111354,7.181621798489238,4.541072493830566,7.6758873318339225,3.57984096286468,6.885854831757401,6.754031063062878,9.07303572507071,5.0007781774244116,9.299410893036416,7.474456867973799,3.9692598522767173,2.587488158543101,2.7080910786916585,9.24590982157017,8.468346233580672,8.515298578073475,9.666333568109227,5.013612724103603,5.155250668197886,8.295028906555487,6.464861014878355,2.463688673084003,2.789376606217577,8.233123095574449,5.578790452006401,8.718441250357825,6.993182848650316,3.731097772791894,1.9274960799970748,7.8824426174752205,1.8798498811380273,1.9141214685900272,5.116407226599303,1.92019470851982,4.35245316001939,6.051423974704206,8.74695468288741,3.887121841162889,3.506202220023491,8.351466639898884,8.704903552494203,7.1973679958564105,6.807298653208624,9.508305173160064,9.119726449737938,1.8891555564105882,7.804616642038979,3.668120045858746,10.61006216537921,8.100048040653768,9.528542663001954,9.661000623035612,2.5757441366952123,9.614915955622417,4.005134153671352,4.181080390884186,2.2228387361255724,5.582529758122478,3.3844888356585723,9.816696809679335,5.746488836213994,2.789158271902661,8.824595689338375,8.307088599734222,3.634434219671497,2.194842046053819,8.773248597210344,5.917035398621049,9.693781037891862,8.49088344153288,5.162331296848379,8.011237431967151,8.567603384330985,4.583331186712181,8.252058265718196,6.781165766706833,6.611717391820383,4.870400062428382,8.211214228007908,8.07753173968859,4.012922908761107,9.12201708810237,6.889930451990582,1.9703168440963406,2.690335473920887,4.461373447605265,7.323376286679787,2.014483567003142,6.939204260546408,6.8545690527794365,1.9448165149116383,8.339091896345591,7.511648548435238,5.658597305335286,10.586460957744462,2.5276810348112506,7.0680655573068325,9.352504461658413,2.025199976921242,2.076962074352395,6.941054032502376,4.2841164298995,6.625140170258028,2.0801814521269835,6.936218100866326,5.741868890986278,6.1469902846694655,9.36677358559113,5.655123259845252,8.088073510343705,7.0996094111428985,5.696413871420412,2.008107889587882,9.93289520526894,5.274362554268259,9.221530442078043,4.811802908470216,9.637965271206697,4.9337283161105825,8.226180369205785,7.862999236245958,8.59233516655835,9.139545210862721,2.4605220153171397,8.774954581761266,8.025630434914724,5.991005014045716,6.804364385003469,10.415402145600314,1.8842128377853808,4.249703923206462,9.373380335093449,5.176501555880592,9.20414690690579,6.314319215173537,4.752086655240965,9.129103872227866,3.88417828040546,8.933198651600874,7.880421996593949,4.343384523422517,10.12941314811356,9.28266194790544,1.843751809949164,9.854593795000723,2.400062254985121,2.519923744342812,9.360696986970588,7.536254977693797,2.4519489264235275,9.898605446068009,1.8297489711965762,2.0539419351650943,9.075072397114278,4.035343526107904,5.654464613383394,3.6868343393306877,4.435215811197633,7.123905594658909,7.139782002031872,3.402106869974968,7.846523780911251,8.45344334304674,5.482231240256695,7.942254373150241,8.979574695962723,5.639548733291054,4.776431360337691,7.6408547877175375,2.794645784837807,9.584458145362257,8.835901879093397,5.358014225747045,2.3415625157420865,2.049594148413032,8.392930520277808,3.285384686704099,1.8344376331588972,1.9321087198908304,8.207445345365006,4.637275279608828,6.0806574595565674,6.0917040448825,8.641528869541736,7.797812204281382,9.197179329758447,8.975208927332282,2.470145440385018,7.158982167242707
71,19.660711433032706,19.501751019091678,20.48566507639928,19.929611122752647,21.822814439701187,21.801590167783694,21.430326157666038,22.13357377644056,21.870235627514422,21.715588023418263,21.603760008436364,22.08665126207842,21.80513826583252,21.71192839950378,22.342147709810746,20.73662920703384,21.418465520289157,20.447734733731274,19.987093482810398,22.31927237130865,21.089294434684092,19.833177996420854,20.978552989910412,20.447457413619833,19.849389497904895,21.158282047822652,20.846921116782003,19.527748248626292,20.096423728785382,22.03864334337915,22.960612438153944,21.971677922115866,22.575093404598793,20.145939178709707,21.48746641060681,20.163471253057818,22.164544664123852,22.23235221622024,22.032690699412477,20.29600603146059,21.147355198521012,22.333023884099088,19.805562467757774,21.940815156802007,19.725376548535138,20.076912194609047,21.02144094151368,20.36199620539747,21.270285897720058,21.145166728365062,22.13759599477393,20.750355217249734,19.283542750923427,21.646894236628526,19.51564816826887,20.67842866531856,19.84783720584256,20.593519587174363,21.14925251369649,22.092189593614233,22.761124910880493,21.05274896062082,20.493324303797632,21.562288168706626,21.711808334146202,21.431346462428824,22.990999391082315,21.052204435812705,20.50855969302899,20.369632288453392,22.127629134487336,21.87518237058391,20.67978944723067,20.85969245553911,21.06931643906962,20.28690297545759,19.370527103200203,20.79785733487775,20.951756961439166,21.864042564875128,19.845149915974563,20.691242900666694,19.065494840319406,21.85641167158286,20.268447174866825,19.882236057508855,21.384313060083127,20.95125857211115,22.04364036815414,23.102125301296027,20.322919001148914,22.443901052392707,21.451744142453958,20.15519184786087,20.49142230217323,19.70299935942601,20.78733475685833,19.50084877319762,22.646997341929872,19.95364222001905,21.787072115339313,20.086219276686926,21.1514748777275,20.78773649650539,21.145849636689825,21.841976844636477,22.182960761908557,19.797522927844415,21.998301384522517,21.704543132743023,20.609338630467246,19.246599250627447,21.07508294182471,19.47696517021997,19.87122030493663,21.796731316620143,20.777711562416055,21.12660916851503,20.499050862748014,21.930223205317592,20.907010589794826,20.892416877092295,22.44512402157319,21.138256039332756,20.40930983395729,22.811746656092655,20.86091075199126,21.118038159817463,21.40373779129377,21.159108498654955,20.08768574498412,20.538390722294732,20.19233454314912,20.74650281909343,19.98893488570145,19.844914123982633,20.28738513549478,20.796280997525884,20.51363372917678,21.99093990322871,23.130553287218067,20.226065026945623,21.120545255331557,20.394766599873897,22.455083530611983,20.918228269040906,21.283635758746108,22.273579782727477,19.353911025848777,21.16366855052186,22.994803875252707,21.896931752090968,21.723430525193454,20.573891990048484,21.619578734368154,19.900965600910276,20.79469975821032,20.076607174701785,21.93302707101869,21.434663783854212,20.700399571914726,21.207055863584355,22.078992427144126,20.291231936398738,20.967360802355454,22.384065075060157,20.386784136472695,21.768796505939324,21.37835496745645,20.454254937172525,21.003218342212172,21.425500356066028,20.96502002867478,20.32960679347426,22.00279846340616,21.030128205061818,22.15517733842702,19.3790396593505,21.173580272841445,21.403187893901574,22.15560310028881,21.687102091601272,20.902682924768897,19.51810013261959,22.123171117786608,21.626700033447683,20.35173624020107,22.000749431470343,20.32412521492043,21.14693240940401,20.391308627609487,19.911174416275966,22.95531441848593,20.319584349842025,20.42276158652116,22.202887531672634,19.932315304989242,19.88904465674038,21.343194753151003,20.214428501023644,21.328884661546955,20.739057068263975,19.261177207110162,22.989783701991982,21.456486784935656,20.761442593122172,22.386717326250995,21.211679737967412,21.05689200657459,21.697732170109404,22.04373437195582,21.86344316098748,20.97984081889676,21.031633232988103,22.0311655054998,22.701915503858732,21.700061446446,21.05733940336595,22.12084133690748,20.139966266601864,19.81609361803846,19.547469659165504,21.487993972249697,20.44151425588754,23.14813724765682,22.332022786678962,20.608333988066548,20.52917403391902,19.966073267004642,22.361929610880463,21.205081001803876,20.899188274885326,19.54245163672277,21.606040922450962,20.088909998493456,22.452687274508474,21.81764155484655,21.03173512363488,20.402959428900104,20.142558024050732,19.86613566639778,20.914047842345703,19.821853290920462,20.647251680764295,20.68570078317521,22.657671319166003,21.102420860923132,21.847549757491688,21.679263781390976,19.97752280885468,21.41718804425896,21.962123118507016,20.887679559692547,20.358670898786023,20.663100761339326,20.445798950876213,20.83409616910659,22.00137672816582,20.89131765311564,20.002609634366813,20.423580428953592,21.05621648103274,19.68098223001082,20.5605314293691,19.937732804792354,23.12630031549334,22.411242530314706,20.58903353320074,20.631247303178313,20.272154807723105,20.379922609353926,21.14263578544231,20.993129687191516,21.51694407851501,19.529749960263228,20.603270039044165,20.669611802118077,20.386359777858733,20.173847225776587,21.088979219408127,20.78175894409031,22.035151760615292,21.392366363867424,21.404266243930564,21.24443910186128,21.41748695096601,20.514958583519533,20.445949897218735,19.65421636721299,22.43149016490016,22.257196015277948,20.30299838708577,20.55076621692254,20.176840328858216,20.053249651837472,22.413025704795423,20.34496101286645,21.299497337403402,21.10016521259433,20.075470244811687,21.95540466280211,20.521410750257864,20.957588410008526,19.92296622419753,20.02818581759227,20.56463159780239,19.222638569529146,20.851127370622724,19.928220367509365,22.3359553377307,20.74658215443826,21.173756782919334,21.654853304054527,18.246007126703628,21.548665998763877,20.228822128132855,22.489345230196573,18.81335408119456,22.463339616559782,21.402229962386205,21.54095518208749,19.928213264620183,21.852846250888366,20.458096738378416,20.65703067128516,21.428884816294655,21.005495953785843,21.844429730937637,19.681954664397935,21.35414551168608,20.66931821243032,20.850047084919478,20.690608519514786,20.70359810477244,19.361763148272388,20.142344241155808,22.61079051901504,21.337953209610916,19.187265718055222,22.33116571425623,22.318760921400216,21.64365551074679,18.279195205770158,21.65697102405438,19.447029238805225,22.595321782653627,20.662250905637638,21.181270034359333,19.912847666369235,21.376567464481695,20.552841093228547,21.448362980216583,20.40998059553396,22.42612849560989,21.345849369457596,21.89992942282325,19.272013122434647,19.60108031629047,18.07236447470996,22.045874232653688,21.904673639902597,19.495209689976093,19.329124475554764,20.977581644940145,19.33626710767107,22.43427869524452,20.69877072449984,20.980815802601313,20.761109042694386,20.594462030481516,21.088153657274034,21.047643233229635,20.404935757172098,21.642708127734664,22.70410280380597,21.00194521907878,21.085598690933526,20.48914965588357,20.880099765409664,21.070991158004023,20.662592458818377,22.78140948826789,21.849103356556316,21.187009474614396,19.39037689926081,21.49120391272339,21.199658225194657,21.36741246162367,20.868985070089533,19.25976333393201,19.373606948866964,21.15560235633669,20.786345124645624,21.852458019267218,20.534464687693607,21.22607613790658,21.036183266688084,21.24644844713943,20.962187942046114,21.340761571553962,20.01875327653089,20.517359097414765,22.008078501431587,22.07727121620894,21.746939983004626,22.096962913299542,19.894618301221815,20.685183906836343,20.619274755621753,19.567839263962494,21.03910357064068,19.547784307784987,21.62101544438737,21.072953915969325,20.306284153477403,19.754315398742165,21.34395829706361,20.934417678954958,21.159100302017258,18.73809407517183,20.588057061964378,21.991678930373553,19.068364911319296,19.967600769453913,21.777386158330568,21.627332332884507,22.207806583133006,20.33404049593236,20.612723359254094,20.582315503251042,18.36371231469535,21.73534055025542,18.050176125692296,17.999579950877216,22.289667634808133,20.392174298989637,21.73472677665065,20.99412080389698,22.60021134545691,21.83803999128013,22.103024126224433,22.84842233334304,21.827614785861666,20.599633879285477,20.377228381076662,21.777055195339198,20.806440569628503,22.220234937779505,21.30484264065002,19.47999085927112,22.669545430292782,22.002658519269715,19.47850131725368,20.10892762495237,22.378268294607402,20.117972328297885,20.158146160035812,23.079719071626155,18.329199886529707,21.74181272822156,20.27649250526375,22.713338668182825,19.84166634176783,21.49131306837113,20.68760615443637,20.842953483812064,20.605528184079688,20.92511625941048,20.762855141507583,19.381629538639686,19.48868815064225,21.58876637108784,19.13256437713739,20.637301446878855,20.217810329294146,20.604114885154925,22.592062407305566,19.9222480836546,21.31297414690056,21.890176619659375,21.205631898243304,21.50942684102163,20.508108273508476,19.429040046852336,20.59678681563989,20.38038190222934,20.149813156528012,20.5319094097298,22.35736095862102,22.27168620709703,19.274411613886787,20.786229261468463,19.523649415058294,19.879424673842095,20.18480279869327,21.286940929314053,20.899877834199625,20.628784378599903,22.07826171812005,21.307424742279753,20.92450028383041,20.76555359591796,20.524864556787243,21.15600953881178,20.75946525064686,22.221555892420394,19.953051131650707,20.504940676638686,20.933099476812405,21.82102507415184,17.887880538997315,21.96310827982509,20.11969700666523,21.766959034977152,19.215976037239102,22.073840200036436,19.293624657893567,19.632542323763925,20.139896249731958,22.233086813193776,20.324570897538894,20.76489574114697,21.190633821474105,18.668837918996328,20.200175234568416,20.1825877731783,19.595206995401472,20.19005149508758,21.167220790023226,22.478702403457337,20.37685591943333,20.138883954084825,21.636209149072066,21.178454534242633,21.069940922689486,19.659708698806035,19.21569596733318,20.984704427568364,21.959789198175404,21.825623106760933,22.184365866241603,19.675795535613116,20.908032624908802,20.34045758489904,20.558926783264006,20.735094451340945,20.612658232640918,20.357735680857648,19.209705534975875,20.358964097740465,20.706432414583933,22.08891801760705,20.540139735565155,21.414522339894386,22.65496494973272,20.109121961647013,21.677850071686677,22.11491822580847,21.346450168631005,22.65539507316267,20.512336606969757,21.12685328795746,21.985330602652333,21.208999565893365,20.694307867010295,22.382494496191285,21.504464634383535,21.494926639647897,19.563298884707113,21.55070615975301,23.02526056598981,20.337752683216888,20.99959414826098,21.412501368371824,20.41143458095593,21.064761870574017,20.38062346439869,20.775201552547074,22.51771691754662,20.588945697244238,20.7598486247877,20.88089120180043,19.904058595292767,20.422032436871927,19.05397530076785,22.293355666144954,19.85758176535635,22.00093327744094,22.09339849275604,19.132775618430102,20.197835446073,20.149998925455417,19.11658773586792,21.747416684854095,21.9842211016125,21.613929036188317,19.81359629044315,22.002949807169458,21.08158643231083,22.219483465978097,19.98454777200797,23.51717774580938,19.534159098061505,21.744144960851916,21.014837303019732,20.715678772984457,21.833474760495914,20.836718946747546,21.91878962770821,19.955330980451723,20.774738378754062,21.361513196304504,18.928784742507386,20.824763956537783,20.550844916770636,20.963921840256837,22.09528918649574,20.319892536697708,20.934845643218157,20.871223710524344,20.37713543669739,21.259897379651214,22.08869159289931,19.087119580646565,21.808454267163537,20.31639531863674,19.79016828069849,21.688104340547998,21.109814002007802,19.777351971447157,19.216329839729774,20.946052661606338,20.433415157989813,20.245804950969625,19.633584733117903,18.610490940830964,21.31650869811297,20.83590614864665,22.5846777630824,20.731068332421515,18.993675782531668,22.20512286785336,21.56955710494532,21.76530447586543,20.131518766331602,18.62890757535166,20.39430488801257,21.88563557417127,21.972972800299065,20.438223811379185,21.487086576040387,20.46014474275511,21.245338178743147,21.404845066231694,20.723159540597507,21.753149706575837,21.41964866812907,19.773812371114577,19.275733105986415,19.614732861343146,20.49882684276527,21.60665367110804,21.288878224583417,21.271968295504763,18.858922258197254,16.30777127221036,22.243990353347616,21.388018032384583,20.02752654670187,23.098903741003518,21.0201921974691,18.927192235813436,21.8428109129073,20.571126756256415,20.676976583526265,20.722948640224185,18.90080228200807,20.42571092598631,22.581599592281098,22.775140804542122,20.443276298866834,18.57205707938885,20.265956681135506,21.45469323091394,19.7696132514038,21.998879520951245,19.272313427329447,18.66227029871489,20.767274023936228,18.974643970225447,19.74176528448035,19.584773253366606,22.78242161444063,20.630174399571036,19.029287823959546,20.70648574384311,19.834891347741102,22.143979759907083,18.514560188057033,20.324309955727532,20.82810688280801,22.482048543135214,21.26128357213724,20.417644572429335,21.465974283378483,21.710733617527318,21.09030039931134,20.232206152456317,21.924384364228914,21.918626017836296,19.102006308626336,22.199560678258027,20.68642646536099,22.77316507037047,22.574222420037668,21.503802532664697,15.671432988054653,22.130893240134935,20.83917027908505,19.76062290816217,20.92281306783908,20.66738468930569,21.088665117574195,19.500889723066212,19.633953253615907,20.616470394317794,21.43716986218194,20.86259819830641,21.80346730457021,19.661973714842095,20.38478447692282,19.839478033907774,19.24723100488284,20.618364397467772,19.6345176915234,19.13292289357578,21.634624310024517,21.59495026293959,18.62638410037904,22.181409511047274,21.371016247812747,18.8237358598034,21.688073641411957,19.00284793185068,19.767731256744295,22.218590045344175,23.098410384091192,18.646055519918818,21.62150774412584,20.901632228257828,20.397914751885406,21.89187675633154,21.226046603404303,20.722993402803887,20.776898794494393,19.362561812464286,21.469007683940518,18.77118428653537,21.259952591533246,18.218430519788598,18.39559195114991,20.418848857330957,18.5055950873159,19.69621637085212,20.343475537646505,21.87410094315093,21.57639059467796,18.733113766582836,20.573780953347832,20.266229393388418,19.808548528138797,19.564302327071378,23.315758413771952,20.62218314317289,18.58011189354504,19.975807688712415,19.696788280564306,21.074576225641078,22.293917505081765,19.32019200397489,19.46930482001888,21.464147051283994,20.49658250246679,19.182965955755552,15.750532941479253,18.537645083275414,21.587146774553176,21.159287663677617,19.435470045420928,18.95901600179742,21.605112070397357,21.14497114350169,22.210438218170243,22.8470796071006,21.07622527361097,20.01959781829279,20.87283678285757,20.370327074784175,22.4578191578571,21.927203840044168,19.215957539994708,19.082773839990335,19.742024078833563,20.753681238664736,20.27072292070108,20.868740325555667,16.967082230477274,21.077714035362252,21.23977223719024,21.09956587043283,21.546776861055175,21.31582263747883,20.482039269385464,20.867469484147293,20.6846637800916,21.31712580296671,19.70536155928085,22.45435759479713,19.723425535220265,22.142891321876387,21.85082652521933,20.739895246555715,21.611706150832966,20.88210656606516,21.401422784197944,20.896055960503542,19.601847289693584,19.827498549811665,19.268450742524685,21.413250511373583,22.509432523626582,19.261891908924383,20.720806705997937,19.608487763022733,22.502274472268308,20.431057683892707,21.022427029527808,20.245907356100673,21.108400750936145,20.4662962339513,20.885319142928324,20.867668601825525,19.857104912212325,20.639762900945435,21.767308782747225,19.210295935976344,20.99366539603622,21.259970948658044,21.14199500527031,21.44030142441975,15.42585644729788,21.502157585538335,19.2043083737606,20.966987776402142,20.061082690355963,18.78611048224212,21.944169653750947,21.61553865774018,19.63225545723794,21.68686686300132,18.48951675745696,21.662211640638397,21.076653623581144,22.771547845309012,21.31904520123591,19.508549959184087,19.399296246505237,21.04917485058226,21.107498746721642,21.09123170241357,19.986624417908644,19.227731415624593,21.686108729796366,21.101667271078213,18.516527472323432,21.20630389822245,19.669500274292474,21.031383254162982,20.439399120572695,21.17299783581703,18.902387968212384,21.853743123113375,16.314401605018865,19.29870621087536,21.7856023273108,20.22449676353712,18.51710274611847,20.92459323864848,20.787775410302935,19.275682634414228,22.72085279926762,21.13850223186611,20.442847674243207,20.31811707462442,23.036206779745033,19.553912904140038,20.969779726818615,20.255644958113585,21.852265176755655,21.42733782374878,20.79156110970856,17.47341193105778,19.691052460347123,22.45653479680542,22.602454903282545,20.513271979905713,19.685067868677493,21.082589551176813,19.510796667104803,20.75260057608934,20.653478350303935,17.451099339244376,20.60260249873358,20.418512462191774,20.902660416791207,19.26883240003268,21.587789325327144,21.929952493162123,21.487188580102824,20.888186201279844,22.132764724635322,21.66693966830528,19.18130990976221,20.880912257027784,18.251390570732376,20.26927467807281,18.437565845873806,21.262028891811635,20.161188153328702,21.539703800291406,18.577955860627306,21.283939500916706,21.807351018686003,20.36809431341928,20.025308047907767,16.709106096293834,22.16165968757379,20.463238923065216,20.83034827327209,19.409824754424744,19.332713487128647,20.603630607905398,18.33478436850141,21.70086795508136,22.920543575379572,17.744599399522173,21.54384161257114,22.26427957488093,20.39932968520401,18.730325578891946,21.42147729929335,16.15692592401148,20.516080919523933,21.669882286193378,19.104832152029697,20.753502555783463,20.718741981751588,20.77687407595918,20.188001092591673,20.92458066586387,20.74646474997571,19.13637907995693,18.367815330822197,18.41406293542191,19.628218324636826,19.79459277339737,18.89573418765417,18.173560615217177,19.40003647992168,20.02931178135163,20.524402833811244,18.545529690716855,20.690752793489036,20.41087540693965,19.809445824727064,19.279719082305018,19.79532180389367,20.404990403051926,17.98963860248044,20.80638455093872,19.319296646450358,18.66220500925553,17.67287856008688,20.785700528018697,20.703207523532235,22.052262665081575,19.261283106232188,19.973386058682365,21.195776495745825,22.541884673989774,21.306159399775552,19.99089118127546,19.8764528976512,18.91027116311383,18.300054862952617,20.438655292300655,22.189960916399272,19.517172595775772,20.42158285657779,19.15223819927487,19.617093939602636,19.401661594844388,20.362074403321397,18.868740349715782,19.39280288256996,21.521183423135373,20.9068459222591,19.10271222086091,20.42261436979369,20.435891917370625,19.569739607373908,19.57817035432745,18.84648429755733,21.265299987629326,20.739602858344835,19.417518344929796,19.498809804962104,19.177177342814435,20.843375729752744,20.813273674605334,20.304451098870594,18.785127412438236,20.2778717232145,20.226268702989323,20.944207691749003,18.225231572462626,19.221319293284758,19.967938088374343,21.30039933708193,23.3286915352093,22.44524899352535,20.327471289754012,20.834056037212168,20.418177865304838,19.52523445196781,18.948520906328547,19.986731984127765,17.67655147931994,20.43021317564456,19.316363777652583,21.39648738355829,22.164935956557496,20.90070529304046,21.589389456783714,20.00405555326388,21.680756601699475,20.037832559496277,21.498129733157935,19.240239170384246,22.73513202362011,21.729109651673355,20.30257599150154,20.21852146125583,21.027445030318226,20.804802925284353,21.055308653859,22.058950946730295,19.450082965915165,21.326224865711588,22.189772167297658,18.596064380747958,22.811195498603194,17.309082954820585,18.496015355655285,20.21498689871705,21.880493096540246,19.38673962674081,21.193825139020106,21.247028327752247,19.789176657658086,21.50867063187043,21.47243004372091,21.79010389411677,18.53441016698072,22.143404418392066,22.566158129594662,21.066352551702487,18.011346557794003,19.25056086607832,18.9822100653526,21.43750343491103,20.377907725236973,18.918022151000553,20.053783104160917,21.61261799401356,19.47332638091635,23.45602231985099,22.700338786802064,20.326405561449157,21.82017342306654,19.949874736382046,21.55512814477803,19.85874078534976,20.93571814325169,21.24230132150716,21.949268723971883,20.08204768923885,21.76663853435427,22.08961074066566,21.304490980847792,20.613362963169163,22.52303122785843,20.851625046651485,21.14740855999888,19.833126373233963,20.82052730089373,21.488081831498647,18.586184654019657,18.876825851180204,19.585798630688128,20.78207157079264,19.48495483252953,20.554836503579487,20.21542257952728,21.315945549155998,21.716662111823208,22.305306669853778,22.580923615683233,22.503768859816798,19.51569483145841,20.216405261385315,21.568580128568655,21.635787446726848,21.258084697556317,19.978398212248766,19.624602934451406,21.446331517960623,21.19342242838418,19.13686067602153,21.289948829521332,19.75344764172309,21.7298845597267,19.977722282402528,20.977473946968907,19.500242426121453,18.241714899421016,19.93594158820516,17.270763651093105,21.111091606361438,21.30279373019763,20.925180439787013,20.87248189116114,21.568676333891,21.27186433493304,18.575877905489623,19.71094665977423,20.822476232985014,20.11797922603715,21.49429684641424,19.175889384933736,21.167873154147568,21.874094161642216,20.339239404778166,21.8243597800559,19.541443979168207,18.645636127601232,20.55318098643764,21.329678393270346,17.169455735908834,19.899820292873816,19.15519015157431,21.817354261948815,20.926096288786738,18.801825567218906,19.885270306461965,19.910364477856312,21.60354582240308,20.162157057203324,21.419585764968108,21.196896624148902,21.884401821017462,21.94498376156567,22.311586468219698,19.656499601822823,19.23424711259238,18.865961384929637,18.771193553504443,20.842847598328394,21.444864872842754,20.80560480873763,20.390616927537483,22.633841546323442,21.522217942337313,20.474647978543157,20.461904264445536,22.363462580202,20.19822268034074,22.067313641262523,20.38272673620569,19.88550365408443,18.859554914261647,21.01986404380942,21.709966116122786,20.10814315450632,22.364728509894096,20.517232619628654,19.914143394859856,22.22470903101071,20.25963304345297,19.681287509026077,5.983836895427199,6.100496578731989,3.4984920791062484,5.625592050906618,18.5869896330603,15.829194919793599,14.799446941638296,10.475920236886717,13.927385376085297,3.6586701055806654,6.1953376508032285,4.795116133067941,4.9104544335848965,4.084304663844562,8.24976513015252,6.578463166938217,7.345922885380044,18.906037734516246,19.882148460397264,5.832265903076726,19.900293975905946,7.447910486234746,15.276504322000132,4.479062235197152,4.800092891531356,4.74878580394303,4.768325517411131,5.216030421415116,5.59055010778381,6.224357276870132,7.391495615816515,5.076047335911654,8.273590710529827,14.715851015398515,18.248682387580885,15.06422564410643,6.804281797277643,19.145718990174487,16.023459951654786,4.433816349263877,14.281456331189778,7.929266606392717,3.666664436223276,16.279656505669152,8.107226143294989,20.11084700009044,3.3507210636919913,18.550067967526576,9.670407944523848,4.411560750251669,19.24857339036136,5.5076529603074835,9.168103502962985,21.830698268091414,17.465466745440782,19.89627717152883,10.226708586677484,10.851617499799286,20.33147460867848,11.462864320689558,2.8415434694368327,15.58934599842007,13.89968223587204,14.76265571425654,9.60051133630022,6.445854515131569,5.493863075638743,4.843550136007386,5.39573406604162,11.650669666470018,15.696592667346486,10.899591498591317,4.909680822971274,4.795774450242372,20.591362929408135,11.30557160888081,15.328589132000346,4.485042608019642,6.862200481536067,17.333025630785095,5.433469684025261,7.366148861713401,3.7004320312799064,5.371650325833704,9.31813550234879,8.071688715504246,3.1350951132184335,5.398373132819162,12.83840588635002,15.923368644398309,12.911334154664337,8.778643765918899,4.668226690285313,3.7092072197533876,18.307089898734827,10.38106521101521,3.2580073728918784,10.138599742709394,15.193323282197584,4.638655560784072,11.762700149237535,19.001228843370352,6.392528180126283,13.110167270039899,5.16153700871476,9.598069692923742,9.334140276677955,8.711222223730818,8.286101178503475,9.730644009501866,4.053584308506966,22.499890721403467,7.5021608069965815,4.214676185885569,5.4275694179149845,4.198191768811007,10.887139496102131,4.959232929286635,7.985669556229968,17.93299096851711,6.139657381349765,16.102231727594194,20.6671804198274,11.564565037579472,5.15643056595388,15.204547802041061,7.5640742419517055,4.675847241010442,7.81045139734712,11.501413063799305,4.483614456640664,10.68656286823153,6.386959601928355,15.309327697739489,18.44890232295298,17.798235289650435,8.577220024621871,5.365346373199564,10.187012216465384,9.218684143296683,18.338667886112834,5.016307897846319,6.014955333176599,8.39979983589825,15.9228398154029,8.752283790360444,4.324367189854093,8.311944820955746,6.347134443764696,7.829115998369701,5.308806868264734,13.527776388223593,15.401807165564849,14.849328321329683,4.8675729330474855,16.837303208793852,13.3950232796105,16.11680947288298,17.94543335174791,7.75764425876965,19.63813669340869,6.7839636687216425,8.206610041839077,5.449130817875845,17.666346470781807,17.426593365933197,5.7301400415313015,22.76142000939104,13.957727976336777,11.348652962513958,14.360989053431151,17.248102424022132,7.283556879647578,10.645492581462852,16.52678854698037,4.687214477890758,15.374836461734132,4.730549532824047,14.165800239156757,9.043984095292803,20.28922846827923,8.762022354982578,5.152988080450097,8.043532789169038,3.589043728279929,13.1991674211645,15.072344971225986,6.1428221576760125,4.095926960663158,4.0416422604982865,14.85434925040942,6.858923194773212,4.584788612940691,5.20575967620496,11.078571421873045,19.70932419152645,9.634149144905004,14.811904608921122,4.496419361129161,14.27654110620242,4.996508868865701,5.39511150290136,19.646895169980176,9.167041381667655,8.544379087997562,6.075863888757893,4.87090864939317,4.841365694540239,10.006364605979737,11.359406532851988,8.027676554950135,3.413771485974599,20.375910881698317,4.355944703740041,15.384406615164965,6.582250784554778,5.534550346929524,7.641714102543415,11.436099690415707,4.378215082509461,20.060355707937756,3.4121743696811757,6.073172065646657,12.78054237268753,6.910087802736211,5.7330041893223145,4.070622027676029,12.111295379893594,20.17642440371285,8.64208497577055,5.92522581061959,5.832766605472533,19.17919697413911,4.240672558326921,6.949657332403947,4.971774005934582,20.189019986433603,17.724257730167917,7.395763609397368,21.12882703905876,9.379662648430454,4.901827091899876,4.042270502155859,7.46589994748589,17.08307939306594,14.282838661575676,6.465366989612573,6.9339374776863005,3.6904626290245237,4.796602924046313,4.543245968600561,9.690653572579949,15.336344988956638,19.736633321376647,9.447403070884516,10.812704804446549,11.442218583326316,20.25109801939595,4.044046276513374,5.307485006848483,5.687282135168483,17.553481934014492,16.403111531293984,5.813924195316332,6.074429019716181,13.551121448250486,5.537760463019871,7.065107480259032,5.263744443332744,9.885975281364537,5.516340065307128,18.43753205688746,8.737437463860934,15.22840324979327,6.360715526977941,5.247248731545894,6.202239562317151,6.126509868652094,7.8686426690496765,5.220029069777981,13.98317827348477,4.039718915607601,3.6867206397550385,5.390228327829856,4.591096819883445,5.272304027560371,11.333276800893564,8.339583385866254,12.953445149214966,3.6735229711767956,4.877172604992844,21.776562552817673,17.907706633020666,17.499314356554848,17.067348991026623,10.97371183367423,5.802834028639986,5.593676324082359,14.71976765640395,7.847594955519764,17.086424010458828,18.0056144990888,17.660485609975492,18.56871074442038,16.787421458212595,17.343627746309988,16.646261194296315,14.816393126268803,18.05978614797654,16.634779057137386,18.905316774827412,18.556918455331132,18.381328757881892,16.796018178483596,19.565870699453335,18.342212583152204,18.17980523402453,16.6268232679705,17.82915628307383,18.104283534635133,17.42081088415912,19.17017970738447,18.679738018081885,16.6331268394795,14.224408057106698,19.33712426697019,18.284727530459516,20.597780241777194,18.714808250281358,18.358093677683193,18.86048975826535,19.41783711441662,16.35113797124024,19.59052950268369,17.641690335538254,16.35219129239684,19.874814284104012,17.501302750416816,18.300536006231017,16.060578677179564,17.92674421126951,19.410962423787215,19.269335868367858,15.18559491373128,20.400987777159514,19.380347890874443,14.36830511973364,19.445066407030414,16.85692380714016,18.511162435624758,17.70403529330313,18.038552945386808,18.926150898648757,16.973152454039326,15.792360341244434,18.096220572999496,15.978973344639952,20.42858081339258,20.148603818407402,19.45076477279679,15.633686570507857,17.96506569382219,19.234335499713325,16.640886813561664,15.294521051683708,17.43582231350492,16.026043316959846,17.557746360887165,17.02743339813173,18.73362702528159,15.21475980584953,16.815110205207056,16.613660287282407,15.773496172792857,19.63432145089131,18.505710753135396,18.15937186587471,19.4744049261667,18.74076814632497,17.155014744384037,17.36529050169765,18.280292437961936,18.918644691874068,19.438542847623992,19.57256059830997,20.606360530956437,17.87135282900775,18.674326274408372,16.820778782333022,16.966409601008014,19.397978010967844,19.68293261421487,18.25582475064129,18.972000793705195,19.62348448019014,17.75339649517875,16.438246623016354,18.896231498295133,18.84825183010981,15.263628867174114,16.995136902574306,15.921812847156014,18.025017676164563,19.064846472178715,15.646355690517998,18.262641392063205,16.1541267422388,14.80733333957535,20.61524471108125,17.883209277054796,16.71419102944821,18.232463697014758,17.18139966982414,18.515889001031887,17.236783446623647,17.54435511596638,18.11679377480646,17.724159223309528,16.373034011596808,13.987904984311614,20.07592249731862,14.73373371552181,18.447547535711752,18.58867952027184,16.59347535235754,18.239021705830567,15.313865002148237,19.984213367017905,19.49750220087502,17.51108681990086,17.81220250206775,15.896314203179585,19.4490912871648,18.444136341102997,17.735100624158857,16.27457893948408,19.546167876059606,14.84694943667346,17.276237464030032,19.76456478246594,19.796418380454817,17.260202292298114,18.823298255959276,13.927508823962118,16.84353070748167,18.6405987443149,17.652884515997354,18.177121928915806,20.233770369899066,19.30670276946584,18.581417635639603,20.466569776229072,17.97340794117237,18.986287577785784,16.87678913646837,14.267972036504563,18.939242299205418,18.445577549228876,19.112603549629995,17.07899347642473,17.227680567436916,16.70382333298041,16.433655118675247,18.085164067693686,18.55765711642385,16.720059977090266,17.439550965344875,18.958582814348393,17.97381663383536,20.653256855281203,16.361549894699323,19.062824566337305,16.36680025525184,17.535642191667208,19.206059523607863,18.74583454168889,18.224094842406412,18.51298045351852,19.4779173697608,17.50374030178067,18.430017187254894,16.73812079642979,17.71728934288832,18.08559058902491,19.08619409676366,19.65759396595642,17.399456972804813,19.60486505323553,18.320262922960257,18.189495688948536,17.338294787132728,16.11696719967438,16.12512621700078,14.927824652685093,17.082272206802227,19.833458112698217,18.072082268013475,18.361939133097774,16.56842542640259,18.93946579476605,18.314637370952664,18.822091146225468,18.54677211605668,19.55338312006794,16.70609260826168,18.07974732707281,19.451508852882647,19.395133399114464,16.800975580445446,14.813647126666062,16.517298233684492,14.863074930628681,18.761018028521306,19.18709712852126,16.858480338237136,16.683134790477656,17.420577168099047,17.968910597022848,18.073209808312992,15.800881703903167,18.853904957312636,18.789449914023646,18.331612204112023,19.368552423030447,18.116777439846086,15.922909186777275,18.811223717655636,19.40803747540309,15.124687555982895,17.85913590673762,15.298637499886834,20.407493672517013,14.413576773469302,18.24316575332364,17.957114436388835,16.789352766523216,15.136458280802646,19.27613028329962,19.595770180714105,18.334929519414548,17.566092630719147,16.037788100749808,17.60771525404508,20.195008811613587,17.416207086989573,19.23144096318587,18.93226559445578,17.24153210568449,17.86661572722486,18.785412998488184,19.21773836285294,15.524534724374375,19.047200373189032,17.866040088871614,17.4765374754374,15.29809243177593,16.529089173832528,18.467139071510147,14.824219811361106,17.718385482305358,17.097332935639837,18.89373465959995,17.312722195273423,16.96814449525444,17.835518406226836,18.015483835914807,16.875562148659114,18.329844881200458,16.021248743583158,16.83348465586305,15.861465728252139,17.912850495679777,15.691496184366539,18.47608021665353,17.46528332403381,18.289444186004122,17.13990370612383,19.08421734404853,19.660771742138962,18.018972031615185,17.06305374883754,16.776703094105045,18.14875920629736,20.580437441757777,17.747380024473678,17.819792883458284,17.647906090539323,17.804749555878185,16.768283078445084,18.234622216149464,19.871232324238647,18.549875085629953,13.841561219354912,17.98082051033436,20.05623276178869,14.508149163924944,17.421242838595894,18.159754919378024,18.30470906665616,18.119789954736042,10.06137562373162,6.90030451206129,9.90623072879643,5.266619024064978,18.82400199489948,7.2688831996959165,5.480584347317732,5.1876926977534,18.0174491420331,6.53056366132912,18.488549558812313,13.482900197304149,6.15865757677879,20.62960412591998,5.50622083131778,10.12544296492038,5.365253862722729,8.522969745158179,5.832417580316701,6.507221140781008,8.551858696145294,7.611866298645687,9.664525208986612,16.127135125666378,13.132103796725952,11.005275934802803,16.872096022902902,11.442493444251097,15.542856641708957,8.688140157205712,6.7073793634673295,9.351473931997601,6.593983351800047,6.958012281816485,14.810788913818582,8.615057213823821,5.41897593727588,5.599749169351748,9.661256995858247,5.299069644447359,18.632637056696424,13.228710549099498,19.469908073687865,6.187202119097997,15.407735787714678,12.928568994022612,18.89740989381059,19.914035497193815,4.71800626833454,9.102397323182814,18.583046604736293,17.530655523743498,5.866627204398571,11.684504950888002,14.894582890227873,7.069039458921441,8.199975666305471,4.6694236495113355,18.92104924915957,4.140137143131954,4.221503611505176,4.620278569883237,18.785883464288297,7.244535260318115,7.765918971179584,5.185548649808118,8.789824840261021,11.383909742698307,9.621924543219405,4.327873998088011,11.598116998897455,16.482377092283908,17.22015555098896,7.698564152235526,18.93762295908806,19.432179478054067,11.694052802346183,5.80550986093725,16.91829101357486,4.716943667206175,9.921805549489099,14.29356564352181,7.7130904900664765,17.18657492015028,10.891233552701411,7.846385068331724,14.31966175472833,18.832327359444403,9.604838928369881,10.057635895587087,6.77397577680618,10.495883828953232,9.457848566432297,15.191508068365913,8.723233849241925,9.467137575149586,9.256853050118526,18.73090062026421,5.4933255042987135,7.671618949966765,16.742142930625917,14.573202290540276,15.318894150766496,12.897236130409732,13.516857334618502,17.538686692343813,17.266071177828657,15.7025932388876,5.558382966423353,5.147814757826671,8.23316870319188,9.066366695108586,12.972096901404855,9.634096555644009,16.60313677419856,8.937659239663414,10.57637580112499,8.67115275994414,11.763624715370161,6.614966194820545,8.941153557877382,14.93266577146652,18.060406715953313,18.089698977551187,7.017482498447112,8.058010463386097,4.6940771308600535,5.849951516912269,11.524873369954552,11.080584351764047,7.302520165468999,11.6769422374148,17.998229212459627,16.51560936088715,6.25136809737097,10.861046061776381,8.381503366333963,8.574823284502793,16.54869209972877,18.68504462292107,7.346081166672141,18.28919975136536,17.090665867791092,13.511610857404781,18.856869563513744,13.162407196271303,11.379570777333491,5.435811323561755,13.610295250346866,13.988282307825104,4.95837730652935,4.642425237896438,7.942865346541497,9.52812861801439,4.837320175633449,6.200436361745688,17.918338408357787,7.527878385611786,16.54747189327512,6.162551695959535,7.580597663977516,6.641625720492258,6.2780542462068905,18.455745055145783,4.96811456024411,16.72873925397835,14.724241630051129,17.928226004245936,10.849887441279161,16.530741027161266,4.957516922111308,9.95896287118678,14.99199170058722,4.2848844291659445,7.102373764618546,17.54279461399592,18.00391228642529,9.047725773815113,9.97025007223178,5.827852478402251,6.42991786374686,13.548350771161685,5.903064372236627,5.360818612201216,13.834244591495475,6.570600652421076,11.097438105940673,8.661696911104908,13.300217590132098,4.402020078478928,8.22691887361799,14.43801076023864,6.2464164056958875,11.60245152888653,17.623520147442573,18.63659962489668,15.25592502852299,7.830371007385284,17.993741121646394,7.03946753038034,9.857370159874401,19.075010624474128,6.431969547542153,8.567228140699754,11.619813601393934,5.735152703095011,17.34226449509633,8.161482578352121,5.982103888712977,17.498260845716203,18.690445992522157,10.20677847628713,15.175889575332066,11.094241477634844,18.450260274265144,10.203063893182527,11.099730911216906,12.458716354960895,8.026406818054205,11.7857001343023,7.147407303866988,8.183163282027405,11.37781195898928,19.02597613642766,5.43046712181483,10.08429110042352,5.6985496457254765,11.84861655553862,4.848834729235258,14.502505350971811,7.993494569523588,8.363499263714068,7.288274452551261,7.33863971388503,17.661228661917825,4.680955542395352,9.343399050274009,9.016907359069194,7.691590927174399,4.573186971618179,18.69523352983087,13.495643068376896,5.918653250064507,14.967084997243647,7.424207336859788,7.979013625490374,12.251915422835697,6.24994577073894,14.123538355006321,5.813556647439595,5.950228411495034,13.231131443182127,4.403465477504939,5.357236793316849,19.32500988450596,5.808484346093113,18.4307716109647,18.393533489416296,10.2655764243859,9.144768638230905,19.220956719895263,6.17405804611846,19.48747712473874,18.54586896217022,5.960290764707235,13.271034190032452,10.926847451688179,17.156295141723255,14.692345124561756,8.747453445513703,8.501931585735957,15.939268252300657,6.199435797068744,8.925200300285427,8.778257978309032,7.622907408365695,5.934700133240085,13.077356066824054,13.461858248901299,7.003862879137479,17.21289240970102,4.5241842159887815,8.629911058905815,12.245542463547851,19.08381090137254,18.955204791897103,5.734647829256613,15.962712619477129,20.31417932542589,18.936090211705938,9.246185627799921,15.716335814748568,11.563379929670777,10.966316884635551,7.211568164353541,6.622467832169118,5.17844569912556,9.707060947641303,16.848562643042396,8.885484376706847
72,32.281442110714174,33.09863157338626,32.70362034109112,32.997225469277545,33.229913734325685,31.14656562419018,34.16431738133723,33.13818864575137,32.62772169104243,31.85940331120614,32.58385952746496,30.93743285838865,33.4116325338182,33.33741052714503,31.01930514243907,32.69512507854777,34.164934749889326,32.6537873365683,31.549280797439298,32.980094253385985,33.72555719132928,31.789499372535865,32.31168355417453,28.811180321050312,33.438707595240025,32.013157574562264,32.364939513389785,33.02805499520905,34.86593840905865,30.357585347361432,34.27914319245365,31.01191619453465,33.59628606780558,32.74603354426643,33.107738255517745,32.015700443359506,32.887633335975075,32.86546936171023,33.16966895490024,34.93910987454392,33.5950546376665,31.05593364454255,32.83314800355311,33.52563908685971,30.11034136780676,33.06449554636844,32.41963605666547,32.23125578131781,32.197289227314855,33.1064560728381,32.80935919748388,32.35032314137762,32.05648143943665,34.54844488073765,31.756461248211203,28.738958603413007,32.948868412217706,32.747666033410084,33.59735609060593,33.14029264588614,33.580579660865894,32.25269922172595,32.456752680691125,34.44954768029709,31.88504391065933,32.43609142734344,34.468215229002276,31.81310385230939,32.65985977690344,29.82549137139376,33.01452132222285,31.669532198703685,33.01518138926909,34.279710060246906,31.76322112262018,32.76675161384008,31.94712354549098,28.66436144100941,32.388638209242984,34.351905380705574,33.04906065971739,32.804816833721574,32.434300355405405,34.31967855920109,29.87071569504795,32.835810912965925,33.32559741963998,31.66331344519415,34.39355645476557,34.28367544778897,29.239164737672407,33.186011181814074,32.419378344447466,34.202190163268774,31.97667992654331,33.06941358498646,33.28144975803856,33.22726957306869,33.63382897990103,33.200506043366005,33.52170792828051,32.790625224600355,31.81670355849917,32.41263395794995,33.58038406335103,33.393448665948966,32.861128402115376,33.28563587671085,32.12516175254765,31.063237503617618,32.48157912433432,33.07345360179324,28.849595473929764,30.07698964182549,31.534467661841518,31.415409776764765,28.717901958544797,34.20967240106744,32.626130555883414,32.57636775710716,33.14911957790707,32.04717884325379,32.34109831236446,33.58587790553275,32.550906965441385,33.484224465930545,32.9579877875223,32.37159619999888,32.21604130853809,31.95561775443692,32.87991707174781,28.7197298502021,33.94343548453036,32.545387667622656,33.11016865509669,32.99119923935779,34.9737443312432,33.01222177435263,34.87734087238001,32.14486355012062,34.319049529551094,33.45999700735212,31.959282959611595,32.94047065325168,32.66704870421448,31.684498832315857,32.124614115771486,31.107457826758242,33.01235019120268,33.337914058994905,34.30137828675013,31.445498072471512,31.158267742863504,32.783034271517465,34.37593653271979,31.549788729087837,34.006583482222865,33.061147680785865,33.55908150202747,34.11981140436095,34.851468563595446,31.882858903780367,32.9682458296687,32.87619329382414,32.04878044419706,33.05935703582761,28.948266886966486,32.24212338643207,33.36306335206114,32.03023370477975,32.234222410642396,33.32306276680575,31.924994675347726,34.94647669479456,32.250602662629625,33.92866621680046,30.61333674661934,31.82208430193314,32.480321395037016,34.11468052593695,33.57232381837237,34.48379282560462,33.27244110878263,33.23885114538432,33.14992668925048,34.493096709497074,32.7959983870989,32.13134869350703,29.278634945756504,32.51154841289187,32.92025889298963,31.675599336081532,33.78579272164123,32.44720987607148,30.800614238422536,30.904061100914756,33.06486643828601,32.43008620073789,32.78812144151381,33.158717094645844,33.34652967180896,32.01105394337876,33.002832675226166,34.30188114560134,31.6115943442972,34.28260042715581,31.010065839834226,32.56197690498966,34.012002823523815,31.4236403165541,33.441798656688334,31.66153577932811,32.28259874465616,31.857908591596967,32.16031432274207,33.36599024954868,31.883745322781166,32.1952361664248,30.95568097278095,34.929885544887355,30.061895686517442,30.09674408424132,32.36308653185403,30.73937018730676,34.58751057397625,32.917861928644264,32.53191976659631,31.13907376649628,32.95640793133925,32.94031363382317,32.08044585628285,32.01685738913091,32.62096947324204,31.96732706682923,34.93156863993801,33.59753592586766,33.53053878899883,33.88350073904246,30.627618591774716,32.351236646562896,31.71060775717932,32.28517839611674,33.282533324350304,34.76120799251214,32.37079094843195,33.41446815122268,31.836377276535043,32.986413495076256,32.01066185124913,30.152339451717765,33.22893758738985,32.12664923357588,31.624567052044718,32.945228385368935,32.323319558861925,32.175509614881925,31.841010032280565,31.233624727308648,31.651653801471642,31.31978310013069,32.53019393276652,33.49306163171189,32.43278797546597,28.712857481862333,33.08046924643545,34.58784791514176,33.27301452920003,32.500876690386754,32.622344195895586,33.57159765917151,32.439413464937644,33.32172106028189,32.073529898311854,34.37662819046233,30.08144046172694,32.308485649516825,32.36127333740024,32.71390101756181,35.03526711574689,31.933580198558193,32.46181827555954,32.037906123335475,31.597005491966282,31.686684532230455,32.27264084869134,34.28103858627204,32.66136060787196,29.10876206204257,32.44160045104259,33.19303767132092,31.083401745643485,32.995436663470876,31.07757286420944,34.136261299234135,31.70522943706903,33.121202130444566,32.47947361015652,32.51355274925034,33.19474304945894,32.8123853876746,32.696357264564405,29.730443429476583,26.073242793432403,30.162815139207154,31.0633733970935,29.325337184178615,27.323864300460258,23.518283660135896,23.384247831210345,29.823912002206562,23.75214983388434,31.709228963140212,27.011283471573485,26.92147133095782,28.36149174882768,26.113373703192753,30.2305576035596,27.580728752010028,30.66385358636785,26.087159953477084,31.757191236447877,29.07129420725975,27.99372040900775,27.713302990529563,29.49508446822651,27.047193022268537,30.7607297216079,27.79188882973671,29.8247293626973,31.48579915006036,30.17415529773339,29.344502658684647,30.731196778821907,28.455233672545194,29.883320978739338,31.57378704050081,31.399949969288425,32.295786817644604,26.976203693738082,24.582438813938893,23.571135906004454,26.28526110063204,26.993061644657327,26.721598588690817,29.689418796648233,31.58288408464763,24.78084736603025,23.381891501100746,32.611007038315655,28.554425606655343,28.384390338894487,30.97689417295722,30.44436780304551,32.290264245740076,32.21826274422684,28.04164218350575,30.31941444190928,29.098545921155594,27.345240749435554,32.49542576724867,26.59166760362672,32.01726548893048,27.902429051201455,27.87102260580799,30.119721875444654,30.022449521604788,30.71411418328306,30.591541177776307,28.374586564169903,32.540827298013355,33.23621160930152,23.440169936645887,28.482490151234476,27.29627086539363,30.33570734730238,27.002176824895084,27.518963317974798,29.649525869935403,29.321334028033302,33.29048560465123,31.425678731313422,25.390670302031207,28.51634030365405,31.994993320715086,30.224024676494036,24.4506564805727,32.870518094253676,22.86225820024468,26.569658703522087,25.127498562843034,29.779078386844763,29.06297519217565,25.408631796805377,26.61760072723409,32.62946234664937,31.568760082097953,24.126112112113447,22.81350153449927,32.52126428274333,29.87675009999492,31.20956759515888,26.662276067359805,28.16212031806101,24.76092370214056,31.81920647835167,29.860359454895796,28.990823190175508,28.695238494277607,23.0974187888111,32.95358862145699,31.685765588836663,29.20163729332673,26.737480388464455,24.589906095978037,29.94551822928382,29.373856153056973,27.3326562615348,27.89019960060448,29.48147083258161,29.70893579280334,26.555077947036196,31.468082897654035,32.287666446355345,32.631666538760236,27.90906794379348,25.386143401634936,29.637869568048103,29.336555010887487,31.615891488689165,31.62305860362714,27.34600476444585,27.87698465795364,29.975038107221906,27.38411306965502,27.012364873045307,30.431063078308352,26.867842072639945,26.134177389756985,25.987267685932213,26.63161269715019,24.092319584624196,26.62901550114767,25.846473294384758,24.396478537218066,31.561041103792544,32.33169097399292,32.710346693402705,23.92086757070088,26.59842441257931,30.08613835886138,25.596696876819188,28.429506480250144,31.99365343006833,32.82233286686309,30.279405619710648,31.079614955053092,26.20794701383234,25.259749015890176,27.320943557930757,27.26560625059289,31.047983592762304,30.552439900088906,28.17731652767414,32.35232085193458,28.72444374524307,29.004485374012123,27.970051561707482,31.671415316835674,28.307802260589643,28.258957156110185,29.99666766376524,32.2943875882971,30.12001002226162,31.84140785949394,32.979584193668096,27.777263713506027,30.05528254369634,28.63233003091534,23.15923604077715,27.039783443825733,29.65985075360642,26.125079649314955,31.365271547788954,29.743758100167987,27.652896998648753,29.513036993746567,29.5440261817703,29.220970014981305,24.585697154101137,24.55396966908274,29.232124611752273,28.6239813733179,31.718219633237915,23.317250556154924,24.99593716814042,22.83419222112799,31.88648120786108,28.373626999648497,24.571895086610876,31.325352330353166,31.122402018392958,30.013969072313166,28.431907552757405,27.952208470972444,24.87190280519021,30.09405050440138,25.87330443183103,29.12456995668727,26.554366734351557,30.187693886319586,27.388690703905066,32.425533577239385,23.16127834407076,31.813840379440137,29.23674264433994,25.54279269024163,27.939448900935766,23.72474146237656,28.440432076423818,31.65702867901686,30.4735577658912,28.345190385601107,28.679262623573475,30.378839598115782,23.281857366246385,31.036893170666826,33.03797024783433,31.408357016523247,27.937778671733557,30.04608863992064,27.496854343175254,26.137720141122212,25.398462945292593,29.7431858857017,31.758782002960206,27.69348156318302,30.251263860393383,24.653814320059382,27.625499478327047,30.50121002546998,29.79463930713574,31.711899743664482,30.37542145515302,30.210336330837453,25.439458679062668,29.74909391427956,30.46711994257777,27.49025331978715,26.94014757046243,29.14887974239588,25.172937379237194,24.526295743464498,23.839463217903827,26.076189041983326,30.643412361678394,22.96275835647515,26.947161214668782,23.831474421364714,25.67562188420234,24.834546336635235,29.678261528089795,22.533284353933304,23.669405422636558,25.44035222898544,26.727311776262553,27.65034302930736,24.607827544882216,30.884252879405782,32.802698104597525,24.156039244097094,25.283285139694495,28.69037179872773,27.060225944985582,26.081780385339634,23.96394592964783,31.399576419883992,23.905661813828335,28.70796549065605,29.956715990058317,31.394568795956907,28.820568508932425,31.2064850493886,26.282972191957374,25.754507477989762,25.007170248025353,32.14058275855048,28.656748573045952,28.403797920481853,27.95351313017335,25.79042065496486,25.829998958001116,24.68870172138939,24.247705034589938,30.096601198895566,27.42708444067773,31.54133450776312,28.812823858421268,24.073985053147887,25.758141725165544,28.636144314818438,15.297254740944014,10.609033166040435,15.753988521258712,21.552215002021487,14.26816894685222,14.524729097277781,20.66779636562338,12.861610983825292,12.007084040589218,19.476189927574374,12.833594237400346,21.904737201100126,21.890155507189153,23.29415278836914,11.539551526024635,12.077534280146429,20.42578450098788,24.256188551498642,17.841333061505765,13.55158640571191,11.99827199726838,9.678029170362413,12.918165708581313,13.108298587022574,16.659205193551795,12.713690360550439,11.024305295903913,14.243676497230549,23.578523818047962,11.443868425620888,15.391583292679103,13.689227288648627,10.443919545756835,10.280640060832884,18.16955931390134,10.841767455832322,13.640181098995697,21.11727266638495,22.64813110262189,21.083096347581275,11.291630398029861,18.87651779791328,12.582952940274753,20.31432638718265,12.323468447384734,9.790601913688182,22.952958517907174,16.974539092889092,9.84789318684707,14.701215684708462,21.32264739155361,19.756855830744367,16.852611078253616,13.549867349270668,12.25429354780516,19.358172423278095,16.29305240252847,12.259213167015544,17.035682367998675,13.829073818892793,10.50199499180839,18.585043767530973,23.39026684903498,21.8287440636027,10.43481888408812,10.306866677822642,13.80927947740936,23.42202798108818,24.07419762960925,16.839742495381667,19.65468499826602,23.105708078554088,15.485392711900412,17.468788297795733,10.981406130239955,17.0388628768483,10.447746740194841,11.218754326370025,21.81250758401895,14.605200374061772,14.383332250189367,10.02020543939506,14.03365952117384,13.334159774679664,12.50122379700821,12.60282242889483,19.182890090205454,10.0319355405256,19.38135239290189,11.299814546904573,16.631918636783542,13.838152037107626,19.045209737008797,10.666192518717782,12.694553677259597,12.92745140781085,11.751193866566213,13.181570219833326,14.214969497034094,12.988290937678448,10.63091664748551,10.980521343193566,11.147032131711745,12.015168398448804,19.016371110478303,22.567835496834036,15.72668084143278,13.756008593146234,19.503234322241497,15.303431256996797,17.693669035980136,11.292251860677757,21.43168235968906,21.137538925403568,11.648457409745806,12.238870339138092,10.544390792333953,10.026335412745885,10.064511545403857,13.64780473783008,17.476157268609334,11.200286407457478,14.545190469957774,13.001547700519705,10.223940488282778,12.710371730905509,20.29867471701014,23.309993075749315,12.321876790712594,12.54427465651739,10.371072197542523,10.063068211262204,12.298482204526168,10.649526773383508,14.386228063357215,10.79089681338144,12.20845214680828,20.99049528216668,14.11443929550175,11.723673747279825,13.048178269663415,12.54876858457262,18.81197019515262,12.505662263818987,15.292858203651264,12.088073785132277,17.0153096200367,12.473900878623807,13.5963022144977,17.762605135172027,15.151725630916824,12.148790900391877,12.826584255347656,23.192731955585234,9.845903662832976,17.6485420921559,14.473582997297733,12.660058818382318,22.078647857781082,12.03702251103744,21.56817405561353,13.614371053640454,16.686431760703687,18.64804015717101,10.740611005853706,12.717289387741635,20.472602866610657,10.020214037429898,20.77157698950144,10.206040698289218,12.450601310991091,14.581647346246038,23.261942336852076,17.674026521578277,11.940139555763313,9.845926652385577,12.46918984902713,12.861236175987772,11.46239160405075,13.246525321495694,21.350386534855836,16.23141300683586,15.56918427822787,23.41311236164249,10.538426654000254,9.705720235332699,14.093041132537014,15.089306236749433,11.37872016452805,9.743123392973478,19.95536522090545,20.61644015444019,10.87777227333445,19.49418960721205,14.083875431420493,12.633089852094624,23.384226078694123,17.47447052648096,11.683287332003577,17.509636073042135,16.580357905792834,12.59820671552087,10.58545503678749,12.59929136920716,12.712232459190785,10.034503589703343,11.964043875659856,11.751883937250144,12.865940857324988,12.649899134413518,13.098546633690477,18.876404307777438,11.989435979199365,13.656540384486798,22.824139793064095,19.84144238897409,13.79813298073564,11.059154842014557,12.428349423867127,11.770150617840327,21.62642733306643,10.396772877161016,13.666806383710723,22.30623050658144,22.223075534395022,12.939071233258012,12.461256130588641,10.892247456232239,14.690434677322258,12.626580863596432,11.746107134834634,16.999374257274063,17.89731904585897,19.326974471574786,11.550211088629432,13.734051662854796,19.93235966929655,12.966066060573848,22.461002747162524,13.437606058992294,23.23863630932088,23.240934102537807,11.448853648167677,10.742958011920845,14.541482259375533,10.503208003501038,17.09844126081663,23.409532876713747,11.670658344462563,22.021020601055707,11.321225032635038,17.24806695745564,12.279150074158151,9.589918897359025,13.180515875175121,10.644299635193288,11.53189688608968,23.895561937498233,12.173174945860564,18.29805939361364,14.691521119788453,21.28643119731193,14.313009158868264,23.95024363326043,18.954615226256614,13.945479392525854,12.788374277170371,9.50767923653765,20.045583057522514,9.917712400534848,9.964332972351563,13.701458588886931,17.937429254931594,13.898294675174533,21.854725380827244,18.413455885508153,13.900460898231598,10.439179071723322,11.222197527963583,14.074767825094472,12.591826802396731,12.028848648049408,9.979212340972454,17.46350878527583,23.24901912474045,11.845712541814102,20.25611937353275,13.646960173934298,12.565537044739402,10.879464984378005,20.984378452564002,19.232005925548993,10.910056213973332,22.812807061143737,17.038661820379836,18.98311922075781,20.54435287535114,12.753130964550063,20.306004040253715,22.361726919683214,23.76673495262487,24.109573793701916,23.623804654246182,22.30854737398464,22.633740730232816,23.799648799647358,22.577252228640916,23.39007789721271,23.804002186079884,22.25305572211148,22.263131800361318,23.48697040302406,22.63007642506481,22.818195146374634,21.356517294139437,22.7460298292277,22.253170026484185,22.497092911304957,21.713936294911537,21.325674873457768,21.33308230078685,23.279467182865147,19.616143724468166,23.49041267302079,24.651301276699623,21.842228955834486,24.195417331596605,22.295075511713875,22.52972463578777,23.351624411845343,22.686086232649828,23.47280137835691,21.406230715984734,22.426500231424182,21.5807217278552,22.540168226614412,21.893504899743874,22.706786368400834,24.128787598932828,23.06729742420691,21.88234682698664,22.672064848606897,21.914089010639653,22.317983253335594,22.460020085106333,24.308304772732686,21.290513964805786,22.445768480421595,21.69447494188275,21.042069474163686,21.026090806143404,23.71839735229772,23.8976547121867,23.003695512599553,22.252628878608565,20.20143693099052,23.512428607225576,23.18896806966483,23.211598545765874,22.28719859438493,22.13828548714211,23.87382470326944,22.973754973181666,21.624587617475225,23.20701070405107,22.227484003365067,23.29841047370462,23.73650259249553,20.148411821235918,21.970040273353536,20.449770427510646,22.804565761212505,21.394309587303127,22.119707507846265,21.989712741954076,22.336169469591688,24.942666666861527,23.498127785556605,23.51136476002178,24.155564150445468,21.96447334690494,23.758576930292932,24.587022073004633,21.835557606828864,22.643195597708743,23.079614355843656,22.24025663387412,22.715070342260784,22.667684362100985,22.700925096982548,24.84095791670233,25.285116335716175,23.088622961389675,24.150042381388324,24.33303045688034,24.21159957078327,22.802141549686606,24.468646967514925,21.940706740734978,22.866233784918126,22.935594826849027,23.56011823851448,23.222135804636647,22.06271791355858,22.559799200657057,22.88485947213526,23.1106722807272,23.43906178743835,25.3241555636127,23.007390900580706,21.339288187283856,24.31246412666225,22.13598001877567,25.227900108128512,23.17334868592354,21.058394188872768,21.7951048799584,25.023797915930306,21.10327394307475,23.963458629626594,22.32990310884861,22.918667943865632,22.73524083061242,22.88608195830221,25.34079420897245,20.577864746138598,24.354470168465813,23.861757285050427,22.546999287570546,22.183071330845504,22.78501532983848,22.80293516330426,21.483364207332734,20.591761523831778,20.057934364551894,23.91311370547853,23.372081033314554,24.431519878034717,23.07911967191896,22.80763519575049,21.881502758517218,20.779975786907066,21.76624715084487,23.243256024938226,24.034406248720206,23.612197783595178,23.483760798613787,23.634055029536192,21.833909798902532,21.692526791622054,22.626357025328122,21.067253038649483,20.90233164892422,25.28627137651527,22.129300305135637,23.361116668760584,22.35973825275258,23.11908989553794,23.765042287021558,23.541788008197415,20.063408357443166,24.96179376766753,23.83264944139251,21.343294527966535,23.903654689336374,23.260440746240892,22.345650405983946,24.298861191116494,22.550187245059966,22.198790074184434,22.68600489962995,22.886241178191124,22.74719078618076,21.9769043314617,21.70257861812865,20.437085150858724,22.192514071610923,21.029977064239755,23.524453169998935,22.831979506946016,24.25069002356351,23.156675655481507,20.95059128741064,21.29088572234821,21.339382537237697,22.35900958882274,22.758223669050107,24.727350619417816,24.044116977750846,23.643890351399826,20.706095390420174,23.216611305980507,22.951428299947874,22.212212417677552,22.892432555926806,22.444793108872872,22.047009896374902,22.714086600613637,25.67740496504445,23.288339202311956,22.928476395635293,22.048154336373592,24.305341604204163,22.476551720199442,20.725146682524493,21.8608476028219,22.112325282336066,22.561442638962863,25.065848380504747,21.67559609344662,22.628154068669623,23.265402212388306,21.374531364796823,21.654522026396133,24.722681845395076,21.884270729808907,21.93966810142316,22.2800301424447,20.186595910794512,23.014393434531218,20.032816124800913,22.248530077608635,25.278469422304124,23.170969011689674,21.889258282193715,24.318555191454948,23.239916118086615,23.509613348300682,23.47401686938823,21.780616445964853,23.47954168395689,23.809740805228078,21.964884133125906,24.60786129190042,23.01386477255315,24.219023650445084,22.669724670639017,22.93914607208348,23.429256765785595,21.34758190050108,21.525412757838364,23.626020867790334,23.384496928263548,24.79576399542864,21.9157092514673,24.533475882795244,22.027686053143878,22.962907427042506,21.86310638902881,21.445866811395714,24.51821086777537,22.31498943169022,24.336334883556617,20.990723380511277,22.955332139445257,21.811558600895147,19.85550774917181,24.869448123184707,21.980638655080465,24.42570995578256,20.92839769382326,23.25715212819679,23.591116351003492,22.99500799394402,25.299934073379053,23.828878966848794,22.50402776486542,22.245973690912944,22.797052529040087,22.15368117790312,22.057844661590156,21.301173112405635,23.03677305546175,24.870781634366814,22.851585526401497,22.95907792095698,24.62567969942858,20.968501474266432,22.902167179612743,23.602887919702365,22.612033652419864,20.459347648372756,23.55833734336851,24.12513746491908,22.761040699613716,23.283075847897077,23.56035994969649,21.80127096516702,24.35214715794177,24.04840722510529,22.422524865173706,23.842481988289585,22.730099489450815,21.85421411034226,22.76130452488938,23.35448144707249,22.756970015188625,21.647480149145167,23.664504145560457,25.521356826904075,19.357297093445297,22.231730345042692,19.668745683671286,21.928587896276625,23.6161303195972,20.688541623995434,20.86050069146772,18.963002065960588,21.952810309430934,18.640449897711473,18.510639617157633,20.336638043292975,20.824915925188453,18.669987222283222,21.837073985038273,23.16406684242603,23.342996557326256,21.974745838881734,22.782712698856848,22.14665890156366,22.06236748709662,22.51610122676748,21.897799413769988,18.10311106825623,18.573086138200072,19.826023808813947,19.238507092228858,20.169183690788092,19.881536961813303,19.647049853434282,20.568497495848643,20.490441404101826,19.72146304044343,19.910124063683746,21.404191786138107,22.96758407028469,18.627594050890092,21.578822557906964,23.293390710411913,19.347604369793984,22.012398768712373,21.9415685537654,18.588919167349363,21.43729977377103,22.022623153024725,24.388575144018482,18.23873954312544,22.60927343371406,22.768630407162252,19.78630288693306,22.045977456996823,19.00414662750506,22.50341443758891,22.5950453207223,22.40219559509215,20.670532830053293,23.05667424830618,21.196780589157225,23.645733226761777,21.461189832274982,19.692926499534906,23.8704195452202,22.041151055022173,22.003336223281106,22.57423340280753,18.202801488407015,22.038616221283956,24.25766866829343,19.449577766063676,19.268451084218608,22.647150203983546,18.988836773514432,19.709035120666485,23.07749399519515,22.567423832753683,20.40491256015149,24.53013640123926,18.155467893565046,18.67595234737527,23.065542643897583,19.626075269787442,22.819743504761743,19.00272055903513,24.16042730813148,21.23319317531604,22.070470148149294,16.94441702168753,20.235793819045423,21.864405886608647,21.833605219842244,22.406604707867327,22.314446012468235,16.348047124450083,22.361548077677867,22.495050086926987,21.92456084456354,17.15107004491375,22.2980543108754,20.320357715817497,20.800788053216284,21.728406735584773,22.155797474260986,20.788096737147026,21.755210692019563,22.06683708897747,19.98242886458058,19.063736072152413,22.562006508943224,19.09814336630951,19.310082941919045,21.362040737391307,22.779182124075078,22.62157202456521,20.150424448297336,19.997626259875858,19.253774156855215,20.999340773880036,20.34497921534752,21.099079598485748,22.75450115468464,22.187677245763208,22.166952094037512,24.110490819457635,22.49050799697811,20.253481027018758,21.798777193493688,18.162174273737346,22.759671769382592,22.772093381847636,19.459436765919925,24.234427595258616,21.085643252413263,18.527414617986132,21.762576760002368,22.22404269152991,22.122836882716157,22.48279797982678,19.700888111688553,20.662938582423074,22.6349110981287,23.452665096101494,20.308712144256095,22.506286736549885,18.662877472997653,21.388770268316133,21.75850998944499,19.312231483396896,21.763148154443517,21.74289206213312,18.79579130117728,18.215205259856333,21.277833175007554,24.12213557545029,23.67492987742772,18.135244118424172,21.179740273036398,21.299763039989315,22.61103049500942,22.038677623703364,22.639474628427074,22.58383816992828,20.770799686261483,20.639716718113114,19.419231569974944,22.81266271151191,22.119574510378108,18.481839407984584,22.786377480748822,22.16776536808026,23.29105560771204,20.51393981203876,22.30132542207325,22.182000039861244,20.18131517188278,21.230471166331785,18.629820327961433,22.242776612134833,22.91104585155021,23.640468170490074,20.177611020731263,22.835486107527327,21.99764568313351,21.033778511607608,19.494850965864106,18.325173742307292,19.96329211361658,21.794167385307023,22.255128430483197,19.614071591625258,20.05564011347413,23.81330861896551,22.16304708149663,15.959935750836244,23.973302272965913,21.215940695068017,22.239792970062986,18.977525346257895,21.93976758044365,19.28078531022197,20.848557218249248,21.414812340343516,18.75006608998687,21.210576140882242,20.49366602622394,21.909929336612915,22.43334152468215,18.653882737966818,21.045052815424995,20.93549863559133,21.364659853633537,19.643714241724446,18.40904032397293,22.592626840207817,19.947993186229517,23.439566030928994,20.415411798620497,19.707266662038457,22.11539684904239,20.165156846602603,18.236342068221173,22.823723496749427,18.392568382854463,20.213736814294688,22.128229538810775,19.740232587437237,20.44014785764665,17.049595164205854,20.91282344859813,22.409487577894193,22.83645069058076,18.432274670545773,19.756284674903725,22.429005175824553,19.18839344113967,21.339147843157907,18.627240131206538,23.71445243342751,22.812318656672623,19.105926649429918,21.564835569600664,20.502918676111946,19.444034306004042,20.708222138434394,17.705319593166767,23.187378365956622,22.492453711064563,22.406610601223445,21.18845139532034,18.219838656014986,21.58416896794918,17.826511650795126,23.008503963516308,21.12289234112654,20.54127870368886,22.30803089801663,23.14334568561739,22.443405757676885,22.694764722833416,18.296896115514485,18.497951888847147,18.44568766973689,22.089465746034573,23.216519801794238,19.241401527989613,22.010227746804095,20.616580767132003,22.88748925579522,19.64901901736484,19.544287745058487,22.848772842530263,19.236356749387145,22.16910737591886,21.98612432380448,22.667337879875653,19.757981141978433,20.212128904772985,18.136113764278615,19.02344017407576,20.428197748601523,19.536007543209468,22.14488111616533,19.221731211696014,18.697138050120635,19.481166820542,19.181121716317904,19.55565125429466,19.934104670112156,20.90869144182134,19.524310092636508,19.150179177395266,18.584850944529062,22.727607363784973,22.076043699274447,22.06528207751478,20.858057083880205,21.380687880681027,24.457668229252985,20.42679474956484,21.77070524642189,20.874215768316873,13.431906385099774,20.94573205228328,20.08185939710042,22.381254262706868,14.115278209587416,23.063035606835946,15.90016098439086,14.453453007343793,14.544445629165043,12.942408145099677,20.300979396097272,22.825562773201806,20.66587173424957,11.662805715802754,22.278485267781935,14.071244909350638,14.887689266195215,17.32133174769441,12.100746441476359,21.100792855631795,11.9817665435359,21.878499329220737,17.678424524488946,16.329696513893087,13.667138507868355,15.489827133544212,20.81617395702082,15.067979813976097,13.687860792516764,14.730862615120662,23.038131447052564,23.700090292513607,16.473287851046784,18.933125674179347,13.863252709838687,16.861703944544214,20.29691068851311,14.300863712009976,21.397466005093516,13.76177568301395,14.484711624360115,19.1666885453415,20.212473779085542,12.496434171998706,14.95674423266118,15.3121688862068,11.498373860510052,13.532542350697758,14.089190595253324,15.994608731023616,21.584965289271597,23.007716274551573,18.685024741516568,18.870513534784315,14.704997071817262,21.362830011394628,17.62428045459697,14.082917796733543,21.376880966375236,24.44612229750928,15.119032629436038,15.604696282968497,21.787586618956098,13.482340214766259,14.739087238531466,11.98260466862022,18.70129816272484,22.823597920441753,12.143165051732126,13.274481373035703,11.563267664704558,14.099182455956539,12.013991649001937,14.128243036775338,22.239850778267026,15.945538661707378,18.944856554295573,18.498251011174418,15.010447897799233,15.459996311845556,12.159464485016413,15.68156138350031,16.557696734974833,15.293965978721507,22.57882211207305,14.268787400865119,19.801069117867108,13.215310618396526,14.140516715379004,13.721460403084011,15.875044425185825,25.528222585748942,14.768386002954482,18.22096479606031,16.19262281229271,22.870134033629522,13.78249431083241,16.664587877637203,15.252255779293513,15.050978395143849,18.202313895951647,13.488325740365214,20.935814626839,18.93689262102255,15.330413266659452,15.276991057390173,13.742847585538719,17.474733942277275,23.526534141499152,19.31801976150399,12.904290808106053,16.28805654356161,12.241869854208195,22.80721705695152,13.950464403112939,12.949692808432527,19.265741655670944,17.364328544361037,13.572741875399238,12.549697147406384,13.981851916473396,12.317634363783814,12.619637626057827,14.79326020984208,14.120972644367976,13.786053448500667,14.772601297193795,15.471651079876935,20.08137004675946,12.700335727488051,13.980985574054468,12.850362729512867,19.826234688582847,22.084637602148067,15.007945104134222,15.32238557628966,21.8472045796629,15.462272000834956,11.545074298160651,19.510332360105455,13.836265724864118,12.250515245952274,18.67849644586641,12.648671398657775,20.364757773773675,12.850605132864478,12.16196913800326,21.930731525779713,14.256099463541489,22.610798312666844,16.859661997224052,15.153286502979299,14.59895006847387,17.399450525884895,15.150193776890632,14.459548935204438,20.336185777857565,19.97706058225444,19.883883372876,12.150478587752433,11.542351230740278,13.217960759668559,11.562966349793461,19.996403892227534,15.009838806847217,12.087729042005037,11.688866452402223,22.581567756020213,20.581392266524578,15.02616267140227,13.945302351653304,21.85188597298567,16.86732602435837,11.66077475557236,17.853493854049518,22.442718572096837,14.754162336025576,23.186750914228256,15.242282888781606,11.705631160455237,13.671725476367357,16.23958982087601,11.750036703354649,19.213360175342057,21.605269516890793,12.769548825564808,12.470584512834007,12.564588823938841,14.588043723424423,18.924093924383442,21.761915622255795,16.131702660489264,16.343699528581247,11.979553680089703,11.997661389796363,20.158923240995907,14.409393662481973,21.82273195165905,12.697000590336788,16.89459495811952,13.771942963074483,17.375370147678137,16.829090118453305,22.026071809553468,12.203679877370355,23.29655383347161,18.357933736928427,13.125928740905456,10.795043761909689,14.40116034793393,11.340913147873827,15.521244962897292,22.39940989342055,20.540004079050753,13.408501817763597,11.806687218459071,21.17074654380761,14.703767226534591,10.627310854040902,14.598646465834538,18.13677329456936,16.808663561627807,16.58926956062508,13.483106040950638,16.624407595844175,13.029746361536017,14.722592179834956,13.196828021772,11.487125933836834,15.285962730697971,11.745124036173967,22.51559698816855,11.498784804361701,17.870755139233722,14.420497094365345,14.085766085811875,16.490513469480888,15.775077483362113,13.956704425240376,13.753749559326737,13.923427896581357,13.97060919360363,13.590196737439458,15.379370117809444,12.974890073338798,17.831799757723374,22.077117015944697,12.503787901016079,10.434658259782582,22.363539319401312,16.33967492475534,13.008887243889495,22.41856179212139,14.104442334126674,21.006500579134684,14.661417536217392,12.318312877622818,17.81483380849056,14.020492950684778,12.553924771989553,14.063117656262394,13.37745084658647,11.97893830599619,16.54641321275205,23.92068455011705,18.134521568291454,12.183149216817798,15.43859253793212,13.831451458262068,23.668745270616316,14.991041052451443,15.943688187586739,15.102543892631672,22.53233405258676,12.477270031157415,14.885095015959363,22.54289935323073,16.2208813381848,21.14848711218535,18.754553821758133,15.620190503622148,15.893369149641394,13.20996045018412,14.530799476417634,20.366561737322822,12.148320700466575,18.41967593388102,20.295518327230088,15.93993889248749,20.14886872711961,13.099969576218156,13.778288476738828,13.786214596728982,14.24501581132686,13.878944101036382,12.651208895869537,12.599840615675397,23.44785635054677,21.237967241215202,14.681179037395605,24.653082680816812,19.967045142195452,21.996758080863675,24.683240114063302,24.448980045694853,20.8809723631216,20.866625497741285,21.102891318396704,22.507623827672997,22.810078641339764,23.85006869850558,24.595697796703718,18.844184331052393,23.442948114714586,23.74949914067848,21.559424792514772,20.11536498788868,22.622481768674437,21.452617836622213,24.01295176908755,19.89361602478322,21.95117680861692,21.102173614247672,23.509950427242828,21.486337136214225,19.386055691002046,22.551044026438824,20.50452302555179,21.517498350989584,21.842129298559065,22.719392296722354,21.64352493067493,21.45690936318006,22.34681704628146,25.016163358215795,21.291877477568157,22.17567687899973,21.154352388140108,23.23887635146706,23.266429732793227,23.025288875654365,21.892355422569345,23.368686451698,21.958774389491243,21.924224120298828,20.304380680627858,22.26868578020282,23.239203644971173,21.797253633336393,21.728276437376614,22.2371880773635,21.816683631928537,21.043550800321825,22.30782969194934,22.824613758621467,21.731794014687853,20.135073802294702,20.1869479534976,23.823265780924807,19.873062654228544,20.921280398272952,19.743331869167385,23.779435694723094,20.20393984169767,20.65830920819169,24.070064204584437,20.228502635108622,24.00483470217413,21.31302505160458,22.22246571355565,23.35656821851526,24.119114101049757,24.62120429208358,19.83413010613706,23.44895719985474,22.250423326496904,23.662161119334154,23.50836097920022,20.9168015821891,18.365641370991455,21.837797860324464,21.579912875219225,22.359236638156883,24.510290473887355,21.740267142370403,23.88909298027486,22.55853822734949,22.57534475034708,20.30069433379885,21.281491635423397,23.049928050572355,22.146830109242433,21.062298069859544,25.646899735936568,21.557338451587228,21.852066732553507,22.69584127070786,23.96743730345846,22.443990021232555,21.088616195181533,21.846586888047213,21.89156344181615,22.981160465849115,21.835753379271154,22.56468773631503,22.47357071726611,23.110722768452046,25.7124933684015,23.09035754740715,22.654138274783715,22.480136199577384,21.116483530790653,21.296380749235666,19.34058647514601,22.76101075331126,21.211736111418613,20.703857375250703,24.109329726041913,22.845267243628083,22.299773674006975,22.967437216675698,23.064265724128116,22.148286444887308,21.117692728730926,23.430012890459647,21.159802132374892,20.239417423459425,24.272970090802165,20.142657945128725,20.556649657739527,21.255719693506887,21.126191512853623,21.5130805917359,24.03559235422549,18.93774257937153,23.369567965827294,23.84652438234562,22.628582911886514,22.317728765824395,24.506642283875266,20.58934468438076,23.97602166675094,24.462989040584777,23.58345470822619,23.62460779563469,21.61028563094432,22.902583657710405,22.4124453262712,21.892602798532508,21.98608801177556,20.263530746054876,21.206855747421024,23.160130057363528,23.17418154686381,18.358432257132154,20.812549392762605,21.48833887700334,23.47750423098079,21.102548830154586,22.28711666783063,20.757976784561947,22.164018235254037,22.756454356199182,22.530756713996542,23.40836902656135,22.96994524844553,20.948813515242367,24.934542562956835,21.437032720449874,24.884544114367205,22.614265657305165,19.121845153074442,24.134263899609955,20.614311968523605,24.858538540107958,24.595044401307746,22.720225094708198,23.011087696288108,22.905566043158032,20.630998966554703,18.77443964697539,22.550634597583766,23.78904128148288,19.294041005303566,21.67796889687109,20.425511705864004,22.765528680974043,22.679170950950002,25.584676389827525,21.702673751390048,22.3475423722483,21.566978215202965,20.22494643152745,23.25451328522002,24.684597996888485,22.818582471286046,20.936268166604957,21.758217438284223,22.39872206707333,24.036431746049345,19.763620544337186,24.833504498599737,18.073783134257848,24.24214105785738,20.506550937327972,21.265865907988516,23.8876560510279,22.907018602267605,22.78398255326212,22.360392533804266,22.547766035213016,22.78372001116867,21.945685979286292,23.692195967742038,22.741773994546396,22.250442279305222,20.860825161953834,19.732803650414727,23.932231986429112,23.20380643239199,21.79726915970937,24.672791127959645,21.390268575700482,22.501671322921165,21.423857277208345,23.43561498838381,23.308547630482018,21.311711267263178,20.570211848925496,22.679814699877937,19.460683475385324,19.88815901950625,21.05610785056478,25.025610659950324,21.955472521731025,20.877325823792738,21.785506268053677,20.392666254105674,20.089789124136242,24.246447868550188,25.772568036347238,22.230111494134416,23.38882929516108,20.52834388501467,23.275307766313045,19.52683559575417,23.77098083970037,22.264856251783822,22.010289044978002,21.3813359545873,22.7788350904917,21.61770115614734,20.7172833368355,23.13726603181006,20.648282712889294,21.759112128252323,21.751041592359893,21.447658204527233,21.915890277250515,22.308450108164596,21.227607407928648,21.13938252714636,24.32497650804271,22.592307589891302,21.315011280669864,20.546140349391635,22.530378840611156,21.073816367017447,21.685693703980476,19.66630408609902,20.24127993786132,23.377260262923954,21.951646252629256,24.219735238944697,20.870550506036068,21.55020903216481,21.291562082075448,21.248316767267582,21.013115774408494,21.139678800168475,24.66570094350257,20.323787968944632,19.766074102759386,21.670844404765553,23.612081339433406,23.416644459579608,18.449093192164426,23.403976675790886,22.265195546825492,22.667632571616476,21.666175594596016,22.90749089016354,23.174261512497345,20.655003497474983,23.37535298184994,22.29335189921689,22.248428221702344,21.449674670340443,23.093204515813646,19.267351571943376
73,0.5350141290560209,0.5241357745522545,0.517016972933494,0.44843754335772656,0.5447205500911291,0.6063846957726235,0.5675252421025044,0.564137615482654,0.6669399080220677,0.6039237724429937,0.538047136149121,0.6356103460670207,0.5874215053475084,0.5903616143971094,0.5749579493904374,0.4863388883805189,0.5692995177538609,0.5187887513043299,0.552374213103741,0.5943686840135273,0.5544511712555179,0.5052484097153124,0.5529343075011861,0.5921166280402398,0.44052933208282535,0.6513184159857482,0.5235756623429583,0.5231706558158327,0.7085023175740015,0.5956645596948138,0.5076428225214568,0.6308754328291326,0.7340951889266603,0.5006949207650002,0.7801126029089037,0.5199866923059336,0.5383481339192958,0.5875753686766553,0.6570747237091284,0.6924165202347321,0.5773077490958743,0.5755527645676265,0.5556510608517997,0.5490507566548027,0.6178718472246341,0.46323292019519147,0.5411605828052882,0.5063595117549884,0.5437159628040571,0.5771416149151026,0.602162219739703,0.5048793608629004,0.5287804914524271,0.5526134773637401,0.5492908637815052,0.5943328421206479,0.49528033582993486,0.5350012674014892,0.6019869354658384,0.5619480588841875,0.719260851037796,0.5321124334637589,0.5198377195680524,0.6113266673337454,0.6065524515808415,0.6177214851796793,0.5440842853454841,0.5069579618518418,0.6293730405949015,0.5759724813561012,0.5612841382037735,0.6050650809628163,0.5377928716208721,0.6170945454509826,0.5391190872042764,0.5051813222178191,0.5485724723798555,0.5696647924920593,0.47039027839553843,0.6446061541603714,0.4994323549476678,0.47961104022502127,0.5528475018870275,0.6423969553432698,0.5394856084595901,0.5510278964537443,0.567251388457916,0.567348765233927,0.6618917191409062,0.6036909821831532,0.5667334250566821,0.6317552478810824,0.613568352315325,0.5988082323931169,0.534170418157512,0.5529812722588454,0.5783290106014365,0.4735444052297226,0.7104222227746021,0.45967924968261564,0.5599752781876928,0.5661831197813286,0.5124854205328566,0.46729046806060576,0.5822503506194758,0.594211103454033,0.5320558032506226,0.47445124693899426,0.7832234692512092,0.5970102717721961,0.5677304756512321,0.537945807745872,0.5668117399681533,0.5226651373353707,0.5064609017292097,0.6178153180210332,0.5753698248800357,0.5748839647983138,0.45396382684286707,0.6768866169387661,0.4858242816241367,0.6498950454701653,0.5911591269042742,0.5701893403440764,0.442014712167974,0.7117148575809031,0.49097636466847205,0.5513525047056361,0.575638862337238,0.5445624803525521,0.5702586355875755,0.5886055644862829,0.5850971397382638,0.49801594871899385,0.4714047692503268,0.5012361572156151,0.7016460875302366,0.4861332610583411,0.6513578866780101,0.7823129126536253,0.619419088818692,0.55760814217877,0.5410789290204766,0.6154947198713314,0.5894112178290201,0.5591049444668856,0.5513180911218466,0.5833990506426756,0.5410337520732663,0.5828841864921633,0.5149222507344043,0.6040617276463179,0.5981480223203001,0.5329278097328767,0.6040909887724799,0.5036446261329715,0.5868461642113361,0.4651535966247113,0.5490607868586385,0.5594455168537242,0.641573913267282,0.5294542042928557,0.5606498024441503,0.5718816920041004,0.6186782241320719,0.6140412916509836,0.5840825753328672,0.6555758420294318,0.571547670833917,0.5384975215301797,0.5199021791395606,0.5698756267015723,0.5592658354591399,0.6787108666424042,0.8225101340282674,0.5524081429665084,0.571835872887973,0.5531700264872033,0.46327843932369106,0.5697504862349291,0.5470504417398735,0.5868462084337415,0.5660151427996526,0.5244523239076692,0.5627281442630943,0.5529599765474199,0.44442658420584336,0.7975789686123812,0.5647181474282711,0.4995319011803342,0.6095899543216828,0.5607309093183923,0.47895947045406256,0.6032278424881905,0.5989626974001178,0.5945907439124143,0.4571775023513229,0.5577888884255353,0.7445089588598908,0.6453635756119149,0.5611039204346169,0.8877608533980642,0.5395418290888183,0.5143716240126222,0.6096701431045233,0.6234217626300645,0.5752003175829603,0.5006686043264071,0.5804263427520551,0.6131872349088724,0.543701804600174,0.6026932951742526,0.4548393302750704,0.538455438005903,0.8161657031909798,0.7179069585392932,0.6064400076255736,0.528268171398446,0.6349276537714688,0.6943534574581902,0.6296760390547482,0.5222862507190836,0.5893778669308459,0.6019103086052738,0.7546091058339807,0.5839081426023527,0.4649896628765609,0.5509246851709041,0.4900863904836937,0.586321019605028,0.6793367036111879,0.6172068285345816,0.4676643999099931,0.575786470653193,0.6986471765984862,0.5173415175691646,0.5561644024146397,0.5396686103132295,0.5899218906799243,0.4715266788435793,0.5076617547312227,0.5196904918853139,0.4872129670782647,0.6354061292432767,0.4692073938328991,0.7248876049281918,0.5072865778346484,0.5448577018434619,0.658206521268952,0.5280669158457373,0.7612291363382747,0.7974217708117777,0.5539241034491768,0.608340084155431,0.509043789984763,0.5101757680488624,0.6487129205104822,0.5937618939626612,0.556880085554539,0.4765068629823073,0.5278297034031583,0.5828858528638484,0.5349792407963243,0.5949071555867539,0.47209774048990194,0.7485554016479101,0.6344733185855136,0.5618425098061527,0.5296187618764342,0.5508880812401606,0.587803047961478,0.5754949429690203,0.5942814022483597,0.549643487171633,0.5272046242497604,0.5071776611829081,0.4690659135701679,0.6167897425674183,0.689436788644397,0.5545282947914724,0.5155467751362061,0.7807230236553088,0.607047321885359,0.6311944604031879,0.4777839150944614,0.5737095885890765,0.5253730664288269,0.5541212662791108,0.518077538873402,0.6419934638973388,0.5864184570512445,0.6180741836417595,0.5694662378036652,0.6026779295656765,0.5749540739630034,0.6516815261635734,0.5701390564370677,0.5099413461251673,0.5702782290032707,0.5732054776425913,0.48332697431165084,0.276374121603339,0.3450410500520152,0.5108934717496825,0.5015140079984228,0.5701884264389808,0.6253705723723278,1.2708614204422413,0.4661842283139827,0.33507640420690615,0.395486256956121,0.7604045947947677,0.596372168699168,0.3113117144448468,0.5393383241057604,0.454547296857832,0.5210759189693519,0.3521532795184746,0.5410103957202541,0.5193845048377413,0.5230876557239799,0.44349510335066933,0.3619608933973901,0.48584716505124703,0.730618684123857,0.44927816070916127,0.427544638991642,0.36957335488822696,0.7185208732047089,0.7422886384220622,0.3000360017604479,0.5948215576720326,0.7282715164621182,0.5292393522316622,0.46612421970521284,0.5378515160859126,0.41209515785976636,0.7853506926749982,0.623128574315684,0.5917936223955965,0.6815900842278372,0.599504021215282,0.3117697845140913,0.4584161915112595,0.47813129529937654,0.38497310097358606,0.5108266873593301,1.070899730408838,0.5248128704071686,0.6051966435533865,0.5007263546029018,0.6170600575080742,0.8065691175668211,0.5705848092446956,0.574416471750895,0.358670543080916,0.5739315113706421,0.8283710773428978,0.28480523745665953,0.5511546842341529,0.7753822164103379,0.4467829699369998,0.3885780989754609,0.4461915254641076,0.39901386204466877,0.5191588506890222,0.6261673770702254,0.605624280781736,0.7272908731859754,0.5419284871271309,0.46693379958598863,1.1092724559829334,0.7401570390999682,0.3452779699374282,0.3553333811420265,0.5946132731293023,0.6239085088328262,0.2644517644240825,0.667059479605695,0.47108191176203534,0.6377957111221647,0.5170069131864885,0.7399691124109372,0.5933978007838204,0.40207210202564997,0.2467158356267702,0.45443294200125406,0.432008509478766,0.6843130833964068,0.36566934222261843,0.4707602507339636,0.6543124685957528,0.28749055766957415,0.9229965311799945,0.5761771022890672,0.6187671715698331,0.625120008764885,0.49407510170471686,0.5405142230436245,0.4338469041429742,0.48859795391737204,0.19574028736328647,0.3658673147437672,0.45922330935340117,0.4627361133502717,0.4096842562811251,0.7897564995010905,0.7192550555334949,1.4252115379850239,0.5527527003546007,0.6330109641179706,0.8219637435864471,0.5257424388281353,0.2558807880566961,0.7085879878365428,0.4917583958522718,0.7455142549332193,0.4501302566682938,0.6283164823722854,0.9862130571287475,0.5865327019652425,0.5176075358548435,0.5021205937914212,0.5306695106199136,0.5189697558062262,0.23719114952736517,0.4746525985791724,0.6956966199479517,0.36015190750686776,0.5864250800798494,0.2839510973529644,0.7410076688794554,1.036825669557078,0.28617967048171555,0.8190145893210405,0.8063676610818745,0.4453286422952359,0.4766576717615598,0.5711003129917744,0.2976040667897582,0.6045179295285312,0.23810960803447773,0.6564777855599263,0.626996787646384,0.581987432946368,0.5923374677548703,0.5083755209688955,0.6189275965069404,0.5259392286810646,0.5386003958246596,0.54036962380653,0.26518316248475815,0.4502635905280431,0.5563514375930272,0.598628150037185,0.602892141420212,0.8621735840863256,0.4439640298768671,0.2805869891012337,0.35019448680442394,0.6213195625675548,0.36005463531373433,0.3269881842324627,0.5413948021863949,0.5546433596953345,0.4339271742029195,0.4506782558319441,0.5654379463224921,0.6940469560220898,0.4013358261389396,0.5749733583776421,0.5329727285732209,0.5642459689040054,0.3621645539343162,0.5407272694302411,0.4569277369506335,0.47798189333234664,0.6628686515971646,0.5372818580466865,0.7680489102415963,0.4927188873495644,0.5136713482721055,0.5778489974999227,0.46985097884229515,0.4722403139341561,0.26540221054370317,0.6932673101433893,0.5373935903008741,0.5859647797186275,0.5877167382050715,0.8797209582071346,0.7732587534242455,0.48647575652306263,0.4644131554022723,0.452201456167684,0.4924970329689454,0.6524636585295954,0.5120615631019431,0.4505714881359924,0.6189614970042082,0.5378178731169119,0.46339072120407104,0.7034253130249472,0.4406263198239274,0.9294464455553159,0.5999022086120821,0.5691276647887628,0.3743741787741985,0.6891550816662775,0.4408997803244997,0.272714986102302,0.555082511649519,0.9237813114502458,0.45919199321559534,0.8992514756196331,0.6870532409218685,0.38557356925247155,0.32881746746615337,0.6434023606911895,0.336654765083703,0.4292986602810718,0.7317393366267677,0.6172455710015318,0.6412379766666695,0.9362522894692048,0.5954433442608232,0.5372396883273868,0.5336643219708358,0.45024898950324366,0.3316217649352798,0.4703862537480594,0.8477758992201242,0.23762247357231167,0.49340682153082865,0.6727226299320697,0.34357351993910634,0.5579738603404933,0.25887508487561933,0.2515147977125969,0.4234528552106894,0.47203205902707707,0.7854940472678583,0.6242702729997285,0.8235104481281941,0.5581541834167393,0.4490576348687705,0.29834001014553313,0.4674726169134406,0.6204858730572822,0.6638611008531883,0.41893758352619265,0.4649216755185091,0.5302679725581186,0.5467228356027496,0.35281198507967343,0.8856673455568035,0.584369889721303,0.7004900662179665,0.23792620630440436,0.6078808078574521,0.5760016683176427,0.4225103545687544,0.439102713110431,0.415524961180682,0.4131209062438274,0.1949099634199865,0.2061524492725004,0.6138388411659607,0.5470670149292092,0.8691314079680109,0.4698306045392668,0.33956713192282517,0.580180015007871,0.5367712513876418,0.748008486934715,0.7552913153513267,0.7377429784943826,0.3444781774007343,0.5230096345875853,0.5601014776571532,0.3616402189219083,0.608992152577763,0.39066283968611093,0.594482722734163,0.3450856904286316,0.40878737164997275,0.7009953486944173,0.7115912042994461,0.24064942445029794,0.4676655622518886,0.4522965888458736,0.4574886615388634,0.33615021722463767,0.5582414408176355,0.2202868229614315,0.45410589634844944,0.694613844786449,0.6974176774593526,0.7859858388715957,0.7086617427231885,3.1487655560527594,6.181129775817286,3.373300752740678,0.3825086929541142,4.759721096346424,4.572317556186361,1.2824189952144924,4.145366236555539,5.534074192718303,2.3320060830653784,4.153039609246038,0.7082667242304364,0.38146489385313487,1.3589558032695686,6.211132925932801,4.743776502249836,0.9555483002752952,0.3530863496903355,1.7706947367066388,6.135650898014874,4.780087591304314,4.857546435566272,5.126839278493791,4.836115096838967,2.9208815811969537,5.444704408225552,5.330577517853991,4.917857294866239,0.4407763369839873,4.28720933944322,3.3268784044792876,4.226573827754367,5.459647826613106,4.192763376211217,3.6531276653505507,5.840232482656342,5.196899454035124,0.37130863695468264,0.8802568625960531,1.7687937081502865,4.130370938252698,2.9810664948657455,4.747985438917475,0.4003976441219769,5.7560074229232265,5.012698635480163,0.3809460527372612,2.782296082262953,5.912616122256774,3.73805343742758,1.0183405211214058,1.0608078594951866,2.4217563737130785,4.965753469428573,4.747428178818536,1.2252904990379248,3.469421796342185,5.710293160891217,2.7598723162913106,5.338479175565678,4.652254609150836,0.9221290316823683,0.44812239587220043,1.3709593168875545,5.95253909076225,6.005200423683499,3.2113216553157513,0.4404792497790276,0.5985371739322765,2.7711242753095067,2.4613461202881255,0.9333923888607228,4.114799196369636,3.5156207339282326,4.893574317794474,2.3188647900532477,6.495498000481329,5.220474481374751,1.7933869702965266,3.5725046791077197,5.252442008674229,6.4292440177263765,3.4279692554546206,4.794339875599027,5.084457773991789,4.6857891639804405,1.951403541208527,6.4073678461838925,2.6586439531377914,4.11945642699441,3.1585230166679827,4.961048757629698,1.6302827185932058,4.501278430478122,6.728475282700843,6.563606512594238,4.578815216048918,5.086002968719192,2.932046016633238,5.414841140483428,4.980573979054658,3.8724529711035043,4.748110556083531,6.162977827821303,1.8480988180113864,0.7467402616909125,3.2742400038211867,4.712295198624425,1.7543088272862297,4.16487109950668,2.651386941157383,3.7981243020994997,0.6432069918504879,2.4082178289569054,5.405829682322093,5.564718426787355,5.671184316981358,5.909694841199359,5.15252906784577,5.198687553047809,1.9380723349175752,6.353392999347353,2.956280093690552,3.1198733497659537,6.037400102851078,5.364981133192914,1.6055236555115153,0.876266739981443,3.7647785928257003,5.122033980859713,5.397478432847294,6.120547180001498,4.674297196302388,4.515975959192691,4.744698212183027,4.509625327117023,5.5380434957429205,1.3756483704019897,3.7129749408410735,5.79869536504169,3.8810236872138395,5.243949923025991,2.303458379645645,4.878051295805287,4.25115669593584,6.168258748374326,2.716221577714298,5.137142789362621,5.038342554832693,2.1142922364413326,3.478706978654112,3.7929949129896103,3.814084342585866,0.693422275319368,5.203743789608267,2.5593087274514525,2.6021706742273985,5.290290839766354,0.35622000656336233,5.925897560028273,1.2619434884591023,4.9409880186368875,4.3620864437310125,3.5302933318126994,4.365995861878883,5.1464381567083395,0.6780605998985793,6.416690974188911,1.4436916275853577,5.775412763279693,5.9255034370618,4.560329607761505,0.39301234226849624,3.437042738906926,5.213060737080771,4.17580472490494,5.044970773925948,3.5038987130637005,5.500026178302894,4.794883532640493,1.735629316240104,3.5673597604429004,4.3537620153455965,0.8599147319220619,5.701408975260947,5.0064823197362465,4.782317078513789,3.384703712817554,4.700155725632663,4.683101552817412,1.20825134967769,1.1753093723232577,5.223139440805275,1.378466408405753,3.6086297498885953,5.932781047504465,0.4158052682237964,2.160482675266554,5.386686707614488,1.9621125526430743,3.6179912682391087,6.151158593179697,6.084390510324659,5.491791388229213,5.5393238254859885,5.365351198371255,3.4388555143762303,6.01346010138306,3.9403242024370857,4.598989967593705,3.9476800635233595,1.4381103562049302,6.146835274997417,3.990205671973463,0.4226914106548254,1.7036119656628617,5.009945649242202,3.889793032094225,4.279888751473106,5.518757348811284,0.8707186644002722,4.560611198660865,3.6139761485442277,0.4995521007007863,0.4635148661269087,5.3119066200670355,5.062468827003959,5.653670292162571,3.2040572565658296,4.752755500031749,5.404588764095694,2.7650237935360233,2.0522538163156634,1.5339016143806086,4.762669295891813,4.913789746969555,1.3784648364331213,5.422504095863381,1.0060905334832768,4.497183707545681,1.1161623599171997,1.1137043206997594,4.2895449312262395,4.529196177816597,4.739014328154831,4.605811111635347,2.052032943369879,0.4442668264460894,4.37178665210857,0.6983719582977626,4.507818936492176,3.3702143956311903,4.672317568167669,5.108936682110886,5.232806771924434,4.478799011404487,3.720154636346875,0.3857459481034392,5.305671746803478,2.550765863118032,5.616826790207382,0.9101656579367825,3.0326774887269328,0.33442508520364195,1.668654566500313,5.542689045221036,5.140343794118308,5.112635126906976,2.350073230258161,5.598301496514982,6.183775624315035,3.7477972030219413,1.2677297729100443,3.4160946652900024,1.12918184285882,1.599751777869885,5.359749810083344,5.017502571464196,5.1963535709401265,3.5967633637187877,6.81504013186266,5.5631077660574775,6.294216638717688,2.7514751150279335,0.6071548990215351,4.458562834357369,1.7540609367385565,5.330478126625462,3.735039133158368,4.273589898697395,2.4438158741969134,1.9263472547430522,5.37903103318148,0.3972169610210885,2.7593356373756563,2.6844379005829193,2.0773382798127837,5.520926897079421,0.41527114780623153,0.8827571853595965,0.34695592099379435,0.5686009343747593,0.3881190955183778,0.3258478143348214,0.6059499059499247,0.21837152397049478,0.22818264538285393,0.3632505318397225,0.39717412891670406,0.35093214846256415,0.6676488962465268,0.44612279537585325,0.5257756132127849,0.7447298928390506,0.5938785172762739,0.37097525282548605,0.4790433602083261,0.3881340766838182,0.4700035862052149,0.6095335988730286,0.36336076099357156,0.26953837857241786,0.28542007396085506,0.3283592571662909,0.3218107250228686,0.20275347140487365,0.4071422433387097,0.5563471586724398,0.36034585740114466,0.3729113814215379,0.40777352999495636,0.6433054887400902,0.7595635300244596,0.6555999201445629,0.32576331464156205,0.8417695066876054,0.8174741325679404,0.45478611750488507,0.3226494646714401,0.4133632737731077,0.7087237098928483,0.3752410688550259,0.9531779856043012,0.5841220299991918,0.3258240265501043,0.5322744953433103,0.4038839113111757,0.8422696609449404,0.5048151709365696,0.6359175942725062,0.5058188581914128,0.44764451694282864,0.6050158690213682,0.3303776552845991,0.6030489914208356,0.5841623193759117,0.37993161579304563,0.2997966322723432,0.2144570496449452,0.2511901689503615,0.3881406887293879,0.3499711171090278,0.7792797346730937,0.3237039491323085,0.4452185902116465,0.34918858444783596,0.377816913778896,0.48750363852579126,0.6470184790241772,0.6072429162001531,0.49684950007119805,0.4771540176574743,0.5723374914308472,0.341425422876796,0.28045973637046895,0.5464143935697471,0.2798267738351444,0.711653567822028,0.5592844841264386,0.4326567168832753,0.4014490215210235,0.5007307209812053,0.5497343952639797,0.4068557846176208,0.3176515237827205,0.5724430813170063,0.49030660074151144,0.8583356139298023,0.39991218328448563,0.588029028512096,0.6646471951059314,0.4014492601996311,0.428584860489249,0.3505331009975844,0.6752998868411764,0.33190527857488605,0.3658531602450452,0.3707379126082026,0.634071179344531,0.4248947158790116,0.33515278152786915,0.4155992279238029,0.3228189811759713,0.5466622325381111,0.8045899538456492,0.3431619412333387,0.41357353285470033,0.3497132137924451,0.4773630480229457,0.22641985843345666,0.6904431909831114,0.41499830769562307,0.26532370367506647,0.7627072739438852,0.3743489760540722,0.38919739217057975,0.4073755882325948,0.3050668532145824,0.46244594497102043,0.5176616709198434,0.40773405851272937,0.32152635202349783,0.6214010118356408,0.35319025645070384,0.39017152903060764,0.7305646364606947,0.7942617508139167,0.23975323347385394,0.3318838477889039,0.8064524471530629,0.37737867173798334,0.21653248955529264,0.38380921379494637,0.3624451214529932,0.36733473501169206,0.6192474556047094,0.48428989647188253,0.5551144168495691,0.5408672631745649,0.3694979405927817,0.40357286969567674,0.40029111068371476,0.2476378774038465,0.35124110400546865,1.117507252683154,0.5624774575725863,0.492585857143772,0.3707165450689357,0.3062569568236447,0.43316862753221097,0.369740764557236,0.3140416779259217,0.5237435427845292,0.38401527758366827,0.4001645599928107,0.3993681931195909,0.9043775307202608,0.6479425442787363,0.36987701266076245,0.48064518251713706,0.3417208483541695,0.5823858092370571,0.5228927365998794,0.549239117927358,0.6198853139378516,0.3992706110609463,0.35644131240196614,0.4376370746901129,0.37621451154998575,0.8870313069455983,0.35609943178989495,0.4043699286140043,0.3993303576117591,0.33617973257165373,0.38367142399048487,0.508023558340919,0.4177444139471634,0.7004146500922798,0.510973787829439,0.3532107876908766,0.3595459304098535,0.318629519110732,0.6544787097229638,0.4759617952402909,0.34443808230116724,0.3531912632217686,0.3496130041473863,0.9164804802874796,0.28836801122637423,0.3572972029939844,0.4258233779136869,0.7126229715261715,0.35950576527281836,0.4347036905499887,0.5221763041757697,0.3515948202679824,0.25455536854631855,0.4344769679881391,0.7006775098680877,0.40717975755886054,0.5114011152317863,0.4292848503178162,0.7414675589741638,0.3926976164890087,0.712360532001331,0.47709811595930174,0.35693819981769137,0.4262579770093611,0.6787870733657839,0.400420548542742,0.35800601590709136,0.37951564284522216,0.5892677414135151,0.34127004673268824,0.71107181519085,0.5248632849554348,0.9476593190985725,0.5018977482460952,0.5329917547132895,0.3867211948993027,0.6710209103029049,0.5743654164248461,0.5405853161968311,0.44511624768016034,0.34164899278629923,0.6026752778116606,0.37842636689510656,0.2957889336257316,0.6154199442868196,0.355527226783711,0.6849962529030972,0.3542625866218574,0.41133853683889315,0.3281131593484077,0.6678942162448309,0.5325410480123015,0.6973146896424771,0.5430919073859488,0.4396601074072567,0.3023582412333675,0.3528278413655336,0.3987112619350886,0.4406672328267971,0.7312454778983681,0.37210849202062984,0.27599971921180666,0.23813769933781254,0.6039353825081415,0.3499427433373036,0.3651817231564543,0.34183436583411303,0.30948163218346303,0.3857237798600912,0.37973098694478435,0.4421296405447459,0.25016475828045187,0.5698870669644583,0.6806578938308505,0.6973059069244947,0.2733479085692183,0.49605318641650165,0.6347586129813768,0.42400113936402506,0.4627807478039827,0.6115816924850102,0.30265185155240115,0.17015349300602045,0.348330530093517,0.4140767329476437,0.5859826053244606,0.31820405993315914,0.4192904599658532,0.40525902438868494,0.56007710739791,1.1777250600952511,0.46221226695889106,0.43273929697976155,0.43496153772222196,0.3605822224913416,0.28228435114646505,0.698893058880947,0.5121103443106038,0.5825454497052667,0.4177000268014942,0.40361816359223135,0.5497622385685511,0.6519773761026826,0.37884758123871387,0.548580285416579,0.38830170326440505,1.1352982276317813,0.2656748087670495,0.3871768305886551,0.3189252812449766,0.5366126136050641,0.5862598995866363,0.5666479618503999,0.510538719232557,0.45965603173783653,0.5793867614594863,2.3706645161452697,1.6822815546456418,3.082205930866961,2.1829804608729035,0.3419696521917361,2.0989299692204875,1.361207481586716,1.4560792084838325,1.1931646822794155,2.841698119808268,2.525021208336695,1.652580956920456,2.775207619855085,2.1767162742351407,2.355107476219967,1.8151867064056098,1.7037723607145117,1.1278972516881434,0.3111755686071494,1.6547171826332296,0.4065966461168516,2.7261475345025525,0.9292645995375223,2.298723597535883,1.9969094749753977,2.541270099194068,1.9997455768977173,2.652932305043569,2.351388702867322,2.378126550257045,2.0653683142360415,2.028314848552865,2.8472782614422196,2.304941293886368,0.8451533675606936,0.6985168396950849,1.0758059126727402,0.5010287198442466,0.2776401046986001,2.0675860914209916,1.1171081853273583,1.755752759028095,2.9223090639365354,0.7056120647326609,1.744956640299467,0.3862734688635858,2.0674439938297056,0.47944302175098474,1.0939262440743815,2.2503867152477266,0.7343770259618918,2.4253923281611574,2.3977276710221984,0.3845568680665248,0.5462315774661395,0.37996368548785114,1.1436134674897456,1.4847346352460435,0.3502993039062449,1.3621435461002693,3.146536804821543,0.9197492789922364,0.7120720093940603,0.983595952630972,0.7119958189243224,1.492155610404511,1.743787978633775,2.0008452030093196,2.16321660368209,1.088069492370252,0.7114387540533564,1.312259041471419,2.0809073366203417,2.207503431709122,0.40802309300909373,0.5655980068436548,0.39086133300582027,2.2996686285179764,1.0471263814807965,0.2902430338028388,2.0063171894913974,1.2054124651847329,2.2560682302454107,2.0407330869094285,2.0515057382598854,1.5610141906943198,2.686760599750451,1.5942404059356778,1.2923202648929408,0.4971859044955263,1.019154318256374,1.3631762444158546,2.205030355835586,1.5291654947153281,0.44707333837273777,1.1319916229740044,2.544382380251494,1.4148724173761968,1.4752474995408391,1.9716629658224996,1.1328102374364504,0.7490890762484909,1.9223980828543752,1.2407005085113252,1.8398166356075412,1.78077934250098,1.6103293138344608,2.561418839669344,2.622728825367353,1.6124237145100155,2.7136661557653787,0.3233528496896722,2.763779473539278,2.708949149841696,1.9874409463144809,1.9487555787740163,1.3368957829589556,2.907718095033782,1.5552760413169995,0.42634495519097365,1.4164039118438674,0.8052685926786974,0.37921096980907065,1.4903088028294014,1.6612716487914978,0.9318714023107205,1.4120010494874564,2.4618124030541266,2.7974602784902594,2.115054527443572,2.030075444204386,1.4668749423186644,2.5409123805395364,0.4077164496758697,0.6350489070586027,0.6348753593697662,2.6480924592631294,2.1492913516717693,2.2294328291580032,1.0741776024945162,0.4961940328901925,1.9390700734215314,2.4153356812461793,2.333263819697715,0.7241105457732919,1.482621495891043,2.8214987018856563,0.7319523856792747,2.3423509364236668,2.610742307540129,2.08961184558226,0.9796380550615728,1.0933330940127006,0.6125537000602246,2.0630294364338826,1.7560474389778242,0.7859119540395905,1.2945901049668838,0.5229546624165272,2.750896961779727,0.3980319970247307,2.106666003674417,1.7508006735687698,1.6676535793640686,0.5663683743994768,0.371335571180766,1.4543568981069699,0.3333269264814117,1.6319974055646094,1.060679733261376,0.816316024872168,0.5588900713195256,1.284359803899644,0.7815703841837291,0.7621621779995034,2.331911620115908,0.9114003291306553,2.414487235323891,1.0366823081088332,2.6220232856827486,0.6097691903891312,0.7138260263481371,1.8746045867008514,0.9370759407718788,1.7697957152595751,1.6723804054244709,0.9323267342878875,1.6818646047910444,1.3576906579588954,1.016957727049961,0.9918678691654447,2.12084298576136,2.235839410213057,2.3192905876715093,1.5786820559014878,0.4487106576466506,2.1791512276843155,0.6815866803742535,1.8037920277051605,1.0593741102851388,0.9750884103620591,2.339634063032108,0.4341201257290476,2.2155991879731944,0.7228472085162136,1.2406037093771078,2.012893089010149,0.9430547270018793,1.6366856217545378,1.4707315440229904,2.9364791842798605,1.681172110718199,0.4543993741845138,2.4281730647869515,0.25884651772546874,1.6245811580836553,2.1164983916302917,1.331047926865955,1.6668532883590885,2.187245499590179,0.32862469344003764,1.6816579958165632,2.0594152018930765,0.8727762711977397,2.169547526316253,1.773066185339122,2.1522600140804,1.4484757539221431,0.3185469707262257,1.075080585545623,2.486768797974938,2.762481755379676,0.3881833453611499,1.6476113359012765,1.8090142429372074,2.3117923152456865,0.4201588655461451,0.5690900872950432,1.1834805375822834,0.37987830147666535,2.3866345545061907,1.994685480590062,1.9301965050165504,2.3916491726678757,0.2855135577039914,0.6778151516502241,2.5093218896088696,1.8706605425735179,2.226421583496334,2.0533340373812186,2.3149816752418695,1.7802283915899255,0.7390679431024513,0.368462490041464,1.362348859770788,1.5195382402980357,0.6909797473597772,0.5275838005024238,2.4505288577111908,2.404148019759868,2.4594677715796416,0.35316039889004913,0.85055261931672,2.3248471271710405,2.1026202643764003,1.6498657359887334,2.166370053832578,2.106474712868458,2.0403174430944966,1.11067717262873,2.541383826371793,0.6073228857856748,0.719076869275878,0.6237096950819475,2.350164813217836,3.013455818105999,1.4768278025887855,1.8253242028879657,1.2732987103932496,2.1306404221810764,0.7958669977915762,2.1077370398219264,2.642809361789246,1.662252706911841,1.8400168908702892,1.8135864216084805,2.3384257903375945,1.3484720165979616,0.8615717935373621,2.2342080212479822,2.0072459312724145,0.3890194846407684,0.42784564634408756,0.8931164553684076,0.9435556527445987,1.3755063952683535,1.527757909481149,2.945213021798484,0.8469055595061057,2.3161684783272527,5.409638029237,1.3459064431124645,2.1505498463426673,0.6675528431133518,5.1962256621969205,0.6443297760202622,3.496766075301559,4.887237932074443,3.9544040251403985,3.571301755836829,3.388678848045172,0.6107682234052436,1.7844792231558253,6.264130633850217,0.6267645776717746,4.633918007743112,3.400845810994888,2.7377395061746297,5.390837608009899,1.2905694155477743,5.895696627888091,0.602074576713159,3.3481350072608604,5.133379555530411,5.289809578204657,4.098447100214914,1.0157345123207757,4.932941134832115,5.474849995476618,4.363843099775366,0.605395270056851,0.7142689248039327,3.088795671078321,2.50608955385538,5.076018972228188,2.8101247328261945,2.079324401945916,6.500020149349928,0.6882316703323818,5.258409204072466,3.5096024629655314,2.3544677538940366,1.3468110467267005,5.188927306046671,5.478960756532059,4.16370467930895,5.360523559273389,5.038487758835273,5.536908010344427,4.114142733034338,1.176529414425336,0.6802738559712381,1.9237112538449614,1.9099324246556237,2.9400443957686138,1.2739714511419444,2.3683748071113055,5.54647614698352,2.0126231106032058,0.5907424828057628,2.836256172437418,4.496073751879601,1.011198882334763,4.433114427320431,5.4215775033856834,5.899434982518187,2.6129437619754423,1.157482282348468,7.3590014356634965,6.02982433129636,5.543963000989144,4.67525478284914,4.601369153977081,5.9810188657739465,0.958320125732843,4.100443516174869,3.0093191573892972,2.66856866764375,3.821314584753643,3.646326941042544,5.806013920325334,4.1080373549650915,2.8272495378035933,4.166041768111872,0.968995096860902,5.672578431203382,2.1887106468407387,6.055631263097702,5.511256394704448,6.64619158908154,4.204682367854191,0.6574440069474489,4.035092667018365,3.1017042558762133,3.1317986674055813,0.5822843116189539,4.660984217563791,2.812436578919637,3.470187025497283,5.892088642963057,2.3092376797132803,3.305667909244605,1.3427789412456286,2.754035187830508,2.69827908096843,4.648056097293238,5.43158975864409,3.37653851792278,0.593652363267685,2.8164788442344264,6.3656442382911855,4.434908143504911,7.512149726365642,0.6068308223003559,5.356077478324447,5.424281995543808,2.0564604848641763,2.257153596044657,4.626110051535704,5.280904189732982,4.697641990432362,4.957182047462921,5.382945574188263,3.76100279603676,4.457843944651849,4.9600266166431295,5.16718954217197,3.349825908966313,0.6032504033124048,6.62613472292402,4.9806768581318694,3.6449988501355364,0.6284704254272314,0.8277547165059758,4.953572282402607,4.9267789988811534,0.8817530715716282,4.8593862373806855,5.849996188057116,2.3802109859544127,3.537917214835338,5.87102899419012,3.0048686466895242,4.8693517865372415,1.7943358516412933,5.23407020907432,6.804846106585305,0.6757661375643934,4.3084905209813185,0.7747465061475912,2.197176316305471,4.8752194807600375,3.393089496335793,2.496529595676079,4.829242088610329,3.8053973078465555,3.353937800940957,2.3903790028032583,3.8967803398372527,7.443869761167406,5.926720484051972,6.5147393445521935,4.136155541891344,1.5799990156609125,4.2399891342069,5.53977307342239,5.3370299447323015,1.0612586716173649,1.2697597549819368,5.0035232248282995,5.452782182086271,0.6150040322748527,2.8035727812328166,5.305795329454815,2.2226245122710924,0.9899987744157203,4.029387149964433,0.8319210147513637,4.186109158512757,6.829930638600906,4.927204972149205,3.388785234949802,5.443092144087727,1.5985164095636006,0.6153349626620707,4.630140920466343,5.176228535070982,4.631657799631486,3.5445645145679063,3.003761804121772,1.6434110493516285,3.2210171338710385,3.123258904494751,5.7813437227963576,3.8020672726410756,0.6381597852545396,3.6198644301687013,0.9453900064001793,4.503188110921785,2.7190255570981168,4.93843826145133,3.7215149611406337,3.8479325339504413,0.7486057627288897,5.470870938208248,1.1509565374780382,2.6634544976155294,4.952952154812008,5.260449183715795,4.880384570923704,6.6376252608523645,3.2026513857807295,0.5907302127548669,1.2632265981168727,4.179056344952412,6.43566323660014,0.8182873098292459,5.041173082519342,5.72294911166443,2.9375473445265925,3.0774466686897832,2.223718816890843,4.826621219769999,5.112615934565012,3.871329527240513,3.6074540541033278,4.275131420807171,5.598709538687377,5.486543145382542,4.771389913219721,4.979798580966215,0.6086186893669383,5.37970041299234,1.6035476418333972,3.5782827057383413,5.197959054610669,2.6951671825604566,4.781936143662666,5.585029258131251,4.910280144780928,3.81835941644067,5.38251177942974,4.5035010104654685,2.78876838928781,5.4650600082301946,3.0978107975802893,1.1866047164501328,5.765539651934235,5.833311994597166,0.5964931572878966,2.3122769497293634,4.876575938854403,0.6316166677957226,4.879790627952682,1.3771460498634995,4.630461657246789,5.227370581929304,3.129228846517307,5.259432228963063,4.1680343221079195,6.084138657040083,5.979713891682883,4.117246073581617,2.101088070304915,0.6141929030751017,1.4885128885254084,5.335586553399183,4.538128802210375,5.434558847504599,0.58736693231361,2.8366222501544858,4.78013265395548,3.710064947209134,0.9882745052288449,5.150664074679875,3.5434150299353284,1.1649742012812396,4.629036073673755,1.6877162129108623,2.9331941486442044,3.5676563431173243,2.881092700542039,4.882890692986037,5.205720847255953,1.9348395968658434,5.427508822779266,3.266083478022042,1.9594820098023962,2.6015969432708426,2.2412079464694576,4.406443776210645,4.803375439651057,5.448988297069037,4.869803430520463,5.453457915703632,5.521933085083148,4.025520956071892,1.1170005819215718,0.7121205586497594,3.8459550193865595,0.367119877777381,1.4266365397509748,0.7972176089935336,0.8687584310255009,0.4963007456525553,1.1031156260592625,0.9038148910439712,1.3501768285833053,0.4784109409814176,1.446769178968438,0.6838069091230283,0.5918676631706261,1.8173715603232432,0.6227780679807664,1.3755623291097392,0.9785121910730568,1.2599902558437595,1.7489966601590157,1.4596090017481376,0.6499191548309895,0.4871908204604553,1.4874710414583332,1.0036041308056094,0.5209660951482494,0.7498105184397081,1.5143790585738188,0.5063585157751939,0.5835433935137069,0.7875490497991301,1.4077168142075962,0.9768828829531376,1.140843280122537,1.014837838066805,0.8208867694928871,0.7340473177019717,1.3872235186905597,0.5549615783747096,1.138122707708266,1.1353879800322666,0.568384728105756,0.6230232715343679,1.0528795027364934,0.5764832568118343,1.5037948497815683,0.6316294545608246,1.3151324000376101,0.5325769919200531,0.4771280136070004,2.421052761888645,1.2575081789920146,0.5284858493217159,0.7113889098722065,0.7111832324928096,0.8574334933218387,0.828648501211244,0.4086888539820523,0.7657332826004626,0.9641908781099803,1.0315088606920022,1.5819697183002472,1.214121454853172,1.3606444802626199,0.6293690085116272,1.7844346177630654,1.4070271391683127,0.8074933207492312,0.9757558534123183,0.6814195240591555,1.1621613915994586,0.3936712535985636,0.673708526637631,0.6740302186923448,0.5920461586041265,1.4988396238570685,0.5463297731007233,0.4585439749512363,0.7330609404744328,1.172389329873001,0.7170234503464038,1.0714116368290314,1.8737541459487406,0.9136310341907226,0.7496607057156403,0.4882652820686594,0.5033540882194906,1.1604595654117003,0.7718298157705833,0.6699957143810152,0.5116639412079685,1.1218454213837221,0.6922070372781624,0.7432020845895444,0.44225790049700503,0.512318524902411,0.8959364174750065,1.2958008527515126,0.34203718440935116,0.5175906135564793,0.9874585928948444,0.9306155716536966,0.532160286336232,0.9577511410765506,0.6523548223550746,0.8464099804445003,1.0684201926708448,0.620837078190788,0.7253117973928657,0.5148566758371194,1.0655455355866499,0.7602921183524577,1.244083011684398,1.2776063781230336,1.2053928301947718,0.8303439340914793,0.5420770121871297,1.123269496709794,1.3891948855681977,2.0320676383277863,1.5085989379307356,0.8833739750763184,1.25051687222272,0.7178422015326602,0.5256461803312051,0.660323343724441,1.1290667907056262,1.42510633374509,0.720411518969032,0.7446435227496289,1.977039071148103,1.4493675108695094,1.430975516997224,0.9219350712897838,0.7508456968904215,0.7362668540547709,0.8162316380935394,1.504173963304037,1.200705649810269,1.395174677115439,0.8085755295673621,0.5609797203794109,1.6681230740168913,0.6174735507511839,0.7059706609432541,1.0488687430659276,0.6107378888290266,0.8691688469668519,0.7389150030462696,0.9013430806113423,0.5748948822726947,0.40510933639432856,2.017254782160615,0.889140263881784,1.5956230167059526,1.7059895315667164,2.090658140824264,1.6558474495050997,0.590439181298239,0.7483370068688424,0.6965122757520374,1.7463197434734428,1.6056197424174288,0.7895810300220203,0.9434160459939508,0.5674776289775852,1.164633829574799,0.9262694578795599,0.6069142931581235,0.592021680625091,1.0201831471525231,0.7682446610896115,1.4168836834148575,1.1783974693341885,0.6889983850112006,2.419547874536607,0.37105278294467287,0.5067360840846498,0.8055269894734803,1.6023325562021447,0.6983853799479693,1.0391671661244684,1.6651519553510512,0.9435508017719797,0.7390557275095341,0.809399818797385,0.48557621989136607,1.7612077512544466,0.8434967603895832,0.5479708180644859,1.0884047964088317,1.3771566346558137,1.5624555997441123,0.6821219904162926,1.6029650006989944,0.6603949358225509,0.5216327552434437,0.6561085875574364,0.8219963701565391,0.3029453625379787,0.5739727834249957,1.6116235957763365,1.5731181850432323,0.5488547614013307,2.4003213750091272,0.694753406397336,0.7871232808216653,1.3701187334063203,0.8541883153491973,0.7723220610094826,0.6389528397796274,0.5983556754189134,0.7345238979622892,1.4898282298522885,0.6487468148956107,1.6192735147993667,0.5976974797819689,1.4177264170687744,1.7793321627559802,0.9584604564130595,1.3674813411345172,1.3314120589445442,0.4075088839457806,0.9826391760535281,1.0158930239373107,0.6163312973107354,1.7855381952130067,0.9078606278005448,0.6006261737157442,0.5767222441431836,0.7570916197902879,1.0021800592427077,2.04059305304673,0.49009644410423137,0.8395253445329388,1.2285964336417257,0.6588745843618464,1.5984595511901663,0.6593374539494998,1.0683994848817586,0.6477009021792764,1.7808039204419288,0.624864284024448,1.1789998423695722,1.180207668568573,0.5163303838648335,1.7165960180430362,1.2313474390964585,0.4313207261255814,1.1221282878762298,0.6001655058411245,0.6759351906418309,1.1520011779205628,0.8673461052914099,1.040193947405069,1.3569854394786618,0.5888972578539582,2.4050294194460693,0.5766176661936878,0.9021221730678051,0.9498642332879244,0.9493090113890675,0.7383785626179752,1.395996480184406,0.6154732650381358,0.5687830904927343,1.7011018684791839,0.5263596529470208,0.8968278217551969,0.6395315542897154,0.4643804699646618,1.0657346092028896,1.7977296885950989,0.556579821714494,1.1687797064829544,0.7414903174787031,1.1768567113429849,1.3021503285950118,0.7763653807655218,0.9923550734204059,0.5992999774892332,0.7139078568339422,0.5500425466566423,1.6672281072161548,0.9434304814325054,1.3847597485732195,0.5692816018761444,0.5485840770014544,1.7865397244231662,0.5222187530125745,0.5924465645771169,0.6717070097397693,1.040790138248978,0.6310544923582275,1.7548246465475872,0.6995903026403217,1.8479093505123687,0.7097037612618227,1.081741108952806,0.7071720589544804,0.5211172562881039,2.030107649206484
74,3.194733206797748,2.3096550611556355,2.5771041813719706,2.147409920538925,2.5740962339700966,2.508282603994699,2.2884432085249498,2.8139316227050144,2.656535360769615,2.4639047259133835,2.605592304592149,2.3425453216890757,2.5416782878628568,2.530223409563525,2.3491051534808456,2.3060422704158343,2.2881884003987163,2.559478127463994,2.4088161754930972,2.3947985365524196,2.6053333715015055,2.27245554579912,2.666187646795826,2.315778967058874,2.15433234660621,1.9857127703441166,2.406576863205775,2.3072378173711665,2.154456593252314,2.442197400804942,2.3213019299064346,2.3944034411028268,1.9254210861582677,2.4108288548933468,3.2862252569524992,2.379096525005907,2.628643173348253,2.808933150421697,2.8081330319466082,2.291376827871012,2.6256521529977963,2.338687748442374,2.138333338306924,2.7081722772987216,2.9346297205630663,2.149840065800818,2.6804189239201786,2.4360525050495907,2.6606679053657656,2.5387964464218897,2.783484477346464,2.6296588927758013,2.2610315989108547,2.6197769723635687,2.349273317256915,2.511386259120505,2.593133557224377,2.4838666077867275,2.648862730316348,2.836219050533711,1.8729991330878157,2.4022933358012937,2.443400021417935,2.829827974400804,2.4304929517607268,2.306344736692765,2.4247510206451577,2.474652575190907,2.0489156137609044,2.453235207316463,2.7561754367238773,2.415289800243117,2.5247396350668483,2.4031194909798406,2.2899571654577024,2.478664176347661,2.294683916425165,2.549002683063233,2.4773745610043103,2.8535962517480513,2.629726784922183,2.2657317252270675,2.1015834609088646,2.835181477735744,2.437027776599275,2.251651960862078,2.308125175988567,2.495404724937642,2.8641140384064503,2.442009441368983,2.1400272405027185,2.291276473309024,2.3058229103737355,2.261448409362925,2.778639372494758,2.3098952139579634,2.813623089055444,2.2794079550499777,1.918133460239313,2.171667570331116,2.5773223495594055,2.8789624922230015,2.4655362355981474,2.642353299747013,2.613283035300521,2.5377582233985194,2.630916366795053,2.646172199155304,2.2548616345292403,2.56063795160128,2.623076632902041,2.235623118908579,2.490392189204921,2.8576500822076083,2.213349934436348,2.606074861975604,2.567301431083979,2.3618582797874095,2.6984237883583964,2.6624553260576476,2.1962738679112523,1.9529716204402832,2.3564004436352395,2.653886164777812,2.699670319304098,1.875415094441133,2.240378027403763,2.666201682542724,2.3384901120255885,2.3669180906824896,2.1513214412442028,2.494608668213367,2.338422564428603,2.333632048996084,2.113042682031668,2.617651020558134,2.282780808490713,2.218381075596703,2.3363501172171186,2.2609917795179313,2.442182158522004,2.345529003583807,2.3955151612752874,2.5658547514076364,2.4055225742457567,2.48055081213779,2.295913119194155,2.3587558749307123,2.322217744025866,2.5317293079908145,2.339962121391551,2.377669655272979,2.555606603604961,2.5137659914152035,2.810779884866161,2.1970315166062817,2.4463541996315286,2.1408676072471504,2.680083569334342,2.359292097012646,2.3721560673791626,2.540780572062965,2.7497142300220916,2.5236183078328907,2.386872225217188,2.3640092782954176,2.2807091480498376,2.692961512769699,2.3059128185506546,2.758473244128994,2.362341015126801,2.293338014911169,2.3617806152574303,2.316227038213344,2.2414213630782447,2.348697825854462,2.4512271938301176,2.3365456439649694,2.467071796543027,2.4378005170825965,2.3376198805226065,2.751882636387447,2.734795597108372,2.195089321740561,2.8139215905344104,2.608834642269629,2.213045522936997,2.2759338542626053,2.128525922415421,2.5494936502147674,2.5705581390413923,2.40694556462839,2.3014591411160454,2.694641724315826,2.6154282049339104,2.3344596822162043,2.1401360350852703,3.031726440861774,2.7315844246902063,2.673120996512123,2.2886721276853916,2.6291994733211363,2.2436302500001783,2.3309217612199746,2.73219099085459,2.3762850046729214,2.343437746230064,2.5643398305185814,2.4246357405161096,2.713597576761083,2.7287141307087923,2.423162433013279,2.5257336886029833,2.5630225840170398,2.2692927734565433,2.0608886985449133,2.4329610439657943,2.4099784158276627,2.332245240555193,2.204050696461159,2.9301821979055584,2.837860695717215,2.326724622316474,2.6284683781627565,2.451516489951841,2.4110232183432827,2.661004116328659,2.707127303906668,2.5459900814862895,2.399214971798636,2.0546738915490246,2.379240748283206,2.282645978504713,2.4976083619216864,2.18570474771279,2.4023164235196455,2.5536538192040026,2.3440476512224375,2.6219085155475588,2.400448707592532,2.276207785951278,2.372996262658807,2.6639954533498043,2.3709124611457106,2.664339507727268,2.012978511872763,2.4607503917933813,2.568908937486999,2.801648357795516,2.651425221997508,3.2147089433621328,2.274948295668845,2.4603589167628557,2.5974815178863464,2.450814467652433,2.4449782039792667,2.483713371613798,2.3397724182430935,2.4751471868073587,2.1972594414238835,2.4236381406217755,2.69922310134048,3.04000596933478,2.496505120229073,2.13304389885792,2.4379893991162143,2.3048446430720126,2.630316755108543,2.5809924258964023,2.322770150152145,2.709083666537009,2.537617608681816,2.391035851482427,2.4866574156603427,2.84587174165258,2.455455703617088,2.6869947370244813,2.5711684832195094,2.2448088743465293,2.4676774042877114,2.370134517706348,2.278083829448659,2.7473627457467398,2.8151243626528086,2.543125738585182,2.2788578797712837,2.50013789050801,2.218771481037047,3.1461603548043797,2.3512017044101707,2.3438888311037167,2.6691690414008575,2.6870897614962312,2.2416040290250683,2.3942014325447483,2.380248520709956,2.7494309292998684,2.5699550942532867,2.5410140344805487,2.123774389533514,2.440203533507702,3.9304670286023318,3.7253555772811318,2.1779908661286735,2.5521120481422503,2.705897564690585,2.4559916789502125,2.8692856341117223,4.061791677768397,4.076501878483232,1.8773077143261647,2.7782347408924317,3.157027304849546,3.3571670514741174,2.3647223802570347,3.9200549868000345,2.481632030056882,3.3872001433903662,3.2713187489782714,3.381256680089371,2.6891900292649265,3.125488179822648,2.6185795893935015,3.5936562817376076,2.572377618107356,3.5108202649336637,2.2646510716531556,2.6453292552087135,3.0383419627581882,2.5049349640142675,3.8204937452643386,2.751503889789461,2.5387710167325572,2.178253162616888,2.878083375650131,2.402810954387777,3.104464015109666,2.3516546917256926,2.3783868262014174,4.8776778839855055,3.182643546081314,2.8690717543363657,3.3628673356798835,3.4226130306687996,2.8591284006087734,2.899015500386471,4.039408805156903,2.7722370629298427,2.6362150736719068,2.9070710979645225,2.9631080688170255,2.433689864144548,2.8649275494107327,2.374812313805788,2.6539970418081658,2.624013063140062,2.280048945345356,3.3639372981765434,3.8284908234371584,2.412714386590436,3.3372069458757503,3.144285056032655,3.485094203764641,3.7750692918552993,3.473965784841325,2.4691006237435436,2.487268597490325,2.5530266394041923,3.367210611537217,2.5178541413800857,2.4384495806940834,2.8025932144748817,3.383720309042831,2.842108780389623,3.830719883764846,2.5963110598612085,4.624750156041909,3.9070506632625137,2.2142176233176767,2.4239591710051402,2.4365879892338635,3.456389216388414,2.8957222042312196,2.50385745445193,3.4947546986152838,4.442318598440939,2.5787096602232245,4.401213099576437,2.615056415802578,3.068192010084492,2.873805151661656,2.718686990956934,4.022333863160383,3.5581687854308943,2.6632355983049063,2.0542625753271713,5.58843957246803,5.584193574647466,2.3756160839274396,2.6512759402322015,2.5569954661187264,3.382228234559822,2.6385283617419577,3.268911088116598,2.4151577629024708,2.6827370932030936,3.3980137702462394,2.4498449491706498,3.0159517526277,2.5222966643821283,2.0572517877299625,3.335223913147761,3.199692570758446,4.428055959245175,2.5698666882825107,2.9315445580194925,2.5564043007291444,3.786365934032354,2.6421753916407438,3.3119815397331407,4.0460529238067835,1.9753514509459154,2.7489428494911645,2.602893391865574,2.9744153667420155,3.2958123432237674,2.0639577190296787,2.448850085427403,3.1851798001040885,2.2257033833308215,3.821216116228357,2.8546470969095705,3.4488451343045425,3.7500709180713554,3.59856683817261,2.8598409313783693,3.3161599994229958,4.7607651261582955,3.465936538333062,3.6421095100562257,5.342433203737429,5.110961206589366,3.067210758734223,5.508689358385835,2.384854719983293,2.5985270658372848,2.383056537422757,5.615349981115862,4.538927771335541,2.9611234203374392,3.4146591969182367,4.741349053271736,3.151178074370363,2.5808993544301844,2.287371945097169,2.7329112306465997,4.260060919522426,3.4477334819828886,3.827459265145956,2.8644805687883443,2.1542847328201553,3.436223808575435,3.2082273885190644,2.4027960594792437,2.118894028309924,3.6717796488968504,3.220887989375788,2.4789153844519665,2.33205174504367,3.512791274046254,2.895043248708229,2.530761842383314,2.3384061500601114,3.016473594542002,2.3982116335181045,3.242301901862454,2.489307995409145,3.789959830209859,5.550424605726034,3.0826498888214737,2.7755121530548137,3.406252579415562,2.3706277299961753,2.874156682537627,3.481643109568327,3.8410007548235603,2.6103802739061766,2.1084129075528595,4.857971382632984,4.9085129957053155,3.297491457255531,2.4878469176468725,3.3633824627797977,4.055311529237389,3.7656372197269206,5.556681438781825,2.1772808012219196,2.918235360707525,3.27572117868501,2.4188210937203065,2.378283414153197,3.5566298178316975,2.4073786008814153,3.7733803156594803,3.66562510252219,3.298557809664361,3.7971820074813727,3.3447258200216656,2.603803559763102,3.0082910555629487,3.6852805098273027,2.4199388806639095,3.4647641588884595,2.403271558884999,3.306841924635494,3.1970628537800923,3.4995156247441033,2.4901252331071664,4.059171954695099,2.627850729927198,2.2205658165196036,3.3475970138238016,3.0175935524070625,2.7864745029330127,3.481232575342571,2.7190253046224813,2.5203981866491985,2.4707994661357864,3.7765948494348436,3.952530166512555,3.688801881806637,4.334705236883278,3.282422145927113,2.775369686821876,2.2367387124721487,3.8620385627536185,2.2761916121996566,4.406778436527924,5.1515448696243595,3.0560869638487347,2.0440297884991145,3.155853738850357,2.9855229755518864,2.9065664758227663,4.54517582723934,3.5902055934780366,3.727348170026665,3.6975676653131364,2.3612894156638617,2.461270285931321,4.785945176381594,3.2572614867035337,3.5651796898272576,3.3710279448648075,3.5632985631556036,3.3599432056734977,3.19161378884544,3.246198786869147,3.320986928304094,4.663935797206224,2.662096627453298,4.497991333085117,3.1401907309477517,4.343933297049946,2.0016656762842184,5.19652151748852,3.2574714146926578,2.4164771214265564,2.5608075338209275,3.86429153042381,3.4759914818983253,3.08491295703787,2.630553639729315,3.3853879308017363,3.559778469177744,2.422511649943593,3.527476706465921,3.2856138880540073,2.465072851834968,3.032019397983176,3.303298262894925,2.5044972990849907,2.163181095520159,4.511126144152026,3.2638716236669403,2.504276997091566,2.713814107560747,3.4460822517613656,4.9724029982283025,2.3597041052691163,3.939514310773413,2.040290784615539,2.2791485920235908,2.534162669757782,5.280437894271717,3.0101668585277506,2.6889524072689728,3.190341347832513,3.6528644423037155,3.202238628341245,2.8038074348199067,3.254026544664945,3.789604406632001,3.7538701694316297,3.4790754780180797,2.9073737175953713,5.15812093267236,3.993904168245993,2.5010954719922833,3.791677604243336,3.995192247994443,4.074985875617455,4.106815766224194,4.504824479284026,2.5038968087990496,1.6989861933966706,4.1641720224138865,4.1487226916644495,2.830241418057706,2.249518683708793,4.06461720072842,3.1585738624594697,2.3938146270703764,2.6499688381409316,2.9884503652326075,2.9580002773391207,2.5312989039996387,1.4929195016591166,4.126695437353881,3.94717770787559,3.813170074136202,3.015023943321081,2.8758041478026564,4.431966292193375,3.321678304368001,2.2400844563892655,3.702681992173325,3.9879905749412634,3.9309209494322306,4.169370989429922,2.587088073282208,2.938245470088845,2.001197622512667,4.097270228630658,4.373838934754684,4.521342110889444,3.9999098614474877,2.967903888774851,5.143165946781867,3.5504685841858215,5.011855324324814,3.5794129197900473,3.1697429547861087,4.081044846919435,4.100627462912626,4.171694931913603,1.8791544769429827,3.02512442902716,5.0178929483862555,1.3656618113920584,2.458306744570586,4.410808398988683,4.093051592691112,4.3648770641590104,1.9466634662760673,1.7575389740326468,2.8289403547578624,4.224329633896603,3.7467652333737766,3.119728021906367,3.8813215706480304,3.6247053000418066,1.6641537544557943,4.2737818375201835,3.770106449415754,3.40676971857846,2.9774975721203405,2.6210604338637835,3.626969357132222,4.6039268900348835,1.7924151640248496,2.7785666304510586,2.8081776079509737,3.9504159819636597,2.4004782931286437,2.156549817374158,3.860153967023381,2.8076637956390393,3.7856208980550887,2.607717656005393,3.8353559677807723,2.8041062205427547,3.4039200026533765,2.5055659706903533,2.0284683416230815,2.672526819920478,3.698329589672135,2.4280251189384328,2.6533042634675743,2.7409550068089836,3.815566483277907,2.9265312786647875,2.4110375976979275,2.6182962780466927,2.861854158969483,4.368017901950398,3.088823597666401,3.5726203229162,5.166360835415017,1.6084220685678756,4.99386540095953,2.7870747083825393,4.453766900916083,3.488590485557163,2.250110738888669,2.5605946915679323,1.768368014904045,4.926134014676199,3.565329084268307,1.4882406339384426,2.8100959600776316,2.4617189379041022,2.7235952001685737,2.8026814334719763,2.103135426767431,3.008641756228079,4.123383128026686,4.38856214665638,2.6554347525583957,2.5109788276478104,2.95258173774561,2.135793658312417,3.5132231583756295,2.5160790376476387,2.822222570907121,2.4581637065821327,2.532960290169518,4.2045652827666,4.118480986632469,1.924425325003847,2.5197904225683154,4.441646933835551,2.6682472000864044,3.488673179310552,2.6827370280675398,2.6952305649645787,4.791537061057935,2.0836364277116757,3.6505770916963574,3.4656997287111375,3.414353212845824,2.6367377152163707,3.1153322477108363,4.277544492827427,3.3205221466603025,5.600778565068825,3.4945963871000467,2.176904049917713,3.979189965932644,4.079029151109816,3.8436104420552133,3.570149076458568,3.2735772887489434,3.6969908553315536,2.792920347718569,2.360596412309686,3.8319589010065256,2.8242536858458167,4.455561809605262,3.128890889053446,4.370458567446018,4.055456217057215,4.1834551010972705,4.252042298240055,1.8832603984296636,4.572599649444726,2.393697891893868,3.7041999330856994,2.359213988248785,3.925813933801965,5.030387482644304,1.8363459415580012,2.7635986702569797,3.658303842929399,1.7703376886276658,4.580446637642019,4.1703227813728425,2.998663424780605,3.7843292967475204,4.862889548745157,4.381397550425784,3.7058798760575877,3.3393378666941174,3.4947697106762936,2.3568797349465886,2.0670705790313186,4.180732783068309,3.509425777787801,2.1822171523042395,4.240792766246195,3.312702099965502,2.6172874096205905,3.377216546364871,2.6476571612640463,2.8241324942015757,3.667230314877513,2.475618861457298,2.2258338338412833,2.4697196513256006,4.190295569488391,4.110871672294068,3.0539790388367094,2.59229555944667,2.457499307429439,3.9273617485665846,4.062261836617392,1.5754585152209877,2.920480589994045,2.3932704718682807,1.9975205172085715,4.191501856883918,1.9495621708712054,2.4092228441042756,3.8132168770132404,4.345483759304981,3.1315529945678824,2.3719739927748575,1.8280612035011674,5.542571778308543,1.9049337635521826,2.2816091680225106,5.002412903177538,3.455452629406224,4.636944912265176,3.720810634632594,1.673281519566651,3.6857215312692864,2.754338176302868,4.003388303643265,2.213262605224911,4.54203795802593,4.547134196300525,3.948826453956994,2.5243280542275426,1.45379111867726,2.12686018423673,4.256491607023684,4.043182321569406,2.400910849776439,4.071074748791898,2.0357136852186226,2.121627220960079,3.4619758812083408,3.3077383108586034,2.7998167527884825,2.174309273709329,2.705169778599605,4.191796679941023,2.2216148339520774,2.9601226577874877,2.6962070947708634,3.200516002268802,3.9086227129154714,4.204419523177738,2.9520471762430627,1.3052004898600773,2.452436067349027,3.2480493397079395,3.9806257827466234,3.547860069954926,2.209486882185657,5.2483577996477955,4.4471309565328685,2.6359138560115127,3.886877822123882,2.9547728292518483,1.3878028626441887,3.848365097362371,2.6315430185736854,2.3708427456572827,2.028867630023635,2.5151809928568567,1.6804905822735625,4.994158890837945,4.016708649534962,3.9661834439643324,4.274213546344182,3.2925436302426085,3.792386470723957,2.453231303652388,3.459559029554214,3.9810188116678438,2.6650258978172245,4.0207420563421765,4.743883405314817,3.721671879143121,4.148619515591261,2.9944357857585864,4.126316874044612,4.494976817758522,10.158832522004431,11.622375794123094,6.184045383245118,4.3843722980781825,6.352060774502055,7.623144659899769,11.587312745888006,5.9074340291813145,6.506174040653431,5.931626183014308,8.065110938918245,13.550163126570249,12.179575309279869,5.425920038453657,7.882222236726819,4.0852369567497,6.6045117993907825,5.521679035805682,6.522169002885406,5.321081749057717,7.1448807279009,10.310514990027178,5.159060502104329,5.027724741254929,12.27977024038312,8.589533253069062,10.946233229767417,6.534335791117509,5.527003504630511,4.148860579624744,9.058705888094732,10.596554303570391,9.079883777334457,13.162752142564669,5.073322343164256,11.20261426531638,11.908195178585549,4.23314609578765,5.6018367350164375,10.439817100488856,9.965340143098238,5.863998190522737,10.664574413882876,4.757154538489993,4.640986670390817,9.225411410580246,4.918284476030918,9.74180762406952,5.977827030647164,10.977671839163035,6.800015079515458,12.213333719251434,7.472302886716404,6.090585908628597,13.766844136322364,5.8107635270908355,3.9364663412135164,5.970016141584223,9.236217846749382,7.479059291146607,4.811622168527768,7.72044608977337,11.199343458368043,10.577034146507852,11.640385553810477,6.087480651004425,9.070394629019644,11.162145126145134,8.951347434250911,9.447357117533512,13.359632763350064,12.211308483523503,6.283169028976495,6.261263264296655,10.014440400542874,11.44623026309096,8.159134654165095,11.64700883135356,9.97077517669844,6.177443179636254,6.642219025529153,9.680768890984247,10.349259010925852,10.104611821323235,9.513771006120475,8.734586665809589,8.633310808654159,7.789041817272927,4.153969543238354,9.072227373607506,11.98755458497981,5.32826555143669,10.554338119806662,10.9673400380843,13.5208777454191,6.5196141138395465,4.186468797040179,6.320081251966024,8.794880516174315,8.459220023213048,12.184501450061957,7.316623721701119,6.197446414717724,7.134318571325605,7.73740163120799,4.2609149051192095,4.041501272266492,8.11120957073818,9.807571687634583,9.563297404992882,6.892866690260645,6.852965669130405,5.426432918301422,10.03679268659539,4.704234449657324,11.122085703488631,10.340915941012629,12.072000061171364,6.620414395996508,7.958078315194989,4.3202084450098095,11.480788964772382,4.548255298535338,4.727832885681617,12.136411166312474,11.442631622252373,6.909155530219287,9.85327148567758,4.744257818076408,4.841459478182901,10.33865376293884,7.999704346852034,4.196617858417192,4.6000969685927435,4.494780213421331,11.06793033125646,9.536164317958638,9.834719771426085,11.928867634633907,8.118589904468724,4.900041285127752,5.089478583125821,5.9632073516865285,5.447557509783955,11.108317494034884,4.921740109255099,8.261855498336871,4.218324177602628,9.189310891914774,6.7711973584351774,4.254335148611617,6.034256835812051,12.585215719678876,10.484243902068922,3.9113048173593663,11.49985564337805,10.729054864501684,12.450514037714491,4.656095198077412,4.685826768451741,7.483115939117537,8.705226908414415,12.31911075936287,12.257623023996407,11.929264839549658,4.311002892251124,6.519674210136394,6.419915744317711,5.444650076257219,8.124441146397873,4.42563187574241,6.875697726791374,5.327021779449919,11.388732486627147,4.218097803946325,7.131679297984302,4.632076987270256,11.0706234405531,9.385436207033651,11.873756013511102,5.061191950563281,6.805460125625113,9.494770033042247,4.417858461125261,3.911519840044854,10.241787216180011,6.34682437617594,7.595237992975848,6.610051336272348,7.8883099764954,12.553526716177402,10.103212205842283,4.337923866335598,5.355430759458849,8.409139463883884,8.231697618809367,7.946716236328396,5.006616822954781,11.422494477281074,4.399635835335767,11.081532131891905,7.3240488412084765,9.648300699673142,4.077615307548928,11.538936600949599,10.834312830061931,9.936352884602075,8.830566704931197,11.266915761446883,10.202979130856278,4.333964549566327,4.0320181512264535,11.466241253249184,6.1781526593361225,6.3265582523945465,6.950542991630906,9.622057692882553,12.519845704083297,7.86810672076437,7.2686862089649065,9.136043863244817,10.837856762618328,7.503566688761608,4.842104710856193,4.887038003234088,10.239677604917699,4.94588052112295,9.507826749599737,12.65239468673337,7.738826390251707,10.160959091088726,3.815054233550936,9.35880221547928,5.329460836084742,12.653603101395886,11.752102285738902,11.26884348608264,11.113760875490279,10.509773390879168,4.4146579802945665,4.713759807096114,6.332481884982903,4.192633846957149,6.366620458558442,6.316297313737012,8.819458521226036,6.868302876891753,9.570796182878428,10.050213041063603,3.983591128906914,4.528019841408404,5.495485795473104,7.19061107390979,4.420865014643443,8.087826416826248,7.129298335719787,11.324725865687375,11.928936538185265,9.576542396811725,8.354129041690681,9.755023837500666,5.498677871686568,8.591803134200186,12.605017290143152,9.345171305629327,8.553711736922502,8.399164028411644,5.510795594084095,6.668905745367838,6.636935234031305,12.284259410983731,4.6979796486120255,4.380898850443627,9.191535287952721,12.115710682739225,12.593693801482306,9.013015922325032,6.122365130940799,4.059652191039266,9.81764164494473,10.927417611935875,7.080428615997374,8.575182382846279,5.453618232056168,4.124976251436927,7.717731330734294,9.067565326967982,7.405145504063896,5.737974089972448,4.026386878195148,9.823902953984442,10.214824998690526,8.263769269266879,10.241756934991301,6.960122705574713,11.30761644072883,9.611627820296036,6.519241222198179,9.731196822848876,8.268158786683996,4.395881916704919,4.980898817070729,5.668735990955801,5.156182474870633,4.58728522297953,3.5188537364603083,3.549657843146781,4.600581604864262,4.535010746602216,5.08076464739075,2.8695906142867207,4.233927644954908,4.710124436154018,6.279066191591297,4.588317932137799,3.8228782711083293,3.1577137448145187,3.561166122702489,4.195121393607022,4.946983388689451,4.162422807168126,6.412020170348926,3.572736728223841,3.8963811894258003,3.747508547451399,5.257374759709069,3.801295977094027,4.976786866339639,2.6470673192869087,4.247388502487797,4.994076908813265,2.379813620012715,4.818248570449392,3.4673458533227506,4.89268531610833,4.23642712532314,5.723202196538344,3.8420633781865487,4.3240201490508445,2.0413361202798583,4.52112682940099,3.9898346331773444,5.148503314485098,5.008303628474779,4.016761890977036,4.352808288455426,4.282106966849975,4.696753162967855,3.6635882308211243,6.302960160731342,4.39430578864654,4.2294574875816995,6.018236345656875,4.239699846043148,5.011159292425977,3.9126373737655276,3.3837694051968845,5.21224286874411,4.1601073639195665,4.7331679353406715,5.382193118783214,4.432703764577937,3.8973141878909154,4.582691257702087,4.609284725345221,6.3811780389607495,4.806223577960733,5.270418420337894,4.477338174600282,4.604689299116373,3.7633091272980774,4.61713088093965,3.980731093660027,5.933255632143661,4.9648432885547935,3.5950588481653054,3.9242119247025085,3.8767117201428225,5.712901372269979,4.244241121674757,3.2431824258466615,5.054976980030718,6.2272910888104605,3.8609498769078705,3.5968969288724972,4.206664321428925,3.9821739346761387,3.825596334394818,4.417447592556172,4.412382240571252,4.27234687230041,3.4549942418149757,3.575745594640236,3.7714786972418883,4.0542787259063955,3.9743371159764287,3.793312039367328,4.757963549795675,4.305239916056384,4.841222476896301,5.91360139708066,4.438543676669726,3.7256499462181174,5.237685379041657,4.396740395870354,4.714716957768498,6.255846839069341,6.052667806687786,3.8946284173577563,6.27018819499002,2.504925253319446,4.179115661019323,6.442984099138181,6.142169060352911,4.253020055031925,4.840587374629062,3.7697651757586197,3.015407649788435,4.385837780547316,4.555510946735227,4.826748281652323,3.8251635905119556,4.484254074697522,4.1403354730920805,3.9509862350301947,3.545122649240267,6.7524459553180565,5.76359311486652,6.298597101176262,5.08953408211957,5.419557573968846,5.233599951647462,3.031364476296144,4.22771045096866,3.530639286918167,4.82059901794486,6.080559668357538,3.910883090888971,3.2997357911737972,3.959977748293857,3.8745389390658698,6.555268347179701,6.098493601711077,4.1227308234830495,4.9118331003188,4.086444938485079,5.372909312542157,4.005397080674758,3.097032179793959,3.772601782614157,3.7222114292114603,4.6678898549161145,3.709130528426865,4.233241278819103,3.9501226891540324,3.399223522153326,5.156869634180078,5.123376201178407,4.325792746628263,6.3471957497043645,3.891239552203186,2.7105684620770005,4.529855252967358,5.599453203007299,4.590150433052057,3.955570733871004,5.79580819475586,4.287558942407095,5.3841324957171,3.0112708190425734,4.130323853543203,5.091101512451815,3.057345243003443,5.782585752924952,3.3797675755081085,2.841999641944003,4.493561725963991,5.907563725637344,4.2890619875092275,4.801084460092046,3.993473787418401,4.189834125326881,5.105577521735263,3.583453312049086,2.6812390472944574,5.0916630287538185,3.49566385937434,4.961714424776767,3.069375817350346,2.414504427681998,4.3056675138347105,5.036184558972814,3.565824459434687,4.069955229799971,4.498092955627274,4.28622680575078,4.351274893860055,4.504448998269664,5.007506279142309,4.731381320377945,2.4980186813981633,3.987427829809619,3.894124252657444,3.304985986370633,4.07911774173932,2.7978615677388885,3.920310405192922,2.520789715235135,3.8445141689009863,4.490756825149508,4.942916634307343,2.7252556347165253,4.372974961565878,6.267507820406859,4.349944045965212,7.001669133678912,4.417603407923162,3.127284977662239,4.5401173159891695,5.831461829626596,3.7203842573112866,2.7133560365430665,4.6363362381660735,3.8253578322699826,4.40210102145734,4.345885125458258,3.967560926659728,4.539970456658073,4.268408265268063,4.495511487544266,2.8155609975565126,3.316472725113249,3.794865197366474,3.4149323445980055,4.1816429852959525,3.1507856340898863,4.466335537893613,4.930455136293771,3.6825394187214866,4.054837077559131,4.888801617304941,2.158948353284007,3.8390313996950627,3.9533707165678953,4.274888750200347,4.403827845612237,6.320283683476384,3.9249049037233665,3.3152698857920964,3.8556563188295456,1.6879849772681443,3.4284014370432216,4.101851294941533,3.8866521602320883,4.015115775763168,3.568284755109705,4.534996433040579,4.458979251566375,4.34388412279361,2.9459367376438848,2.8099057990038694,3.9372490167736545,4.493725812042944,4.465482150709137,5.096309398071817,3.407369775888195,5.7492795629277555,4.407793295491293,3.1249314232966556,3.535275335819354,5.0497686122495855,3.9604489217145633,4.16699170408069,5.240850048472164,4.221251816105422,3.0989504319132304,6.300946507948825,2.7582535653265543,4.072318854605464,3.860733814813188,4.465031753737913,4.9812864089132205,4.614620991437829,5.51653736685766,3.672189377457344,5.269188382456661,3.45688141470835,4.876591215720675,4.472785669078346,6.22572423014157,3.9421159242702046,4.617374397887875,4.391194006354497,4.658992783982026,5.347063014609648,4.861548790623009,3.370903946559497,3.0148092746250192,5.019872303500072,2.879130660271456,14.916470913289466,18.63245372205474,15.945248760723127,17.43311264256467,15.493703654743003,16.440163957528153,18.09300565651075,17.381103474006647,17.684106383300957,17.341789428612714,16.178148781133203,18.137649202777368,17.729876565385645,17.286844415365223,16.75986474169292,16.43818145517956,16.9896481595321,17.61845422554403,18.10010646615479,18.57128317573095,17.85740875426729,17.67877368754776,17.598606953210165,16.935594261073486,16.344001402553783,17.36643377898811,17.281145211498224,17.545704552762082,15.846334965569909,15.629071546602345,16.426364341115583,17.148091254507445,18.110993415882785,16.812495280649177,15.394354471358712,18.204720507643266,17.566500103797992,16.5803160511193,15.548880775500452,15.914354946957584,16.674081239515882,17.218779976029634,17.926321243547513,15.981806136250999,15.999559350600878,17.378104276269944,15.974129241101316,15.800558987971547,15.522223469725535,15.663639615704282,17.942165372011598,16.96783195006647,17.407012017118895,14.373915239861436,16.276488958655065,18.537722100202252,14.033194294976818,17.490202239507557,16.477709508409532,15.333182831630504,14.137610782918697,16.780016899379252,17.753126708441997,18.23677529517647,16.834442094888153,17.853632816749528,16.886081756850977,15.561594567698119,17.439252092307825,16.479733504729133,14.996146175614507,14.883237595263145,16.881183757460047,16.27796073974228,17.655441372369985,15.689437106959769,17.4989364356165,16.584798414904736,17.796194012353908,18.022440512980886,17.821577757977007,15.752253799417787,17.629123203809,17.319358129566506,16.355127614246094,17.208233921652468,15.498256878081243,16.529729475336868,16.027041914640563,16.483584090297455,17.40054088685286,16.42205590210903,15.86335718022043,16.160800648333716,16.461983370656032,17.503410552493822,15.094545088427491,17.650129379627426,16.352507316194806,16.729210155996892,18.918035455505176,15.223492982793717,18.66459274444628,17.70747907812608,14.192334975721925,15.778462410705929,15.96786990387628,16.432284659330662,17.033625526020757,15.578645209707622,16.606297034887035,15.969804137769819,16.96524753180314,17.879775911370796,15.794619772607307,14.705066508757932,16.939210420472754,17.173832046710906,15.155225340729125,14.519923692408103,15.257511053084878,15.774543653073037,18.139270523687024,17.89760063151701,17.710050887164854,14.818491074831522,16.322749101129318,15.6894733279717,15.312256814623709,17.162484280983406,15.404419560735876,15.403294035640544,15.07370000854442,17.739447139198806,17.052795363034264,17.122550642278814,16.566508801341843,16.653879257005627,16.899862551682105,17.149858733656465,15.958112791510333,17.799460530476225,16.10602660264972,14.252226336171999,17.13114198487038,16.52697463540873,16.83157430564624,15.58598194893546,15.190822006146384,16.20640499526352,17.23676041158379,17.553326299479494,16.335593881571132,17.861662975323505,15.891294342725226,13.874027642653928,16.20576840205883,16.41751124440662,16.19789552627404,17.34306879863831,16.92135799429346,17.179918226162375,16.32579822239452,16.606624447676808,15.879829113199413,16.999290754162615,17.657812119978413,18.28406946169813,15.285550171121626,17.584376910830763,16.020279412857487,17.68144067579907,18.20117380490611,17.701249295584553,17.59473189843481,16.917302682897603,15.885509187895291,18.309004612097027,17.324268992437865,18.09496124073659,14.862584103421888,15.748718347550858,18.095950968242846,16.740727579949002,17.441782411193355,14.761093932723961,17.00619537610352,14.80100879741192,15.638466495356115,17.54337610090056,17.17838731831225,14.980644972734565,15.003210530243376,14.88278165215681,16.059784675683442,15.832974645323173,16.39856784493057,18.00234815924995,17.579904789981313,17.626357187752472,14.869121131709907,16.044750325808124,17.392584918857263,16.46959308433586,16.943523726326266,15.4540931880135,16.42235680740181,17.82844191439498,16.696379436364705,17.38169801998253,16.35272990476849,14.004414281672103,16.66297955429761,17.971200663103662,14.87508285602268,16.57983022658819,17.668056903137963,17.23142514212688,13.788147754862713,16.126632006822636,17.573132353445963,17.383538049058185,15.925508727995869,15.676047911585025,17.305013575475748,15.194734177790089,17.737757871238227,17.77181648468902,14.856300442664315,16.68924259025709,14.336633916011888,14.614870473190633,15.996393119679924,16.746188298422563,16.69381918731155,15.497116503435485,14.034220840088258,15.765899234144985,17.061900020610796,14.853334558151916,17.431495174083935,15.99843855752715,16.94865988562458,17.876948836144486,14.705256049519054,16.08620925693538,18.278290293898596,14.85520167756416,14.032186095273733,16.646920311669824,17.721694171412402,15.864989473997307,16.52933639304882,15.396596928122621,15.501955006230428,17.187292534096837,16.739358696601712,15.594473005786686,15.867321751795911,16.481999712145075,16.153292773826156,16.57715177148325,15.709886102525125,13.879231501444126,18.146047126841193,16.96409789525373,16.898127767097083,15.772589784559619,15.965685346493277,18.39612887048727,16.477862902277263,16.089994545328274,15.099458979611612,16.889239657806932,17.013149951416644,16.489092636450113,16.482859927853518,15.873882343706741,17.874771050571724,16.370111738908808,17.86143371557078,17.009720130493395,17.249651093460837,17.586394933245977,15.808337887693945,18.09971911960165,16.753630556071805,16.05212994368689,16.811869379927092,16.43641408553732,14.780125079020133,17.581810731184977,16.55043769649336,15.361968156277097,17.64930701699381,14.959297668941081,16.506282655359136,15.559007265498286,15.435217124919072,16.111753809924515,15.174050603563794,16.318029559768576,16.017059242023656,16.081798616568168,16.250866333875752,16.340927081429456,16.188439378250813,14.949060785919242,16.56334640958679,17.14710980614991,16.92899890882323,16.137547256960207,14.779932291592418,15.573396025336585,14.512799367213074,14.283715968197177,16.446456483095933,15.522310120987232,15.796731860196997,14.74889145276145,15.043860929266323,17.313460307267025,15.682586618364887,17.04608516581379,17.09285692874171,15.730424612231834,17.454145599081194,17.8312790171034,16.490749325125144,14.49128343629722,16.010137513769834,14.382293429233625,15.915515436446366,15.69261189203649,16.547891426641986,15.823948343906608,18.192994001270154,16.05595777338824,15.021045702950637,14.912277455842611,17.581606348483913,15.205496182627835,16.86200176541193,15.320663527368199,17.148334663269516,17.443398149730253,16.980787433922114,17.08083072546752,17.16439222485641,15.889692313584572,15.760195989660557,15.571245802665056,14.979410223469548,16.05759327755427,16.868630236877785,17.82879457916813,16.077952691082185,17.569949958659038,15.928623632977889,15.502951997083304,15.067397907481062,15.97264085070234,17.213593431748095,16.188556177951686,14.943424765284686,15.542520159596709,16.461542558812578,15.971893769740937,15.922133959297323,16.43924753001504,16.3704887907663,15.35793874011708,17.937153142325112,15.300198922133497,17.93188618210608,17.225050999917222,16.190191081632562,19.338205039980682,16.215708967522108,16.17345846362488,17.390980851240922,17.25235966960118,15.005338302974883,16.44133285819357,15.64003700305802,16.99886858194667,14.044107128507667,16.964212021548978,18.081296597539215,17.670067724365865,18.81001603591761,15.191666096930204,18.03273772648355,16.95847183409517,14.838567912887378,19.12671135507634,17.816979024077607,16.219662977273252,19.409488335746634,14.319949113211258,16.19091831148809,16.556900207305617,16.96812238984186,17.0414075812299,17.24012695917138,17.31070525353263,18.761879259675478,16.906555616407683,14.406660555842947,16.313335691512275,16.79571372344849,16.04064428100432,17.133845700548726,16.63648996434901,16.715920767578286,15.565716217251513,15.826070984176107,15.084543990586143,15.937211523757739,15.298963956304592,14.868638259014963,17.373679570077197,16.313459564030232,15.20277111038819,16.425729610354434,14.553897337713588,19.27572486700544,14.843320978315782,15.382378517621747,17.681812498723414,16.317451941840122,17.59020109140274,17.15213063104564,16.056142897579893,17.770559605574107,16.51515196628983,16.57603776650482,15.986873414911233,15.456565019535198,17.178650443269657,16.346431310307928,16.978998159452782,17.414976910294317,15.607542950566826,17.50302007763831,18.351077928163164,17.038642172971684,15.935040411218544,15.588658574898567,16.00907178286781,14.602565877863071,16.631337163495512,17.881379960611415,16.23357390331668,19.8392311340344,16.991937394759606,16.631116670106284,15.899739862536222,15.735664903352692,16.156550649815124,17.093949943248003,15.741387948895369,16.615726278445326,16.735689433194533,15.026787131818155,16.59898173916891,17.39971166255487,17.947141055580992,18.699297979410115,15.837394751843256,16.183661545198532,17.182031823077914,17.287443224883532,16.773458146698044,14.827780132419033,16.046819327221296,16.27172744498172,17.95794467089242,16.369330865932582,17.903276640433994,15.523140419801786,15.09045582079539,15.99277301680839,14.871307005096083,15.697010527309,15.802697700516577,18.142222768030855,17.141638267218696,14.75361307233418,17.4858748524339,15.674295721397664,17.15117985986911,16.617466736064852,15.442543164874717,17.106410174028422,17.91868922317821,17.09559106197511,16.751979512953046,17.49473528628299,15.677782167006018,17.33619991293002,16.79360945052267,17.110039057892244,17.011160640324608,16.4101484424199,15.675715111295084,16.079560459078976,16.87932804632258,15.132820421020355,17.399671639507364,16.49642066245265,17.076093383599027,17.173791062177173,16.734804407581343,17.430032481138113,15.970937076827623,16.734463761342827,17.59607826185772,16.803924676159447,16.328921379007703,17.798952662816387,16.234541315316108,14.843047714832222,16.702360440430052,15.698920257400818,16.699279180377065,15.512851680358844,15.782699724244091,16.016489881187642,14.93126292088013,15.81218293741226,15.097128657191716,15.914824352283857,16.42973178520743,16.77093037472539,15.7595987435372,15.34951800635622,17.340446601913143,15.13983300633545,17.47217566374011,17.729419975057013,14.961615431734158,14.309258123658507,16.09889104498817,15.719550194604354,17.038770737094254,15.257308490992495,16.152284954576636,17.69017237240517,15.04340146535294,13.910121760365293,18.366370922805658,16.267194729233655,16.66490836318711,16.379325963806625,17.16974257379247,15.286270313050904,16.909354762944606,16.44590734742158,14.422769510085597,15.540495639379914,16.232900769699143,16.87833866608449,16.57449720916392,18.048517078907896,16.39825699017588,16.45510465772938,14.428678729225405,15.586989107393256,17.102556041908677,17.741800286821096,17.502339840218685,17.215490947062808,13.900951374695156,15.61485431948178,15.955623317414016,15.26196696240415,15.860596770378594,15.532289552584373,16.055190050597325,15.059269710530106,14.88316936529225,17.47677527494167,17.060097444872575,16.761547223549883,17.834989220302212,16.31825079356186,17.007857763106912,17.305074456243933,17.349516209673087,16.21519169892448,17.135221212119614,16.764954337221944,15.392667585052969,15.172781970726376,15.060889513735653,16.72012065167768,17.501895188049872,16.845018126867448,16.111327227026784
75,1.2061340784907162,1.3395479656695348,0.919189573621113,1.4565861139438028,1.3947299471935057,1.233371381141212,1.2656801846076016,1.3597109348280518,0.9834901078395337,1.083174377230197,1.4068087384251444,1.2707908680323992,1.279159288955006,1.2738083333674484,1.1971882409460917,1.5303024633542595,1.2585062822160313,0.9152823049116633,1.3265382219597128,1.3374328299764473,1.4831874772797053,1.3940683033936618,1.0199301330446955,1.3142999280524066,1.366241132978066,1.1372402181025516,1.613570222139966,1.3262690490948383,1.77728674529786,1.3045025033934452,1.5845860536273768,1.2764850587953354,2.1332580598462667,0.9307343817811957,1.366246483498203,1.3344975198330793,1.3261146124137149,1.2461354080161513,1.2770462949784076,1.800920026908342,1.3655877170922002,1.1911461200844715,1.1489083934137758,1.3310345240454338,1.7839804441417508,1.4533177201133087,0.982562279944288,1.379340840666024,1.0239818950833808,1.3827682553579295,1.2346955430149709,1.3093685114681628,1.2495606621740831,1.2041443578340139,1.3227836950305094,1.2328608464196917,0.9900580600053717,1.417645069524736,1.2407356652050283,1.366407968476417,2.0251831383912915,1.3507860179087712,1.3982385988664523,1.2073532240235378,1.103623276545788,1.2923305240736451,1.7367232029651574,1.2354965805015024,1.299163417182814,1.272993575403231,1.2615317086571787,1.1736541175103035,1.3918141899588916,1.631273853173497,1.3555808903567141,0.9236470274915489,1.2750318411336614,1.2654734360428357,1.168502516690167,1.220769128560275,1.0137314945791769,1.4632583057453292,1.183452785620056,1.218708452479945,1.2919652290730683,1.2669641359324728,1.243409032548597,1.171394815064586,1.2668741634790142,2.0171730826463734,1.3837658550492213,1.5065449623310052,1.291725843803707,1.3873028891795964,1.641467513833139,1.2677134133406762,1.1879936156485593,1.094504439924951,2.0783711595890315,1.3996335196605452,1.372103616476458,1.2288462724248357,1.232823244332281,1.1490669802335403,1.3614905383386309,1.284967047013323,1.3187297888761929,1.0345818849752606,1.3579485299394223,1.2329866930280118,1.3987286491596964,1.1986301697699855,1.2817839669518682,1.7196274573968264,1.4336164424598847,1.1321095588135055,1.259123659626625,1.3328618826331164,1.2605292829431693,0.991711965792971,1.3082914877913334,1.1327801639011448,1.2871693758646419,1.3453173235705882,1.2620537571839374,1.996380571602553,1.2637208284372756,1.0189481766952977,1.2689314477998777,1.5329164424005552,1.2157258002702724,1.2302783060437634,1.3545499776705092,1.5520259752194676,1.4323039083080753,1.013304200743542,1.78397689060269,1.351647924842027,1.7632486752854024,1.3558142680037748,2.0701026020775,1.3607539883873931,1.4404441422244043,1.3965297367378233,1.2986726763512337,1.1674476927322714,1.3013821003108121,1.1937899863025556,1.3002160613424179,1.3103257790197018,1.612236383459827,1.2554789671118904,1.2315598832782717,1.4094348203928477,1.207638188199118,1.4445789658894532,1.5732812993345393,1.4482996969407198,1.3293456091786389,1.2588331569745634,1.7748580008218804,1.1742808329983294,1.2601866225709635,1.418003929823431,1.9369932124577167,1.3851543926063605,1.3343950809047311,1.0613889707743949,1.2435624898711022,1.647732002693535,1.3467653181736083,1.240167677380823,1.6595883940521374,1.7912667064085843,1.3715259260563935,1.3033872611805446,1.325852423799109,1.325985278301634,1.2097213675631162,1.2616023155887552,1.2424280645494854,1.199125963328189,1.195065002274436,1.0746241171579698,1.3488717419923575,1.2072650252168868,1.482480837740329,1.348978698839595,1.3808050326011096,1.3847644022965613,1.3981039081777333,1.3358889982598614,1.3436382290790134,1.43155514906131,1.8449817776878503,1.243660357042733,1.449670495706402,1.2400325179616014,1.3830898603908446,1.361879098678877,1.238180055294602,1.7347001753165936,1.1757187058273992,1.5875567916084994,1.0148523639926708,1.6602754490823666,1.1982388748857067,1.3671241696669465,1.326395925825064,1.0806480578919107,1.3184149942851262,1.1530390890331816,1.168588898695829,1.1748056200319565,1.4002030286468092,1.8345701497088256,1.0973497533764578,1.3495830416354169,1.2773997840287854,1.7894079104392642,1.8038199386071572,1.6311195461265589,1.272857269623055,1.870212816153042,2.2987595217542145,1.3024144746632178,1.2117151389099103,1.7505213725063722,0.9849612536415249,1.3154724686420312,1.0773193222231396,2.033641520549312,0.9124653833535997,1.0638801756655307,1.7887571443083197,1.2560689949751809,1.3719163680616857,1.309048420123427,1.9773972162939442,1.3497034637570164,1.400586997879487,1.3562744341240796,1.0026486801859198,1.767889599221145,1.227041586322712,1.8412337503415677,1.2431316359800484,1.3676791579041851,1.0609655976529437,1.4731846393698047,1.383958710210667,1.3608899888650083,1.1634235094632108,1.4044005545547131,1.342950945684598,1.3148260097690236,2.1690436780536038,1.1901485658360136,1.1654384036320369,1.423260550132881,1.4050912677196228,1.2360833805484692,1.222937288143405,1.2225699479834045,1.4041328924320151,2.297861923828617,1.498661026135312,1.40263961440091,0.9423707524344526,1.3510678762262442,1.4376574516779155,1.3280009640332786,1.9129881099738182,1.2266307645342769,1.6500493315724185,1.3477509256293518,1.1838850042241431,1.4463362754418978,1.7808212387640185,1.252276159274301,1.6022901428353677,1.372067003821654,1.009494207969068,1.0312469521582817,1.2151900664659536,1.267362070417618,1.403664908567837,1.3834843525486196,1.2148618708826011,1.4678913962275224,1.1790128062631486,1.3990346421630477,1.7692317719655775,1.3731772446567363,1.2673622661240973,1.4236304294091628,1.4682385659864097,1.3781032152617645,1.3663235237017628,1.259767771460414,1.0340503282891131,1.282198713546913,0.6272607770617502,1.1451248550483861,1.3869174944487372,0.8933891072458364,1.6765183408178876,1.7468092873406362,1.1795952874694697,0.7019744411856894,1.159427264723248,1.0430162351530106,1.3235488079565148,1.24560378952444,1.1336247968380737,0.93703973128438,1.0907745788737568,1.4170429302478718,1.009842247208041,0.9676560898841765,1.0353387127542386,0.8606611114640543,0.7426910299502383,0.5893089235535247,0.8723873118016696,0.7023784958123984,1.2441130201015242,0.7553954872009988,1.1500314096511548,1.458992484800092,1.3469424346027257,1.3119703612792073,1.461284795852125,1.062377528032287,0.9621538398608427,1.3700331090841706,1.018042714923077,1.2680243699059386,1.6733838259039076,1.7107004439007358,1.0611534976575745,1.1408180281349118,1.2411334560156206,0.7773942905380261,0.930130559220436,1.063800352074266,1.4127618814739789,1.654389217264375,1.6297574205440533,1.07024834832626,0.7950887187216291,1.1700084276103047,1.1793782791593501,1.292503429117428,1.0697570889127113,0.7469998116841464,1.2220929529706508,1.3052099630570533,1.083324016595968,1.3015163709456914,0.972989795758938,1.7561665683397412,1.6154379340166451,0.5722257147035955,1.8825337928919488,1.0343448686477215,1.2869655699620013,1.2990858003307024,1.2486760927523877,1.203766174719313,1.1911285670264784,1.700410966273223,1.2484625623074976,0.6850091208461904,0.7486447853951872,0.7927354708293828,1.1918278123272903,1.2510310598314331,0.9916281847218831,1.1886581389458215,1.2669167111348656,1.0308693603842027,0.943622838989916,1.1913184757538333,1.8862847817092296,0.4709320401047894,1.163701857437219,1.4406067579136665,0.7947238718809366,1.6190580350455417,0.943090955934748,1.3044076252492667,0.5495918901425603,0.6641634454167706,1.1674158468610973,1.0448956777408829,1.2085170973276047,1.5680972906242323,1.35046531328002,1.0411711953722016,1.4175509281956507,0.7288307022723337,0.7693205901179825,1.0694290309860264,1.224968215612209,0.8845180983348463,1.2406230890038032,1.133038039992007,1.8689778531366072,1.3965311858783644,1.0773746263189405,1.3006055504159026,1.2457592460179956,0.4952795390576777,1.5811636972299055,0.8574995515537784,0.8703971075149387,0.5464756718609817,1.3100760128657862,1.5205974111128375,0.9711456558755329,1.0480071667697561,1.3089311405809954,1.6260024433456228,1.0656377592221074,0.5679715475628349,1.178364909516794,1.3022823427578445,1.5327216140388507,1.2499157729471977,1.0698680342017675,0.939207535636611,1.6569169940614452,1.1590539055925015,2.059566034111314,1.1832072712630084,0.9858840271091212,1.3790167871699865,0.9486612955325869,0.8510512145960533,1.6991129866024304,0.8079485646227991,1.2124087737171,1.167049483982173,1.3437866740757238,1.1615991424213798,1.4453845039096072,1.6773375934942711,1.3259698907764133,0.9996625318007449,0.9471305177829337,0.6058524693756847,1.7548578182659467,1.216512049000147,1.1648604861410716,1.1967586274409876,1.3418236312408942,1.329723529851223,1.0689585975714169,0.6709462334035152,1.1666026977897852,0.8688383086201599,1.1252907505454308,1.0910781114277557,1.057842987272991,1.1387280437641534,0.6815452231692818,1.184222222070961,1.0778068059001356,1.6867856211619658,1.0254789680629195,1.2521211036324251,1.2017409030647772,1.5648447518464192,1.1896450085938228,0.6534333888083881,0.9644047120366092,1.3167953685795968,1.5017514811553427,1.0035776373731293,1.1704456044595002,0.9546488511366816,1.3178467039212365,0.9375572257723093,0.5963588689210507,1.231137617288174,1.6251399271940756,1.057405932678851,1.7087261872801405,1.7033653242747797,1.356510143975952,0.9416289325339297,1.506735899905231,1.1818251590389919,0.8810772733645071,1.5600604230279143,1.2336306387733218,0.8346152036695393,1.0605990566364005,1.182147962184827,1.2009447965905797,1.1372335771429334,1.11218121931926,0.5793012512007066,1.1284137259082199,0.9905390137351459,1.5086919697982906,0.7331571150858086,0.7845740350922005,0.9418787859417846,1.1816463344966865,1.3131029221623656,1.2489209568245436,1.230542756696815,1.3737384986468333,1.2092203020863368,1.607476681483081,1.01461797268302,1.2890465492815337,1.1266558667257482,1.1518026274747433,1.2488497298744692,1.2140454992835985,0.9989990631324517,1.2559486475480601,1.1877671379501031,1.3951649318082084,1.3212180197301369,0.5917056522734739,0.7240961581701343,0.5544606276694561,1.3299288454157108,0.5682030727788294,1.1729891776883894,1.1538740505646352,1.0192757889411599,1.2142291070406843,0.49934368033939286,0.5527650931633948,1.0103292336203866,1.1786105063687904,1.3421313163006283,0.9241498382758576,1.2265276001876737,0.9483204601295511,1.155402259779711,1.3735258375009645,0.5484967031601201,1.6904469610578028,1.2846974271019371,1.342928164688644,0.9746498608579919,0.836121562447538,0.985743696626047,0.8061246081757854,1.2263724883486031,1.3225463784888019,1.0855570552275289,0.5895600768987639,1.698077580509213,0.917875711435748,1.4878103750574294,0.892211632056049,1.3120581104745337,1.0822579102130074,0.686653695070706,0.5724816529212934,1.1480007644042705,1.374281437586188,1.0151451217621374,1.1396590204627823,1.1476681246944684,0.7973835454990779,0.9866560665148166,0.8137177534365647,1.0697488455120125,0.8584713549318869,0.6450173980308606,0.9939125375456838,1.192404109764721,0.6645517865185085,1.265452604703664,1.047059521268028,0.9604822494196987,1.638956123155174,1.1718661294909847,1.694311405193803,2.017764438247728,0.5605276126448888,1.5125410597165951,0.8988971234715272,1.0365143785856548,1.145796782166365,1.2780836164812153,0.6473882147643475,1.1223002816874845,1.71008171158209,1.104845414305374,1.0268446533935376,0.8443951215027725,7.379422949237226,14.054609060897251,7.930906882265446,0.9843067136194166,11.633622757088116,9.235372397680754,3.1419419479525983,10.919632056702952,11.826187554747278,6.404985622163915,10.971834323030556,1.966452650759876,0.840780975997787,3.5225370834489786,13.66831533229894,11.177025701928523,3.474936061509759,0.9345897069268938,5.15524672592879,11.000019814413122,12.795230475985184,12.562506454546766,8.503489217407997,11.246118032217984,6.329335090091963,12.071897952682937,11.556835560764167,9.528413702027722,0.9469130898424204,11.384198424692435,8.595213774092885,11.983021350086885,12.011836539764031,11.590101657813394,5.961110908136891,15.95957647546741,12.93469306181033,1.656675829488344,2.0014708594182653,5.220876841514156,10.461275911468055,6.416898217305689,11.897439624130481,0.9091086221064073,12.24472506625078,13.81477462099412,0.8612756607013358,6.085208774464563,11.326107890898673,8.964086388883228,2.537596293721816,2.7933338095586886,6.265543549914542,11.55460035765173,12.702373023451324,4.117176127271297,6.382261390678123,12.574347437807063,6.483825653186167,12.978085481403962,11.884386706187406,2.0197558677074814,0.843777900267581,2.415105568673879,14.397703335412947,16.05450531539024,6.897244903653712,0.9969261875883461,1.209944785485513,5.504798906053041,7.496074075234618,1.9663008155807455,7.099399115947248,6.818347214658315,9.371908962846252,6.459966153553492,12.535251142252346,11.950569908173355,3.4937946669561426,8.828974281777436,11.678151865358911,12.46325498366083,11.110691465854037,13.270430405493018,11.975641332805578,12.131020947220888,2.7610293841189515,12.481131725165053,7.802325349015549,10.425698415068272,6.9070818381761745,9.985487211850632,3.9354639974457877,11.777032203151656,12.635873664472516,12.22742278386859,12.08287319775428,8.236382437651477,10.877479195290244,11.991427590127044,9.423893966314523,10.974112462933538,10.970120651610246,12.86419843628855,4.1944101104804625,1.586407862848334,7.089134201679703,9.87885121115847,4.369805110255756,7.660460379094223,5.61569265294488,10.908401044838865,2.136829460099664,4.090267746242274,11.467002548457415,11.942260602161173,15.816914007744192,10.830008380625337,13.35779243693296,12.765350091653866,5.537383231819898,13.765869625085626,7.8019534340436785,10.108046632073266,15.36822807620264,11.934375101317762,3.662486566257797,1.9561829157217685,10.084978609595684,11.611878322837766,12.24779881112424,15.736081103513303,10.95618096757502,11.822059580079847,9.574003448377107,11.344504854433104,11.905192266233426,2.9015849948122017,8.719789408146758,11.233537096892807,9.801972166309136,11.99479993344088,4.797089244016595,14.720976937146828,9.805252910410909,14.366410423041847,7.189797945476483,12.747581790075735,13.265352894485371,5.956116341388044,8.42653412242328,10.365168396503428,10.219213816327265,1.4835400859935068,12.915061047351347,5.798202469062216,5.390894084375232,12.745970224214465,0.8912219158565361,12.200192350859735,2.7765485914284547,10.200710355077462,8.06990356260317,6.043614850845419,12.102577269485536,8.884660326983116,2.073250847665007,12.519198433885,3.1520945276740604,12.480343015092453,13.290365850184495,12.445192649676105,0.7639895012091549,6.281431432313098,12.87439961546271,11.79406157450121,12.035399621866949,8.772862129391187,11.817324885662801,13.954850218028371,3.9739680191346185,6.363875315982881,8.070422514633044,1.8152681444886747,15.880985393778321,13.681023539277128,10.672013048768086,7.280375914474492,12.387042283994111,12.953468760172296,2.3563874238039513,2.2514594956521847,11.186305846976575,3.4048846653180376,8.857977379393692,10.481255174478543,0.9326152163745607,4.798563212987812,11.466434448779133,4.173525907462553,8.928137013417484,11.373804082987139,13.166213857957462,12.059874727631149,12.065803310293907,13.470413925928325,13.66906551205338,13.11753579039283,10.090157085063982,12.819158928865972,9.938200966922286,4.191396329104237,12.87654945400705,8.519617806671686,0.9800875653551188,4.188699077043048,12.668716803301034,11.06216221422949,11.617956617892029,11.335331060421383,1.3912213773330753,11.191364685091244,9.474750495223896,1.0617542427199558,1.2873931597218589,11.64437379752908,12.050770728382718,12.33081576377584,7.584477601964115,11.60384962031208,11.665092843252348,6.539647227542198,4.386955308470418,4.1625992960536955,10.520164549695158,12.661204017993459,2.960569562271316,12.007098720168768,1.6778981759446576,9.578491835290476,2.6352334518235008,2.644585922900549,11.519962000572155,11.489517191534445,9.045697383678727,12.576672872083074,6.233482052968678,1.1826997779062076,10.523086730818292,1.9364668780112724,14.887376564113145,5.897868308747351,10.815204819247464,12.57016330322204,10.746740012792504,12.575454634571768,10.988992122853574,0.8154934748711806,12.37172785677511,5.426022723358781,10.191503128550657,2.455666701673633,7.068252337663676,0.9255886241329211,3.8806582832147822,13.125926463367616,12.207204666569464,12.544449240352078,7.2598084796351054,13.833710105809725,16.138211389435185,9.291492590390865,2.173444457199838,8.859019354551087,2.5712580445460897,4.552064506128906,12.946776804233064,9.429074407924103,11.954565117866608,8.991432574926637,12.246601340890134,11.807639276445844,16.16575748061816,5.8225819435902775,1.008282523594216,9.022275384815087,3.7970712098314348,10.671633852711874,9.152856992626756,11.678870246843484,4.14687384480657,4.576985490855501,12.005102560176038,0.877135569374354,7.2357599004233695,7.235288158037917,6.190054388253522,12.113598759962096,0.9252327550412305,2.2932710419594153,1.108775783778613,1.0132125155480407,0.7608368730776087,0.7498323999711429,1.0256175584243419,0.7582009309093883,0.8485579928616022,0.8943753296801107,0.9605585796855074,0.8908390105758441,0.8889796637796458,0.5503778984490216,0.8515997488728411,0.8528145878064342,1.2480243964616375,0.8264658916463435,1.1693446867821848,0.9319128204076316,0.8079242357381182,0.8717680330163167,0.676893928503778,0.5256379175856839,0.7874544790022502,0.9212388886465024,1.120207230523614,1.160114246120867,0.8546707834306957,0.8779471790444086,0.6446484272057205,0.8829729900115109,0.8095164798376389,0.9275588547890733,1.8226273543304006,0.7778919357929598,0.8674935420749117,1.1955539591582083,1.3974861029603876,0.7677142938048237,0.8850087929955567,1.2317598504678986,1.7521545003027885,0.8102901275830874,1.371482652501006,1.026015308295718,0.8919049671464714,0.8891990817039289,0.7592403638303564,1.0205995967438806,1.096021171471802,0.9977844092152371,0.9010859259333335,1.768536077985754,1.4784189753438166,0.7135163064288611,0.8283345676098712,1.3651191989373022,0.8994127023052678,0.9953454152447255,0.6585695604309215,1.3376267477738883,0.9299648006956814,0.7994119570336753,2.0896433083610013,1.0764188562732995,1.34936928538647,0.9896468096781957,1.0279746691392246,1.316766234049786,1.1324276249202885,2.1305062969527326,0.7159949330553445,0.7133252148795064,1.23524160774061,0.7314291700865869,0.7312830472102232,0.9611806632083125,0.7047122182727217,0.701828554105724,0.8548285094474909,0.8246504770767195,1.13365906711265,1.1647933702115352,1.0200719029912855,0.7783038896892033,0.7547503977967631,1.7209665328435333,0.9679600842325875,0.9904353768726241,0.924980528970638,0.8233970068247021,1.4604576128282858,0.9550222581409927,0.7000521634687216,1.2430641706658654,1.4017890651290097,0.9481644228987428,0.8681295090120706,0.6964133409953155,1.915239315172527,1.053481652526818,2.528482187755314,1.278648631029745,0.9941361014050145,0.8822556323834762,1.3803836264414846,0.794829793463093,0.9561432440443737,0.8418832373147457,0.6753920794294442,0.7538600985111369,1.0656998871304428,0.704821699909047,0.6612350193680898,0.9638202060753139,1.0671971884263303,1.2778272504255515,1.3189617610461257,0.7969619980842525,0.8289706548899676,0.7293191079284516,0.9225129808794134,0.6620802894554039,0.7567716391048941,0.8567445616333323,1.2595557013127658,2.446391385037052,0.9579503104474699,0.6921472560424105,0.8359395681113119,0.8611959297392102,0.6841899588187009,0.9332081917670126,0.8642113826361819,0.9762997215968076,0.8390097320320883,1.393528816794167,0.8194999003900475,0.9919468333933189,1.0789395683997944,1.0738502424418417,0.812108123342171,1.0697589017923281,1.1543613230759222,0.7139878504942602,1.9368553979067888,1.0419930885067985,0.8809009315857618,0.8207129451535028,0.8508864183163471,0.6227359754496414,0.8385145209561691,1.1015156248923808,1.7759337899015084,1.1500282785540192,0.8289728664668162,1.2012749556363012,0.9773722677323061,2.1062332907691887,0.9425741093520861,0.9015421321181186,0.9487569188974856,0.7923326487523616,0.9592528023211082,0.9753766238882496,0.6218390700422058,0.9264212086835932,0.7927446687551017,1.0790263281903432,0.8939181927780941,0.9135898151210078,0.8973698527723052,0.7306039226402562,0.7925360325344681,1.4181817895188704,0.9443098755676195,1.210176206351176,1.0624596272224214,1.569838461861003,0.9297085984365323,0.6229568033525795,0.9243859939207836,1.0950404581239241,0.8841312154958851,0.7437860627637733,0.8983222561719522,1.0783068412932313,1.2019923471539082,1.2349983075632616,0.6604076286549949,0.7132034702352522,1.9211558689601256,2.407442969855939,0.9339618746078759,1.0037860656610367,1.568888660613881,0.8044640440217472,1.0786826661931306,1.1062918247757791,1.2054508958846426,1.0935917016608427,1.6743618046342228,1.03094294911308,0.8439028359146746,0.8047725035503304,1.724173544324201,1.7611085361060244,0.8940149906293001,0.7914723079584929,1.4708911190757539,1.3862619039913606,1.0329481512605418,0.9376703103179953,1.695424966576817,1.2098710846011795,1.2097372457663556,1.0387821416613516,1.7341837195548975,1.8213107189958193,1.2524963300297376,0.6887020618512164,1.414565646181448,0.6128009128505819,1.0584174816168623,0.6932821736987259,0.82946121847288,1.6700211386713015,0.8131272054872973,1.277378052260995,1.2123888556392541,1.9849555122849174,0.6664070491329396,0.828196295378617,1.00966792488154,0.7351569913604651,2.112521230875941,1.7485499521684458,1.5162328264867297,0.9306197775504714,0.8031319684266662,0.8209215834557344,0.8377860066389803,1.362763450768636,0.9039478185665827,1.2186215774293931,1.0792166682489013,0.7617520400289652,0.7246880452196521,1.8389826980997523,0.7302815752959714,0.9091310054855827,0.8314779871572211,0.9034200718372531,1.3865316406119623,0.9293812471385282,0.6429718917345653,1.0783378124916139,1.748649826498064,1.4465637153838575,0.9520845584826634,0.7062553118277953,0.8965739775567539,0.9800131181477649,0.8972146174921565,1.3329647087554861,1.670923063849339,0.7337031928081638,1.3840424030939071,0.8867474266770612,1.1215998811617736,0.8763871609942021,0.5571233868384474,1.1455066960031952,0.8991817010992904,1.787294280247941,1.0911134553541124,1.332105575351046,1.633418542645301,1.0035333517495562,0.8220983681418621,0.5510442703964621,1.8466529583141464,1.1966297118541314,1.0857646798765408,0.9585671671864493,0.9955288386298604,0.9347938330548465,1.606622740589769,1.3324793586351213,0.9525269179655236,0.8529788366557246,1.2404106371058805,0.5264218584560844,1.250580604995464,0.7907582125499106,1.1210963528630844,1.6127400278059623,1.4424897677706825,0.9393978936096263,0.7740618032156503,0.9073033652077063,6.469344341582483,3.0284164825973328,4.1964370057023626,3.2298805149217715,1.0412788705489722,3.1494781871590716,1.66801531682083,3.6224081541845212,2.9498739225063497,5.882849202524134,5.283726238446616,4.714796355109586,5.8548410710622365,4.6341660004729945,3.8035004883520367,3.0309355748693547,2.4745862864634964,1.7266560405814548,1.0130672232254108,2.9608828243794436,1.147212549471559,4.9911482169317365,2.274439671842031,5.8330478431574955,5.129312928903382,3.701001175030928,3.513185047815647,6.389686813560082,4.67975990093967,6.281347022993299,5.24317318985126,5.808700313851184,4.909359862545158,3.501960219937548,1.9451553559559605,2.268016915725759,1.7110116518206633,1.0808650171663632,1.352123184349042,7.233518924991484,2.8301571892730197,6.022578621804705,5.921303053990774,1.5422921677223937,5.931258504896176,0.8724985153210384,6.58323497156481,1.0158848684076476,2.2122019101969035,3.486609504957146,1.3682781878040144,4.070692667247176,3.9725147298977905,0.9574800761837967,1.154618163275779,0.8437555893638705,2.257391270604894,3.5985462729308466,1.0329223610132114,3.2915399449542084,5.72588957203383,2.018370837644547,1.257027662954201,2.6969686083736417,2.173591234021841,3.548299407777144,2.958057981357167,4.600863720912261,6.757117875038124,3.3276023546936186,1.9043938413321624,3.5063402485816653,5.198479592938973,4.293063848724733,1.2137563225587253,2.4491035593692763,1.1222493529601747,5.827436258152678,1.6808352761684349,1.1384645612021431,7.371504978920864,2.3590427331047,4.6080172277198646,2.460575127674559,5.556817939993497,3.534947917714658,7.210755304615858,4.3635153260084225,3.1011688618562823,1.7449927736035689,2.762714026666343,3.3460001485592494,7.613025363513335,3.00537112228811,1.4121136439126012,3.7642943525076342,7.074822109896164,2.358912030000309,2.982552614129516,3.261917488582258,2.3316752299094965,1.4205074278198846,7.010315146753757,2.929928861122752,3.0088240652362765,4.6275478827431185,4.088611834896852,4.105319250300899,5.1096813673514205,3.993076248592774,4.565905396159298,0.949519715489756,4.814478561778828,3.3306269756967275,4.820377181372203,5.100639261177119,3.340785983653341,4.874591063052476,3.6745804451187922,1.088173602142735,4.020547417528715,2.146440210457657,0.9840039963081487,3.904154627422425,4.587577261055756,2.3287965002143283,3.8345246183396533,4.330588927995365,4.458739134797683,4.358021573455994,4.4376778418781875,3.6375012458355176,5.424965169695091,1.3364241756937478,1.9135041042093626,1.4211331183019875,4.140080961431532,5.073267906307256,4.06137719287572,2.210950974754771,1.5155727493608235,3.453029403433541,5.584108579900958,5.288468612523042,1.6625132523194122,3.914530155941643,4.281277660528022,2.3308858281656955,3.2647763717259313,4.975877078562445,5.235589171231233,3.0839485584421156,3.295774553704638,1.4237508388078473,5.875442961461643,2.53689623464096,1.8360627587926643,2.46366351064565,1.3095940772309156,4.564688335911145,1.0306775280335994,4.084791811117642,5.69715391812968,3.8064374903530065,1.2768394166127652,0.9641156417964933,3.5485669425237907,0.9139306499839643,2.9279998533700407,2.1900811245558596,2.2059432735282813,1.213868797861539,3.0203793046763994,1.6443139608326933,2.47312768277008,7.010354366517984,2.578006794838591,4.273196593918255,2.1398872191582052,4.951578336660921,1.174043704178568,2.292402842846921,4.303400351696834,3.378416332480517,3.905715374791556,3.5312462403587808,2.3224902313013334,2.999230959192392,3.4080321792562756,2.5767936743065,2.066605801647994,3.464000198642369,7.556569939441309,2.9366772452368832,2.912746354595883,1.2285347197188288,4.929438705301565,2.058718647240877,4.826320732831569,2.2969509874383713,2.290810042801646,3.7543965197329583,0.7913282654337828,4.485612607066286,2.2828876352940743,2.7059430040117665,5.614858720386639,2.2516803501462768,4.015219347962021,2.7607120106011704,5.004799228515612,4.033955097531284,1.1034426691850787,3.5112150009159344,1.4044596303783508,3.0605854466283993,6.59643935131267,3.1231547939071236,3.9276008754309366,4.425197107348379,0.8621038298699971,4.039716061033036,5.933104378449766,2.7205364745294376,5.983552637637324,3.269685358402269,7.8731940839932095,4.470624647999176,1.0087941253215624,2.1719958320312367,5.198934856972363,5.39590993480394,0.8403597787682303,3.5460781619083193,6.1919282569488745,5.554569835942722,1.1079272070216195,1.46950235266391,3.5630750885518045,0.9162195853979688,4.95182301102819,7.073882071364762,3.695412141706809,4.973560538259305,1.1776725018077292,2.3079104157926618,5.462938815051664,6.633088616369676,6.331276539258825,3.2506357192786237,5.699466382399437,2.691483031107214,1.8530522093190127,0.8503363889893065,4.08508608327361,4.597030863467924,1.9287500900612715,1.095195403083357,6.282508612937479,5.350448316087371,5.136481554113767,0.951677852021798,1.9126392937005938,6.536833199616804,3.2517510006402746,1.9476855542312093,5.415698985923401,5.84817120813939,7.2780427285820934,2.2203836405096333,6.509541499813134,0.8088217725089597,2.292743957915999,1.5165410587328225,6.205004740953778,4.875010419026395,3.5492947543256252,3.386659122052203,3.190852288707745,5.298116866956215,2.222182653867303,5.1687846298405615,6.158087979113353,3.88830977904906,3.6018419193227253,3.926569509191678,3.7994868170518674,3.5555673847941,2.799612553389906,4.647533106254093,5.615780801679865,0.9283572830767768,1.5311746437452747,1.6843447820165518,2.3674027871338748,3.4263479649261157,2.6447441787708215,4.391656015223777,1.6345866487269904,5.648688674535669,12.30895038565583,2.8362543507147264,3.5418010188975297,1.5293426162603891,10.992380516062392,1.57180568335187,7.196278734509072,10.033453067757346,10.608626728049778,9.66901202101615,5.995519508819611,1.5306048515926753,4.327794798382955,13.529379816095808,1.454580654235357,11.537429407244337,8.233764527016268,6.887954636456886,10.987224960526254,2.7057692150559,11.584670984089279,1.3496869438583203,9.383697782111556,13.589852937982446,13.433259502197885,10.557440259010997,3.176275210771209,8.868975876999242,12.655373820056294,9.61171526910022,1.2489186007015751,1.3210980984120388,8.47936077597816,6.054782462235588,10.534726933262817,8.22788634426394,4.542496001555815,13.392991100085348,1.3455065548344465,12.025120648472836,9.168430733659374,5.775809171889717,3.684294989536292,14.03699288297117,9.579616495447807,10.879539332549502,12.703142695650136,9.69536173390745,12.013393479900104,10.19197949206229,3.054928111634826,1.3436576391361479,3.9557454804704992,5.071545501647961,7.732027677392509,2.625561218368752,7.031930799749375,10.529168899577204,4.043689744739007,1.4238328803019378,9.419027569421262,8.98111271498778,2.7627426749772934,11.158167588205197,9.264827179858498,11.613350782902497,4.739059845100669,2.776110478027736,12.422243429094516,12.03953648949757,11.408723174241105,13.843740741680737,12.821555436805157,11.909294047809004,2.4776044626317146,10.198829136218505,5.25665787317777,6.767153111621059,9.273329185287977,9.379214792403321,11.488188959227829,10.504186531344912,5.625791777371689,10.911845842214696,1.8598338074934744,9.998951658572441,4.563256279654512,12.117594077109407,11.764618185717191,13.273886802918716,9.735524804170273,1.415643453196741,11.633413829236265,7.960537758285457,7.472108864320675,1.5041722402357205,13.85881739827157,5.43800409160298,8.12944733202189,11.164049351813473,6.639399200187335,8.62757504769447,2.874529766705512,8.217037525706926,8.561299249072336,10.020587270252596,11.424318724901312,6.1301681304568225,1.4037836228895753,5.458038602701211,14.217706121927895,9.320800218091854,12.567091773497612,1.4203017092193477,11.14637392729234,12.33821902343024,4.513471389613743,6.319845257029104,13.792715771688886,10.688307633374638,9.504964193360788,14.121450729376392,10.751409400832085,10.37738685984563,13.185924506729924,10.434589669229464,10.085999260440001,9.490362690311889,1.5629969787392137,12.22769067251982,10.434777119842465,8.80864566987809,1.8128843847910132,1.8140984575610652,10.21987285880164,12.678383439835729,1.7538636911866088,7.915954914606501,12.318933952701745,5.220603711484566,9.41649840489133,11.452022516633301,7.409336994500028,10.444786330321636,3.6041278823638723,11.327575938825987,12.535881845526236,1.7143025359374853,9.81035421618932,1.677648285222503,4.976565799946285,8.756829101108432,9.333642115692701,4.628374094858801,9.802601064055835,8.673098441245797,5.973054873884085,6.5396242251893755,6.423456804706547,12.436919280396872,12.479597875929278,11.694976449987148,10.38792387332374,4.081776707234796,9.349237938189361,11.481160719442293,11.47628885277601,2.3107036920133694,2.717881477941994,8.992821044670222,11.468659176690748,1.3224201763339332,8.233768289206779,11.555679612785477,4.243756524281929,2.5405501535824353,11.671408878799085,1.9161624353795375,10.9071289609747,13.164644377695485,10.759607484644803,8.575515298433944,11.288858998374229,4.520489864038788,1.2724251602481738,11.965700868362187,11.170448170285248,12.119627083509213,10.09399182381006,5.2887727150134385,3.833722289657277,7.708394558573315,7.516066405243504,11.154091463973739,12.783763750445864,1.2893909635557421,9.033014893922816,2.13176099782024,12.028635611219919,5.084711894090551,10.528611781799768,7.434089643707643,6.884620582050505,1.6453620674033966,11.623535214527651,1.7283567254382248,6.9782790686068035,11.695043222784365,11.242543965673413,9.795864420114013,13.166562412930492,8.127020979901149,1.385501976877874,3.4463322066652635,10.748045216139031,12.802421030591908,1.5560768326217913,10.698604045278547,13.381660495751028,7.806616046570683,8.935870436879807,6.543495568956101,11.068714680098795,9.689717932105713,10.024148066362168,8.693598601830047,9.502219787964616,11.600871161424184,11.493038144453052,9.423370383963674,11.722380244436586,1.321250704410771,12.719162486029136,3.3689950066484613,9.178084163744813,11.062606275568902,7.84448081395271,8.744114853767863,11.123518954512962,10.56207887346458,8.983878561015405,11.253955181011857,10.794260039675825,6.775089277718706,12.33217799519223,7.624153248927312,2.615807494215263,12.267230737781553,13.70855937659605,1.3822147814169132,5.688445403156104,10.597426504163577,1.39865292226529,10.338365220141675,2.6790404034027526,9.375587859668162,11.661614141949487,5.8564185565747,13.402818772707965,12.361917385390141,11.53921447847373,11.858547140049518,13.109886578073251,5.906087780348569,1.3566396368361329,3.163477737149225,11.231792209295543,9.946591097486067,11.317644653005818,1.4371646708075514,7.61009493395701,11.481240528713736,8.643293447820223,1.6636172662972,11.140984356286632,8.477027578170961,2.7409570374415626,8.348032212215069,3.752486788011744,5.569712288184949,9.363890638445678,7.804377769706811,10.477755033390892,9.989426736370028,3.2708613664049935,10.927570102050806,7.459113757371636,5.57011202027947,6.8831088562742835,6.209789611643499,11.78279794707826,10.754216927765125,13.146305617686055,10.28136581380494,11.203050412965524,10.647980413999965,12.338644216792092,1.6420707785347732,1.4131360524759582,11.94382249525454,1.1619516739212223,3.0388696635048866,2.4704917815091703,1.9893654849540174,1.1042884164702065,2.2790050132546336,2.538133269026922,3.1216694556540583,1.6220572022253978,2.0618508916897342,1.42669504400187,1.8393145001019289,2.736495480137706,1.303426982260466,3.089086170023194,2.464573603289459,3.4882102603409324,3.0514910325525073,3.4096966799029507,2.4891408215820627,1.7392827049465671,2.7573576027727476,2.3927069017643103,1.1698471677297677,2.121681243737833,3.3911423873577866,1.348668512800321,1.8403592436921101,1.130995133098568,2.959747482579052,2.4394198173398585,1.9995453205601803,2.4387875881627625,2.1715377975752923,1.5631588024402832,3.9563722203315717,1.3204061581418307,2.4291989381050754,1.904320151654555,1.1118726665409984,1.3395541152098045,1.658314510015959,1.3403498572616466,3.9291385616057397,1.7848297814237584,2.1271222462106825,1.210322569305408,1.3634554360632842,3.5424665571643312,2.6047288694354753,1.4364267528096124,1.3919518916798317,1.7688901523398608,1.6576159062301243,1.4035563859148825,2.322704178997073,2.8785655942552193,1.8656663412343613,1.5186335990880508,3.0137174001141647,2.6321820118575703,2.884322638351199,1.3128101243542492,3.1360366441827874,2.1784442999178166,2.9392304241599523,3.265281260310669,1.5370421026277221,2.603263569002703,1.5359335879287177,2.438283492761672,2.048580512000546,1.2249054020563033,1.8287649910988517,1.4593570290650755,1.1613029417432978,1.7238096572880541,2.7001994528828726,1.4554426997585026,3.1127868807831063,3.13811348241997,1.5382645137060098,2.219230870446076,1.2034307139762759,1.6330372210703434,2.007079583478681,2.340297860351272,1.8179881967636378,1.6774695748334785,1.8169020635326887,2.32705741567424,2.4392022770665798,1.0413736134900125,0.9471398060694837,2.2010537640349126,2.119432481123534,1.1865230085312681,1.403574032529201,2.288218007728171,2.0397203673623054,1.3665010408813338,1.406800758264301,1.1252078727943613,2.0556885361825588,1.6052240817987302,1.4398992575643623,1.7351087388678352,0.978832619571441,3.1689753632051407,1.33517622143092,2.2992411581508536,1.7274454321999233,2.5984722221278513,2.3851402970839386,1.2140681422557948,2.51370063298345,2.7077747777283694,2.0518344621913376,1.9119665954041551,2.1700758081420792,1.8470089067837532,1.372757676224556,1.3720312550145164,1.180377364006463,3.7652491467539626,2.1813821581987543,2.4555304822828,1.5078171971223646,3.3739876239655655,2.809316839844056,2.0229266229752136,2.1401449219298474,1.0781144901209505,1.4460911890108445,3.080768275535191,2.2051981606943847,2.829666989260394,3.136131193514069,1.2146143194713064,1.5258600200478962,3.814102664200475,1.4337128634900298,1.3630357052680673,1.9615575963531955,1.3396863116610418,1.2273655156285257,1.6109010774908623,2.691342043820568,1.6688466655046996,2.264625315446895,3.993838059140688,1.8656355617125704,2.758600922296544,2.941096387898264,5.012536897143428,2.751691041450122,1.353928483118222,1.9690128831828817,1.8420969895253607,2.8655044007480845,2.3831573389326377,2.2850313787109355,2.809058936303666,1.4758095715953858,2.9197433574333416,1.38702869650189,1.703170481841289,1.1994597648686722,1.2540650553534531,1.6042153316657668,2.582243716726431,2.5139630343315114,1.7571893615737664,3.073745657877698,0.9915775310424646,1.680610533137752,1.2642121657842027,3.5428539792656313,2.4629476383829205,2.4341421674034702,3.172000010656951,2.417966555851237,3.1420813122869395,1.6549138686793896,0.9294431060697934,2.6199112731414322,2.462664344996706,1.147702985418061,1.6684763000580034,5.593784984499683,3.981820174170978,1.709219634913101,3.832708671007589,2.7190109803691658,1.3989001716719247,1.2840478291764537,2.149755348941779,1.2785493424041336,1.3065810724584535,2.6155766458484035,2.2196340321088193,1.3046204534431585,4.680423240471294,2.104645499444619,2.0545929071673465,2.631427131578222,1.5387546198542532,1.3738102637905618,1.8882488808301972,1.4770669737163045,1.3994814488153364,3.5581893729638336,1.3016441388469073,2.7167571790117027,1.1995376028972058,3.1568526856576953,3.3853060807376463,2.3875898151026016,1.769294920956333,1.3944004707756492,2.313735076179612,3.098218465132632,2.2660879574497104,1.407902737369741,3.428651017827697,2.3308019449430564,1.7711106700270087,2.346141859025012,3.0122659257467927,2.323469821009329,3.5143025450148735,1.8624137113084576,2.476434729816793,3.202304697030701,1.3004071774993513,3.531893475052075,1.5397411101884197,1.769635198500489,1.7849881642830594,3.26142926955796,1.373134085174028,2.4833695578315615,3.4330182645025555,1.876523408728881,2.5862292473623807,3.0931168254435595,1.3222501599249998,3.0070445700451556,1.8057833709216502,1.5812816259074784,2.928014075276311,1.2227948062995788,2.262052581721777,2.432066738784979,1.378917646810932,2.5253717284774515,1.367217668510464,1.437065837739097,2.2743055569769006,1.660566022449006,1.658217717366745,3.3389153272527183,1.3119475737972255,1.361225196399028,2.4865550739836673,1.9109777406313748,2.4995428603305174,1.3479814006450168,1.4273095293673879,3.067243678411393,3.448986376681791,1.576725403908666,3.4866595259690456,1.6510805487746176,2.676025369700624,1.9462550716319522,2.6655207609343163,1.6718749738958518,1.4820539380142066,2.3234448353940262,1.5609845957006605,3.787617637167021,3.470263654268499,2.7371234586077464,1.27290384958949,1.4676792805528747,3.894708774204674,1.1573230846402114,1.277144627699246,1.4294526503276115,2.177926128627137,1.120081084021569,4.432109716915789,1.9935681571013673,2.427308334567943,2.235402497526313,2.4379969090754607,1.915517209681181,1.3104812924597846,2.526447976349264
76,18.91875353425728,17.263448180275518,16.756475312680823,17.11593273289691,17.266678071628036,16.441969318179147,17.815821139962193,17.278153511413176,16.207831618490967,17.135974358135527,17.22479174092981,17.368582794459087,19.072505437403063,19.073513704029548,17.022183459697835,17.693098880616315,17.81456761310457,16.76834287334919,18.610634583859742,17.74400898520445,17.03157136933433,17.989304028908236,17.011178674029605,16.106928538371157,17.065393045435254,16.815765731876482,17.59381475510252,17.351850267761,16.85617269290117,17.874055490572534,17.1795391409631,17.431586573201276,17.73361802345171,16.927639721841746,18.512446239190123,17.982983503424496,17.266925302315734,17.69913499333508,17.98588404819989,16.88277812082687,17.09931038101976,16.985546876471947,18.03336503341603,17.187662776622563,16.91867201282154,17.28774821489846,16.87750263048814,17.937209275671666,16.97894845953049,17.83084094689188,17.733276978454942,17.109190779633476,18.040358035437198,17.706027918032582,18.378012508131537,16.96549918528286,17.485637656995728,18.040801172117977,19.012168405353712,17.323094543904006,17.94502791620046,16.731435851400448,18.058076129887635,17.847555794985084,17.142613247937362,16.66722796997457,17.374798275765468,17.28002538716893,17.019301077745766,16.385518442452526,17.545834141432163,17.345269959966302,18.022853572149845,17.00535128174496,17.04235435193945,16.81893494847619,18.09997812507918,16.87723736569414,16.89107693215506,18.308028031422733,17.54270206580935,17.60878005325493,17.996147649561628,18.35164385978257,16.462077728180724,17.108515574631706,18.14324817931656,15.972103939673286,18.60238514211628,17.555824579293404,16.01390053699424,17.47280962322015,16.646409857598062,15.074143433548059,15.356181792204628,17.211170079223074,19.008297458638197,18.366285925850356,17.886207826074465,17.123950309520602,17.308909386456413,19.014355814774238,17.28466451013475,16.97286732469793,17.10145246884695,19.080884592331763,17.291214417901895,17.730562403930776,15.858245292605169,16.48692966866731,17.549035714809314,17.634318315582284,16.688370800358104,16.785036425862817,17.684285932388512,16.532536848933354,16.878601632537567,17.227539304304845,16.741305314209765,16.230198563179158,17.92914861424665,17.04468048111341,17.932011911986642,17.162629301433263,16.742848266790038,17.95026872396759,17.980950644103796,16.9558929254099,16.60017670805733,17.028464761499936,17.819970623149256,16.77342286053022,15.187042533349652,17.7224164438875,17.10435029458929,17.541100969105745,16.986499124651456,17.792333361398995,16.902864650348377,15.932403619959775,17.52182380051984,15.028378720143698,17.125761785159327,17.818645597956312,17.796675374006664,15.931293898391722,16.930021247503948,16.909983028942875,17.171440223665797,17.933778359899232,17.23059859923297,17.561169260352298,16.49491919426794,18.0166808449925,17.83770217894718,17.708022128165545,17.084313052179827,17.258440857959187,17.187531657823058,17.769739495051393,17.014684811963715,16.19641205390804,17.555222755066648,15.271402589324486,17.073569683468488,17.762772690480823,16.07920313937733,16.389329171165695,18.135628119630933,15.372315275876112,16.767133907679806,18.16695560599079,17.08944335291608,16.897498270742798,15.757621999758875,17.08956218576194,17.528003070528513,18.41147889113819,16.677675613241636,17.715478614787582,16.32843735812031,17.792233017371757,18.90921469955539,18.26019018668247,17.2954571964747,17.708548333364604,17.233769244381037,15.849873312308697,16.050637503226913,17.149032857711788,17.794445096457775,18.618270017947566,16.911057835724176,15.278180299887413,15.23249821713252,17.334405295097863,17.086301343258913,18.93814395512364,18.28932262152924,17.752985350647073,18.116424310133596,17.28546469893949,17.709735468404205,17.183698734041155,16.51700950034786,17.052528183605613,17.015649188464668,17.23524967357891,17.132280446279385,16.58909777931859,17.29549967090212,17.319723856823746,16.90758339244646,16.161627004052303,15.785911550360717,17.892313755357442,17.137073238995782,16.74706039274595,17.39082752422022,16.93963460540999,16.92538425643455,16.715478583299205,16.588476078696736,15.177818654039577,17.576906556610936,17.784778407401006,16.92041825250623,15.289410077796429,17.476634095008794,17.80757339733677,16.7562194636756,17.283695910073128,17.03614215843506,17.13446364240798,16.885054798445882,16.35991322484737,17.332045732651775,17.085569407929547,15.241257584245071,16.830712352708538,17.97564472822823,16.764147055664097,17.773143796552976,16.986737940958037,16.90384721487287,17.88550133500156,17.290154697136657,17.289771956101397,16.470327138470623,16.505389731510597,18.52577439207575,15.873023358553478,15.930324539628465,17.81676326921622,16.60658747590839,16.595170602339113,17.415229096711744,16.992463752643555,15.940784295823633,17.35701165536677,18.05779731176394,18.82735078830888,18.947584404591534,16.73763347994849,17.087289746609066,17.57608414935252,17.490990018826743,17.498266781376238,16.782231523644786,15.034282834378583,15.294851121459898,17.94689489041309,17.126668047382903,17.666764894219767,16.74123115158894,16.587989211223743,16.991847330481267,17.8306492692554,16.97309209557712,17.342345110758135,17.68554199879331,16.349930812817036,16.49779183479926,16.40605796270787,16.509801241437927,17.80296604420551,18.003899829598588,15.91084397732841,18.943357821445876,17.60177548498953,16.936082466482517,17.785250446688032,15.2593632547623,15.052974153138566,18.898913844075672,17.71750411440398,15.304239572597632,17.252319784343193,17.82945573167051,17.832286592997683,17.466389365962346,13.298442343794429,13.740354874425426,16.14383978932351,17.758772102234243,16.61010673500127,13.157318035491647,12.88067678225712,10.613656868442524,15.68677060629301,9.741474738568925,17.194552798937025,14.599215637980766,15.13370203618401,17.231454026518804,14.045941878976798,18.07847259546896,15.496281667052283,14.955413950871195,11.487917044978259,17.060213835012238,12.599117213809226,15.46351320693426,15.293490455549039,14.700947015503047,12.677589429537951,17.695492553422874,15.406610010419612,16.963661479160574,16.005770309316368,13.477962322914696,14.746184162937773,15.382349001565414,14.47871920509533,13.393863049912397,17.648175382608198,15.600769365198397,16.69739110494742,12.898971366829054,11.07178949590414,11.344594883946971,13.403625473546674,15.1081845795945,12.491913945269452,13.217997328421903,15.914247213673871,13.298956537994268,13.061504535197654,17.190073107724082,16.308030061471715,16.272465274701123,17.082527786170672,16.546863805977964,16.44365709964229,17.33603719375504,15.482937999898022,16.480185918288456,13.546189591678488,14.28617314321668,16.28770362800965,13.763656052705096,16.463450830291684,15.4429647871105,13.645941501072329,15.887005693880427,17.775494921124054,18.58663674932836,18.51490023311869,12.609881901201124,17.05414022657591,16.831461618994513,13.04308156683872,12.903174268137459,14.421097364056221,15.982803828734657,13.613179399765302,15.286615027586846,13.29811840136451,14.317145839832289,16.885138751808174,18.741189037213015,12.952927456711887,14.679414183018917,17.198423012084092,15.92444262920557,12.665046909876876,16.775002942124306,12.192231168483593,14.689604927325039,11.417499403671794,13.332707524630449,17.092662279692405,13.348318618443496,13.400865783818794,17.894203627262694,16.586970168385164,12.419166300647845,11.077022503171795,18.043349087524604,16.046949867274332,17.94026601229567,12.72300003512186,15.560207097158294,13.19718810494421,18.50230027099242,15.931465897438246,13.437417248220875,16.16879197998016,12.3543989422482,16.865973016266825,16.735532289787688,13.506780070201918,14.33279713895424,12.872970190680263,15.136246681326966,12.810219834963352,13.77985208833961,13.696555973787465,17.508746796036565,13.84859317050527,11.847392245658597,15.26606208540235,18.05651410507997,17.204547748638994,12.463824934417818,11.242345413747737,14.72578195461895,16.624536604230403,14.68103509105413,19.13636677444215,14.096312053702503,14.517412833278474,13.991303443469626,14.405401069735662,13.401023398031322,16.55587558710325,11.365323623182501,14.202169442038516,13.67070039700481,10.75018599926112,11.035466344673985,12.942899508271799,13.12597698477587,12.881917857210098,17.64609852130014,17.887897409757056,17.809356063475285,11.067354408508587,14.919832518703215,13.697221344254121,13.020264273585338,15.160291252301025,16.443342056359022,17.893529394986725,16.27039662993817,18.120919618825877,15.090472901068,12.709529243220414,14.114716504481441,14.543260838880034,17.226566684812155,16.261335846164712,15.48493987274443,16.997812331722685,14.658833297789284,14.856827260029327,15.529242063754342,17.774542458500324,15.61573792046292,15.27814498188563,13.848027104148347,16.31404707117527,16.18051988681314,14.843303928518823,16.954044837003323,15.459411517642863,17.688316298993893,16.03655678775378,11.510998684275817,14.285201801885012,15.253466820883558,11.456088005306851,17.666192502819637,13.255666091177492,15.311311919630157,13.267616676890233,14.937356125500687,14.96553543135485,11.068669189848976,11.043962077587802,13.50018032662455,14.39775794779809,17.79141369647779,10.634177147264236,12.794901291941173,11.131820110335493,18.27192081528425,16.295255505256485,13.064790079399565,17.23568867684318,17.619502219307954,15.54355663279075,15.877520009019317,13.518954041263564,13.004539679534698,14.702646351362741,14.31973292169906,12.04944884682093,14.694770267500035,15.916491285340092,14.480821454324161,16.27432831974651,12.264804160463912,18.50373313680278,13.487668201261203,13.020830729280895,15.482161784673597,10.959159844052207,15.851508183513648,17.013860468954423,16.760640994382456,12.612210840059122,16.58975352940708,14.908056811864473,12.322933833912538,18.13587195174767,16.92098720194653,17.661830219718617,13.415442255584274,15.853388441835843,15.181197501676563,14.973439741216668,11.224739513856969,15.290940847590754,18.103632178502917,11.86345845634079,16.33492412858965,12.916237883038324,14.322160718075544,16.225993200154797,14.81830693265548,14.938807069333542,15.918863552161678,16.422181628799226,11.219104076256333,15.377618320855955,13.729602690680935,15.17295661304908,12.88952864811477,16.669056160218613,12.810174270741292,12.889087125421156,11.978745252442572,11.42081565811997,16.068045059161168,12.006112738658626,14.54228508632584,11.552882079413214,11.50750235387528,11.03715155325247,16.817378327125503,12.073821082705658,12.390950213305004,12.117324106183288,13.379420091162723,13.540095831114778,10.21180278903607,17.021779901952634,16.77981863593361,12.583579698459259,12.91541032007343,15.898689980649717,13.52555645653293,11.459817414125892,11.671182272843579,17.556538365163597,11.779018634741336,11.643700157152546,17.60667804518215,17.39793111958621,11.794720172564464,18.649375592890234,12.93139998517802,11.3430449736057,11.206656237509137,18.554520849926238,14.60871310675707,13.907984065032593,14.755985605077989,11.70124040271996,13.667327854523183,9.968714668722171,11.022827917524106,15.899106216287258,14.167306810552331,16.424215175485525,14.73442986033474,11.726224533658609,13.315241051332515,14.170843956725692,7.785293450613613,8.806813785183031,8.186839097803027,9.415306348498516,8.373417332805262,9.03979320893572,8.124573340794043,8.49706935894976,9.69883878006465,8.195096467505646,8.490263362668644,10.661560315642694,9.656747871256849,9.850677173025998,9.073757528777863,7.037737290545478,10.438974694743505,10.173127403412337,7.866431909307509,8.69929487793139,9.871228405697355,6.5384756904944625,7.93653889820338,9.022477845983897,9.846437079917644,8.602125377497364,7.656771748493678,8.817389433371893,9.106350800511665,8.757232827074786,8.24044316961394,8.42472482134684,7.100012438427108,9.344142895434622,8.799294649101318,6.97578108484592,10.039297242646798,9.102941506680665,8.552820053123197,9.430696906632349,7.6884643134575334,7.825531384102322,7.18572032982216,9.490019351899987,9.732392989722685,8.966980905517273,8.562136601283207,10.01473385003967,8.424526154848465,9.295333375570895,8.129202646446,9.083331363042301,10.910691275890219,8.953938578216563,9.895814066129937,10.656481259585892,7.992824377657769,8.799315405391848,8.449019132639851,8.269090805570343,9.494060070493932,8.919670197667042,9.046478754388858,10.408322808551242,8.566122424820215,8.270488835748292,8.007295233834755,9.878750501564264,9.169731554091998,8.863086556916146,8.798660642891285,8.817707181415216,8.055421847925718,8.654830383879728,8.062679713742163,9.508042954955265,8.012228131057404,7.519642864352194,8.462495783324712,8.560254538421065,8.054646501623317,8.136864218010802,8.266189390750792,9.946713218961426,8.487510064559762,7.109035623085974,9.228826673492721,8.147256928687915,8.808085605142008,7.690359266255806,8.32668492994795,9.130910166319143,9.031215207772966,9.579363987766518,8.820613061478578,8.296136649652214,9.17800033054053,7.919260507888525,9.595403575472995,9.11784044614529,8.304828927594851,9.416423196033607,8.339247572687524,8.969061920950654,7.903994546521029,9.679735431266927,9.924571558580677,9.255542941932262,8.353989843086705,8.266350501553642,8.594683777050165,9.612596735705491,8.83602855344264,8.295118467694492,9.59224624347956,9.742590365018412,8.109820318226225,8.48593378884779,7.069917456675537,8.337012925602775,7.819365052115015,8.899003964237245,8.403207897689379,8.095158384770965,8.001921349498689,8.510869468298775,9.61052079705973,10.036158930771096,9.698009713950315,8.540981671961815,7.070443146116541,7.868007983322431,8.931863587966326,9.564052569501033,9.070469415572616,7.625842212597361,9.7014917224075,9.74865977609384,8.987063182506892,9.328690030653252,8.37647123400127,8.377744420133329,8.014601261631876,7.926762089276172,8.635531076297605,9.607139595531397,8.644577211331558,9.592600124354096,9.90266749912382,9.560209886289528,9.51866119080103,9.67283686437319,7.948106485487888,10.052622240229084,6.7495882060577115,8.927043905535236,7.97769373871264,9.680986312108162,9.04232509535488,8.283008963514632,8.542875466861483,8.998861620329661,9.138978766093732,9.721627182593615,7.3016427617721344,7.962483206248378,9.508916946235615,8.054226660581314,8.258818918833963,7.726386109611778,10.59664317750456,8.875250755810079,8.7534429758902,8.840275696277224,9.541452099507575,9.07003197890779,8.428518597445594,8.184386230789299,9.466035558763213,7.987984278940417,8.99913158066447,8.029074438721915,8.533557859653376,8.724969304532243,8.187282170055449,8.933142234096204,8.536336379146062,10.703006491804757,9.444102707861031,9.371978528848018,9.177334081434164,9.84795441576952,8.3483482988986,8.933250779504311,7.662239385346295,7.805159287579435,9.690833325777023,8.916454996923797,9.550576687596985,8.704482273783169,7.575562504530459,7.9875620579145785,7.285539270319015,9.308719996985767,8.727910977507303,7.2857100800067585,8.879841641171746,7.764384286977966,8.3091727874288,9.78818752522713,8.60986368732237,8.153899568980435,9.000655533140602,9.109863880429547,9.52758635382965,9.539071506250812,8.412192676262064,9.440893598920143,6.867219679424041,9.373273649694312,9.640924459076707,5.93315889499103,7.596169010988849,9.247147665950594,8.764191814770394,8.228602687018586,8.332477338765766,9.438188600582748,8.73191688065432,7.152386630550728,9.458543779939694,8.434288514216925,8.91762488847766,8.850143877365811,8.240146801703316,8.683441655729126,9.840276397675611,9.138508831089734,10.140619810237338,9.543292943688522,10.018596665951625,10.039961066499371,8.841186247300255,9.52810538539243,8.794297807734484,8.809424819723603,10.702823223317278,10.670222698763665,8.443461019179626,10.60323826253685,7.700872103317928,7.739423128910726,8.839687182745433,6.7395260639333925,8.957404639576188,8.569156933666251,9.457439459487619,9.87347717874397,7.789920106690183,10.333282495076984,8.742357504017793,8.751589163098885,8.290610243633555,9.605300531054269,7.847275215595588,7.893792846414772,9.780674957760727,6.692377750391416,8.872559711659731,7.396761711654205,7.96380870059295,8.624932460947642,8.7807638479632,8.56662238192765,8.498882879162272,7.99287299790519,8.261268909035751,8.49787651989611,7.52555271720391,7.651970051402929,8.273914835987345,9.736563770099828,8.196640897985846,8.568249499553326,9.847770991346508,8.0525899926459,8.562666788261911,8.752095796578132,8.149426037293553,7.9555356219679085,8.265605487260377,9.481302318282173,7.3176465881479364,8.443560367386993,8.566121087777983,7.81423775470764,9.327303906974311,8.734036370790555,9.534027632777786,8.844551471020411,11.365643347939711,12.800787437844134,10.95241526204058,8.806742415256798,10.056694718434349,12.487103010231172,11.95209510785961,10.102314053653098,9.710868586441835,10.313604003754685,8.950039104657417,13.568443577042375,12.478474240567083,9.926475700612546,10.978121168761337,8.683266362695765,10.602311327730401,9.859170971114303,10.195965627939716,10.132838696773337,10.311577741310145,12.369444120193933,10.188665002731547,9.495549988129879,12.86486961657689,11.036200469595144,13.276095196586759,10.829701661047146,9.573616776608006,8.558520974723033,13.596688436985424,11.767247076337881,12.485506124356316,10.940872358087741,9.161992544880965,12.179168768401748,10.353120160369205,10.15143192368143,9.649093141906297,13.627024190756204,11.390227241814703,9.449424358705464,10.957569547746678,9.960838043363776,8.473622820464366,12.130626814611015,8.627350729637177,11.867298405614731,8.985250485292074,12.600040826441086,11.063051527451139,13.57416091251427,10.186578627575711,10.052012888525478,13.050157286818141,9.233683990720422,9.077083744302433,10.72155538317996,14.847822405606722,11.111513969049462,9.348186156493055,10.768241805507401,12.436272883389949,11.47406875493353,11.670496156190456,9.785517716910158,11.150027342022028,11.550766007207201,9.835618761084437,11.532434130108518,12.86311837341013,12.899561569544458,9.648293867082959,9.906005058820911,11.776124597864907,12.587730743879732,10.226343399516578,12.834866374569872,11.05420047973774,10.70327846871943,10.019808819968617,11.211022142422285,12.649430587713546,10.42419909991212,12.18378575653895,10.535752433718848,11.103070136205123,10.240340392445196,10.256728688473967,11.243767495697382,11.528589216987157,9.771337050595466,11.952385895678612,12.372529769272205,12.57662566145791,10.454463508447644,8.54500385113923,9.964289576647715,10.462169644955479,11.848493963574475,12.569630402584485,10.53769811505006,11.697107663007534,10.639918821842024,10.6373823911006,9.301960687251366,9.455554731833672,10.779860616340871,11.386877573499598,14.94935217163939,9.567044516530064,10.06688711515529,9.199489695742432,10.759015760031996,9.005778867474861,13.549755063651551,11.914705041467304,14.537480322187392,9.48493720345391,9.634520971559114,9.20093007765227,11.261290722107065,9.567817858930901,9.918386938524858,13.63327203733424,13.1082509926415,12.027110429865724,10.582291117310396,10.025301021902985,8.837943553565939,11.960052037179635,10.561912811222482,9.497232455152412,9.311321436010775,8.877231276119069,11.365657243897472,10.393694153805797,12.5016702212814,10.8861185279384,11.94969466106039,8.944923907309015,9.374259159820388,11.580412751825039,10.66094805016135,12.737958702199835,8.94258247534248,11.772103033043894,9.255666113474097,10.038827844842189,10.53617329777475,8.565240452902307,9.405621983558213,10.317994943652572,13.330288224879663,9.596674580249902,10.393868692288523,11.86789141102253,12.035625773021332,10.634013274905005,10.050512719634503,11.087612082092072,12.745377472946965,13.225526913685288,13.776340997755637,13.24074717256834,9.443509474159223,10.309319925984486,10.751043119542791,10.10429178182094,11.266546452407649,9.069370332271228,11.456168470667313,9.93040847853431,9.940775764819906,8.674298448616401,11.515961190934618,9.475827578634224,11.573887877248803,12.786742616057328,11.559473049934079,9.675036049277095,9.650433227486069,12.403612429817219,9.044612146173897,9.278075037956535,11.06193318313143,9.338162893056781,10.582820538704938,9.508680312082436,10.683895661124021,11.147813796532429,10.89761455603862,9.618410529272566,9.326081015956738,10.702099365753732,10.328244043582217,10.743186610968712,8.708388650063668,13.306966564659783,10.104904442010703,12.0627343306859,8.893067113971188,11.568582216350324,9.897629345684907,12.743032516364242,11.09275034148483,12.80524475357207,12.188241255273454,12.114929409089735,11.630147417035225,9.985795150353244,9.488569003185587,12.628192370997999,9.831533401162282,11.093327967760606,11.097418913660094,11.751900106622994,12.44271886806298,12.041210563805178,10.83366015568361,10.169387550865029,12.844150652199923,10.900909329368838,9.494460723231276,9.80214524575938,11.158983802018323,9.785541262397432,12.329739901475687,13.142286853465937,11.447028138484999,12.010021454686953,8.182249690330812,10.607968311192575,10.078150303168833,12.11415761852568,11.113969709995132,11.35402005978902,13.307488586696076,12.435590130478076,9.590698664202495,9.291027699948595,10.383352115905627,9.421950569714582,11.077454982087922,9.901107015648014,10.83105751223813,11.717321386676675,13.258818287897174,11.58650890757603,9.903255192391653,9.415160871340852,10.625084267408162,10.916130135454255,8.855513780574944,10.842568218160688,10.10337283890272,13.297461337232935,11.519944297241395,11.263372010851734,11.45456348949703,12.724474554619036,10.716536871899791,11.23812369740139,13.924833689823412,10.514816717132843,10.762093281737387,13.231771340557023,10.262289704917997,11.877621744821909,11.084324855798048,10.426546518222683,8.68910106560693,9.131388293299633,10.483214513839105,13.75015615338391,13.864681099624935,11.724243156006544,9.249103372832717,9.579915418618373,10.801458213579908,12.477592161238933,11.44550751304724,10.059734608453802,9.569395384064025,9.994494945099962,9.975480089961978,10.633412484935613,10.822025870645003,9.882427184278603,9.675330027120136,13.25304558591144,10.846110610127353,9.625682650746688,13.9165141436052,10.088186105424313,13.6649425923529,10.17056939775024,12.713111531573425,11.0271447057191,10.646463459581893,9.779389050448263,8.649115240532629,9.434093545427817,10.301534298958062,8.567112151273916,11.537050664608696,9.96783121236416,10.085050978518137,9.67146871831437,10.215180844539665,11.336981578542595,9.331182105700897,9.919591979975813,9.170990525671357,9.587351727127242,9.869795138832913,7.644576540044362,10.896182493679056,8.937868737681445,8.627393962648933,10.188867652279928,12.314309786603522,9.646312450455211,8.977854142857524,10.100585615940112,9.790996464001429,9.11268878852945,9.96152911863664,7.7369044761125325,9.907798843377764,11.273312657817248,9.382487442165006,9.373596586422677,12.109893994603665,9.24178884933139,10.578687369897635,9.028450456018454,9.925656634137619,7.814225248200084,9.117150912873766,9.69064106240377,9.339871047863857,10.215457648672063,10.050417540311345,9.336082594121818,9.204150928245468,8.701308083810886,9.632143772416901,10.703940662032878,8.245421248682936,9.645898583307904,8.689938467844067,11.631696995248092,9.294984955594199,9.796088151015873,9.454464386463169,10.49331433425251,9.153892467978157,9.246274139557933,9.956898372561573,10.52149446717955,9.600587609330391,10.60025341908701,9.74669791710455,11.384922525730941,8.227354001866662,8.383516827486284,11.089000322602152,11.179139284476738,10.332715058319847,9.33855918847955,10.274936484098372,9.645419282546952,12.96218839442794,8.522242188448939,9.341292050791722,8.936649715022961,8.988959449067439,9.039883811260717,8.025718024877314,8.348109987002594,10.771862035795559,9.342532782636672,10.31997443957945,8.704462605764263,10.374565233934623,8.116169797768476,9.983772517337195,9.677903410638345,8.896901105050318,9.104936902643072,7.933963580719669,9.396553253791756,7.940643581654306,8.939089267444004,10.471210591752532,8.236824312446156,10.1922525524034,9.030546406285533,9.798956690479297,9.597804337581607,9.560860610173767,8.742620800398752,9.073417169510023,7.829804300506413,9.817894421667344,9.766275890041237,11.80875269863744,8.613320046239185,9.757903911221899,9.173586671523058,8.846111728823608,12.295821195901972,8.501085660279541,10.062952896915869,9.738186998104258,9.755904469718734,9.187682010342405,9.887060008861814,9.729403622927977,10.820352421286952,9.588474930024708,9.294243903659748,8.81325218301807,9.701844048108828,9.673196574402425,9.48623196210755,13.200933154287362,12.562355194120284,9.288969202491174,10.900236152009947,9.198373516065786,11.498892627602117,9.359625772762822,8.13847807028466,9.719146033128055,11.944438032069325,10.782973207612585,12.032814471786885,10.715558463516198,9.437667103004928,8.103996430729607,12.135680846593685,11.685943547491883,9.978879839107838,10.030898811041494,9.705340107545295,11.170587981340178,8.091674367535775,8.63893110094623,10.068871156345198,9.838427936142724,9.460224869814125,9.610300403190745,10.080904069722601,11.440990102895,9.628332267946536,9.67767264718281,9.955344981288597,12.421836752165513,8.443511209480407,8.885583919636495,9.968449596177784,7.49418383567273,9.641025393362899,9.330202473972497,8.01954029205027,8.97364937714707,9.252202588858076,9.953065571230956,9.863525239236052,9.879675252333522,8.1430992263881,9.787340011765894,7.925767007978137,8.20375684278018,9.880085382090261,13.1249695562792,9.895935970096076,9.66015264657235,10.354803513535893,11.330884407868453,10.24050289664101,10.084386520699047,9.678433349649575,9.059168802683882,9.70351134383614,8.61634566219387,9.635261700855335,9.728174116459853,9.741606576179935,9.75385129146778,9.10904358982536,10.210261042954972,9.853049825932155,9.32151905839342,11.273833798121823,8.860759060473855,9.785119396765394,9.92717553374576,9.55900917717333,8.74098564793156,9.222082200040568,12.0633642210398,11.199212725312481,8.630718232380294,10.287690404386833,9.769373217349688,9.533587343127106,9.816282795080049,9.259026629501808,9.971117226495098,9.422281591854457,8.245226485199687,7.624022345991351,8.598420784242501,11.368189768706564,8.14873386042802,10.738866879180469,9.032179650999597,8.640078327670924,9.956100768932835,11.62650666991188,10.082452347427115,10.414277265735336,10.418416335906135,9.674598995184132,10.866162708751457,8.963398081843419,10.635529339054727,11.366443539758619,9.215484465442206,8.934738199157973,9.884962176102142,9.290951898769569,11.673101592446168,9.276450250782549,8.98661495412995,10.654916382403739,10.297304692431968,9.791659474106725,9.533474069102176,9.15621643787257,8.260258001677062,7.995021692127047,9.672065214729228,12.171831787211728,8.921056361222064,8.365142960273744,7.524112290526624,9.988212729055585,8.973856179676234,9.565667383325543,9.486453837090753,10.187333511691408,8.910293161966658,11.131134780212456,9.8302202431718,9.684159141715666,11.689547646219294,11.440117167275194,9.35274420970583,9.596630889734879,9.655028454943999,10.318556330151948,9.839031696409286,11.675265521895307,10.42321998229197,8.3484130513053,10.555184398947532,9.474001122659947,9.722006001125663,11.315200240961248,8.847042242929987,9.971662876812454,8.921152205134986,8.093766229862142,8.797928678628134,10.884208821999463,10.628319064973683,8.941149448134531,9.839554861978234,10.444510576176992,7.44987249448251,9.406828073513537,7.250206501971312,12.042274514829954,9.212022569277757,9.875161888614922,9.31635154475232,10.271548975061704,8.68101128595384,9.233059869384672,9.227877280522087,8.963579110676974,10.085608050547252,9.57865749292187,8.555956737544717,9.721463657154867,10.720744233674944,14.64374233595776,14.821837599645926,13.485844318599627,14.960098682827928,15.543152878601385,13.49710372568267,14.658780646599732,15.921793783782586,15.179919760378395,13.213355517118812,14.248942918763404,12.81291488295372,15.43896374668079,12.353563793806316,14.552050444755519,14.441539639581162,12.349400935057327,13.190867761260797,14.295612446236678,14.756940243585904,15.18054519534498,15.594536442552478,14.96953220723581,13.56457672675469,15.743874555534433,12.93796521965543,13.86822998823406,14.12407846367121,13.806939552111965,14.45024897184034,13.360177044227735,14.756266722864154,13.059773535198888,13.176692640152986,14.901513821102284,13.190900893891131,13.294430286657851,13.408813606306412,13.489472353550108,13.52648677584164,13.966424954602376,15.487157537127613,14.065522552820603,12.313729761597335,14.375602735715978,13.04436478258867,14.6939664787866,15.154434782217583,13.783181138915957,14.191066581504982,15.079052845443918,14.490933803881846,13.378863844625814,13.381166713746808,12.153596560137679,14.79681025701847,15.399214435187243,15.412461438132645,14.11586457792176,14.045857852447302,13.469950466524875,14.139395867425597,13.985355194644832,12.500813761791527,14.318018962500284,15.19051701955743,14.12669313185324,15.246611964471256,14.792816213046704,13.517041922020551,11.973444508060348,14.109221405374523,12.580113478785801,14.070334098075728,14.03909396232804,14.1647480013097,13.76741181695384,13.43051280321168,15.547056401966296,12.812487777487675,15.296517903896559,14.140576169239095,13.101122497055893,13.03646684237921,14.016540205595659,15.230776354026082,14.669393148432588,13.606630990404572,13.597166788897056,13.21006159712629,12.94969716218355,14.718649940318198,14.275925097067272,14.008988010986647,13.890321089868923,13.764525064086618,14.38241389869856,13.17844151347219,13.582384029522574,14.412527149136263,13.989443664247128,11.827278113455522,14.79153368944452,14.910546343685663,12.995471768225745,14.397513152782174,15.866662203973398,14.664463107517108,15.525902529515944,14.887288085671988,12.37506052756682,14.157542790479663,14.671635530680433,12.7056405047675,14.788239323079326,14.366581777587443,14.571996999958563,12.958168694200303,14.433909104021167,13.919539574800641,14.522545948028132,12.524737683618053,13.851423080448301,15.274496959767022,14.617930187847104,13.92058954641523,15.802633571280174,14.55469869669689,15.390198862551662,13.288498729396208,14.879192996132304,12.03010668159256,15.445121730700862,14.898062023586462,14.600107065779943,15.83248817207136,16.009723846282466,14.602296019019118,12.65522951112305,13.241795781405168,12.946253319811776,15.348283034442844,15.292606711361046,14.415708605317912,13.87812118566489,13.416202917448194,13.79067549949427,13.904050172683549,14.314858226842931,14.154666713926202,15.270324615249221,14.211454438472243,13.992987965057441,13.301350178846679,13.56770527414243,14.754202452573846,14.248837113805399,13.484054064090717,14.17461346510671,14.704427112184055,12.628241657297737,13.235823115277217,10.895556921828929,13.823389741512571,14.57973619759508,14.61513077736093,15.489047602964236,13.930746891284736,14.302550216100148,14.108309342530777,16.01575603198898,15.559488029036157,13.189618879136223,15.398588005630794,13.322947632715206,14.48774133206846,14.297228797641498,14.244750321768048,13.020949055960715,14.7678284315402,13.872912462361933,13.601372975110415,14.944620032497422,14.199523860511112,14.451621157088974,16.65650395390681,15.090807778605674,16.605236343874566,14.604247301516681,13.764772895493532,13.951948779817188,13.88743706250311,13.921447043911789,12.301757689894147,12.245623817171689,15.371185969764255,13.685645084746076,14.823760063197177,12.58571116268929,13.111117969573867,13.854700496490482,14.457892209962102,13.602711227777549,16.07199682571168,14.607190315154305,13.456984820237173,13.454051698126229,14.948402329911607,11.665511536598498,15.947121485928209,14.00934434179865,15.458367465898263,14.373609078306949,14.240883507552354,14.002149787272238,14.24124134939969,14.735307959830852,14.56802345079694,13.683974729340651,12.073204466733731,14.86379846973049,14.52431759374375,16.902130772834308,15.156545207953759,15.626096245946648,11.979569679653018,15.627601536335703,15.932290334745097,11.905702893287893,14.569113417244576,12.10136968833635,14.067434883556178,14.629838983111924,14.139221969099275,13.874717057385077,15.430439773189205,15.540304169184017,15.30375635353215,13.409101625036303,13.91104365232274,12.172080302284353,15.832868349521293,14.988324559487548,15.615862020721343,14.132219609131456,13.679807414020821,13.605256416057816,13.617186755114334,13.506132773398495,14.390487821414604,15.699944641223546,12.277848037882471,14.379862554719852,14.87671946704667,13.395588481560178,15.615753420364172,14.445454714822974,16.343767583961636,15.875634067065274,12.084804469090235,13.835561576084553,13.41591654716124,13.052109972236952,13.953943215574258,14.247424522646158,14.278682065853072,15.50776729850801,14.27079431849314,15.811751749867486,15.203206532923884,12.369287642143052,16.859077423313686,13.534869275151525,13.573070965966654,15.022552617095457,13.668703794853213,13.398515943721065,15.354471613626144,13.415699874711235,13.908967262796374,12.802757483936922,13.076626174976848,14.466530194765237,13.766205479706706,13.574154344807008,14.211442878026862,14.03166634578436,14.828036421036844,12.934393125340264,13.52303406770289,16.750145523121308,14.623904867646699,16.077462313798403,14.86486024168846,15.889125735632382,13.00698410483296,12.023242867307843,13.489229350233062,13.745130235143924,14.343272681443683,16.509026080638012,14.291774966120617,13.89971392919344,14.308365090210392,13.613154166369796,13.565083291912348,15.077803415977126,12.502471284771673,15.862824343408755,16.502116703485928,14.39472197981406,13.35679534463105,11.566072236963317,15.392914658679029,14.049613171968183,14.355929221520368,12.359919767230886,12.848749274586986,13.089986327658965,15.039809285639487,15.066823751531151,12.457404656317639,14.523466095853433,14.101894523272787,14.714086420574905,14.104973119864278,14.343718696426542,12.58608048933109,14.042273439053117,14.970947281921429,15.707715372524053,12.773352764427749,14.394137585548004,13.657100584558298,14.691535330808856,14.783449132093127,11.980692033517924,13.839175869622876,12.56182546079023,13.522145462534352,14.933862106872487,13.332371739544627,12.740761513911442,14.568678448318733,14.749157373186687,14.839098914174663,14.470671226310523,15.928225411610937,13.945056256365342,13.825837030705857,13.992126025287522,14.071395327765137,15.82493643027108,13.850932146869056,14.752313219253763,12.51192809813775,13.11189491722625,13.64548901446382,14.244845869102944,15.716007559892939,13.661722895868369,13.193961884797162,14.425627040752918,14.226442677407368,14.749668346856858,14.504244605252747,14.615614064342456,15.666945148794639,13.561013959693836,14.719495770846855,15.331450587666263,15.510789405831297,14.533655300316193,13.66512907515674,14.177937301860554,14.978780830728581,15.073978155305854,16.106264907167773,12.996349616638575,11.944554079760618,17.844130864640487,13.627895578286369,14.584565371626882,14.247881947544972,14.266951663421622,14.039227407546257,14.481833234966258,14.03400462648771,13.441709377408728,13.79183596614697,14.816164873877888,14.32137360895454,14.002818382779315,16.11450302156246,12.64672203996165,13.757096070031952,14.80612901736461,14.836662484476168,14.765069900419077,14.72377854534552,13.898037870191162,14.972809856629379,13.865382827254068,12.851579378195648,13.03944565158537,14.642949790035313,15.346782852411549,16.020694041856363,14.375877809491707,14.316314097575239,17.261901864314968,12.417014271991404,13.328137188786606,14.982773653383127,13.8790808085272,13.858446377109201,14.222578310142659,16.44871488288455,14.333272733563774,13.757510938200834,12.18541739697679,14.458030245611345,15.407318270952974,14.63760241551671,14.426240128349356,13.562117826690306,14.560591235167598,14.712135824632398,14.226026999619972,14.327553407110338,14.333386125264365,15.993496828214553,13.46975258666103,14.514754188047581,13.649325274921855,16.079421464547476,13.013326413524673,15.149919744241624,13.837528497320054,14.38062446410901,17.13884658217848,14.242705981082839,14.030554756319445,13.51644893896844,14.489616623939261,14.850660970608942,15.57856145019659,14.19058767236937,12.92519032422191,14.963950706547967,13.662850091330561,14.516048988226732,16.568805281391413,13.054388847626226,12.829641910423062,16.47784610686306,13.208046066273463,13.951967292465424,14.271993458164458,13.701111170109948,14.508132224056096,14.841054755469193,15.13138875683752,14.254484513504567,13.090293866852303,14.700268201942931,16.172616550882783,14.29244343909896,15.087991623034684,13.58281045185655,13.744061797438794,13.107059889916417,15.083241561351503,13.538120978971813,15.962063894309779,14.634504130809434,15.206743615640818,15.604976005060418,13.872252464371183,12.719551131412185,14.472934483047739,13.027378824635964,15.76164510961109,12.844685323917401,16.324230704960986,12.161801737604275,13.721958816404648,15.114436779436662,13.933905768916654,16.024481374594306,13.099606950696062,13.620222818286447,11.05928076365789,15.65779319781585,13.199577644375655,13.765517903845144,14.251332067879357,14.132486630260937,14.775736385671692,12.653143931199319,14.337168855810061,14.806428112273805,14.317961629741049,15.303111503219808,14.163582055430574,14.584806156271735,13.99095694744586,13.538691448181906,14.227125627215624,13.985378465727088,14.76571306212064,14.362048131635756,14.259163120329791,13.933329040070756,14.629072891715753,14.938952476245644,12.671609107248617,15.536562523505797,15.851032870845373,14.62785266594033,12.52647785536033,15.808547189134677,13.480822530785126,15.138070464261556,16.255654410106676,15.505038832166846,14.218105543109433,15.721328551401646,14.520241311187556,13.057267540408615,15.35999696581504,15.07425993337652,13.793226826223194,14.752588919165042,13.694701331493265,13.554662237151327,13.479850046432233,15.691226605811808,13.979397750864512,14.828571236636538,14.090341583987563,13.855659637718999,16.14563001738786,14.361106269553572,14.293819049144714,14.249727619937866,16.649952899672698,15.305202022178134,13.830997117510034,13.348138153718827,14.105645459273218,14.846264618937857,11.533816616286488,15.793393489371113,13.086986884534998,13.374209357754172,13.239337438429883,15.036033856264227,12.865809005627074,11.404635810806903,14.506848687239788,13.035884018522884,15.087890393502343,14.656973652956875,13.970047536966382,12.91740176207832,14.232046608386204,14.689747671724193,15.508472718740864,14.49291532933109,13.613510783766612,14.295456342670334,14.96367144451256,14.763384311524096,14.721985718148595,14.18808787165955,13.74274596811863,16.040544649478182,14.88130455331746,14.715810253518269,15.409400714670221,14.324740887716505,11.729562864339021,15.192761283117704,12.481214535406846,14.269127692431844,13.382908400170162,14.0286793725239,14.238854905278146,13.489450015396454,13.378985902605278,13.910698018129702,15.624586517919374,15.223995386120343,15.877680256976088,12.453534758949528,13.528206084171009,13.965530895503047,13.362709589402538,13.90821486885229
77,7.552983453001139,6.746721111882912,6.705317893042002,7.312748843143138,6.698229233362189,7.320469674320228,7.26399418203689,6.51189256897836,7.921252611967919,7.032629799994678,6.718527907844762,6.55069483013819,7.094309039300301,7.0414028887236295,6.400094272258013,7.042451040289543,7.2696379323416425,6.705259425879361,7.3223079569823355,7.24616264786781,7.071867230399114,7.2921554405246445,6.797049176222061,7.590756236061091,7.180475932040653,7.340660023876531,7.06121134181902,6.726695389194198,6.808256261159693,6.823890217533928,7.272932353251933,6.628543672949954,6.935808400508117,6.77528903211909,6.890952104030475,7.306742633642686,6.804962055201985,6.991230395006839,7.006743166242124,6.86499184788298,7.164580568793138,6.4116149494291745,7.421836811837032,6.6235833686394585,7.485400959491802,7.373396891277622,6.742558109710904,7.225604491950488,6.8564436377314015,6.865067445281439,6.946457712808391,6.957787328102665,7.949340592118407,7.220156539695062,7.57622026722051,7.389903399619469,8.36171690316383,7.049644582206613,7.031207430389899,6.567229044079878,6.923662539155557,6.96288599095095,7.183588611840286,7.031907873195623,7.033287825914498,7.272840007390034,7.238730014458201,6.7876983000489854,7.052603508961691,7.162915292150987,6.860779679213113,6.984653821415262,6.9614255270990295,7.053477995874924,7.196700566057285,6.743007291932794,7.819725048864544,7.22819611911861,7.672039130726715,7.198684408586586,8.287822203428185,7.057073577335385,7.992085347902552,7.20464277429383,7.1744030979556825,6.82763256350084,6.829469839592209,7.217729004361925,7.475746090141012,7.238554901075509,7.46728141254836,7.2299790997243685,7.283564016586476,7.179422541890613,7.541889965730711,6.780900243635445,7.081325836506491,7.641066366661251,6.976222277126144,7.11518748548471,6.699519193561362,7.303913708634465,6.763748109222373,7.976020243877601,7.151381971226833,7.066125735634616,6.790731967897541,8.177998020107589,7.380546601366305,7.290106142100437,7.108687483903037,8.085111132160986,7.004709743568111,7.49307039206362,7.325633198238552,7.451222470290973,7.281947762029688,7.0212077778705275,8.147690348558324,7.894486806428673,6.981432703556262,7.3095806140028285,7.291426906467579,7.158882189183368,8.094172421787821,6.9637615821502425,6.909461785508849,6.8294813739240325,7.240028334469477,6.7707550784148,7.438339225865524,7.599369288866662,7.26595121163976,7.086876064069172,7.208498867120667,8.311239249323977,6.86421349070133,7.031856894592282,6.875832134326815,7.382359725637046,7.317286221309286,7.311251882915263,6.769847440731113,7.552218634730265,7.206892220859558,7.224094807289814,7.166866199261321,6.406782454640665,6.664534112058039,6.767561058024679,7.259050664624707,6.899844121447257,7.314262756184799,7.038270239782987,7.0745797051378,7.352042478183073,7.066911306550441,7.355920583145473,6.610545289694953,7.305465983625897,6.94510883105862,7.29909730148882,6.860322188675757,7.463923124434594,6.856406238876949,7.293965925627447,7.559073565099623,7.915081757629507,6.831987394267843,7.544016161581813,6.938309582954561,6.829020909648417,6.872978025025388,6.866506624535104,7.489068665567744,6.941251014060493,6.705829401271361,7.67490389463773,7.547873098959692,7.2957160838360435,7.368174249288515,7.074033530911258,7.0284058412703745,7.4810330727409955,6.509055113677645,7.22167564407891,7.484242654394685,7.388017345739935,7.463117537126261,6.987437557118384,7.555132699100687,7.376059391347668,7.343072471620525,7.446046791124964,7.56016258341823,6.429737295873337,7.291134047326094,7.461417247074291,7.959137871994992,7.828951637237121,6.817381335049508,6.880664889437017,8.106396285035244,7.273397901742,7.536111700160745,7.014686195540088,6.310310475619286,6.962747170487982,7.021861857576634,7.546777161150454,6.557713446694208,6.972926341590542,7.687155738573994,7.311314908124296,7.414601448638807,6.951268514649076,7.031956884366902,6.975932255764937,6.5566392732420375,6.786899329220567,7.503504626520406,7.3296527693174305,7.242197284358645,7.584589699306461,7.529028143073737,7.229756704963065,8.1742250186577,7.581812786110427,8.418009097406012,7.233105553097507,7.5290485203440385,6.9971071278797465,7.033297816190977,7.001435270562733,6.776994527126882,7.320874010399097,6.705157203200078,6.926346611853782,7.521073412546404,7.17815115445148,7.286416548489879,6.935372262094949,8.169740253016172,6.952355864125635,8.185023552691595,6.9225852502693295,6.7657591711194405,6.719264364372519,7.81871931990942,7.393273199707652,6.877890745468805,7.358046003713216,7.182983527653388,7.7010087794655675,6.97757225987513,7.049925435255666,7.1360778237569225,6.347626740604913,7.200545644207189,7.532245135438313,7.176508853892439,7.052601299549175,7.521128595231001,7.611397300973148,7.164732979036952,7.533583433909235,7.263765512761284,7.127501060305329,6.67095607698746,7.31157992947519,7.533844289184176,6.77550220354632,6.864347888793124,7.257780070580165,7.33971223240109,7.032188302194434,8.10149644504521,7.526652756450895,6.842435749882105,6.709946139684579,7.069592293952243,7.476997938343025,7.549083777371374,7.675556607158896,7.4555057430385725,7.230769504376876,7.120860703382486,7.553791895514881,7.528969274751704,7.1829373805661225,6.391239323246355,7.762366873607972,7.547077657095149,7.196918442152784,7.276130220623101,7.254267280532494,7.5899710378616385,6.869454731588194,6.835398844175982,7.552067762418921,7.4542436214211865,7.1298269705250625,6.786092543726177,7.917230306143428,7.524081628405029,7.376593589859295,6.68223174872156,6.2684985794236185,7.095899641865182,8.598250402690281,7.030572779423763,7.148228818779714,7.075922895621922,5.304219219634715,6.972765026123279,6.303508466984675,7.710464227770521,5.549309432767065,5.54913425005738,7.939898065281086,7.488700981622955,6.144793752388643,7.092279836705561,7.8374282360815695,6.819666891857374,7.9248201043119915,7.149330769787291,7.092485116118172,7.25445892235914,6.068116948044977,7.186656221543702,6.424951935951808,5.872775723686854,8.161804946250408,6.015074849828841,7.12179350021388,5.841815402648864,6.655002873330367,6.640947824590927,8.210171291746876,8.617366939347988,8.530133521001606,5.297476213603467,7.963712292977536,6.119194164128965,5.994237157623427,7.1734800129899075,6.5453391354668256,6.346779180921144,6.913269420109287,7.330496047154157,7.188639362137155,6.83986277594443,7.20397082501772,7.2161490441796685,7.143927760773808,6.659975762043416,6.393563539213219,5.942838610799829,7.361269470087141,7.402324744919134,6.09530118084514,5.574492777043168,7.80549337895489,5.800041453241898,7.80970108126976,7.408621805999045,7.087352126596025,6.557900374208958,7.0517649866312295,8.029115884699719,6.49179541088313,6.477676136158167,6.847773586193586,8.496825740050777,6.039781173543697,7.113294350148225,7.0901613398589545,7.684937313360069,8.017153288920305,7.008717323390583,6.937643047924889,7.532544865892847,7.087410051441469,5.8007194959469395,7.443242030206325,8.03459254863552,7.640029404381359,7.001006955194592,6.971748671513539,6.078274593834481,7.27838623762545,7.140718083028764,6.255120072506972,7.191823338859291,7.87663315773015,6.488221204939583,6.248843923664395,6.909154344685165,6.874715382406885,7.452778907918234,6.783060305953153,7.172529024464005,7.17976725708438,6.4041927483712335,7.514024162725939,6.453832342465137,7.03510925029082,6.15111454983561,7.219695017715805,7.800054818279103,6.419857821538232,7.276856092128339,7.352533940508423,6.0347181243178705,6.119156649359985,5.856953158968379,7.785323219735734,7.235144237586993,6.682648884836321,7.672773983468416,7.591232730372211,6.919759693910493,6.358842963367756,6.631416112014903,6.811642115457861,7.0491782789589585,7.453058720810006,7.254921359606555,7.0830357812739795,6.0986906756211985,7.504558056663482,6.762351765845046,5.899074595990065,7.712912361226956,6.870791433379684,6.642540627827528,6.893973565548962,7.048013233118359,6.972120933880677,7.910884310501353,8.704097785872284,8.585237575219907,6.467413995863403,6.883125708995385,7.502767747672835,6.876939936175216,7.631087831387385,7.1081935824675515,6.225457907070107,6.9824365987260135,8.73332524639688,6.106569381169096,7.179113589151434,7.025479293415657,7.235342434905148,6.275762540904096,6.720026974477982,6.134460510599441,6.870004382473764,7.429907281408516,8.381273526063257,6.77164526503406,6.924543710299923,8.141966430994712,7.671525938892679,7.522623539446169,7.2062317088059,7.2822073380598455,5.585336695968757,6.208280888572826,7.348595224659383,6.745521878115489,7.225229387323251,6.880927034433694,7.698849089069648,7.873851526660558,7.208823909498408,6.205745265417933,7.429335407677441,6.483685639330872,7.939196358626891,6.990106640537879,6.115300528599487,7.856716090994097,7.091112066317543,6.100158912107783,8.171296051321903,8.193816258619647,8.202439293267965,6.373063591675932,6.450048200165399,7.034857518014593,7.039288919782551,6.768896521658962,6.23864267680861,7.407683300096904,7.250109764872281,7.23977786168109,7.141130564325283,7.133520243050481,7.4504179863756415,7.152543644705364,7.814858065043395,7.433455545381839,5.5627533802053355,6.937926193658615,6.512367516307099,6.9991586885726,7.35755741409533,5.917375201685002,7.3947965528151425,7.437022886031152,6.410196866416308,6.376675404091986,8.582670791276053,5.5972377699789915,6.925700608187123,7.126908141829612,6.234835587812041,7.691723516632067,6.551359797670494,7.271010537617403,6.407792688046859,7.458852130204643,7.240141625679295,7.190176804658068,7.0351927992611305,7.8504990254559655,8.468490077759267,7.853065707386235,6.297288613359961,6.81902094176772,6.517376729954405,7.483508843026374,6.6787458860592475,6.696168212776144,7.365367860417645,8.824564083174085,7.42718976068815,7.06742550290331,6.880727169648353,7.818041716483115,6.7846780864716,7.727439098059828,7.51249027610869,7.3664658438606,7.812092020776916,6.611822892865165,7.475410672934003,6.226900019355764,7.170886524885586,7.395676829836934,7.958205997862133,8.518376443452857,7.428346370919412,7.068361005535936,8.600661557233943,6.622580230528442,8.227433061753436,7.439432097237245,7.5899519316331565,7.228790562546286,5.972354500658337,6.687168353983944,8.7848543440304,6.923788527308942,7.169837123478875,7.276187355901295,6.499328278576784,6.7665262771492785,6.776379155867876,6.074639263446777,7.945405155354839,7.418545935102033,7.5236814624824175,7.4226229894721225,6.198637317813731,7.802505937626877,7.745848843582367,6.2979741435521985,7.046678967310149,6.565276522184198,7.721383278413627,7.0800603315541295,6.6898267433550105,6.236954999449434,7.567742375964063,8.806378422026008,7.242999480956858,6.3708877072489525,7.346712241854621,6.811711928013284,7.101494965588621,8.689716881792414,7.700512499109524,6.21249454771652,8.633933697078286,7.2343926170026895,5.79820994862673,7.725496581193799,5.28139278555124,6.351585661997453,7.044494494956137,7.592365551604985,5.994003563137294,8.142178349850065,6.048342780452844,6.1561687955304585,6.512893675523352,6.0503555518619265,7.044509348331662,6.601874499966934,6.553778326882291,4.936049802565933,5.468919828462991,6.686904778929567,6.462638935543593,7.530964866043785,5.057618261219089,6.260403328783492,4.772850777985062,6.955130755111889,5.937368208432281,7.302340499755441,7.005501783506241,5.762784568953091,5.871911512091611,6.7052861672444175,5.351056484091972,6.33028859747905,7.692868391164899,4.7449212545762505,4.727519633798604,6.693046876704639,6.607008678952464,6.748402577039495,6.653406309926329,7.088281619228778,5.970929791478862,5.055300748444664,6.457549518861463,5.271140561406273,6.679934490493033,6.371085400155508,5.55473119831795,6.812850022608436,7.440331886511608,5.522117031950912,6.236241228853856,7.8456623583405305,6.187354243372916,7.196575702016283,5.960993037720229,6.569772579029006,6.497840640647202,6.387727274355727,7.0119104088814055,5.840480280413096,5.168801249193699,4.97017949821926,6.249252163417078,6.687014487402297,6.282962794386371,5.336654588766099,5.632603445087626,5.764824979486731,6.220620352246643,7.04297361388322,7.040120648721197,6.504677272137354,7.097854038572809,6.432348560081191,6.691105166511887,5.209133384663673,5.781565440407685,5.786021222899969,4.799663583617021,6.852884054481289,6.865311617721009,4.060965487298313,5.9166406562326985,6.7875620425415395,6.588817810901641,5.532503997380526,5.485390302629968,6.466232606237956,5.913731851202511,6.367974242636038,5.051402309906724,6.406606715995612,5.7647325545887975,7.221463693695142,4.854627784705705,5.467269676875599,4.8686265076161135,6.699156185883512,6.932475551595611,5.701976231349596,5.886731308689133,5.015130631248692,5.25510030095555,5.568057785216401,5.014337371468042,6.678677552765949,7.717865688330844,6.989719191975171,5.912357666253547,8.309915514014035,6.2958784586073095,6.2206732947559455,5.37885690464749,7.0047717760338655,6.778166483875682,6.594180097468571,6.09040194778487,5.995254435143411,5.451555403382693,5.56992406859344,5.048143278875988,7.592811005474683,5.175559818962893,5.523150645744544,5.238656383666592,5.601507475486318,6.922296150198138,7.237106346435345,6.815222599879,5.813306648967685,5.7063349207755625,4.710965482050661,5.5875149973952505,6.552181180727856,4.8626239481125655,5.765749509697183,5.117344736106824,6.100971891059271,7.34586256512081,6.205298630521709,6.458625310616547,5.603706492294538,5.665525673420093,6.599793219272421,6.3223207475229355,5.6272101635406235,6.784247432645856,7.217638689319639,5.735606015133959,6.629981772718704,5.948892204009114,6.605244663032243,5.722449140346816,5.400120481237665,6.9197219427169845,5.0292712304821015,7.22244780382368,6.1314010299417205,5.719936261849903,6.921580909385167,5.522048231616621,6.767140067841431,6.0242372775800845,5.906454338453203,6.055450571424475,4.89406715188473,6.872898865614831,6.530975812135067,5.913730034603453,6.708457421059973,4.836736628126272,5.545148854735592,5.971205399846805,7.066933293944951,6.795447811413387,5.708092333519693,4.751096835102021,5.470215683068607,6.166062695367619,6.352621758677646,6.069666495165124,7.366196348329602,6.440148666277317,6.182291748106059,7.109490545449342,6.002556095504121,5.500854858235756,6.126415946425612,6.889175448167986,6.723756842500665,4.829424416346904,6.18233649826876,6.8136185050463,5.692255446710754,6.991797193584005,7.176718083996845,6.600775393461659,7.670310038307983,6.894980000354142,6.609212047592475,5.865613196844382,6.066598070341634,6.4609114841229,5.756589103175404,5.997247834682441,5.357350870118416,5.731644216323228,5.466689702516145,6.31822593789623,5.702878894591388,6.842794512905251,6.085811373770414,7.35732142129349,4.998251323989302,5.033702604130443,6.677161859994595,7.188634872858246,4.954544641073967,5.345120298709577,6.5592941170440024,6.630695162541329,7.0350093259359054,5.844694650799981,6.948201144069803,6.59566673303103,6.960807829253009,7.065947918000332,5.486199571884273,4.774470703563331,6.659779191027118,5.348536727193132,6.594505105339004,5.822875368320139,5.807466923992401,6.812817925178565,5.902246856382039,4.495783647029145,6.719113103607871,5.855161132413728,7.824835980517473,4.808983148368035,6.684259769487956,6.674816282681769,5.310825728442688,4.838480474203831,5.963107498950526,4.727915070425699,6.094290114525398,6.912388889770421,5.60105986581372,7.046207841758191,5.825793164573528,6.390682146598797,6.641253557004121,4.808732355160148,5.6443910910494175,4.726458113890681,5.494621292932487,6.294797801228711,5.736133874904737,7.784144846607565,5.993697458320932,6.645280627556321,6.74678655393133,6.562857422911696,6.73486666185591,5.160582453063807,5.283565910927558,4.785710771439305,6.533783562456054,5.726613004235221,5.621946211769823,6.255517993391114,6.101832850001572,5.570320799794782,6.8752961254712845,7.4672653425777415,5.1249423201584134,5.011349844513457,4.788679981776319,7.149137344135354,5.743394739397557,6.168838294340113,5.589654941635853,6.0759604962678475,7.337095017379004,5.305239831492454,6.6663430334017555,6.28721429354268,5.95556092666594,4.976963214352353,6.733792352189856,7.198779979849452,4.794055726409052,6.927530028945638,7.1947760588583565,6.530700960847208,5.939871661670697,7.015047650347185,6.6687483609601985,6.747968458887034,5.910515241265229,6.4640033394597864,6.8013790765011235,6.985044158757626,6.562926212953295,5.101072312298685,6.005183212321448,5.899140003148396,6.35402311469677,6.974483652993931,5.289500965031822,6.076508220475691,7.290635829556847,6.9554453634294005,6.723165119651094,6.728429953773621,6.916916735955782,6.97068425415878,7.2115467296213325,6.568147043384949,6.494304478508595,5.981720480036306,7.382760324986014,6.338719869112817,5.906793774827627,6.00780316952293,6.206311273589763,7.542155709039157,7.130683176711836,7.0248395461571596,7.328803406380059,6.405909657274436,6.398965862810581,6.485909894672111,7.4911962269078884,5.210970281201872,5.582372784344613,6.997537231924366,6.604235757460468,5.985863844479367,5.987825414711662,6.853474859546722,7.216835089925342,7.784872709852757,6.560074008169887,6.566414126320378,7.58583792903077,5.248460241726815,7.134793411878559,6.604734279318941,6.864751781922348,5.884579085988776,6.092768226550761,6.021868390092902,7.30578461571473,5.856831741215539,6.953162175360512,7.0607325961719765,5.636268845883154,7.230738689772837,6.890997706507577,5.892986048123508,6.155114088538753,6.071610094969513,5.619009523437062,6.122721863954146,6.200455842733419,6.553275926268501,6.699342497918388,6.553432383993813,7.690095095518806,6.32285704707578,6.717485792827942,6.985124729414584,7.045898375478948,5.915080227196785,6.948365149849495,7.170004752481278,6.969015899732439,7.03193702018466,6.733769067445872,6.5860368487732,6.156091633149735,5.014339372741224,7.296825111334338,6.320474763538522,6.1286247143554204,6.492176524653593,7.22360650575259,5.475242347349768,5.086034125202736,7.100655171851854,6.186035870110109,6.367227490368292,5.816614049105237,6.1814881637574715,7.241548076598227,7.058007400492804,7.012431978051805,5.5835975827253845,6.467882409078546,5.6199066922138785,6.242108860377429,6.988052427365049,7.053614930043267,6.51061632233749,6.694803374871609,6.130388693986177,4.926151396304259,5.588772472580176,7.256498806259016,7.135625365314592,7.512921777969323,5.024726364694386,7.009285222509787,5.257300972514394,6.105729407444969,6.107081447622444,6.431408907485891,6.063551379869005,6.91203466229315,6.892101432424971,6.940379591534332,7.379365509340668,6.345898551951442,5.484452114615371,7.779751241347535,6.453380816799974,7.110189847401715,6.810794303822434,5.23129230898187,6.579160730501212,7.153452297271366,6.839182563849641,7.33602374661217,6.478461023259344,7.410515628106538,6.317268926433037,6.44382934344527,5.735867342541287,6.775944943483432,6.898949805872383,6.275967652434628,6.653594064400564,5.853973874965714,6.70829097765465,6.838409611543316,6.359790497468134,5.594061782256246,6.471185091853467,6.997668642580006,6.647578940308745,6.4556663448864136,7.581503565526635,6.817883686048664,7.005240891416077,5.180444962519211,6.1911681483300045,7.124411328117003,6.451344133500812,6.3717775669009065,5.082732252475291,6.371947748102439,6.461864452530136,6.3958046968026565,6.83947396324136,7.051195393242984,7.220276886476221,6.451211870907085,7.353356457602509,7.182055683145677,6.701442063558969,6.282211806299795,4.888571033498567,6.588756594650962,6.566028600131347,6.869744556695825,6.777501339470069,6.9618481535910615,6.586443221705871,6.803013042012535,6.028550613110948,6.762781605753765,7.672087079335908,7.009158088179776,5.998517947563085,6.53875034815842,7.153684215227665,7.067107977098176,7.978632417881494,7.122396783328178,6.4572501153199084,6.779244097519034,6.603789586373524,8.095312226219317,6.104785488380475,5.972084707261768,6.814489298903354,7.381201008499835,7.288765519444571,7.746750185668949,6.567954997998757,5.51427568120592,6.866164309834632,5.8190812987469105,6.478318526811294,6.495613227807796,7.191637235676437,6.497954577725086,6.145983701133165,7.284281235144911,6.9699104555464855,6.120172092357947,6.5143075160683885,7.426966073648091,6.9953384412124215,5.517055878553799,7.485541633375543,6.460209897495365,6.359180933439075,6.25366278969733,5.757324959918633,6.691542721696207,7.156374743176505,7.0061012029932055,6.078363993158101,6.849051881963797,6.524767882024793,6.197551068610256,7.43922342379926,7.100564479272383,6.319923669481289,5.269820665101779,7.380064694817385,6.173667381734417,6.330413994770122,5.962882533012063,6.858953624464094,6.202812470035197,6.6652901483974984,6.998594960443302,6.0491206083494315,6.704967365931556,7.458635210867792,7.276872024057917,6.885198899445976,5.942342366125465,6.404133543363542,6.028450595824222,7.082661363931708,7.245536881682105,6.820311843438134,6.005256028692747,7.034751416412824,6.147435645979637,6.779661667879389,6.330623632791227,5.09133776459562,5.497914474677263,6.552883695006715,7.472174770643148,7.016076280439394,6.2402957589547885,5.994667094926651,6.318281654445849,6.2061508903386455,5.62808456297883,6.8069415576601475,7.053103000928864,7.523707374135898,4.935264829659905,7.500609977341318,6.697202561341882,5.887468065458743,6.084360594888738,5.991386289155439,5.761642530663612,7.117945432237096,6.523048131831967,7.2039968615710865,5.811115307413708,6.572570247169077,6.117584811987669,7.695430647396706,7.131969946249656,6.495862605581771,5.589013605691863,5.905125213902176,6.809161381923986,6.99350287199207,6.697290663053853,7.297381487012859,6.616447107019283,6.423865257733029,6.398978166059658,7.720139668609262,6.101472588952104,6.084183680804195,5.471513174620754,6.9517317988470655,6.258048620694815,5.363339486699161,4.981040915680298,6.470296325563253,6.413257919366367,7.510203817149841,6.177964357318235,6.796807432075348,6.861824594479437,5.005290495710077,6.144218270537449,6.000629394947681,6.014207440265249,4.858931170085398,6.320072259375796,5.628085911234064,6.239902921700391,7.9081651125467,6.855070215741664,5.592471491895913,6.92397058351891,6.2217222297802195,7.486464480930815,6.033589604036003,5.665984077389976,6.155291933607337,8.32000555457946,6.503306800586526,6.3307130794632585,6.2528630823696885,7.0048109494826525,6.174625278515275,7.101083723021321,7.290626076187698,7.176257672799412,6.7180704467701595,4.716563098791503,6.576099814549569,6.608020096798811,5.922662720345799,6.7914746206661745,7.246247304389774,4.973980292340502,6.216889108550664,7.213276654074899,7.006872846264876,5.727643152533655,7.050590601267797,7.180778819090423,5.473205307507816,7.086663863252676,8.831675366321585,6.6265921678108155,7.661254690787588,6.2419656436311275,6.577488167979089,7.2131520138997995,5.573313039278564,7.194273242486685,7.071647174304501,5.371676869044499,5.694947252316843,6.735300451903225,6.757143427478276,5.776870872362101,7.190893383651357,5.644353330250001,6.126236440873868,7.218930459360957,6.942501640571977,6.146044735949831,6.90217225492914,7.5318824708069405,6.594065715958639,6.660281709804975,5.7101311045191885,7.2426567144484135,6.024982502611391,4.730718269505353,6.594568879117409,7.067752514488,6.742297905170529,5.329363229412874,5.036792403751764,6.161757957902532,5.648808784234863,6.792944433629398,5.584475498599445,6.999294083526478,7.094564805090384,6.1830065505467156,5.6311339098456505,7.514749994288018,6.471755527863772,6.880834400227126,6.752859240429891,6.740989650283222,5.570633680053147,6.708297358125278,5.9444722356019,6.167411515649772,7.150128893968198,7.52180953549341,7.474106796594297,5.531773883310291,7.5847681535250215,7.006282950760689,6.5751531728817545,6.328444063777958,6.946350044085514,6.508135231417237,7.060655884434192,6.232255026766679,5.31197730949887,7.595767720240484,6.077721557089642,6.955716284011578,6.045538280615065,6.996874513630156,6.333856486730253,6.318392475054347,7.495756982465763,6.802488504376014,5.918928897337903,5.55169192145004,7.487962955655849,7.186390333825593,6.552500909829327,6.322814425772913,6.429313835153728,5.696844073894981,5.529817083401063,6.179708027456601,6.232673579758294,7.276223408358505,7.300370618032672,6.552037095298262,6.296276150964133,6.538288116163407,7.257308990328108,6.811988011011771,5.757335353988871,6.620083355194737,6.37653864937265,6.1614053869618814,6.842273146540003,5.87692106759978,5.9795078466588585,5.876701988125983,6.318441146760947,5.621774099131772,6.28837557989641,7.905755789241911,6.901652858583268,5.999792271970456,7.67489325375769,6.812730012415503,5.612032315503739,6.8022498851889885,6.320647828386041,7.169586296351826,5.831957712264733,6.590536382809604,7.267125654693992,6.305459083044628,6.582210040671073,7.069241426996,6.82388485192079,5.568080481986014,7.37174899589681,6.871508387828563,6.164622841107353,6.228392144378639,6.608819829238187,6.98733341697823,7.229191582425572,6.770414385541401,6.613588787103788,5.623211634922965,7.044632730315221,7.485605427847314,5.839815804635984,6.109138199951723,5.859317999677339,6.310014519881927,6.439752446086099,7.475197663358718,5.341431633726468,6.24914377584886,5.846021923834032,5.606581814466098,6.55483223463327,7.664699874719483,5.158527275251317,5.688279132835381,7.52308279543337,6.516394138643923,6.719815917415065,5.9541306126326266,6.221303971363901,6.219461794195576,8.908519762624541,6.673142773146485,6.416242851141954,5.901547736545167,6.388865246876515,5.991711893726314,6.16246099006368,6.838126640355757,5.68290207814683,7.149016732040006,6.2558616851108395,7.480725807099931,5.327978890682173,6.385515864534141,5.889062302571812,7.443868926927277,6.298998458482669,6.515114744296358,4.590293109848898,7.514297691540691,6.270874153861059,7.525742890107976,6.9455516664589805,6.2680817551715355,6.545389560595325,5.873128328559842,5.8373600417135325,6.860267355435699,7.28615522722494,6.254566009945068,5.5697301138625654,6.8851622063643,8.01797519448696,6.491728350000633,6.29458677937985,7.0156128065302505,7.050565463292485,5.949660155667673,6.551277376017437,6.9514225658147835,6.04259981209853,6.704384444272631,5.437805552583848,6.635175371970475,6.887254646798495,6.474876449271462,7.398776827886269,6.9848419297180895,6.1003273041739225,5.8579120004347685,6.234871333173391,6.709609796485667,6.561117927828969,6.7448476395756956,7.5291082803731655,6.094591955143766,6.644990552676473,6.965203978504252,6.341396496293082,6.288439238975223,6.630152897488356,5.887040008246463,6.264522480941782,6.553274904021196,6.243509524408284,6.409109320449476,6.350763969995436,6.9539461725130645,7.164228933850719,6.634358400760629,6.80249652015557,5.833529838004239,5.868817585169238,6.218649031760092,6.020020973794642,7.235780350049263,6.392300240815192,5.870088587609586,6.2165432431301175,6.483159453461907,6.066917885159136,5.326729141134211,7.298051681077236,8.195703302328376,6.414418223993244,6.7345889126154885,6.084939754914999,6.955134942576368,5.4028756357316965,5.991439492639653,6.878205351019957,7.373724473296905,7.309627229541094,7.358056979854083,7.013547619154455,5.27007142114206,5.882681852798253,6.808619415237856,6.947597979542969,6.9531532576467745,6.228059125984898,5.559556223102495,5.97391127352545,6.556898161966664,5.852398334666289,6.238130707716755,6.695119566201147,5.282166802975139,5.22873425283758,6.050961944698983,5.241071854901617,6.533989532224224,5.526366397768791,5.821431565818495,5.6035057234328525,5.666081587509197,6.063420794804234,5.966273493927726,6.249809315634956,6.3029774501374325,5.636786789446931,5.2605048032867785,6.46013507260744,6.479129189898301,5.529365945010049,5.98325623410054,5.7946856808621,6.126164966447959,5.600238205655361,5.499453008343378,5.691475701320416,5.01904129086563,5.3314670681263525,6.155701075190494,4.901382022649238,5.315483189812551,5.523427327145713,5.713909480998046,4.398680084706027,6.782453820835197,6.661974359975335,5.993763002319144,4.855362506845405,5.910544057144984,5.689243059431074,5.964200124180564,6.868795971785064,5.626455698743338,6.530077442546458,6.205702796039707,5.4518327645581826,5.718895408176622,5.831505225935419,4.707109068524479,6.258229197888746,6.503083164590475,6.459823847854371,6.929338585603383,6.15950525800162,5.8218366880457015,6.283647265561757,6.0423663350064,4.214429956913339,6.256276914920242,6.302636558723891,6.057744606234917,6.187474239608559,7.447892875272734,4.609910406725755,5.7624776151512025,6.187912349886193,4.766998886942953,5.8149101690665015,6.036004400571857,6.526832241055037,5.282903479789886,5.1684707918395905,5.180755401812256,4.868898857453608,6.2717863084229,6.512240856419094,5.518578457027371,5.720651955110131,6.316963025655097,6.260182173479069,5.2912270993866715,4.619421621639502,5.6465461951277875,5.594026099564339,5.3064165997735095,6.0346582993204905,6.501546845809739,6.966236376337421,6.737907827607193,5.252146771370753,6.499323736060328,5.522578451282648,6.816628738452434,5.3341961285759725,5.068862475627619,4.913254630454018,6.242806705672251,5.438659095013533,5.71406985358688,5.579263415919784,6.221851881808092,5.883404418874628,5.955942829984548,5.322322367070171,5.656982349184549,5.345710044246045,7.283632981984109,5.317587563571711,6.738448172656846,7.218587411926934,5.024977504421029,5.339477265449628,6.597296713715098,5.841703618525375,7.044480541231812,4.58745656659404,5.807974495108461,5.542056990261894,5.090460960838179,7.025673927978426,5.241773070713917,6.990695104787321,5.8306178394423895,6.866072830553889,6.182802913388049,4.936892396601492,5.761523154187402,6.051603625518943,6.177271828389593,5.465626115828428,6.174000397780607,6.291338648413984,5.2850380066433065,5.292317905353362,6.4745625637668285,6.306302403630899,5.245162366451681,6.302558077885648,5.902134127324823,6.164364028298797,6.852640304298778,5.269617141464609,7.068910604348222,6.233970816154918,6.21573832029761,5.857420150163182,6.776926886769172,5.653904251945006,6.897367279467936,7.010978454376191,6.03244656223967,6.804311180928572,6.188824327512106,7.497847118860399,5.312516259739127,6.744654221999695,5.629371376672355,5.565825757633753,5.393797338509179,5.984756965047584,6.059904189250868,5.468589358367498,5.730989542112955,5.789929873504836,6.562526696064924,5.687527090914439,4.896543598520509,6.03136419654977,5.774778873448965,5.760151983898473,6.532772862688347,5.432516693584023,5.758998497979906,7.3704076600886586,7.031556549239758,6.643284064317344,6.002062847660054,7.517898695726008,5.822533750259235,5.961067324793512,4.677883759083194,5.946295836753635,6.7551204193707814,5.3015275601531995,5.983258335504958,5.250152123528397,5.3433551040767435,5.547431869659005,5.798045208733309,5.783707719567503,6.928941387054395,6.204848576766619,4.430800655042354,5.624511312830924,7.017646554655659,5.299565215780352,6.403631660486754,6.130677969991153,6.066827964338732,5.906092189308648,5.130782910982259,6.280891358003397,6.0742064521861705,6.671572998005438,5.83173964191752,7.144784767643636,6.030335606543735,6.007484278193018,5.872494480364545,5.85665880714964,5.232878802518433,6.117699591407779,5.712233695933007,4.73356897989629,5.220034887437417,5.696502459739246,5.891219260978942,6.839932708749158,5.291354759616759,4.994360667382723,4.9933607821007415,6.411449006600733,5.794714889839745,6.260615786069332,5.8028774842064275,5.69644014640777,5.939536235127188,5.462051357572396,6.837699854383622,6.614296357645998,6.984742631885384,5.488933543283529,4.927874143985819,7.02992176305962,5.712982011978838,6.531358973067456,5.777738972171757,5.944330251646794,7.450947673158192,5.147277327000603,5.459394426665845,7.564048100397841,5.668941586593743,6.033479827676096,6.296196484041576,6.571478782741973,6.053070385626236,6.1820575521658885,5.401132502276971,6.526367125215701,6.0561046582763955,5.8912719718861695,6.33538375705706,6.430905497835121,5.897259664471054,4.602534678010253,5.3922573259756055,5.94876070094983,5.437501138486751,5.486624160825646,4.719050697027252,5.468079292854206,6.3756696066671665,6.059138670703988,4.723653946092884,5.904353026526689,5.287347197230809,5.59354916196919,4.66569099627371,6.898471707385698,6.01290143146543,5.45408469480112,5.388773496841957,5.479357092756364,4.844884644845359,5.823609381581364,4.925989157405606,5.590004071608759,5.521897298231575,5.946874562093662,5.375663651807926,5.357846410927256,5.000760408252698,6.7860721363569665,6.058562667813102,5.111472898514639,6.344606839081415,6.1777731209456075,6.312808658122215,5.590751462807908,6.393410838995061,5.880993608924852,5.842287967773759,6.384920259757764,6.618767755074524,4.84110463900382,5.882781479803127,5.718442519197942,5.887715334005433,6.376018959131533,4.572930943112932,5.911786967659883,5.4120496810497425,6.26715738452356,6.544774415086334,5.847023633829829,4.723512954254924,5.706928565975386,5.6836913244438705,5.4965410511268225,5.1964963977872385,6.872345786294107,5.783211013521665,5.243049511039073,5.951725099215565,6.2162362239600615,6.535688594591048,5.5125666150245305,5.635798970911564,6.405398340043608,6.199760675311545,6.994384779106311,6.259880764347325,7.087290193548031,5.043208799001236,5.538251995684964,5.633388995554999,5.553775969526418,5.404967805057706,4.101977063696533,4.990433183963662,4.865879949927427,4.980308623807606,5.414417313934787,5.9017457862545175,5.7847701560249565,6.089854021215858,6.189291101756784,5.969568930999094,5.3148042758594585,5.473124908204343,5.937053798665566,6.196418053459085,5.399717040697637,6.1794202200292805,5.7316684311628086,5.364182303184488,5.253458145778193,5.551081749720105,6.0548449757598295,6.280979014439153,5.10249565825208,5.41675327801739,4.690073009731065,5.436741428324187,6.195025425387249,6.0599915432580005,3.784488022517702,5.008749788808361,5.550563608703958,5.571732402839377,6.048256207406638,5.7109345219892855,5.08195031251408,4.563182001403416,5.177288310002489,6.02844955546278,5.932652247321673,5.606152614960182,5.246819173492943,4.632857587144951,6.640591976477963,6.033289399425637,5.15258581026843,5.556470272003581,6.318298574593765,4.363586478534529,5.528278484470614,5.146064764469493,5.583369251831759,5.429483848580359,5.907130206026687,6.225879748241884,7.219231363524138,5.521058707834222,5.452130619051993,6.4289910983612835,5.667452416167999,4.986942035936539,5.80821769762937,5.2082183497503935,6.088605815387475,5.121378288541584,6.989969860598502,6.051151363054866,6.283950208365919,5.194267065667628,5.561650589842256,5.2981574244038,5.134247761624241,5.943615857079194,5.653098980495624,6.047744061604901,5.475983741235451,5.380136801979683,6.143961874988499,5.237166286694938,5.029467732179665,6.018025963152041,6.286231824424876,6.657279408108646,4.692914746219177,5.389801518285991,5.405216334926963,5.077806214757768,6.580126163679428,5.413786405419926,5.729554569992429,5.802794815893853,4.124880317739412,5.841930554064734,6.179370854440424,5.573008555116574,4.953915548366823,5.156920495433821,5.8579955973211355,6.761013355794476,6.168360672797221,5.290112293009564,5.631359975040537,5.786387152206721,4.980854180145792,6.350866027097012,5.627348213421989,5.7626409534511085,5.889163641049117,6.075696553946467,5.9414128486331546,6.012419457318133,6.048806686083753,5.7036164200619535,5.568643348546077,5.992827844766002,5.692841517516888,6.012822958865306,6.036618007693385,5.3936582938460855,5.473489747683736,6.171559033437846,6.339788645926277,5.5517282810357855,6.028580214887283,5.928056102227698,4.321852435822373,5.424394421793041,5.452089580956916,5.442885455660612,6.135382466024716,4.498841641054824,6.540730487120854,5.617627073547906,5.968636595299397,5.742739619920272,5.7390368189876115,6.983917037553017,5.497585861043776,5.731913820210241,6.298561952645498,5.891396125925876,5.234150738047344,5.752542004079523,5.033945479854729,5.891864984205722,6.229146684189391,5.097042767376284,6.39886097192195,5.715921890249604,6.714787376209054,6.3816676000921335,6.4581354805414515,7.097132848508004,4.266652158404391,5.815577062173136,5.906078434773292,5.5595480085402205,6.549002485468565,4.975021048278373,4.367958660916271,5.619509417488029,5.703662594720508,6.022772848146432,5.175141739809091,5.211130277644181,6.292174230563455,6.167215272751051,5.721377143718555,5.434113045454918,5.715063921672241,6.785243914261693,5.584322083690497,5.929278707279134,5.322425243600923,5.098385853991696,5.033677951016596,5.297243622058563,7.65656260204221,5.045703582865595,5.1681549361233285,5.922408133549922,4.690416965509337,7.257336633225721,6.1701198951600915,5.963007552981634,4.326308072570541,6.0953632940611335,5.91414228333697,7.172189756319273,5.787461221009614,6.709883269849523,6.522751064376455,5.2435014106713,6.617206916220867,5.4474600861249565,6.317537238765303,5.511923918449066,6.144802831812425,5.352152680553865,5.994452523327108,5.49312891659632,5.195729006422052,4.596724787728771,4.340980527448116,5.01591424925516,5.111721812962099,6.029208559962929,4.987130725736014,5.917667433376902,5.21417394656335,5.341947107210507,4.842598176748965,6.737631776641369,7.035439611341207,4.90220936471544,5.576533803506777,6.380804438328952,6.076082412914156,5.848682191477519,5.588907192275004,5.847848405550217,5.009131311067804,5.869435573221716,5.34869649218105,5.230448412226208,6.476697887090786,5.750489393142521,5.763535191842855,6.085469077291964,5.7437751462656035,6.265509366733963,5.230328358626907,6.1889587096019545,5.545423349850655,5.727885507290791,5.919514311692636,6.12944849309592,6.826061542647462,5.236169690741191,5.425753328334966,5.814223988464447,5.357490110642188,5.755382426275612,5.750304263604527,5.538241220986694,4.882348400813566,5.738605905260025,5.5279273697753,6.893726364406189,5.662620013499518,6.218820153239244,5.662577669730945,6.421419425890277,5.53994990267851,6.0740093233969406,5.800765251808042,5.47980301121036,5.107716432010668,5.297521030920671,5.589408553106169,4.6204933872739575,6.658387511445669,4.736299393298959,5.1080065046464584,6.1242572543556575,6.165247998702269
78,4.695893282129992,3.8687453032216452,4.374822549458046,4.43705145524651,4.120841136301703,4.26057428923564,4.266438644178198,4.028781078445467,4.1103134529391525,4.397512106558886,4.022771428212168,3.9363522435613,4.506098699991462,4.470523383687116,4.121104040417867,4.540000233491266,4.293289056565873,4.393209879893728,4.440787720883569,4.298849579108604,4.27380692040792,3.699779045979397,4.236039401342129,4.185972760666141,4.3757765876841255,3.7548187669480484,4.566739356352327,3.8727367877749677,4.506358001116523,3.7338535712668346,3.8504120709999254,3.9239500242488177,3.8989125788594223,4.456140664026252,4.568130329530297,3.878877411340287,4.489686168236696,4.6269881812043225,4.821097512015688,4.456300963437899,4.300473889443756,4.133299987639523,4.072581162566554,4.140930050564823,3.8573490195215583,4.402784566645952,4.250022084861752,3.8965560201673943,4.208688569979907,3.9141136017850604,4.666018286304329,4.120938751429443,4.41573573871463,4.659456716061784,4.29884351120989,4.219498290190323,4.587308255288177,3.909778895530479,4.591351955386482,4.004260027493951,3.9732843992114892,4.388331161787488,3.8415578247722673,4.779578859355651,4.41102526938227,4.1854832845855015,3.9519373617308333,4.4104511650961165,3.8402983672949627,4.498393501436869,4.616155689762771,4.565467682566882,3.932992071857784,4.3364351795412555,3.9990490956801126,4.446782923534764,4.212862367901595,4.182924432090359,4.203728399301004,4.980993327251828,4.638823865197053,4.521059302290042,4.604445897617692,4.9767141409656706,4.442311530623472,3.8489131852590375,4.359658643149754,4.259415444941089,5.347536323183252,4.137127581300896,4.216702069033784,4.185667263854497,4.168076198397745,4.394513808831701,4.216742057837108,3.869706652931207,4.607655583827404,4.316988504947196,3.97272469226277,4.4257363649376895,4.133452106744136,4.6546275734629,4.439195456964744,4.298641870458492,4.2851456225735145,4.513425563509554,4.488866012594241,4.606277463384673,4.254644555890922,4.280741809079877,3.962661092370355,5.010048981383199,4.282666796799844,3.970186055870598,3.5975108833183733,4.261849205936716,4.166598571234305,4.1887036549944465,4.553271784548079,4.092678552165688,4.481460673368537,3.6717916105933357,4.301136282977599,4.308972003873348,4.512018931275017,3.997049002377285,4.453212718968713,4.23911324924387,4.176082393316048,4.365511234737864,4.24660592389618,4.218829857192286,4.373348585645668,4.546868352281804,4.44107818909161,4.673393618976659,4.444540572572178,4.495550634074179,4.4747567289594,4.25069055539749,4.212225058811015,4.305912398135626,4.330295575153752,3.976912824017653,4.277682323508151,4.258756080231425,4.103510967458598,4.134040088238372,3.8617176380281864,3.913877135372416,3.873753969115743,4.634344073023911,4.252374132707004,3.9057157537141816,4.77078957435557,3.5852298910759375,4.2915591095542105,4.409514262526674,4.150362879689226,4.346094328605503,4.416753789487341,4.207662917203946,4.628367206723915,4.1851401803684976,4.308366363643468,4.327188519533123,4.179443191560664,4.00962936006864,4.371777622268496,4.221620795657243,4.400841282177827,4.37966390119131,4.333870023449728,4.474062993396791,4.246073651459381,4.073647823294139,3.7299631421534136,4.267161910413681,4.2011093841903975,4.411463176454473,3.908938271762062,4.771952125073793,4.636774680013502,4.1259974251519775,4.031362983845245,4.659203649343486,4.4326645547768555,4.272129350855181,4.2243698817599,4.1123714189852,3.9754448795349293,4.406899369639484,3.8660606172267937,4.0792857978033155,4.241014918102893,4.015185600758232,4.426959744725654,4.658881071608273,3.5929518480741836,3.9703382197228887,4.358602323033083,4.699980831782456,4.947565310160914,3.869344159013739,4.27114037037338,4.34581872491033,4.122493014410493,4.119492974441958,4.210803689698706,4.2454656322831,4.068821012156759,4.536881895348671,4.223552114162453,4.2026979644346385,4.274225449288765,4.022512184412756,4.4081258304781015,4.39081363419014,3.9409962359422797,4.485652452472377,3.848884376268949,4.063831657351632,4.167162312650051,4.229734749543414,4.30420285261699,4.316470712727164,4.405934203892071,4.348780047056677,4.577971032011729,4.315132491419353,3.7610250603034756,4.26062673452608,4.775526626850078,4.322723077310142,4.5105057315655115,3.9375476421928033,4.151379801979913,4.084515313702415,4.163408338009962,4.3247471950788094,3.700982159125646,4.393869007193418,4.624435889414257,4.408164523463925,4.390102807873165,4.01905000999779,4.43745182247803,4.0729974289852295,4.0840238983147135,4.315120858944778,4.612891293136049,4.24894132848339,4.229488940361529,3.9365181217420337,4.402667152677348,4.363778204400878,4.200234374902186,4.14983117264965,4.245283713078974,3.5080026560752744,3.8415343293224007,4.571404556868411,4.6566168126104115,4.235427612625186,4.438992393194765,4.298755239042334,4.238204772512408,3.9718915070414855,4.306554704864654,4.305748722881226,4.065158569931515,3.9261064162348247,4.275344903976626,4.549173443198541,4.054401678192088,4.399751613706649,4.351773899599124,4.037422929672152,4.490476904700036,4.379879615788569,4.571517608583031,4.2692027891115485,4.254748727660217,4.209688138252977,4.173630426624742,4.300600529290242,3.86256404872713,4.202236270584722,4.664908281799165,4.293501725079598,4.1231816688562315,3.967223130327505,4.322458713981015,4.392968170834232,4.516830270068706,4.308753192312847,4.130258459544167,4.109573966630456,3.9094265851119916,4.281837079924779,4.109779771033849,3.5426314258106664,4.172321647401454,5.114302082320321,4.264810851735973,4.14823624970868,4.574063978894592,4.000792571486802,4.528808990136589,3.7546682107232545,5.105912399974524,4.755691370615829,4.260169470662578,4.690909818340192,4.104198496172994,4.037490763049298,4.204798469576023,4.661864155005362,4.865639096126146,3.5307496440071224,4.446787817101333,4.16270018091896,4.5231080749755455,3.626797796438167,4.750765105722214,3.7461621616952376,4.397237046414999,4.537587008782877,4.680644926792141,4.401453577361593,3.574904392169472,3.600298203183497,4.5790254758685,5.512281344468126,3.7747610765441624,4.5361110046938045,4.944519517910264,4.6333322836121065,4.529121295900919,4.627363766576962,4.784544155586541,5.382578199160273,4.703574549394972,3.839287051069468,3.7713653469252204,4.81753815235798,4.1543550609950985,4.200447541701782,4.661434542603307,4.609812093541729,3.8923629298415903,4.79183712159611,4.977872327215043,4.54902335456462,4.469543383058071,4.530164595943221,3.9722226207644744,4.528273250463689,5.52306252856325,4.541846128052954,4.902633579649855,4.574584595205052,4.6442363653322305,3.6180580867027676,4.49849979710628,4.155767273147884,4.125894052918319,4.626010918157622,4.353245429479248,4.670550267343739,4.155331235430528,4.109114504324945,4.404136399826478,4.507322337996499,3.8499255447504583,3.8443973791814634,4.357152075039993,3.5441363049298333,4.193120633265109,4.157547410085878,4.4711370524132406,4.032756580809549,4.1833293354051895,4.754152766683425,4.48545183153274,4.242097042279894,4.152252391475775,4.281246427274445,4.194575601559531,3.5659405778619253,3.78884449677842,4.682330358347267,3.9405305078607102,4.598567484939552,4.342211716850857,3.8189092839745045,4.563779402423379,4.294998336700877,4.324176050196526,3.844543933748492,4.292616494033576,4.136937159371155,4.513561949598764,3.760907724457011,4.49482712605264,4.34622049234213,4.517973851489351,3.9796414849592474,4.039592034283318,4.214430361875706,3.808465444174014,4.515901541947241,4.106450024561601,4.152610603710488,4.784280145615678,4.022430366226593,4.2370190007177335,3.6427850209995474,4.79023904476718,4.974798697479719,5.057128500668027,3.7497506232727917,4.288154198277125,4.674446307960332,3.732398878826369,3.844011336499582,3.6491394117120435,4.171515674600578,3.708224982520106,4.037907236375918,5.585484508492699,4.317616937615131,5.167969769546455,5.528515470470946,4.593406996123348,4.998626088207657,3.7605918179965636,4.306726443567875,4.1654157167735315,3.3542108400750785,4.850956054688888,3.6611804384390827,5.215219335430758,4.747243792090124,5.043603585415163,4.424390903476747,4.446265309012331,4.27069507384011,4.371841544560116,3.9558204810996274,4.09369756746582,3.5200953626431275,4.579645055451866,4.165230803882257,4.362447636129327,4.430409316696281,5.368153898787659,4.359983230192533,5.61685454695252,4.530975676884023,3.9647298304952634,3.8905478930817936,4.093641738435784,3.884955347671455,5.550904936285147,5.795969746970486,3.605850196732373,4.650899986728881,4.010554158230057,4.657217506901429,3.9630809736289323,4.630040283460061,4.028147845950757,3.725076241778991,4.5401279933740675,3.6329164795461404,4.002270315839789,4.67318918787878,4.309027267093737,4.588991840105182,3.5540613416526496,3.5245622093227977,4.874013982367885,3.789206139925084,3.6234755450898746,3.4541069533805175,4.715013122826752,5.47212600039846,4.571085701360363,4.66264670328057,4.586680029388619,4.516360677020011,4.151820129681798,4.501563539449861,3.538074290972665,4.280984179800774,4.1458522708112815,3.914036958862748,3.7369694720042603,4.723643994314135,4.568378677245847,5.765932038297341,4.016318069306363,3.6242347578821965,5.398963630753294,4.891198068699426,3.84277012794383,4.608550420361209,4.199281905476441,4.3611845993627565,5.446849801316884,4.582410854929927,5.424559596391108,4.490525183267462,4.5913223793378295,5.098991944223979,4.658933451115562,3.573283444863888,4.59734995367581,4.5850786785496185,4.950821104445132,4.360602965580684,4.530474402663659,4.016762622290487,5.458049006956072,4.462902527186226,4.23446415253363,4.580499643934404,3.617279050855493,3.821374610353855,3.6895461285793325,5.2915592831637746,3.853999721976269,3.5486494119432215,4.02040858275993,3.386285918708394,3.929609885920106,4.104990889440143,3.424849854976587,4.389321131256681,3.654120631694675,4.414683527745419,4.513726752798402,5.073950569005473,4.4804319620009165,5.822130398915398,3.6058052863471266,3.6759826542215066,4.536796587334103,4.1947166954988315,4.030590977260807,3.7949844469734093,3.5331461773332564,3.5705305889371077,3.920008049882055,5.536617596500665,4.265338454280323,4.923553902305012,3.876990886414663,4.618295443732572,4.148872852654111,4.307377937141979,3.9447784593908226,4.030738244482074,3.4020616894561906,3.474855254782755,3.8876004080980606,4.7698791156265425,4.225241471753299,4.5350497787639625,3.9984676915296444,4.247335790288296,3.810073314687042,3.566208077052097,4.044920294844811,3.8823406320946625,3.9611190381755774,4.722762541740928,4.096316557987309,4.661456444003975,4.713418941838971,4.5560031613417316,3.1766029420108755,4.635159180426785,3.729996164660883,4.473226765694051,4.685747608903042,4.6188686082004216,3.415942425235267,3.7461894909785474,3.982239401299291,5.0810632817397305,3.2042516090282422,4.819867967519697,3.452501499080061,4.334923629632045,4.687059472530524,4.989037199462606,5.30133602304923,5.031064494656584,4.9365814117357525,8.165592170293296,5.875212758297587,4.079513874135607,7.292261395051274,7.124332920436678,4.0153828088289805,8.75467542029831,6.1001086834173135,6.09418188740509,8.782945369091406,3.959138055027162,3.939514637767155,4.89917040855535,9.050809263409546,9.482219353559008,4.705154043291168,4.034246659571118,4.151298555415445,8.838134619938561,11.606584537055994,8.996636738237271,6.9993535967580085,9.337915037892033,5.142761857012106,8.03560519815757,9.874215264185267,8.734208448467847,3.709411802153723,7.971449670219968,5.967921152116752,7.734078840566513,8.811712092760109,8.55407895391642,6.601817360279818,7.854988909954769,11.79369143368487,4.3632669888673545,3.8358880352326303,4.602640380806832,7.605671857141828,5.117897777370489,10.119771892131501,3.5892712117786187,9.970844611343283,10.948967489312713,3.630945705578404,4.9976602983205645,8.209260924495183,5.69836738570816,3.9921114746322406,4.897987669502068,6.92576242810108,9.047759788228978,12.10820937942229,5.192975099172195,8.751692920593994,8.192097556990255,5.686619015175213,7.197624551076744,8.806455738155147,4.06708605088598,3.598159623705258,4.305767774861266,9.157860064266421,11.818641672371626,7.685194249310452,3.8347480529237474,3.9783205316176145,4.810107794871714,5.725547118481124,4.175860150750445,8.780598520016845,6.04530543177341,8.251791376685086,4.355571174373089,8.306469221529886,8.437770349224307,3.884458432146851,6.682135344809304,6.978803358531013,8.641295080397674,7.988823238957314,12.292236831735718,9.135668766337322,10.692562154712832,4.0735837486268895,8.646841371862823,5.903570860918327,7.611679976709125,5.639932590651839,9.296316202943546,4.021898834418358,8.843003801388324,9.118563612436773,8.67053082288837,8.98480546642371,6.854227605194796,5.614143068356827,5.748544822566544,8.234024601816056,8.970426571342708,9.034031263807215,9.147583108467055,5.358387330829212,3.793832589258624,5.232666141935452,6.141244500129295,4.317016135588985,8.750071102428182,5.187628714014466,8.791557368644671,4.039447321516291,4.150895216996968,6.394924222112906,6.006291607270751,11.499215711977198,8.097196542687565,9.05840912461518,7.154647367602293,4.17610458982588,8.795053395930054,6.271689480604978,6.572474655596227,9.104795577787643,7.847272378462432,4.309914204121052,4.556286673572861,8.600956260077785,9.112695358915312,8.765391188236585,8.934153824985785,9.315249017729021,8.845418791044061,8.942027826162178,8.29794181645257,6.050116704214104,4.091238631186217,6.768396565367606,6.638155427204484,7.233772406098682,7.486877818461732,6.008133244122201,7.9449790388405015,8.352193420142786,9.106185966083485,5.704806220029921,10.59929020181686,12.201735415101354,3.9977090546441962,5.6557163263246135,8.684525217449252,7.400742274078946,3.9680058086329604,9.203273375133675,6.624146689860389,6.307076018462906,10.186418863121693,3.6032738663983763,7.887109331779107,4.110671316319856,6.146660518702719,6.13313970355537,5.558465696144915,8.350977825779358,7.271360633361488,3.616809350518612,8.573556699009227,4.86113892639219,8.595087844915533,11.38848573416347,7.70026502111838,3.7510658353538426,5.820471125370552,10.96985468695739,9.238172268825508,9.1175804248661,6.931569129126227,6.0739907538449565,8.267357194463,5.106664202086243,8.775711876759962,7.1401923046689655,4.112634989340738,11.672928742439689,10.888961987767868,8.59905397169065,7.504240097073018,9.381278530464847,9.91906354423304,4.021510749589598,3.4264512300230887,8.142743384872036,3.9395251954272266,6.208116116578063,8.224174312608204,4.086116184135216,5.510437393145366,6.435900500545258,4.468626452896271,7.267007218127271,8.936944389915688,8.97723888383459,5.898272844214273,9.224193008816048,9.114216293499362,7.152492416337294,8.796667021769462,7.4432082022887265,12.111127268149945,8.36045431615816,4.087044824505191,9.114208776641567,8.224654528089056,3.814183733575454,4.7244054501202495,7.198852116420307,8.92647105034257,7.698929587559614,6.6263292453360325,3.8005063134683956,8.021632287494924,6.684234680817535,3.4350976830808344,3.885268977438766,7.33094272866208,9.033116269200153,8.968631376866623,7.2555829347876895,9.805833471216005,6.2343991132596965,5.721456069709466,5.752554823465606,4.992782167750241,7.999507416266379,7.068813273284521,3.4912313246257076,5.700266867721777,3.9845080516927713,8.964669549308024,4.688196102711683,4.682508613822905,8.021235757806243,8.918412377204955,8.797720308176782,9.138456737875533,6.2882638115863765,3.7014322476397155,8.429292546789947,3.970323425947087,9.536689846142123,8.446414548350699,9.360682833999093,9.120749690748385,9.185550066514196,9.348043940462992,8.898033118483598,3.840247228117249,9.048150079503596,4.771206939165494,7.718376215578111,4.457743358371781,6.547817223932262,3.772914996851089,5.181977442069393,7.299878171799979,9.11875952928039,9.068370954533638,5.5587128139421464,9.00565075621988,9.004110265736697,7.346293449788149,4.26749893917142,6.8701888282199475,4.091844947223113,4.2011666169323485,7.176329129078278,8.327642668481275,8.450075719125028,6.283987485975188,9.730352360378488,6.0726191297660295,12.145149707248963,5.3728935215403695,3.805894839186363,7.9366016075675185,4.1950329467767205,6.650318811456991,7.1611098410428875,8.686425592418475,4.171550839489402,5.11745705046817,8.490599867236963,3.7052764695140383,5.719686425652703,6.644578093853535,4.7764321774050105,8.059447049751425,3.5770146436451666,4.108633661232361,5.657947784261519,7.632066794756803,5.062738408147759,4.349826107435248,4.311632181744249,5.265926868495857,4.171587186248755,3.463123273021092,4.112821868797857,5.502677757262603,5.235510970715576,7.206637329451889,3.718002840890058,4.178859757220188,4.936937382271708,3.6332254249831744,3.485176514100019,3.918642930459179,4.112988337324316,3.7085428637619082,2.8605540021600144,4.0150533010418235,4.415130681081275,3.7870522405588485,4.911673475820691,4.584836024209651,6.20834398932796,3.663157625991327,3.7253722340762256,3.870942445804852,4.870028347252558,4.098258959274239,5.582842225499269,3.887537511151804,3.927672046707025,5.897877505141235,4.259802771405516,3.8627732225366818,4.255069212270763,5.475166350477393,6.9244311275673756,3.350291356847623,3.4807625112619194,3.945870636040586,3.389546785191582,4.1428963435646295,3.835677727626317,5.697447892046146,3.7472067300183545,6.275565834323771,4.155744439037508,6.121186600413736,4.12989052396899,4.521455228569392,6.578682348267831,4.146529402064303,3.9301295378730083,3.467686451271534,4.396521177648153,4.0531602105948314,3.817616060552915,4.928913359219739,5.90815872274516,3.925069711675403,4.629761556743528,4.639913015248969,5.531540474479536,5.426399734057436,4.580560569293877,5.739862397870315,4.064242084844165,6.428130195727174,3.3138513864606325,4.114473930399212,6.145033685700773,4.7625930150019595,5.056254360667928,4.227692617032205,5.57279588827098,3.8356555934223646,5.161287972744279,4.288635918798662,4.358774535829223,4.326159122348521,6.389783040342546,4.382479434226392,6.310930954194334,4.075596557985674,3.5597270225312156,5.149731333541448,6.238451455409807,3.797676371127291,5.243513624325663,3.6929923105414244,6.1411201006521114,4.268633017990227,3.719608179946955,3.972524250199222,4.973282173571673,5.103615291905624,4.130326904410252,4.5125364707223286,4.7283122108319375,5.234769037627399,5.114144496520251,4.027614001622255,3.6583720042098675,5.0968923567232185,5.798580913720607,4.382563193804016,4.0887182325202165,4.163755320244531,4.344915887097748,6.240462672055806,4.123615009575331,4.454647395182026,4.033498950153902,5.733260523161411,4.960623643863058,4.287537547914274,3.7688130215902373,4.602582330600943,4.017725023126196,3.6544088942830224,5.8772875810504575,5.424645027603848,4.289570530509612,4.986260778369343,3.73724262310905,4.191804101294489,4.956504830488076,3.0649979328734194,3.8920890387678035,3.814374092330368,4.189439042932165,4.705573645708982,4.282636984379925,4.216778997574134,6.704090705449563,5.067732331023587,3.421579131153361,3.863114731666318,4.907795202688009,4.182082731615544,5.9430734824731815,3.881259519719828,4.257996285865559,3.449610685355643,4.8772393116412776,3.9439957476703875,3.8009840983214267,4.275533631667081,4.157903433278217,5.823393790187915,3.6735752024011377,3.8920468701744264,6.117210777808094,6.862198754831604,4.48231344824661,3.548329202175536,5.70548225511687,4.385469965746243,8.043990241344114,4.5237957147672905,4.377998892488549,3.715473535483536,4.069153356225782,4.213396285212499,3.9913662704346446,4.046101828167236,3.665184249829181,4.261178652621347,4.41273446015666,5.582645824743592,3.6308540842620425,4.764150355608334,4.08591210021294,5.906866898771016,4.801666448501491,4.560248016085121,3.5269468705849407,4.287959607352592,5.763109676011354,4.140712311396766,3.682295079004214,3.9440115522584676,3.904079536055979,3.6009773820465,4.192605603046817,3.820382084261052,7.082479139959628,4.61939965492963,4.04025057211954,3.310794206976223,4.09956606157147,4.401571271028627,4.386801095354968,4.551859133468849,3.3664750705695416,3.692528662995211,5.033118423018036,3.368389827626315,4.6967244110816475,3.874193501628619,4.4899457400504525,5.817468546667178,4.429838276489781,6.245209778539714,6.257510458646188,3.988756917145484,4.029910955861634,3.791520772307192,5.750587717502438,4.464963281949485,3.740889130479056,3.9824263608489594,4.605000570119862,3.699953556700238,5.085183173788172,3.855912467670612,3.6302990290013906,4.228809183272788,3.3751009305319917,3.7855495776572594,3.5412557418545334,4.236707484580238,4.189481370378142,4.689082498887955,4.7641933754611046,3.9736992922622494,4.3438705119641705,3.784729583465151,4.601489978058647,4.028364450319923,6.931969894976005,8.23884520464173,4.797685622103968,5.966417784751154,4.31413894162245,3.5763300878666215,4.135687733246595,3.6802905602567137,3.9464805505492806,3.7280080001192486,4.517278395220898,5.321024365740232,4.220342824067485,4.61207213536643,4.3825191379396,3.7825740039348776,3.849903337766693,4.178017776890913,3.7863681393308237,3.716930189745684,4.083070597042,5.2459099636981685,6.307973960276156,6.2574245583098715,4.736512236986799,4.653892054951315,4.76469490149202,4.5245896333766895,4.422577786818596,5.3962919187319995,5.194308952388772,4.926476303295538,4.843603536422213,3.561251486499812,4.452235416425343,3.661067397931737,4.61949034675333,3.643061906647146,3.76568680056734,6.062305195554721,6.660549386751964,5.388720853407511,4.415733475653103,4.599907832247287,3.6354082158288206,3.678914003310093,5.051433319127825,4.697306309758432,3.759237071037501,4.157159324105378,3.5607246992224466,3.3649995030409494,4.968738281807655,4.503127790500765,4.368690444410863,4.0540083975608665,4.875078606148936,3.6229837431758742,4.30161193215729,4.443468143362696,3.8791327567693834,6.248232957947341,5.508830354971098,3.970048346797089,4.497917745311089,5.271839212183608,19.49710043440651,17.260492233244065,19.859069675267566,18.32438154462034,5.701103801314709,9.451971510163284,10.297633195724822,12.997299308896224,12.77822349461632,22.656919528444124,20.166856292524066,21.993154337900496,24.763694300961667,21.502040371740538,16.7261544556795,18.380375650091395,18.29907470914628,6.181974907374149,5.571888070329192,17.379070734317125,6.338071941317455,17.964987361403466,9.21650591116207,19.384397896554855,21.262765475555636,21.16662267201071,20.50284831543733,22.659888076492045,20.513238327575657,19.353499350082078,17.7034109527472,18.167941732203182,18.296878293964454,11.060510041377867,7.451017140385923,10.353247901067983,18.469796914862368,5.317285522068319,8.399075879164355,19.83055590970598,12.12126472349871,16.444839182979244,22.442603332623275,6.8517217878591214,16.341902877382417,3.820331049595333,24.087278753996383,6.733136510805878,16.678463643713247,19.965125838950325,6.603323273340598,20.162128916005887,15.98688994202423,3.7705174622803015,5.724322515802888,4.030354386945118,16.10280271194685,13.486191700604023,4.297616707961826,15.613712513366982,20.62040085527212,9.595458064643786,11.492644942679394,11.512079921619636,14.159745822383856,19.86340476368473,18.12426356443399,20.42603541250584,20.019709382362155,11.190807651604462,10.07581120420895,12.293109591479693,20.347129816838436,22.489822978390695,6.899797564318911,13.239345540307676,11.30027439951772,19.348929354650206,18.38610830916893,6.655283570131741,19.312094127230818,19.029721625220162,22.88570341527584,17.45857573545363,16.01930432204441,17.781162026240796,20.744650762420484,22.049484306587814,14.135446340090072,8.019999085685413,10.330369818752825,15.777373253774147,21.878819093098013,20.731940364089056,4.980146403281738,15.007532813811999,20.571715469657516,14.923514515735352,9.178232360634032,19.674213414597187,13.509166224514447,6.807015102596187,17.931241412775154,12.071780809456808,19.32951413999682,16.7801949242705,16.175882316193665,16.47538612852339,15.72383024524396,15.900145293988627,24.009605618534376,3.888039167954941,17.99543580316404,20.614478636790718,19.666575036517518,22.046895368418003,15.351742838836664,23.28296392008285,18.136294731148283,4.417284404321036,19.222457884363273,8.461181968622137,3.82683570976391,11.903668624257195,22.284605008050885,9.404954619836154,17.681522146490867,22.76555548595023,17.98296678011921,13.018595417088429,20.461929129742195,13.806506445758314,19.703380606011308,9.136696071686258,7.181366334554207,7.490680709711483,16.666990799686786,21.773666336349972,14.810578294087975,17.708507733964055,7.427106253145087,19.776390762480165,18.95773610825369,16.680703206837077,7.237742036822007,17.002369327294932,21.28637012522202,15.842179786829908,19.34531882488744,16.944138124700174,20.33994731894507,10.849587795815083,8.976453804054733,8.797818579860083,22.95666568636081,8.314872647575765,11.967625970916357,8.958368447542991,7.7973341227049895,17.994243859391286,3.918050133907373,17.54626725835606,18.408407564625143,22.434574513540404,5.206571712864143,6.661346790230527,21.756251240927718,3.6874654836130243,10.613336792040226,15.279068370685435,8.808720177339318,5.899949489913484,18.822260020421567,15.456113059090557,9.348942529064363,20.08784602550278,10.938217196915478,22.693781680984856,10.981065967244016,17.20239844216648,4.546766956376091,15.318395005061385,20.62501120213741,15.572090091479591,21.588963542904963,11.489027815299485,9.577065022533024,17.151206362517193,23.357764929552715,22.58786470988559,10.407539239194442,17.565406973490237,22.267335106573196,17.773554388986064,14.599382717089032,5.045309528367941,15.833501280829537,8.917605922534102,21.392130785155285,9.140431302536314,21.182206081387687,20.256120086186378,4.564214142362758,15.701301565513525,15.560732703730254,19.934348976639214,22.636577188031296,21.338229314177774,16.39221706458781,14.385729670040996,18.791782501480178,22.26267415053164,4.512548750916211,20.335211640367273,9.606584145202543,18.135456536184794,19.739686066800704,18.470314020259252,13.278914743110057,21.523031776114763,4.247980440738237,22.272719111960814,18.9304485889038,12.862239577827788,18.797761335802235,20.106517179726392,22.932151972398955,12.738589038296766,5.060007087109215,18.47668351597596,20.154841190838617,20.48671440917679,3.6728793023690494,21.66743916369079,18.767093167549994,19.983382568932914,4.466692720771234,9.87498479051167,16.567672655832897,4.005625043578658,16.762699826896043,19.660327734120237,21.646905015573047,17.522634495709614,6.986348478362492,11.340192132659132,18.778382716589686,17.482966325683062,20.038385437391437,20.999965804167488,20.340388585656502,15.033535775621138,7.573682393649521,4.020234000633956,16.078154140487335,13.537941779037357,13.336657294114076,4.746186621391924,22.266050323408315,20.04337807801498,20.117549468346034,6.523248968570484,8.03459563901562,19.575898086104957,18.22404522252106,11.665287761806825,19.436882408634272,18.644304349653478,19.50001467312584,16.399766970014632,21.331407081452447,6.578736866317231,15.337869088658492,9.01372373278157,19.11911020342269,22.47987515980853,20.399599388919928,19.604643975104384,17.98039681305951,22.04085073926782,9.502922735555039,22.117106551172853,23.32972198034191,22.496542498332204,20.952512732031156,23.862752007682456,14.112323020869828,15.824215236366575,9.798154994008835,22.970695156401803,22.686427517281118,5.088259601329617,6.436605592326098,7.543885266643462,9.027569800681345,15.73967109645251,17.650010468867478,21.37330863847407,10.90556351624027,18.044986824575872,12.549868900476088,6.55037692363445,7.711108345374414,5.568316083167553,11.377109299348101,6.473278615581407,9.217148390392133,12.89362281824192,12.11251706915364,10.215450645462862,7.631277106080359,6.133367192763054,6.978381751988496,12.622479607014021,6.685331838395024,11.917684493642184,10.242506692230185,7.6728616283816145,10.303236437135185,6.494772106497447,12.594489446735768,6.050365544628387,9.890119770675804,12.556988725230687,13.022735854351016,10.878445506142633,6.3853612987651,9.137382710872181,12.301394214521993,10.10267628204787,5.8135201074791,6.143351087127561,10.693176485419553,8.064931427495091,11.551340918104499,10.643650115495044,7.050308303955998,11.756047245778344,5.865086972172282,14.85461512827146,10.30570568776074,7.318937383851144,6.075052593005715,13.970830404947737,10.228875244312086,11.057227672077781,13.511979055308124,9.951614058614819,13.870153738559706,8.674208579713126,6.439255522125049,6.67355797117245,6.834606457950847,7.943838262459308,9.21060347213323,6.381050282931604,10.093376197244416,10.56596295004388,6.431840894487067,6.012537069088735,11.36404049335369,8.580395374950557,5.818847373993252,11.682388097346982,10.696372831945782,12.591573172523978,8.37328629844768,6.0805173732298465,12.51794110794774,11.682690677155835,13.008339130099946,9.412347666776459,12.21416523534006,10.670344056910022,5.851888146090622,8.673179086454095,7.590103728299805,8.612920069730391,9.556955295119485,11.058691974629259,12.527062110687849,8.66809025100496,8.643617858249064,11.135460744683401,6.068651477069244,10.197915537876215,7.131760533665764,11.66743813641002,14.044909049383163,12.203239842648376,10.5845949288096,5.488888756922992,8.621025056400155,7.563366726588386,8.15064812829015,6.557731046953634,9.50379742514384,8.49415244100306,8.722414841343214,11.386400768299682,7.015352179214663,9.650024741642676,6.5923479612027585,8.731497824098156,11.284567617086106,10.645328988748643,13.7229590788246,8.963383259685035,6.102981196156435,7.265485001290613,13.040166558124904,9.745592367210362,12.376132775522624,6.16672985775487,10.750982042118139,12.441482109853633,7.453801519041808,8.374730291531716,9.552492185704278,11.94078800771689,9.65592522055841,14.014084769873389,9.981473060826078,11.88657619769742,11.04567451766877,8.90906160645281,10.927893890934248,8.507180618952106,5.923991008342676,11.994262570826242,11.437252617836078,10.461271756818418,6.219264690792346,5.704050394395916,8.808191110582626,11.342815099794656,6.356604692520917,9.868721370363234,11.899940636918313,7.617851838808436,8.80062119558123,12.441539586738145,7.67669484935724,11.375206405856142,7.621067035117303,12.942159481084813,11.604622752157422,6.444004019639076,8.751411424809149,6.0572779256055655,7.935876698873104,9.032262785666099,10.47070464140051,7.36611628257461,9.421369546810793,10.491366291407587,7.525389783649943,7.51000903216714,8.087740648548026,12.498756825793748,11.964452433899721,12.123323287690123,12.256514295602909,6.693201757980459,9.701612227064972,13.107148615297179,10.68950869655084,6.253493224015038,6.690633151818735,9.177896366809247,13.112976872444383,6.100239692893313,10.650136975163129,10.642279313431109,7.091682442925764,6.515809527989971,8.657528683206614,6.040104257155875,11.148015844944235,12.51014031651618,9.073470297451923,9.664089715687224,10.544651952120757,7.382425830592027,5.787212445222948,11.05098998200147,13.254107630546203,11.110667421402509,11.149214252424484,7.591972523315752,6.250076566022208,10.795949059167794,10.528263662710868,12.62588066230634,9.095923859800555,5.568218158740863,9.579691831461693,6.118949634790663,11.959526137579514,8.230254866765177,9.004765621322816,9.283924326966531,8.366542319295139,6.295556461338865,13.085601834589019,6.7067486319024034,8.704000694824702,12.08957648238502,10.864951798826523,12.77724701775278,13.196325111079643,10.204706803000525,6.134213729473397,6.042753750598771,11.449761947231549,13.112611761409884,6.481905598455525,8.870751808653388,12.82644253852153,9.35189431706231,9.474304671841864,8.491602422749857,9.682366287518342,9.998084305123015,10.133366815292737,10.193926252260908,9.45950079238951,11.66815953527933,13.014935285879726,8.797762325924005,13.283192814121287,6.284065978540991,13.488567109561252,6.297036459441751,10.137990240575915,11.205983480821358,10.116364240567998,10.280578626419015,10.631238225439658,8.99474816739333,11.382929851528587,13.24307307719752,12.561530693580325,8.484963795593774,12.510511452519635,9.06431887894252,6.44280865831569,12.56191272675026,12.974723412590311,6.171708934719686,8.00190294310213,13.092204236547792,6.1245117803788505,11.378820119125498,7.0789547217372375,12.044813553458525,12.929769540227108,8.330515322697565,13.017803558252986,9.12896250037688,13.855611966679241,11.49391193469665,8.802861791737191,8.910510184918833,5.8851927186854915,6.25886654997162,13.685722291907155,10.262470931696566,13.679787480343562,6.1881792734093395,8.970812639019599,10.144428982158608,11.944311923161374,6.1918640691961455,13.224140227756944,9.049523963668465,6.602705733984021,10.216846742679826,6.359849223156422,8.792369492381317,10.980526929891585,8.320194360525822,12.507779262515093,9.724270996991638,7.626380074917269,10.282408418124533,9.817487148773303,7.039130977412727,8.789805758891061,7.44647452416907,10.873049839886344,11.823952018027553,12.800076264339452,11.337927580827802,11.023785206667188,12.318170545289924,9.046718406762098,6.685211855661471,6.008836293353296,8.561332956515976,14.41225829918451,17.287667597535098,13.748713998384678,21.13659187010887,8.063299938898643,20.99888429252198,20.565816464334162,19.916405372390564,7.208084421772909,18.341134529967555,7.236518576687202,10.198498952279204,18.47566001036551,6.073988047458726,21.193581164133487,13.994723855090319,22.704872415403628,19.37342938170384,19.21497972042278,15.909314114332041,17.03092646862822,18.583285567204644,14.192810000290912,8.683781424359925,12.508471195446857,15.528082667801103,6.890999309050232,13.991800889974352,8.939145187297859,15.952226788210572,18.75901972896635,15.949001603277283,17.86994188110732,19.033076450948016,11.355624786732575,17.145342674469717,20.169264917096672,18.74271045343551,15.133832509918284,21.765352289387415,6.148351528099847,11.63256750388673,5.869893164803199,20.2395339091036,10.307169916100404,13.686119620502986,7.12152189217547,6.33575640806634,21.747722398964402,15.42588104835909,7.040744895204634,6.309021487932232,18.61715706992898,13.88490706692628,10.671457842599327,19.743406095549208,17.42538712983288,19.140810679092564,7.08394716159571,21.282705395619253,20.574268534144437,21.465911155103978,6.092177417288745,16.962361837542733,16.5720351515817,19.233389360246722,19.351386748766195,12.660559657477947,14.914955880590954,19.504322988600702,13.467773934201016,8.103152677800749,6.587363336414093,17.40599164261561,6.444867828805068,8.224219021377378,12.979369210238616,22.208492233229823,7.710240385745106,24.250257207400413,17.09813421305494,11.40196620096948,17.592211224142826,7.049292348166367,14.921754052288822,17.901108217301026,12.23916770981544,6.574021045645733,16.083354346573874,15.779912258044478,21.316656350260203,16.271266196553615,17.937584817890613,9.747354083415317,17.276887570718877,14.017416839840635,13.96183184594088,6.653655287919264,17.16427774412323,15.963756145391704,7.804372871020096,11.092812770831253,11.250098510035805,13.940314058646795,13.077017183910504,6.096419908291666,9.388431349119772,9.195354737504612,17.22670575915923,18.526165858386772,17.34607866313208,19.862876811099444,11.37633528118764,16.046922296190615,9.823803691240816,16.51409993495995,14.771026660098086,17.62450436320451,14.27718260367087,19.150120730926055,15.535967448050554,10.666672979792695,6.411701520012875,6.819790103014699,20.98174731493097,15.501259456303982,19.071836602582014,18.324217575114357,16.413813390190676,13.891411403219466,19.26373022900414,14.695899965384621,8.059194143287591,8.372732508012197,18.273821246802054,15.64527022275138,17.897129623804307,16.61552028752585,7.864775924421338,6.243585675394539,19.61340134181861,5.771171704742243,6.39865289250856,12.975641252756715,5.905827260108846,9.915750616148975,10.097636169354152,18.63809315156272,10.097670598380631,11.163221074728822,19.64801043462934,20.461827826466333,16.227237433334135,15.854032416795775,20.06457030710873,20.510530990871363,6.559520307191693,16.060731710278823,9.217868281247965,17.729998503640513,18.520305015279654,18.574886341918436,20.878507948866034,7.679357096413906,19.977222541179106,8.638095916275363,9.543120455911463,6.252387424669081,12.736871836979228,9.69202657030102,19.078937794147077,13.39862989327643,7.2947054001988,21.72691876079839,15.392487829407639,8.672393562642586,6.218168131685827,17.604075264529545,14.730784384822226,19.20049656482998,22.965200807840922,13.595156496761067,21.589141761764502,19.605757452296587,12.475083986967874,20.756669681674747,12.987399773588912,17.701800574297042,11.270007675620787,20.926560137498125,18.629512913853706,10.855440199439178,20.586482106375215,14.194222556190525,6.2827920761986595,5.957401349157143,9.082930334066114,15.57518001670273,5.695873092000604,22.45895295077473,12.806958941974043,6.202019879133722,20.424400349911757,19.654659686993046,14.653580198323482,19.60256781714434,8.166364355281633,16.873378906783593,19.113293810326777,5.844275944170052,7.132000338559412,17.04964894649435,10.835796321665999,13.546445828277173,6.440070075084325,14.061854215166674,16.90884768153477,13.402016553474203,17.153851779793783,10.577958561498965,19.7038641426024,18.7526728642244,15.804026677927633,6.334062668626482,20.872999913813718,16.84041975111734,19.252715622086672,13.461090441778262,18.461169567661354,12.528772487306272,19.746006807646374,17.090102108630962,18.936972426494858,19.197109707144985,6.989076633134149,19.23740255919419,14.313452410910985,14.18686807926077,17.057072542792064,20.548867831461916,6.081570856320191,13.71989148925283,18.248592827864375,10.730133560401278,18.32303783669494,17.142660155984164,12.53783503693069,18.679805570524252,9.99195011495586,21.218515012242513,16.67777163608039,9.869617168061131,20.821037363565388,20.63056194550211,5.919809252699901,21.658538152514826,6.5555779970057975,6.166017287001086,16.237680394043423,16.774720204821875,7.290025068979759,18.98111817502487,6.153512993062814,6.803264780999206,20.581769035648414,10.915486239767274,16.902309471639978,9.302445114011002,9.775721735782874,16.305851736313443,18.057406498061518,9.5013799126168,18.57715650941942,18.861039296720183,16.10937727729229,18.540794228230812,20.43250378446387,11.313022506149002,12.27198588008561,16.324127745118073,8.435057474009175,20.263388597980857,17.16941564657876,13.852072982856477,6.27837289733291,6.350637523046282,20.21505748949156,8.810559913556009,6.405144823874713,5.997420844281965,17.836121647471014,10.693708313801185,15.57379817942516,13.461293451801744,18.2401522234424,19.6551794700028,19.547299286707776,17.97485920060104,7.842332702834264,17.052822021868355
79,3.7738146324443744,4.110110251059798,4.196215140570747,3.4396609903913147,3.893387448583451,4.0796740145931665,4.017581104784811,3.8734217501377595,3.854000095254099,3.980613992555888,4.03350343575123,3.7080663886690433,4.152181042245363,4.145244364532169,3.6570943973630134,3.4442615875583447,4.015944996176837,4.199088122979077,3.9279619966988264,3.6053066003855876,3.992178141860309,4.67495742963429,4.130624536366319,4.223081929978567,3.410347483664127,4.0883976139021865,3.4204634919915944,4.086119936650122,3.6398218229940555,3.869377502139797,4.030018553577388,3.705102354324908,3.6308919919019016,4.33549321066835,3.9724858644426146,4.483390083548311,4.048500228274653,4.011889176532203,3.8464164672561814,3.7410078086013305,4.053552133773906,3.6569905921702337,4.181470277281991,3.934796549878403,3.57568608032048,3.4715088817505126,4.111868120008271,4.318677900827956,4.057509829334012,3.881243301655877,3.99408319096638,4.2302029687888805,3.869294529518939,4.251259078541649,3.883053619352758,4.019099335744346,4.495258814491083,4.01720346315102,4.069049277739132,3.891680855180797,3.5836189765573883,3.499903566539342,4.264461217800609,4.268969070883746,3.9586759434052223,4.0827232821746415,4.153485837942029,3.9400231640667203,4.293729933262261,3.7919959539626347,3.948558648718795,3.937930466389497,3.9805090194679287,3.935525163266503,3.8969177227398784,4.259630983256264,3.873177362301787,3.9560626693665397,3.9111261011892147,4.1725785289213855,4.482487144522062,3.477201525111047,4.003815533858099,4.169459681247023,3.7804120704763355,4.217539237929074,3.819048595240168,3.9278372602641456,4.201688257162149,4.259447249207986,4.180337099402221,3.5727622853970087,4.064152492643163,3.970411040639634,4.238563152404978,4.112151162965051,3.934142765171648,4.304561519917167,3.639969570639276,3.4532257370078137,3.923044758569021,3.8908464550913604,3.907635902494258,3.9533159342002793,4.036552060802519,4.164896884162819,4.036667349146523,4.407281216241326,4.013384739312468,4.178126100739004,3.856400156669617,4.124106541250438,4.032546902993893,3.6153693227473376,4.8001390838483164,4.229351190666006,3.961831226779408,4.0452442225669065,3.820918403755853,3.8307954829834148,3.6083412029642083,4.255987072986141,3.6554251116851146,4.051532499990779,3.812706938856689,3.5901724161600406,3.6163551108245255,4.13502872409811,3.997747622146393,3.866663817379103,4.138759578939626,4.033163002402505,3.9758011445272636,3.465485124016156,3.4656060479301365,4.492549735842167,3.68257136562721,3.591657935237427,3.812628272604858,4.013817227720592,4.292747518100718,3.9889425392951874,3.857889296847082,3.664894250180183,3.6421371572657883,3.9402838235881603,3.926158578220084,3.6598193072789136,3.9758549424694856,3.9527611766528716,4.0905831542168665,3.8268789038602966,4.160221747077212,3.9758044883089636,4.23017623539013,4.807170571764595,3.97802114211671,3.4645435222093277,3.9243790452801295,4.0146110769789365,3.867520204559803,3.902941592401253,3.9545978150798136,4.062688506168702,3.6842808862324934,3.587175091260893,4.21521157474861,3.821539097195758,3.8130780605398455,4.225235397303907,3.4970625709872816,3.8073705772788498,3.827068589570153,3.745245458855333,4.091077563594666,4.04425235821963,3.851255090862067,3.883000034420837,3.958886132627426,4.161259612762741,4.110413506116442,4.224097999870688,3.963588838029769,4.287806954294128,3.8620148623973116,4.236972044145896,3.4926992084595074,4.052307152006331,4.156810452973224,4.18207988402754,3.671031989297419,3.940133742608022,4.025925759557166,4.126173251175792,4.359583313396842,3.694892435978778,3.4505989158172428,3.7885394697592396,3.644585858088065,3.5515891496653986,3.8238618372902953,3.444300807465715,4.1289008399442695,4.038137889196278,4.023624454443717,3.929932901235321,3.6394492978149553,4.202316755830932,4.043152640078174,4.21184835592584,3.959700103609025,3.9365136775943923,3.930842668088807,3.9114927399962696,4.061683736740068,3.662271161031997,3.978531980332169,3.5054004377488477,3.7129958964818304,3.6267240231235855,3.5437053006381536,3.666057969324718,3.982597025586259,4.350165744565643,4.335762595451899,3.6351172297730656,3.8844598106282313,4.331208589906964,4.423485388830735,3.6168140500900665,3.983868595976257,3.5503016909615557,4.546842102227855,3.957328620202559,3.6288507049437313,4.0793358576522065,3.9396821464394134,4.057561277191603,4.403850382620258,3.4865357556563574,4.718476317673108,3.5117728118012215,4.480914770510702,3.8829645216496056,3.803523001988198,3.6493390782242523,3.9216944292949214,3.9270147330457554,3.8766809531443314,3.755840283095502,4.000735332189611,4.044438549829859,3.964410947084161,3.6286012065676116,3.4675985242159237,3.5168932553227474,3.4531950239953586,3.5996183958996757,3.947575178533607,4.951018020002395,4.2265149511481725,4.004801435069513,3.7679840373415887,4.025474688217057,3.442364038484846,4.340344702035666,3.559794911347261,3.850153747713886,4.157724535705126,3.9807383858776,4.1216144381917905,3.9590396707827393,3.7129615462988426,4.188666530831613,3.6618323948015306,3.5009836525744036,3.8443456448009825,3.7328581532158833,3.6678440937059476,3.966574674671142,3.4612169155075225,4.067452412469667,4.012717299590944,3.913449278564386,3.971053082145628,4.007615107624746,4.038087819698303,4.18985391110529,3.7802357898616834,3.5642623239069304,3.645978126711541,3.581971711527602,4.343659196525126,3.9417083973773357,3.9300277358809077,3.5696625910238855,4.086691387427897,4.188445611030628,3.9200941768331385,4.1628119667921055,3.9940446273491395,11.597509368694862,13.282036591825168,8.495697300536039,5.915115126232421,6.786686850030226,11.216852085941163,12.360261718127472,13.45695346950535,10.679021110003985,13.651706524827398,6.526602751448189,10.379119176329919,10.94997659595927,4.076747374370186,9.767563738692761,4.630426567369062,10.328032053325959,10.008980823511944,12.98985527882565,8.891694573158693,12.121663305945326,11.405463302868903,9.338089564699818,10.643574046562248,11.642843113132056,5.40610751487466,11.448754896654611,6.66454302786303,7.019062453920321,11.367724166042638,9.602919404761801,8.134409388616508,10.371212248746653,11.32935536333076,4.14310476763481,9.148316062734747,4.918248261355551,11.506846448422658,12.672242801328853,14.174728587940468,12.830020084677015,10.915515521280618,11.898941172105918,11.449488023176297,8.784448436419382,13.407433421206685,11.965609854176284,5.198727813651404,7.800634372946155,7.895480532067648,5.790538932635421,8.27406618586707,3.6829440693763806,8.022542223069568,11.37181663839706,4.653253716833418,12.33477266776326,11.368209047076121,4.095910076296264,11.361655622161788,6.273048459689343,9.428319891716669,10.96301147034425,7.7444198837778755,5.214228970306139,4.870314416113444,6.147731950625537,13.763242994990257,4.287516691880609,4.222314769020908,12.09963970449975,13.452237716636715,12.238160826296674,9.901659644969177,11.333790213668786,9.917430196899925,11.709666483078882,9.852085537900747,4.178626926023224,4.820110909983782,13.227280827051349,9.659448545275731,4.846925173885253,7.63835524610858,14.952450873924564,4.6432087909158835,14.918621210205176,10.152485315398952,14.235550058929588,11.337019735774154,7.991211034235218,13.89942866186771,13.841014587436554,6.500246488082,5.679987651286187,13.754398409478156,14.120702577122414,4.094306195622968,5.61414435442387,5.671634954928692,12.676771425760087,11.298057978577559,12.847405405474948,4.344080394880906,10.463612680774524,12.790088310327347,6.315375858093897,12.931823316479996,4.002317470601281,5.312628832410476,12.241440149609161,11.622797929847478,14.748265156198313,8.951761569399885,11.96780506159237,11.211335118812553,10.901412778182165,7.638125755598945,11.310729307512618,11.725051979017593,9.086327938695,6.122060648774345,5.200626433595453,12.9458592525474,14.193089819358416,10.67160572931021,4.6022095679580195,10.042307309215834,4.07003033960365,11.463156568462283,10.218429555577382,10.309479915442413,11.511437788662503,10.706023596824457,8.284189097978965,13.866048347993676,11.374823096454781,12.593636683372845,14.139798032560776,13.380262440609268,13.541320051615616,13.090598464148385,13.58527228254976,3.9543208671877847,5.20601555362185,4.303114536088964,13.957161754217225,10.667974157461394,10.943203945768666,13.044305527584802,12.006745467232987,6.261791943429685,5.341513534085009,4.88501976651024,4.146057848482238,11.936064024537462,13.953971400173012,11.493185723411266,12.124628318052656,4.539776963103967,8.384165079181598,8.191231033852906,5.161401915029967,10.205677586541874,9.21522080415431,8.563791656318056,4.01398823441425,7.233441928915303,9.049925821020569,10.79008458410486,4.768702259864274,4.0928810241045905,9.813881602229666,3.874474629999741,8.881356612804431,5.770794541478,8.05225907515621,13.900101904582614,10.790122055270047,8.846894765866864,12.852468813174792,4.2215977276388434,11.384420872859174,9.311067175680908,11.996879069525168,9.208026382264629,9.89265966981553,12.698554827389396,12.779707981088732,11.90424670055553,11.094297088071462,7.638416078711005,13.463737928843189,11.616321210407072,14.154547656021407,4.257783190743628,7.671386816760564,12.892478422908312,5.3246472518312435,4.263628517868369,8.741733545656997,6.680809097390768,10.984828168844688,12.587310622963033,10.50157638527162,12.745769998018003,12.972619270823968,10.169038915847265,7.2734309523924665,11.592730731920247,4.118954662155203,13.765561130465157,4.3547592298107265,11.858196164631572,13.171271746956942,9.48927440470192,17.021640465072664,8.478422960005448,7.741748170008712,7.4380768290175805,13.79752141099951,8.735761220641853,10.013168740248275,13.805677860567302,4.120246865091695,4.092555186375888,3.968378304039285,11.086941462092838,10.376308385936758,9.531909368676724,12.211365979956943,14.176598637037872,8.822793386975261,5.015207034794166,13.2700404002105,4.5522615220568685,14.623050572393716,12.325210684534447,6.858933912335292,10.498501666894322,7.6044803004969,9.367124467932245,8.52051711843486,13.300989781767539,8.898353029574329,11.229037758514151,9.586939722114277,11.50207979786063,4.422991349478953,12.914308675605179,13.36003223308507,13.098522472409147,13.090988630527695,9.099382664722102,13.991236162583386,10.477694016330938,13.860043735951825,13.76851423935431,12.721655236842622,6.607034944750139,15.063932063891736,13.88463271372251,13.200812789588287,13.397838815602414,13.08101452757787,14.348247647227224,5.948872267538664,3.9446668965198683,15.387453827986908,13.398331583287945,7.39483399116741,11.378938024274436,13.086620521771385,13.717837791746632,6.408500984025191,13.598642856955594,13.667981042051158,5.51500976685832,7.284592782666553,13.521090418771424,5.454093235799364,13.993726924340054,12.884299066575366,14.526625178626563,5.6306852856788385,10.048742345975104,9.455553664320613,12.1747003250135,13.298832514844051,9.954978424494225,12.207776781813381,16.607602898009844,5.950024745181407,12.592678259814196,5.979148564911032,9.886712985703173,13.758559264472229,11.904209321748619,11.879017420824763,16.9662870774764,17.268694946494083,17.107592309417065,15.984753809339376,16.548096458798103,17.008594814643317,16.282863847616568,17.797494189503745,15.69190420636129,16.349081895807096,17.79787770100327,16.792282265599603,16.036909702810945,15.536583223806474,16.517390969416535,17.162988561648206,16.10321426826713,15.143640145126076,17.238987761442996,16.233385641093882,17.100571657010406,18.995250699187693,16.596148534179726,16.7961006942829,16.523244590467723,15.480793244165397,19.85773726550809,15.708543259369428,15.777609661625766,18.925020301256673,17.077719772104977,17.178992757627935,18.437970533534276,19.15395446156174,17.832070271473288,19.736948137364113,15.115160065780575,15.755297873808834,17.230301361998077,15.587980643426457,19.1956506234036,17.328816998217498,17.05680121821655,15.02918056309944,15.84014252660275,18.97236091649516,17.554103296418074,16.46616673598097,19.01423362405309,17.162300821203182,16.37852996576256,15.343990563838423,16.089533177234095,18.053132126544067,16.566533474774822,16.261146654860003,15.996249060101052,15.979089327181761,18.491022359711632,17.371780661343145,17.535165972990896,15.485653640975958,15.935415055047068,17.27750025451076,16.345933070674587,17.920943092481775,16.183687653902037,16.888259597697612,17.611629733678132,16.50303485903399,16.126147906675126,17.716949050524924,15.573518007214895,16.710692594818003,18.852701124040017,16.82278552705467,17.81287207089794,18.873071436511793,16.890953441903093,16.908167850594992,16.62303885192443,17.89693837557786,18.354556714795695,15.73481406269812,17.33795402202413,16.820730054549724,16.63509592091116,17.98878642588397,16.13265557587458,19.185729795206854,16.82898508597753,15.741341959239564,15.77357762952756,17.49938276848266,18.597874454362334,16.588734032544384,18.17629715889652,16.665829625363127,16.898190986044213,15.705679544302203,19.00108827944904,17.275462773299957,19.20293003458853,16.489499089393103,17.240263596098032,16.75200514667603,16.494970270850885,17.471620486397278,16.327220308574784,15.386531749911063,18.500254343996865,17.488226209242384,16.83534250002686,17.024742401370624,16.268646565915624,15.760502109628789,18.003498804951846,18.848965583017744,17.7445208084756,17.243984925479605,17.197362998224456,16.92667833819328,17.553261691262836,18.61822172531956,16.82899924293222,15.447918452226148,17.31361080892032,15.351030940655654,17.882278500175673,17.15736751159143,18.52411717389755,16.9512973768195,16.522250328505937,17.521974059309056,15.44562886312271,18.617649537883977,15.719542201827972,17.41031032947121,17.480022293587812,17.061076131862144,18.019306984160746,17.523089743006302,17.527417751536042,19.539756319614998,16.314033450008843,17.258876680948248,17.05955617799987,16.502575795978878,15.20091512084809,16.7684368479947,17.086517404428513,17.851116027578207,16.971771739324783,15.887004415300211,17.723332175728032,16.979928180538348,16.58895749093588,16.052077823858053,15.630447228990375,17.30315915331204,17.533020460160298,17.360859755398014,19.56955559011314,18.805361100143173,17.44734060492054,16.545448846448345,15.523851155455443,17.844207120231516,17.264610254660198,17.94272146693273,15.598701078424359,18.350691079671208,17.39241357457421,16.514606284354542,17.462145799274833,18.972090178659027,17.339293570408483,17.847124985198306,15.798454208275782,19.130875536875443,15.961636724170507,15.882428502402254,17.081546352116664,17.747412579564504,18.058092045147397,18.896605775443888,17.785700739767066,16.380903783592395,17.894157450354783,19.27265101625464,16.562268330157156,17.589064606545673,17.642517874947846,15.595517249149525,18.146900719695992,17.315452087053135,16.28374712257735,17.49149702204018,16.491598386648903,17.255655288018627,17.221388796331016,17.705116647320157,18.50790251995244,15.778300121622841,16.126195784906788,17.67136153526115,18.498324464857923,17.04062539117061,18.293526558085055,16.255650824422716,17.499840141826684,17.364273762735927,16.441210740100605,15.427628179052729,18.472442096633063,17.27846367451055,16.766071788674214,17.37827381421461,18.219472565249244,16.6268549692496,15.604273887375795,19.95143441947106,17.790180701509907,17.527346877313665,17.127022519648918,15.90837878388818,17.485747252202536,16.30777688272982,17.891580123203514,17.25710315326521,16.201032214122947,18.4948482176251,16.45961417478288,17.20472802618672,17.926980810648654,16.45270219682127,17.515428978439147,15.709206837237554,16.395394304561446,15.550769529704276,15.401532290150294,15.414895362706465,18.942140861746154,17.47767600116977,15.66724394711287,17.23741943343484,16.709425251209307,17.349564789503102,18.699870606348465,16.850808814765966,18.37337770941719,16.846739346156966,16.463879692221735,18.34911427825731,15.704110120723247,17.642862257423936,17.508392449651947,16.959642657552955,17.507759761533226,15.925463897878933,19.24168246243516,15.615783346637107,18.009748627946863,15.18442054536764,17.13260112345807,17.448334710159752,16.008603928765673,18.481471388726952,16.06829137241514,17.619957543816913,17.192375770794186,17.651505906318903,15.77725356638484,17.813496935443364,17.403022073588122,17.224541546226423,17.38329874464369,18.872746190967465,18.913266869077876,18.07023216519932,18.44917698942516,15.752598221484853,17.620788074148606,18.510626160640765,16.439609404735325,18.74146205687506,18.14947415129142,17.706989579977193,17.906221024503818,18.282967296152304,16.99734183842053,17.08473622682715,18.712881115605203,17.59788938130862,17.07781314215451,16.8553246184015,15.671352859642651,15.57159290080703,14.918371786453065,17.130324324221146,15.974668029044704,15.424244565418503,14.822199051291944,15.188103961433548,15.444440256236877,15.853858544090315,15.250877720162583,16.574703896362628,15.554381596853196,15.896083452478155,16.518414701211267,14.24578690755392,15.878481343135242,14.67080830660072,15.65933480283793,17.133373022921788,16.215722201789887,15.085123346769693,15.993228693152021,16.876242773877873,18.039578723274822,14.745842602923828,16.715359804560652,15.815612495250917,13.620840267892468,16.585203636690593,15.50415741771045,15.85616536944047,16.548948592185504,16.396874565806463,15.382371934434856,15.45443476919004,14.66417765104734,16.223510679511847,17.298195293931947,16.50747773551442,17.49082909840703,16.285408271602556,15.26371785169663,16.062470953775136,15.998867756950077,15.631107622041725,16.0811943132932,15.573033844905025,14.887135879286399,14.866225893607917,16.47587583214438,15.138694085727865,16.397450436767507,16.097715353698216,14.288203017613192,15.047970931221162,15.681606613678591,15.761846673022369,15.06088724649904,15.262662052174907,17.289758670090876,15.848995683518394,16.282884983303134,15.746263143323146,16.64144812950577,16.247590659465043,14.322506752196457,17.899759726975827,14.932006018780742,16.738069848592993,16.399471376112203,16.664643363415163,16.73677416202294,15.134083640209532,16.892279054196884,14.21275761953404,17.003311464114766,14.665562133655598,14.861168680224797,16.486814009301344,15.598878586194823,15.228609310836344,14.51924920561153,14.647500782724773,16.90160865676888,17.08175792889651,14.60216696029932,18.133180863991463,16.52999524123112,15.644261294757962,17.31842739647886,16.109086586822038,15.749811210463323,15.504944849931933,14.624757408416086,16.600080198599606,14.822500301884043,13.686301083357952,15.742342913818261,14.986432693365137,16.842043237283466,14.952942840410962,14.819998750033918,16.35726765163888,14.150811149399267,16.621044132196392,15.973688792169655,16.660432555329894,15.605605693673438,17.509978368900995,16.451219837316046,16.40231018758675,14.31859176898135,16.533177482573187,15.8573951453385,15.098959047874457,15.677823655999035,14.16641655502931,17.268464560267873,15.615419745138857,15.702912946859827,15.669247009783458,15.474102771336447,15.926521005133235,16.92803778230522,15.053606429461707,15.21914533608778,16.181432057374273,13.953874241330375,16.30601840081398,16.65823441574146,15.179158042636343,16.088422982802296,15.57625022050284,14.973805988869174,15.200427500437257,16.80734074247914,16.260743339679887,16.905205758392785,13.872016854152982,15.963297599486939,14.6487923832825,15.511009982202564,16.45660059853714,16.122954451979158,15.783995123528321,16.41238023826797,16.711984457758255,15.408380889776792,15.504639202432454,15.23669184049427,15.589319560976175,16.210611917628917,16.493938686677204,16.21155816537676,17.1237148487631,16.137892075941345,15.777127072568303,15.554156012535254,17.240924190443355,15.435577633886187,15.0408597815405,16.45710324962777,17.274095705642186,16.546318975578824,16.18070504237294,15.593903038940603,15.47456882902938,14.334072790226678,17.08490105472437,16.16671990554351,15.832802075236705,17.098728898471006,16.481737410552753,17.91014309798128,15.875112402438637,16.158829192187717,18.242624593384665,15.42329563515259,16.365232891692663,16.810099151976615,16.92386636521224,14.870581701213183,15.229721448342744,15.861360151677992,16.129476854304123,16.477317837149563,16.168334692157377,15.884704493931244,15.78707303829087,15.537592081743334,16.443381518643296,15.800627476024072,15.483193208288164,14.985337734794745,15.452720922199648,16.95625047978342,16.494744116353253,15.921070415103344,17.112364695554337,16.485432525960388,16.04315447086925,15.892094438413405,16.671488144960524,16.758672049366524,15.641271801344038,14.594546578480337,16.096490788641226,15.77533481118505,15.607898931774724,14.786136973375555,14.214050210505576,15.40542432834958,15.837172751595094,15.196810374475945,16.29173234476153,15.224613197501538,16.594057485653316,14.7668122849238,17.196953060918176,15.845120788159416,15.897208463159481,16.2716898748769,15.313367645531555,16.142928721476068,15.46474192951925,14.616111725832493,15.928758470842068,15.166203611093628,15.798810821810392,14.750616831845532,16.3921758278568,15.513128795184501,17.276118802566867,15.032389824152979,16.608267808273546,16.794645404923354,16.1523238512232,15.00776681465206,17.295682941995288,15.453204086782383,16.427706467353623,14.512212035015677,18.102266201481815,15.723454126531868,14.606293871643555,16.34128922150585,14.781311986867518,16.075419282828843,15.604140744459507,14.931969248897513,13.623558970851835,15.547047761254593,16.051606840216518,16.17719507008783,15.258113545599342,14.417396485582847,16.45433471975799,15.133322672114907,17.195890917388667,15.132244837614378,14.590044424965303,16.514911560651516,14.208234237973262,15.080173816990984,15.02210336786414,16.078038886287228,15.083644814310166,15.21738799777083,15.23428934968403,15.604828056735897,16.46944240925868,15.734294353380623,15.8728489944865,17.77990281041641,16.47235172423194,16.59911035997837,14.695401301398153,15.215516095711447,15.088196699163323,14.736337013163524,15.837796016075664,18.52043005047655,16.38880023221514,14.59490137423061,16.379371689993256,16.797421537820632,15.715461736490118,17.105841361706826,15.936178887827516,16.553607884215293,16.22971817430302,16.834948604402655,16.367715412094142,16.13884882160507,16.40270788938674,14.837508744266678,14.960595988060676,15.750588018716757,14.628736176853781,15.802769971303812,15.845440810092578,16.535154396749448,15.306329491621266,15.59528246825931,15.424197716697936,14.838467407640955,16.406711354198414,16.824761552423638,15.31743845996974,15.176867399776796,16.30214565391775,14.884950254837362,15.046673423077058,16.47336307722311,15.574645434330094,13.930929293962784,15.738181897979157,15.053064971215564,14.75429473943266,15.839930469297068,15.61633810498799,15.400185094134907,15.385057786015825,16.80882350869849,15.01419990153365,16.315050370717444,17.64885560952302,16.526472937977662,16.39981916377298,15.914868988495202,14.06260427403898,17.121124086918513,15.840367722531608,15.374376029446285,14.942946685820736,16.63841131070188,15.402567695374422,16.454248589287662,16.51420061818335,17.065239463329906,17.552180608255608,16.032847334754045,15.098052919086946,14.8140764946693,15.537100437666533,14.952782218801559,17.494576414023445,15.439036270635633,16.626778744355214,16.807802433809965,15.884401328053942,14.370479779518407,15.725983934569475,17.22253147208997,16.192276128405968,15.689630921476475,16.158538694630884,17.691339656272266,15.732439761721793,14.174654018868784,14.400391884090237,16.99785886560954,15.860868358569986,13.92325133509969,15.632163284422983,15.075337251565717,14.881677740123767,15.949355295606807,18.18318387627303,15.336684503056098,14.881808323521788,16.49036735553944,16.297752691023547,16.50492501317896,16.357016126563796,14.305056927060637,13.083029750253411,16.324235568586307,16.907084853482235,15.037625240232522,17.567733877484265,17.10099111247004,16.20196488290836,15.995996142121848,13.823025378561141,15.239722130724006,13.528679210183201,15.15270849352905,15.668583830332093,16.947362621523887,15.377909678108407,15.292897050426163,16.09009459427452,15.751732623849422,16.459797061067814,17.387164622220897,14.842949456398465,15.2613704878441,15.044966717114864,16.859411633274632,14.915320581876095,18.198464487434006,17.246409289486795,16.825964994808736,17.317028465667047,15.77574864218127,17.315261777981426,15.172113037711057,15.618406732621162,17.922896402611066,15.725616116579836,16.971670329402016,17.98000895203836,14.503504136018924,16.0602284446676,14.99750933377606,14.833117575010535,14.590050832499838,13.643063098635116,16.977274638865058,14.578298114093707,15.721952380978747,15.880592685654337,14.47518086228843,16.46354538511387,15.954563936576347,15.858836448448905,15.40205047285648,16.324915159739422,17.844658465687434,12.7311166248476,15.054464013231353,16.65004647544514,14.730088877888885,14.433001299578049,16.245032500523532,16.94146758332008,16.045912694627226,15.352484128360768,15.730569482861164,16.538279807391472,14.564814874270782,14.375539939665206,16.939693508724734,15.98734109401376,15.935272405916134,16.12923893513061,17.43933094324389,15.848870574590137,16.281330338137437,15.940963326646202,15.217726703001958,17.07678763701327,16.494352195103044,15.200057267602142,15.655342023591539,15.025444611030128,17.04202580177429,15.261802191422456,16.574791245293504,15.327631987238465,16.297237798640804,14.96779066878784,15.54251354824593,15.871073265622686,15.168000769930769,18.41339223451061,16.15343047425225,16.270952800643958,18.135437736646608,16.140851296988384,14.986510964538944,14.379999810960104,15.96135622516092,17.712380356417377,14.484839315016982,16.367231387160096,16.12491084914325,16.327370650144353,15.050413090543403,12.84314258923673,15.254765368965884,16.50058625795414,16.16560219164905,15.888429053333528,14.015384405743148,17.143825868040565,16.300482981830463,17.491990271644745,16.15887820547982,15.48625627135109,15.412825996388948,15.257878837886025,15.387207527117868,15.787999200581673,17.70904075921571,13.662270901377122,15.003941805541485,16.109842198716592,16.045521523495005,15.720065128780213,13.809022989537795,17.02374811212525,14.749137282681893,15.793047547692531,15.691188876468798,14.639121252288996,15.951246658765024,14.430292151702478,17.04015185430823,14.892151657568363,17.19396991643602,15.061381215527911,16.59055808982597,15.90899255748891,16.031763047024636,15.46545464359175,15.872156411767063,16.143451918235463,16.470225022780742,14.545890013236273,16.44972483636826,16.045216695502383,16.944676334589317,15.90324559711775,16.132416737577554,16.44284046009503,16.439729170999488,17.03815614608409,16.271101552565817,16.9386546755227,15.679122850960129,14.254152329223277,16.48158123350642,16.384529488402233,15.783527301967917,16.017819091485475,15.002389324324978,15.818888015814206,16.07205728256891,15.467979026807836,16.853206072378804,16.356171102749773,16.328978075269518,14.969599731325502,17.887248684553573,16.91583000199855,16.185401940309724,15.264617035476586,15.805801483281593,15.769775390406615,15.741695807371896,15.266877463722134,14.746187723234371,15.188053480957608,16.165189134680475,15.685252023284047,15.408529595521149,15.159995674069743,15.302500401799595,15.359537700723031,14.801626467748015,15.998937871882603,16.455209369507028,16.22519359526044,15.843820536230897,15.576125853906097,16.16585138230762,15.428072366513765,15.437816803057435,16.49082106490737,16.06590291302223,14.237893645698568,14.988284999415455,16.061906908323177,15.888374605743996,16.85970511196194,15.92613914140043,14.615993367757572,18.228689530152444,16.452683804928952,16.031728692517937,16.809460856660053,15.616516750449286,13.51540945925849,14.440295280824463,18.6302321048414,15.843070496980236,18.09280379961678,14.220922187997388,14.479191774525768,16.385072136695335,15.151578917447749,17.068154197876535,16.889139435719915,16.20100141974206,17.167488212779812,16.420702542826525,16.041632537639334,14.297696369944708,14.737997034456082,16.63669982191118,14.458541444353102,15.62490967715574,17.091492939108807,15.478237919764089,16.181180224478684,15.84683735219509,15.826518423538271,17.36832502219891,16.27512367113469,14.568374690317498,16.64346649182265,15.4263641503664,15.38939528543944,17.426644104346696,15.571311082743279,14.424952203338618,14.00973819524585,16.129652662496987,16.33704029346697,16.213306498442062,16.972109342407734,17.427639391509974,13.554359153090939,14.49394086073405,15.624965220019993,16.4818049877925,15.067479978756758,13.57953674138567,14.877488231091997,15.091120195542263,17.619392060205037,14.288033901421418,14.028567643562567,14.835289517561733,15.891823731092908,16.91505311871559,14.659942762680314,16.33491169046727,14.489800649161674,14.096460478969444,15.43897986234311,14.714651475759968,17.679297418180113,16.314193558779937,15.647318952916216,14.798688341697785,14.955356218433577,16.35133189799595,17.241485587699348,15.697799152408818,15.169903029554138,17.357401905772175,14.633710953222321,15.528899684154839,15.705717197101642,17.536067085116358,16.798467660489536,14.461308426200885,14.900476926977895,15.370435824204764,15.643568777421208,15.718579086671387,14.622354685512724,15.534104013748399,16.200078765548184,16.264054854286485,17.422626250068987,14.920184362633105,14.766191377351463,15.475586769352066,15.76891881155529,17.781132215629675,14.206652282354886,16.006047772182868,16.930097029738967,15.37120821214388,15.171155504504346,14.374861832480537,15.954307879830703,15.151118833349964,14.991170927077254,17.15859297013033,15.34253494522202,16.039388351548098,14.928376199661143,15.943428871558732,14.938759331967582,15.385278752840065,15.856890450131681,15.771799493238992,14.842121450233558,15.056829696731537,14.529258740649183,15.10749041083058,15.309848932760808,14.25934999492039,14.067023612911598,14.212955166305472,15.963909948196745,14.551621917628326,16.184802500110163,15.58176602610441,17.678963480997066,17.088813640851004,14.975935006602572,15.690388159536342,17.418437445796044,14.839883391423434,15.171132224684403,16.408914341484675,15.655790343536415,16.018528845909362,16.979237813477532,15.36061219992384,15.35402936959127,16.15383750264314,15.639081012651786,14.916637280840499,16.44650543531448,14.059529346218822,16.659656119655086,17.867407449772504,15.549258506895669,15.671960140198777,14.55649491924853,15.036945985673512,15.320486528559073,15.6446552275804,18.289712066808754,14.703512098320735,16.07200485692589,16.952423339687215,17.844237688848416,14.535133363413058,16.34101589116081,15.353146341299697,15.063842696520009,15.022062956908677,15.74597159885216,15.994127437110345,16.055387078234894,16.618578155696444,16.989012026247416,16.20842062991243,16.534467852431213,15.136353244418585,16.699120207697423,15.790950042825699,14.920341160975463,18.500910730080395,16.011814638305808,14.425870763464438,14.853774100825492,14.82189177361234,16.041488139881523,14.85664875701577,15.668486911712483,15.429872947668203,16.185757690231654,15.337308092858512,15.533416162207585,15.967597810210915,16.450964344423358,17.572969443461005,13.653127602565197,17.34465613736518,15.422424970079089,16.927086043903724,16.162618080150256,15.135569657283936,14.916123999614479,15.025062018381956,13.581168750017948,14.690222080208864,16.948791112635313,15.881730383782054,15.388916688730795,15.06235330761273,15.926259719325813,14.818571256818661,15.326698614897628,15.26040685842482,15.101997908693289,16.661320951380468,15.915502123867288,15.662856554702756,15.561823943245393,14.765828727843315,15.63545848104705,14.737117105514997,14.361385667801496,15.340531053367874,15.73620686262591,15.641837139407906,17.646105298693108,17.41196813709825,14.694081785972367,14.452844584932333,16.51411419914046,16.130484261189753,16.025632008170575,15.308694797690723,15.039493283822194,15.07580347324761,15.034747524897247,15.40412047452764,15.943568489776215,15.917834539770437,14.7886756739464,16.265013508008856,16.351138725330202,16.109482780592234,15.001260207253877,16.334745202707744,15.919312076743749,15.465355325079509,16.13092882322125,15.024252429697402,15.166178604755025,17.336932485332095,17.600893383464705,14.537089539606894,15.551277736586536,14.712313637645035,17.141072293289707,14.517506587093362,17.828040873348222,14.982581283045768,14.567675796056815,17.74793530918123,14.80292750972066,17.97903388842196,13.738114224395167,16.32228013183566,15.230867416926218,14.60473499476491,15.829863976396709,14.496095617936325,15.71121819791982,15.390117679741964,15.25746278661067,16.5481141561665,14.857833249134561,13.61331461355659,14.72232303758291,15.565093117196149,15.953203275478012,16.034734813332772,15.251425166563866,17.599216873466762,16.327721463506123,14.535634066547793,15.231685382745281,16.168151754422947,16.92236796355372,15.30073276763297,16.522283352156613,15.486909119105938,14.942173622297346,16.128065415510324,16.97697153744617,15.650718969241208,15.737128484672954,17.445252820671307,15.372639157032083,15.612368782559086,15.188721854758201,13.898598024919513,17.273154724207345,14.75480842483923,17.52806696383306,17.330802760560665,14.937592919236419,15.22010810164641,14.548600548500442,14.735612336493086,14.535070486719563,15.910829360708709,15.641245520936932,16.26199347366618,15.413907919934513,14.959927345748447,16.163104578700995,15.334613579114206,14.975121250834128,15.42330222125375,16.1407775224417,15.666161705494138,16.34899398049536,16.737623747160477,16.20607466640001,15.204115385940906,15.480911590815259,16.7502484960642,16.934745718263173,14.58944142764155,17.358317283176206,17.176578686725193,15.874409800468824,14.089183208055006,14.650133927801427,13.62241318206515,15.158619942501558,13.878343018278674,15.6248173373071,14.314463575233724,17.872261183441726,14.74558959931596,16.420842593444423,15.333150840127296,15.720465177666556,15.908525784868948,15.776409994801611,17.99734091908111,16.378993061841797,16.915352485636035,14.834558937140429,15.905456002291967,15.955425389008173,14.93502993717036,14.96594979043163,15.10637198212532,16.496470038791827,18.150095939694793,14.90922017542553,16.15553716908397,16.368790986106283,14.645667960406524,16.042203315230978,15.744556793203095,15.387778238143701,14.150299777372663,14.378961876513399,15.29686292635807,15.33794495833803,15.275507970589633,17.275642688133892,15.678801430009703,14.979613589641483,15.175022801297375,16.792819698310964,15.336799733437148,16.61161177126732,15.704793577013394,17.32397647954638,14.293330706103037,15.946114377959862,15.755709916889984,16.618152332233024,15.690560111034094,15.941817001507657,14.476534883136686,14.998866179532577,15.307017923224265,16.55844630417625,14.394151517059047,15.701703109499203,14.442172454724663,16.340229238117903,15.71770987500321,15.71934340116689,16.234333326278637,18.81598558795401,16.7492121406535,16.86378865611943,15.129081165213924,16.856060478609027,14.996038850514887,14.776802993802452,15.686284703851351,15.491986982228175,14.517869823816424,16.95441431892052,15.08120552088234,16.41449961624256,14.40723633419259,15.017830857198222,15.250170463562185,16.000020270779622,14.253835319459386,17.57731875701066,13.637230908996923,16.912052534331753,16.037348993652166,15.417454602771253,16.908500853918696,16.450682504816832,16.84632383629222,15.466587570270933,16.145796639243883,15.288525732658279,13.847054262942459,15.669752013364988,16.36371292292906,15.816256463818487,15.16603901435537,15.677272176141956,15.047420002410407,15.721102456864074,15.141138279090201,16.920064993184678,14.871558243836606,14.953574727219523,15.006427082423324,15.974074928401448,14.20957472659226,14.873617621235761,14.874623039403279,15.814671631427363,15.167330951624916,14.990718882757244,15.071447497811631,16.92256702826565,15.151192630415304,16.62854700916808,15.36379456951293,15.133113020087299,14.381276851074484,13.131035497872741,15.418508708483511,15.649141437716242,15.181673541914519,14.952008260333214,15.753836664546537,15.324424551503698,13.641929609825482,17.483619596133934,15.905938289347182,16.11959719792959,15.138948313104127,15.446471867340087,16.28829132008658,13.663111044154865,15.291844404660377,14.84485139296584,16.25189827724935,13.900223810001593,14.368012890128227,16.597356709266872,16.351690610857784,15.041274570947454,15.27606663415252,13.952611545799359,15.156682710859426,15.013933820962091,15.425454738320672,15.309465842973475,15.123030544653284,14.145747337728244,16.306242958693066,14.866964802018769,16.080004564458196,13.298017763915468,14.415253045566748,17.934121746811943,16.479504866059408,14.83427227798444,13.243635761883532,16.205992105602817,16.21004217537507,15.554050369602265,14.238058322113462,14.822351693453921,15.804016310101346,15.381930932110642,16.007764314207716,15.354318587006041,15.15396178054529,14.981957329297781,15.072965138703672,15.24449178970135,17.15714231808779,16.425831252700508,14.808183677236045,14.99820677005439,14.397446773734378,15.667238640486884,14.502708663837883,14.73486324232763,15.438250112996457,17.23644090229063,16.463152386184113,15.671694812771374,14.775015869163266,15.817800872767462,14.47860807078527,16.16792592977732,15.395067704533128,15.840402371209727,15.00687985407746,14.823823589971758,14.244750753039465,14.668510415860244,16.55331913169009,16.047802471254073,16.00351300226819,14.499822792872076,15.023887595829384,15.278326337879127,15.012264787006217,14.640997516339679,15.591230835330819,14.910572101537838,16.720376987137026,14.74413424502322,16.6305637013233,16.023431981447814,15.684077415938436,16.202181781821352,15.1085917657,14.726023394085438,15.513542186292772,14.20558199262447,15.86045046724814,17.21658863567762,15.036690766706782,14.941206470086659,15.928074722108343,16.02847656111143,15.22097594431589,14.451585990275824,15.776089123929168,13.999615819693807,17.068414433831947,14.968476242695019,14.29130563636494,14.760183347997458,15.242584685342694,15.548749856638793,15.213705854915618,15.638823455567483,15.063658477493732,15.21687007217689,14.870027770229886,15.503998960612336,14.551236584656742,13.433858684419954,15.267478611147393,13.753062208634155,15.799979970621632,14.329253394456309,14.833215324590682,15.25953775463451,17.16502767879921,16.241613779404062,14.537763701885511,14.151355032958897,13.885655154073115,14.643262111847013,15.774375387468435,16.656562364109668,15.289564766127658,15.344726538815499,16.350619290204104,14.09981271975533,13.995304235411457,16.030287817403853,13.784298833206169,16.37021718246205,16.59546208026416,18.239080749833818,15.151208168999954,15.384722301105782,13.88471301529364,16.024243603203754,14.690446857089952,16.045193682347502,15.228437398312266,15.020571194373822,16.568541017110686,16.508755927049638,14.66751589494436,16.417565168639698,14.943446709224762,13.364727139750002,14.491808880541697,16.26616290151476,15.077669602418922,15.08652933376957,16.562476465495287,16.472128947974483,15.244880693922218,14.335555758668143,15.552468766738038,15.159532856611857,15.64979923810767,14.464178497084665,16.009389835883212,14.939437357733587,15.502967278223434,15.151368913551487,16.754733137620878,14.959075943405587,13.456466315434163,14.83639389051626,13.61885746207461,16.07595267302838,14.821732917991286,13.850150006983846,15.557937308130155,15.252739414455235
80,18.946817470215745,18.99710384662387,18.13200384927302,18.764836584354867,18.199863217372208,18.25292830019948,19.068912924651006,18.02405714726571,18.68173645964334,18.224055926659855,18.229236187424487,18.191151631540045,19.197750586746505,19.10751194080194,18.350933262758097,18.192010907545896,19.04826323222732,18.144972290122556,19.224381066989345,17.90243512044539,17.406572865945115,18.903008701970535,18.034116919827717,18.409892385139557,19.09316505038691,18.77424513959766,18.19959252116716,19.028910745858507,18.495452185222987,18.12421373276996,18.630230819191972,18.18542310902928,17.774057202813026,18.11519106207242,21.304580606873994,19.08032513939014,20.551451404316058,20.540185647475415,20.778334611863254,18.151958150460526,17.33753454197012,18.360122576700263,16.707757060287218,18.128367292454566,20.153000208707947,18.679673586664293,18.100363671667772,19.09671018051319,18.075807967356166,19.38819300187091,20.56747653548649,18.303339988793866,18.71836107587759,20.009786332166414,19.021098564713235,18.270262084074382,16.466308288338855,19.27467036496505,18.902617805832953,18.01125155635052,17.86937771794217,19.752053508151917,19.14896013287746,20.18674876313184,18.234970517266127,19.199269932312557,18.649386833040072,18.920020049106242,19.311038781511765,20.134590574014005,20.46480893439798,18.32837703684538,19.41336228927649,17.4271352332633,19.23807709399133,18.2157616346694,18.805596889001198,18.54332002987541,19.051061591602203,20.633158497440675,16.418189477986868,18.234630302547544,18.609316621610425,20.614208474198882,20.002745025581856,19.0493314382837,18.2091861374914,19.592628446265184,21.006452770492682,18.722784380961482,18.26822653410947,18.212816690072835,19.18991561386351,19.14737420984504,18.38417091162108,19.096258910674212,18.80989687728547,16.43839380581213,17.8190669697202,18.856537197072047,18.191283964126544,19.00780259458761,19.0416805989137,19.215936854166188,17.327306499676148,19.215658199037144,20.570125017819503,16.255830215204192,18.469977376818054,18.42107575137996,18.53398770670161,18.315527456421044,18.676068579920408,19.93439307765329,18.904187563789296,18.560357000031374,18.50961092451881,16.93733463714631,18.937556376484704,18.67948907588158,18.256943681610718,19.012427397337078,17.916086406142075,17.34230931325656,19.051473960196443,17.922957542238073,18.271369672969403,18.01471734362901,19.141792727988445,18.328089396230197,16.658493303178282,18.076404637118145,19.186417247745027,18.234713597160546,18.86187399575407,16.414458775503356,18.220213128319635,18.268352305622816,17.82884565027216,18.429985018703366,18.633387125855243,19.014205530350797,18.4073342504451,18.358236642144597,17.9308021857024,19.61253318940955,19.296059184114714,18.395910021370653,18.912268522552587,19.180135254223487,18.58764679432143,18.050577981965585,18.368559412860872,19.344127960166276,20.225298036263954,18.890153216340806,17.367693473938605,18.703494671448478,18.113103089606845,19.18390663513615,17.699223972594442,19.490503437889096,20.47902663910543,18.939050160291814,17.86983058727751,17.89990074694476,18.395559032638324,18.525094122159054,18.229897613863873,18.399062702029052,19.557257112349756,18.22115587767989,18.162657752437838,18.109134355524734,18.35545746481947,17.005677252446155,18.220787252908483,19.029629304171856,19.044781657863158,19.496257546754748,19.272945517789104,20.181603831621338,18.792321894267975,16.56495911618062,18.01418923660488,20.044025580846334,18.6033826643239,18.440402253443374,18.267576932403152,18.24789793061557,18.36951723168324,19.208625782205676,18.497807579442384,18.86145971771826,18.82324207874556,18.08647819863028,18.820234185933018,18.990401838520622,18.280408015855315,18.41398085982085,18.145382729890787,17.97359077608421,18.323307659058408,18.632152678020315,18.695911231456726,17.435276800374538,18.24972596490949,18.236620847344877,17.08521749753207,18.552594804084194,18.028997184966077,18.30509268164136,18.957568853214312,19.500908441159517,18.426602024038328,17.95403197483303,18.249418590267073,19.740818398626985,18.15742101964273,18.38526133193853,20.185632029743292,19.919490380963516,19.219666480346778,18.84812060895962,17.934846306024944,17.90649395166898,18.99034835609253,18.629067569800227,16.398554099800243,17.90062827962886,18.408511605401525,17.60708864394463,18.31601433343571,18.11814147058219,18.41349240576102,19.127716493211494,18.171637225498017,17.025905000787628,19.0057517133138,18.696403615011654,18.87442202797224,19.513629111757975,16.43729046518779,17.66730271383327,19.1371639252941,17.9656431451484,19.043450069622413,18.271266135089487,18.530931675257104,19.975842422820556,21.294682753459565,18.45189300933621,19.626737698794972,18.369989309464614,19.24309917249831,18.92012088850649,17.2320728475717,18.75907206267559,19.638072138372593,18.810241348020412,19.206432599171706,18.895767178542396,18.997735329880648,18.069756036663254,18.90498609141345,17.96601684045606,18.23071600526831,18.533312939482553,18.04078042040727,19.080009919920982,18.84109308555954,19.17353419609338,17.917853294743978,19.84987834005962,19.954577357932372,19.218480997746152,19.232916730059724,18.419757786690504,18.21387215832518,18.76368613851001,18.18832040811061,18.26326050003813,18.649217808612512,18.6143235389733,19.14352544183074,18.926600260602424,19.35270359707783,18.395370866809213,18.937981579479565,18.12088957012615,18.432782710629233,18.393367946694774,18.672780998492616,19.10810878071457,19.320860258309946,18.02975536219074,18.82165593579882,18.226077024194105,19.29552284909396,16.632053160088734,19.788457930528107,13.024476071298087,11.55102208060844,16.656998346630502,17.839149616653174,18.10214592240264,13.474575426751317,9.993428892941544,11.60561207436374,15.932519216790283,11.82610600142259,17.62873409433782,15.541875217202413,14.875140841170893,19.61810785170709,15.201197196164522,19.413761870543375,16.175792776043163,14.606286869371521,12.870924310145243,15.710220571696853,12.173488808405372,14.087491688281226,15.432481036142844,15.709453593417626,13.483199502163112,18.853482545674726,14.055404288863805,18.199182737317294,16.77237304366482,13.350062389937625,16.37315615294921,15.736922938307735,14.810443098443935,13.19990397469772,18.06392532969297,15.189726348441207,17.865595831087013,13.361744692266607,12.562020877269074,11.182437533423416,13.3344528658477,14.924742815802942,13.293556968576334,13.086843751221823,15.40251303873936,13.78401351438851,10.052382458869424,17.489078174599427,16.7919795862419,17.220958117375734,18.09287288462146,16.77872994204608,18.886173395967713,16.15221178231497,14.17249883181128,19.52148699726836,13.938546455265646,12.276478072850118,19.031450012775156,13.567452110264426,16.98396385117106,17.10164777304669,14.053508724334932,17.373635577408823,19.346086729141803,18.393639715421948,20.5848755848377,13.050680778884237,18.573820975800864,18.371641489789823,10.10735850026231,13.357287270980978,12.866774359630325,16.514311232270277,14.472962400249259,15.026329216549499,12.847725154958876,16.483945158487064,18.419873930701012,20.391439886056155,14.220145788462862,15.253731863648046,18.501430435320863,17.3718327297856,9.654422143879426,18.0202976850179,12.856024402239534,13.507834109849638,12.067035167622086,13.119059697110885,18.837289157265907,10.708727645496905,11.356682300631997,17.35057386704343,18.790861572564054,11.175905601561293,9.757999490713578,17.219534337652647,18.8739581494478,17.883054496655372,12.59820096932128,14.232939829144724,13.113717157930001,19.278044409976715,15.039987870313881,13.786519233264908,16.72763382721881,9.875853237274605,19.552547517435965,18.768272905349875,13.898125240345507,14.708978387694229,9.904065365783332,15.105136631567593,12.621627578230898,14.76600666964806,14.087129524432317,19.266960665695326,14.371372307285913,13.88081521847293,16.324945200712328,18.092830469993604,17.552154712620364,12.715925370655421,11.038777200315717,14.841051974287376,18.74606035215893,14.70053828248937,19.84373375489189,11.990947899196678,14.86366592027976,15.16095018792437,12.389455789382863,15.003070553785331,16.724263321498704,11.755215349405375,13.794332295782397,15.126504907027105,11.42394321829465,11.986897930554857,11.920911344936446,12.760795992301217,11.53726133829854,18.262296749399674,17.91832954845649,17.27466624168579,11.528063691279895,14.350325390250497,13.649457592246653,14.642886288872937,14.322999353277751,16.994617717437517,18.735902556381266,19.726707966035125,20.186912009507424,14.161032675233503,13.667517891521134,11.974292000459888,12.861159069692095,18.66911780199746,17.15186814151654,16.39802892947672,19.67233581499281,14.97330816571868,17.268140721173253,16.61960219423682,19.78946758402079,16.194648489284674,17.12585091227296,13.78373436079187,19.120555905690896,19.71564877477673,15.076294655316934,18.86613753818477,16.200231455306874,19.249486419917382,17.18080163763988,10.136109214604568,14.277013557809601,17.20065543886867,12.881691939788686,18.401381567342035,13.106925777356023,15.660094817777923,12.682414363689972,14.712865046181111,15.327212205694853,12.594023738812881,12.4729371446638,14.050514504483608,15.58821048358974,17.631675033745083,11.587650410553884,13.74801995320415,9.742186369310296,19.74889006597673,17.390508565700937,12.94043377310249,18.13969610842811,19.402109215347075,17.836573277499262,16.416839589018938,13.940928188039923,12.372513954175222,14.075776560033423,14.827330195498565,11.683084110673304,13.49029229914623,16.465674565891515,12.596674069983424,19.012479992204597,11.385903053960906,19.289640341346587,14.020325828014107,12.477416940096107,17.15612125914785,9.097919224318483,16.906940331242936,16.522888166196175,17.529510091455858,13.071983740314195,17.858202324715197,15.029523542690656,11.465534869612453,20.23045345597506,19.46343284390031,17.94614919094321,13.850955847646537,16.195148593251695,15.12656691846084,14.023291071106494,11.022997728116042,17.226130387461648,19.819679535412714,11.58123753026389,19.58981606623461,9.949495752077683,13.475110245322657,16.797715798096117,15.0024026834606,17.592203663517374,16.311239996171565,16.539901386623374,12.197229643790777,17.739033863074944,13.595013772545647,15.098693459109032,13.340856414725238,19.090169780948266,12.749766096186441,12.378373828235969,12.762098815733728,12.85049460323057,16.94542070880805,11.149762415724739,15.435402541999427,11.519127382115787,11.386363791763983,12.884341789531765,18.3204139210704,12.738982710070971,11.667028437091107,12.32026768599821,12.893666821154158,12.394947812150297,10.304509155243593,18.027183223148928,19.554845399271457,10.390222518284036,13.807080678054348,16.746623919121614,14.494992284480821,12.821176338701264,11.705481629858346,18.9048727668971,11.784129956921454,10.956290901565346,19.338064934057424,17.474874549352744,11.06889569588035,20.477760223352217,12.349341332414497,12.72104963489028,12.005566074872059,18.60622766970373,14.266183928049069,15.669305214207816,13.836881655978491,12.893225016517915,14.851169787554538,12.751746125491735,9.522911906623953,18.98561388168995,12.929606664385823,17.195394730432586,14.338891353213365,11.644729797928546,13.074719769625144,13.031543379686296,9.335859877553172,8.54143448641222,8.09876737614492,8.743660547978203,8.305831110133358,8.982974704370278,8.520000488529558,9.22190748636578,9.021161645313265,10.611531683281354,9.235953718752661,8.570891067267171,9.191498812468984,9.993525792027707,9.620923946154646,8.210495504577732,8.921118394321184,8.839644913055631,8.569289599093327,10.482257902540685,7.043038761996585,8.006919779708952,8.27867023067474,9.765474906667732,9.006989745800748,9.25225365054481,7.932290216910069,10.211355911151985,9.222484512954503,7.73692325219736,8.36143731959741,8.16315224119204,8.531296038253021,7.040186825262772,9.00243220142258,7.236964502023137,8.017025774643868,8.541197065115256,9.45082295877771,9.678623085283572,7.4600940823349715,9.65404655057538,7.216365929991114,9.386825772270576,7.741658093302595,5.714776482330777,9.133242658816137,9.11967322095252,7.877542965271904,7.822328947015115,8.41637529699733,8.830095645821542,9.507840127400675,6.870954311720772,7.299289100722163,8.97383952243848,10.077572159950416,9.048274124155258,8.443538010286131,7.633888704799486,8.553302840081455,9.0004042409536,9.320376817377104,9.549386286137684,8.453923115391667,7.935660152895785,9.35686459520387,8.80309665888725,8.404461979880997,8.162761163963461,9.327688521646287,8.15271984416556,10.240896834752787,8.93394773308863,9.323344306758134,8.450691526139444,7.4804380846468135,8.223560121985942,9.22032263461466,9.059466144342652,7.580090349973024,7.349275940263033,8.489418418971335,7.389874053453762,9.591401711025098,7.582193118721813,8.838466645746355,7.333544095851554,9.101264935841133,7.5010243811949575,7.929538719115937,8.565655090279286,8.908595247973869,8.616420344022192,8.012661147386515,10.0324379398154,8.412287341594807,8.169813804200352,8.959318527081193,9.393544557113106,9.233738262652636,8.510103082667342,7.984997179648053,9.23718515027095,8.922353317657562,9.300097814654558,8.669630243934602,8.087276585813552,8.617861651335435,10.48553203364005,8.410700574297438,8.571613376147527,9.170575561997056,9.204781806828803,8.731076207983662,9.09708100203689,8.148560471988672,7.933309826526372,7.6305312820037905,7.686993211588329,8.485546647147597,10.004769959250027,7.653002079456131,8.526625038454352,8.669055710961665,9.277749940022064,8.978455098726977,9.562437099175646,8.638706799361238,9.588930475767631,8.526467458914238,8.657260164877082,8.289225374268764,8.622826616222438,8.173527106549173,6.930012895682848,9.103204725313905,9.038655248401591,8.16669774009433,8.989632148025585,7.887562236611519,6.904962328940972,9.008947732595624,7.822722809347535,7.625589474662125,8.26189104449882,9.130809248225352,9.487742383803345,7.4068474511170415,8.478189890728867,8.152507556537627,8.5651025631102,8.096193216963183,9.708914286619123,7.777993252768835,7.127439644574426,9.132786577280951,9.627670504502587,8.900387823574464,6.936104062503279,7.833596823819028,8.240149501146867,7.33840564966508,8.85115594322446,8.611613971508374,8.251705922476177,9.122084443075451,7.34658070369734,8.228906618352633,8.850706097424041,7.443919340514441,8.283611071644662,8.940390876227626,8.932804740378572,8.921951622199844,6.393985699971256,9.694830972725926,8.434118699721227,8.854773399203603,8.05997201966179,7.981534736714832,10.243501042897089,9.090056903538422,8.237123415709602,8.127649796062302,5.707453156401421,7.449765597175052,9.279398169944747,8.194121632559483,5.900364322870698,8.309967129868198,8.565535954095893,9.064703317494994,8.903266255669031,9.362938331392051,7.687117744131762,8.778096204775801,8.733053493419774,8.852150177194927,8.154596665231459,10.075889897128631,7.318363978987409,8.398870500367515,9.262912303023127,9.1805533142187,7.584117112079722,8.114499619615799,9.593986830842649,7.905926685266363,7.3882517315241305,9.26608888851775,8.780736235783092,9.260050432986437,9.337911545113922,8.873534031797917,8.872822752886282,7.651754877321852,8.350070903227877,8.704988713629914,8.98188617610168,9.283090127842788,7.444067642906369,8.950906422906407,9.00431867670089,9.102593461248746,9.25917427780036,9.712860878153924,9.078249544905173,6.839462503179761,7.452187459761956,8.833688207163725,8.440449038148111,7.635993972439736,9.592868192565227,9.009209497335235,7.696419022998252,8.46523907687386,9.49669383049071,8.857437149835086,8.690154859863135,9.714020204238603,9.711082035370117,7.7188175236483945,8.611439826921833,10.312286111478352,7.932921844583399,8.855867870072293,8.420821267247197,7.968626233354943,8.587880651797294,8.08835377398822,9.343374335934385,8.380795975609857,8.010812507076798,8.786661681551543,7.60883764186711,8.420212809056201,8.601271662946617,9.482423348518918,9.306469640399389,7.0304028181045854,9.058011894780774,8.69314906444739,9.098336001663737,8.893506445382245,7.545757603594219,9.646598067808378,7.932191819378305,9.403633634944157,7.712084525875828,8.636987001902414,7.049660903544125,8.980912693592288,7.779164796468233,7.764073932323343,8.70005393994839,7.684670891757575,9.154565626322652,8.20613565707998,9.32582903683269,7.961262522284913,9.004445601174938,7.832185680920313,8.41896579057358,9.434881379830006,9.39103835565655,8.147758309539379,8.369786285942753,8.250286807087127,7.102236680963019,9.219446723838407,8.813400070642459,8.358930907153656,9.007347420770447,9.183758702908518,10.708984328724176,9.714818813652894,9.16464530960725,9.353018026138654,8.355805229276525,9.311087611961943,12.58110060730843,10.767137616803478,9.128307899571597,9.032915808781484,8.648583915985627,8.685657229828577,8.352233790290926,9.959055910622066,8.426294729218604,8.886355766251942,9.371025217284652,8.69409987885919,9.723499694845534,9.979580686799581,9.124107070087495,8.948324720134606,8.835921706604323,9.532504226170003,9.327161584768927,8.957355846304932,9.355853334197015,9.304703647089541,9.870557375191815,10.498641178488011,9.295135650455926,10.29182204717371,9.229364690999885,8.75063747178647,8.834597703558813,9.652860227082238,7.755055461727718,12.098875499244471,9.597015357851166,7.955578733067621,8.733271248831013,7.7529185530027664,8.938420763935431,9.097499870188905,9.133703199803563,9.941839685173607,11.037847084781877,9.04094288521347,8.787699543183082,8.92475598615505,8.025100764748325,9.237074248249135,9.564927115846503,8.10308231801927,8.335382951490164,10.469125679095706,9.477438242299312,9.914284841222782,8.6825932750792,9.046476731416423,8.303876278408175,8.480264304061327,10.265396431572388,8.370894835696012,8.52957694583759,8.589171888397871,9.614628957396066,9.530343644383237,6.992447120959742,9.557374706882678,9.229391428046693,9.730754354734389,9.416779148541302,8.758743608101872,7.656760168214737,10.284103231574155,9.196467091532286,9.123961017615533,9.135529706590594,9.027017349969105,9.312467032539102,9.496199166295245,8.909238409236957,8.61964835852859,8.907002756086591,8.544770126496399,8.802758964964752,8.900653775386841,8.137415272161455,9.081535262731386,9.452295321303778,8.58039709284124,8.379926665155788,8.379114595725522,9.51370915006672,10.842712234171579,8.76319865059897,9.958666801299458,10.137884048520071,9.412072792915088,10.407761347863104,9.196291396830977,8.577737273171797,8.78180395275054,10.067296290113227,10.870374495511099,8.902465182143864,10.065566768560267,8.610039758798234,8.500238207471156,8.756512434279525,8.888076070081834,9.65514000108415,8.490477221363127,8.168194470882867,8.286755839086945,8.47278764162655,9.240323786576006,11.258584246293509,8.32294229108703,8.680717698772806,8.79974726473625,10.806885746865454,8.040349868322217,7.458890481002631,9.316513209568017,8.515778641981539,9.413118970195846,9.250190835960312,10.595754327670868,9.226535086122906,8.230391641840056,8.109784256028274,8.44103555097363,8.148983813627941,9.293980547476412,9.19430757980114,9.140774903704722,9.328643434760227,9.28918809961932,10.777833066241342,9.171181324670702,8.836148849259764,8.90204951118174,10.0712841503859,8.873166937270927,8.721195580238163,8.74767343759253,9.093624565001884,8.898775490819116,8.85716176301612,8.416578101936638,8.634355852112396,8.97276886877629,9.264120383833182,9.313838444232843,8.848504676962524,9.889579933034879,8.945331131613619,9.261939772188933,7.937214018244997,9.367320772105305,9.565555276320056,9.067556893304609,9.221004639686813,8.615739269302228,9.162828619028927,12.906944735837419,9.438451938278039,10.480826599620366,8.042513439593806,8.32359339043355,9.638251874461025,9.149472896449941,9.350120779095134,8.267873639707588,9.34145428377356,8.393657045751873,6.679520170375784,9.490324027205231,9.104336997092897,8.898135192472303,8.563381680716123,8.726594499524772,8.417078728188223,9.451198952887415,8.88168323789081,8.532570147490723,8.173317011068718,8.414182468597003,8.984158773803538,8.443376282772743,9.420576967753892,9.123086102279773,9.056609856109322,8.838311874572861,10.394527286018185,8.343210044432544,8.539312106563871,9.368880230157446,8.333558952983555,9.299129199133136,8.208734058880175,10.622684126875209,8.809613399849004,8.481811515649012,8.558024597588515,10.47341445072581,8.91889845985479,8.541073082215584,10.235203814552916,9.465207443579363,11.423335011779605,10.472170390381482,8.902567390140273,8.866676248117203,9.09246288465281,11.002166834254174,8.90834225729262,9.467337100260723,9.425677435498995,9.114209606806062,9.884519412369162,9.115813026613461,9.25345153747102,9.037320176828192,9.26707666875558,9.137374587289447,8.666697805605713,9.246651805058766,9.620514941579188,9.439247860077899,8.639618459141165,9.049251125032805,8.192555960750761,8.635753180842379,9.554615552736479,7.747062193410311,8.686612834817083,9.56244196233996,7.70451476710501,8.787635485109925,9.232749362150239,9.43603416828218,8.56221618444047,7.9855674022340475,10.402172010663586,9.482142405802334,9.482000342856006,8.899642183735255,9.533623405751705,10.431083639171675,10.40697206682647,10.4940509587981,9.013435626045569,8.438104002374882,8.365840334710496,10.528032646141721,8.471167109490644,9.337051678250544,9.143904632198808,9.813055596308859,10.865847399388208,8.250765580825785,9.45699870787153,9.411276414907714,10.345846619000463,9.84496519751605,10.44145734332423,9.914972984685525,9.921498522044985,9.34100526126716,8.93225913837479,9.333870769940129,9.290180318294974,8.071375414873602,8.161967452662548,8.847338799437352,10.85065946740068,11.174644376772708,10.450958472700385,10.17403262502979,8.23302044685328,8.85005172592536,9.713360334090888,9.845285810712962,9.14708575357473,8.216547762732258,9.314418037575416,8.958444623816412,8.835349204629413,8.444630328067724,10.226284049208205,8.675069000238459,8.298559519986203,8.294318965513236,9.631752984223537,9.610862332383308,8.392611238259082,8.496014177510645,10.506088103224723,9.490668317667723,9.329908848751828,7.816684121251805,9.729184849004483,9.353010137537051,10.485470943458587,9.353310254925713,9.66034999816539,9.394209557133383,8.20485819535349,10.763386284854231,9.895853184500536,9.147301893697698,8.343032492564078,9.578095867217725,10.40780414241551,12.298012604373298,8.156199775820921,9.506185332805961,9.426704150497038,11.011755571338051,8.447482300563463,8.450092309157736,10.506406580475435,8.716657401652203,8.914886530794972,8.883471992241303,8.88585488948981,8.892713781921875,8.299190357782603,8.645783129706018,11.397409534616644,7.699318819470839,9.346954384849337,9.727677760970945,10.388122478827347,9.070036084284347,8.356009727313769,9.041114959037236,9.21177435579967,6.931529752570443,7.838946921871556,9.207131664728788,11.325039543523312,9.080924123212395,9.508648914033731,8.266525747793684,9.684437985232286,9.558767794805375,9.32612065535491,8.417383232967675,8.277989420678207,11.060709798648675,8.94896413366931,8.34675826510883,8.32910866299207,8.809752443469462,9.267493035721817,9.054423530272516,9.634612112432574,11.004609952241728,8.46537872650416,8.791048535038595,8.947558960456357,9.757393821289515,8.910220813143349,8.297475038712374,9.109187356745545,8.654991658210676,7.992084747253767,10.421988289572843,9.32005617928323,9.38440788670937,9.60081457512058,8.274380444709111,9.855660592771015,10.381769805101625,10.916820878146712,8.118457505352277,8.63261131565691,9.38325236581747,8.916471714112529,6.931901305979822,8.935515819102559,9.683810514089274,10.734042569533168,8.594420106532548,11.246306530524805,10.042809450538066,8.846188788816939,9.737420041312333,11.114852505169333,9.084634312107216,8.902693427029496,8.989523881365503,9.938904604549414,9.070019328187728,10.064013884027606,8.892170302560745,8.860532906935271,9.96537048335278,9.406325249603544,7.367187806222828,8.527335330003233,8.929462057270522,8.358222709984465,9.629028941454619,8.330800966552808,10.279428564884144,10.070711334173675,7.756615237459943,8.826389395112061,8.359056747803042,7.710208082765822,11.224716197711532,8.643808577724764,8.850716632452562,9.097895024671633,10.221850114791696,10.885722455845821,9.584808745454874,10.521949305968302,9.081507299191863,9.1887476637715,9.625920687040404,9.032128138998704,8.374782222200913,9.624771105918043,10.889156204788158,8.76596115018779,7.884674087401581,10.887958486082054,8.766417206138874,8.265395344792715,9.541724188492337,8.431108895238431,9.802935198916863,8.073749235485755,9.214821628529862,9.215632847315689,8.861002231714329,9.861993767941085,8.83152588367777,11.26063203647898,8.258288153247733,9.10276283726206,9.138894110251396,10.442790337726528,9.863450212683702,8.729638862033136,8.384724926852616,8.405295676487407,10.169542882147788,8.289009232274768,9.205191530787134,10.188002963727902,9.369201189121622,9.537308719268102,9.149915320223913,8.222261474314953,7.287680339154937,8.388395285680062,8.730961285196466,8.740521564143148,8.639427320990231,10.68012065241635,10.176921879123851,7.766385551971987,9.110890192745261,8.55215421151625,7.9256835815048765,8.471222205729731,8.27664342176226,10.114409059779838,9.09772657210569,9.120284123245552,9.370969579655506,6.811480534353476,9.356324083402795,9.881489366308704,9.120074696214862,10.958843381624185,8.762092356646907,9.043534506795591,8.95411126038725,8.404954455863056,10.358293765912084,8.898129282570064,9.329942125137702,7.510906150006492,8.705513133791843,10.533183659685392,8.55483320224991,9.427430986566707,8.809258571504664,10.110943389332984,8.927486921637218,11.074314897559406,8.929059857495023,8.992899624203085,10.571119470729682,8.9844596572113,10.473694064866033,10.71860366855953,9.569722090376734,8.34277344411379,9.700156008554746,8.584198907441994,8.403680179125272,9.814453832556921,9.414325668301231,9.590588688879512,9.77927023008875,8.805776822602356,8.918612433956984,9.406229489020923,8.92047123855552,8.942195696694899,9.422727834966244,9.748689160521346,9.440936627189332,9.239691438557323,11.19675884257487,8.02846372808818,8.355238797411406,9.396583060864593,9.832133847752784,9.479662635626385,9.372514430607835,7.972278070614697,9.710605879181218,8.04422474470901,8.380797307854118,11.174974209964773,9.506847337629459,7.7443107757442595,8.63416450691651,8.560678869962954,10.122501082554145,9.279944573757875,8.330967753019484,9.044358134564526,8.856700076940468,8.84807055990083,8.962632502550605,10.96350382982245,8.033536810165595,8.371358791593247,8.924224041698887,8.693400693210396,9.07963674990007,9.476126438007789,10.55138698094138,10.044786945877306,10.288948828505713,10.531077668237986,8.998084221843035,9.68557916839076,8.76421556377991,9.695334997848681,8.86384178680023,8.986962323159242,9.539404789355949,9.255393767713665,9.475794907802076,8.497502131561223,9.156603788270736,9.543482405504031,9.721864523786799,10.87910652681588,9.155109365594788,9.542864197335513,9.786931273447285,11.059319427503496,10.286528370218598,7.542150601651345,8.386713057615296,9.399529316887477,9.32882135477794,10.342480488041108,8.010018268407293,8.034869429130394,10.293419186146663,9.769605760738992,8.97083692869647,10.960129848252544,9.229923263586782,7.724122003586851,8.5409971948342,8.293484174778056,8.905709963771242,9.554717937011375,9.365204731583825,8.575765636655163,9.40176546957688,8.1988362400137,8.78468225597157,8.361201350621476,8.937891925881571,8.759005828745824,10.539459818141218,10.34250011768143,7.615050869345278,9.809826916218409,9.559840163048637,8.877465919564782,9.020234296789331,8.772063344613427,9.158098087327922,9.571506022334082,8.889346650209637,9.319924114520587,11.291096147934466,9.170277905463886,9.78540356466907,8.748089679135992,8.941225500885999,9.859009424719831,10.01075503457246,10.740384248939751,8.39423587287473,8.263323214398048,8.735501819501167,8.837218203910574,9.703927810162703,8.983875207168698,10.390696364892696,8.274563256117668,9.436946396988342,10.373081474017736,8.720254623795606,10.138446702146023,9.18995600932965,8.811157321150946,9.48352345468396,9.025277623179853,9.349360395443595,8.127370862004327,8.781677066605203,9.349892924321036,8.251187833017388,9.064833270684849,9.748921068964439,8.840221379237002,8.133077704634575,8.541612701191099,8.09351047999459,8.40810277039069,10.03745149818077,10.38245991508708,8.447768017961579,8.59042315556562,10.094718311482195,9.275863059735446,9.00914343958325,9.898060750926328,10.096126461714716,7.872358301158349,7.542515208925233,8.897184782688347,11.189319692989754,9.818132684924345,8.53794601968145,9.242828173082406,9.47348923109824,9.139342202532735,8.514121597107444,8.817715761611117,8.27763975495261,9.722492078358098,9.509560882027655,10.184624559966194,9.584401936303582,10.12805517128729,8.64441769353924,9.300693171723402,8.442438722615263,8.044264127601263,8.589883477671489,9.256074206871723,9.912698484766732,8.281088426771506,8.003906360734074,9.105517386886023,9.728291109120418,9.252313026951663,9.208104485213038,10.419581072177326,8.90137743100029,10.034131461969071,8.507288720382979,10.129370657707645,9.86900653920937,8.955310238700077,10.519847163786398,9.615687236589478,9.04409658942559,9.364655682019768,8.694090178117767,9.989359613021964,9.034506587380664,9.226455312922019,8.421517520505414,8.174408771890992,9.040304680912712,7.638255905359087,8.90805802545398,9.631915342629647,9.38363943391568,8.503178711855146,10.016953886816227,9.034318841968535,9.16908872450891,8.376024370301618,10.207027038890057,8.167558678562822,9.627681817120685,8.716546319456885,8.730162867190364,9.67220435407745,9.759417220401307,7.967442531611463,9.10869327512475,9.471058503978119,8.172180962035823,8.398940172490978,9.298992763567279,11.589180587420353,10.459178065639245,9.535313630588451,8.775856070491338,8.118057471327093,8.803307187339115,8.635402540835143,8.751324544901353,7.44550637733606,8.777104424622145,8.614976888989176,9.109479170100705,10.14241897367786,9.395892189730803,8.468649034159373,9.293996418635365,8.03847972228236,9.300046460404598,9.698415134517315,7.971200576550545,9.601776630388436,9.462379427143377,9.3921320083959,8.751902431006569,10.07326978216169,7.900214083229029,9.089104967715114,9.869672738865164,10.13793976015983,8.227849437969333,9.672411575104293,9.8473885922095,10.591227933873121,9.795392065079879,9.560767844430664,9.894290977473442,9.624864966770918,9.31345180815374,8.145020321697826,8.20457155860148,8.798644187046921,8.740886438884978,10.433684039063325,8.115645510800444,9.029976758677854,8.9900112984269,10.150687945366561,9.80854106785785,8.94893806195939,9.348164628929624,8.112656067822899,9.973781179850421,9.682566629255774,8.99979626008239,9.284375649767073,10.39596849003251,9.49404012084839,9.541755966216742,9.38796933957492,8.392942988465391,9.47463015411747,10.261040866610145,8.224635534629012,9.094670424730557,8.217979979512705,8.353983866951513,9.912150829404322,9.191346354597192,7.990343190333706,8.02285358199329,8.763935091582733,9.990030665131794,9.031526702286847,8.148312276736414,8.707409617693537,8.482310868945282,9.42467559505432,9.539737656380293,9.389439040163793,8.695034787949309,9.443764497729891,10.484927358488095,8.754192522425548,8.265875646742643,9.436431614779897,8.15462682575675,9.367688803568209,9.864333673838392,11.097879015424835,9.358247960636033,8.237814666730488,10.073615353801072,9.43124669162549,9.56008172696208,9.081385212766625,9.242808961967569,7.547480264326039,10.16753530417085,7.554386573741784,9.5449075330707,8.589112755617155,10.613121941358742,7.5699595912776445,8.186379104269475,9.306527307166494,8.674729777171525,9.170810258965018,8.623633222060091,9.082342460772892,8.433527398650696,9.190052897689087,8.10438067368112,9.086034095290648,11.362685915510976,9.559491011465077,10.54194408582671,9.552225436658004,7.999319100226234,9.920662354777344,11.049962360247722,9.942892333776722,9.720223633028281,8.098887743162562,8.826004667886574,9.908818846077882,9.05945811289629,9.382414606277452,9.663028923621157,8.234311810232386,9.243941001969683,8.731386337459096,9.547192906966316,9.603869454438476,10.551600314993083,9.739740319354208,9.24282256849608,9.166588436111763,9.79771427551017,10.154763531614735,10.08259539825657,9.51408530742818,9.699049327780054,9.232426108944619,9.119945818815268,8.401018917937606,10.04362816832116,9.188149624645845,7.614433425521866,9.840107698835185,8.014855244660259,9.284340101716012,9.105726203969423,8.337388991564621,9.297641884339388,9.443328271400564,8.310673124500648,9.049350933619559,9.210788503733434,8.390410522590145,9.462856019445764,10.553472488468719,9.123019263431766,8.760153904538027,8.686601561674706,8.313593107857658,7.455630134996621,9.4082351533051,8.324276272377698,9.853955899746882,9.74825557291822,8.71370901867513,9.535456508275123,9.134668676475542,9.364679657132037,8.761889599186063,9.643309169392206,8.876549200963582,9.373926218731013,9.396878270042528,8.974739712000016,10.533293044997768,9.470910381162566,7.849440438554047,7.089425950668854,8.422277023148112,10.029553863506495,9.33207111103124,9.57029666330998,9.310676152698845,7.704074764146133,9.271886566655748,9.64734610617412,9.730598645773805,9.55543200908886,10.687342429694208,8.947015183028178,10.84250131281426,8.790977533146743,9.65998054717521,8.660505686307506,10.061831478107687,9.452502944612803,8.307015667883455,9.834632740025723,9.599691869704422,9.633237993997792,9.40897757589132,10.128685343927835,10.104861268979349,7.038841537689466,9.476605912099304,9.510570712276419,7.593623723902437,8.656887551703129,9.503640423653984,8.478035086300437,9.99772511299067,9.302455914466904,7.489403095293043,9.126915683705217,8.063038458145973,9.606260131924326,8.688755364359245,8.962421721943553,9.761310221742944,8.238222254906862,8.573123735675749,9.726107202357253,9.646147278717681,8.499056326920684,7.575232110740788,9.838236971500397,8.478356295449883,11.444186607528406,8.068399954976442,9.144882096583009,9.261437787489815,9.717373946757737,7.9026235397376965,9.657056354190823,8.6450993502687,10.533753645797818,7.086986230353774,11.735910978263691,9.075748854867898,8.744241991427488,8.898726534121444,8.955541386393595,10.215016142561744,9.79118571348878,9.69058021587965,8.751065274510546,9.009136664499158,8.643953521626145,10.098189396331765,9.82960299781477,8.135025051941001,11.634067198564862,9.091524184769542,8.697993234086201,10.294333953925566,10.654833766710544,9.207465573709893,8.67643826147869,9.464985171532179,8.979963623518135,9.853442738239707,10.584861638636232,11.206909437010093,9.117930714364789,9.385161356452485,8.950098491902422,9.382758461041382,8.805421821525712,10.052201097135043,9.056035379899692,9.74128718394258,8.956488214153811,9.026137518147847,9.17036116611434,9.484896530243438,10.050881854048223,9.898668292298987,8.015569117242643,9.406843655093628,9.261063811912768,9.11135701119228,9.625525702727824,8.960981595695179,8.372208030006359,9.253001364381044,8.74010293749942,8.506675087548292,10.648577014136658,9.732205921449992,9.925177467918598,9.46598687554987,8.648437290177936,8.75346697704795,9.322467499369026,9.803285246262051,9.42861537097143,7.650115157164868,9.589918226097037,8.80966517082418,9.811952199952023,7.683428391558223,10.191098544189533,8.95625036671861,10.085218705836445,9.593207833496542,8.968759088928818,12.748157696848704,9.465427475910415,8.869304145143825,8.099889271637398,10.008962939412493,9.552874773065811,9.548434381972566,9.937711783679566,8.380666033793826,9.043169123927296,9.326568495366136,8.562579438141283,8.450584762618936,8.496284990667418,9.093652855485393,9.875063743197117,10.58898580568769,9.324145368927303,7.236394086690905,10.383416004042711,8.787719929130413,9.365349443232425,8.92188654526927,9.543715530104318,8.754651830129667,9.315795782330959,8.2171230416878,9.760604833580135,9.369405402126256,7.393675346687801,9.459574965121629,9.752096531372112,9.948212314667497,8.967692273248646,8.848795300091973,9.286681186771222,7.633775483400242,10.087807485736347,11.595840839284316,9.286730092252883,10.249457538538184,9.911397231816526,9.115439906186738,8.781709204031426,7.43655713268869,9.618503894153058,8.862223172669193,10.420060960087131,8.426486276910245,9.167426657919853,8.823960693017565,9.29608085595668,9.24053403832016,9.851538927467821,9.640549726470203,9.287151521222068,10.341195827918353,10.200232793555784,8.359644460146074,9.924793828069395,9.812618063552137,10.208570167398953,9.23503478745599,9.58480011074963,11.51313734971636,7.503857360473357,9.034802390522865,8.220281788037346,10.195186996046722,8.79285412979921,8.839331998896707,9.680356728907798,10.42878085774376,11.513601826154472,9.743167361745394,9.298308404179865,9.595816074472173,9.451265105142802,8.282849952152384,9.827196226096747,10.377290815780833,10.742335190042503,8.748418347788911,9.035565015794232,9.85859699837848,8.41755852279025,9.493825884870514,9.42343094786555,9.771743579977988,10.647915262490937,8.632104294477951,11.094813388010198,10.350302280356926,9.867252886543604,8.945047806051026,10.704770417058345,8.858760221660324,10.266766336733758,9.060046570473652,9.322628757520462,11.943117749495089,9.661261719814693,11.832949731030672,8.233739721110611,9.060734552540632,8.866517893792029,8.73992162057232,9.924866487534938,9.794665536697101,10.91414606025331,9.775831826101317,8.73105449944882,8.508180678933272,9.212587722566438,8.572459952796747,9.030517590688898,9.34224786478396,9.482571241048275,9.790553265446002,9.657250324469008,6.668614895095438,9.595294423245742,9.638172779142096,8.14425207295891,8.86269841990399,9.05349871761648,8.628910622432366,8.74585083923419,9.412398547275435,8.9967142523643,9.004266751950274,9.259816182303178,8.63036752838172,9.54218863452755,9.727812547794617,11.740031998449012,8.601960954679004,8.33490290741222,11.507071049309165,10.103088086246647,9.93955689905688,10.372251843276286,10.914517620447624,8.51992175736805,8.71277689222321,9.765626278901717,11.327178891137544,10.291216605421207,8.511614048356222,9.241339445479113,8.902281741316196,7.898165031473722,9.98510191908133,9.19406074811344,9.58500355122177,7.029872087815148,9.301438114206446,9.75602910251723,9.104693584777076,9.065724922074882,8.650171169491749,9.566819034230724,11.237893554970334,8.915802409347434,8.735042825845891
81,22.96163330390547,23.206916148523234,22.591503455028572,20.882907828739715,22.937943521992917,25.152276965639654,25.39456086034256,23.330189702907177,23.94853061150478,22.838422963822737,23.16585302888609,22.634937195077224,24.23405237985651,24.171122072341433,22.429167609529852,24.572192095164436,25.381506926664237,22.549789647272245,23.221981060338052,22.234959941792777,22.63398590589172,23.261305696567238,22.60282824170233,23.265586020307566,20.75006815383929,22.055144721877237,24.654790860985695,23.307758301171845,22.29422153933463,23.211815212758424,24.392500433635522,22.75702481292046,23.07198516763487,22.706986073580282,24.74272536864724,23.103055580394358,24.66344700866628,24.429445358313462,24.755604981348085,22.413137824640483,22.725861569449105,22.398798162762475,24.763365952886332,23.169623978641944,23.560211855405928,21.03066165064381,22.573745325117294,23.14009213248566,22.672190269410564,23.45463666056366,24.458953131342284,23.69214720013223,23.077308451105317,24.7922865484111,23.068615933966775,23.57310020561048,24.524307171946138,23.316878290478353,24.06140774100186,23.373969105816517,23.135921480367035,21.22159178844813,23.310852388489636,24.587085477429525,22.91979816546315,22.54452433347589,24.091593305899643,22.86454560983968,22.779015926376008,22.20265224887274,24.378914888372023,23.20536159225011,23.486671483041086,22.441024959497568,22.929965430380985,22.715074062067508,23.16760993845751,23.203246252924554,23.411178957442655,24.50922671412632,24.6826981773442,24.452597196036457,22.83977247615708,24.589719710765372,22.357244110701206,23.22911630021813,24.05068601863675,23.31689424803315,24.762991055552458,24.01602345136041,23.09862188033213,22.79114602081545,22.551413932425696,20.724346946605678,21.62186871307314,23.182407030502915,23.669837575473075,25.113071536947665,23.203515122282095,20.774232694408706,22.97525599086363,23.533974479103794,22.870343391380576,23.511097137049177,22.75026959923913,24.24959119271192,24.637812821659224,24.79642429173573,22.49894556030788,25.154109842727944,23.29268494441252,22.747050227587923,23.1628009410627,23.246527550304616,23.3635235701066,25.370572689825238,23.184501678022848,22.382751248725295,23.84445486173122,23.975098224429903,24.405220502297034,22.103328734187336,22.213141197665777,22.711614321270407,23.961256338383546,23.100583281818235,24.29842445681503,22.606337631985728,22.593536883653723,22.82202701678548,24.740455316828413,23.826212132955728,20.737267704934954,24.58898645662873,20.815380890841258,24.677379785322387,22.356058863652198,24.480615919967395,22.38788095398928,22.545353864051606,23.861598431877017,20.854807156072397,22.866291147410504,23.211569602353453,22.06033025721399,23.32137013289313,22.762474919573293,22.462557722662158,23.37260038165408,23.44825473450851,24.202113407779333,23.390011080117887,25.185877743416423,23.29936666565039,24.529782099196886,23.367089814346603,22.521905803530338,21.035495935513385,23.18833153910189,25.24527320869368,22.45636176437667,23.177816919086233,24.35306559836836,21.054311876870276,22.88215573110674,22.3489312489469,23.180271539506343,24.25208521820396,24.050332992929345,21.616594919558736,21.222534842330823,24.09348660663059,22.7751603040056,22.345795897844823,22.495617915669676,22.46046087279251,22.97623991138807,23.21354635076451,23.38766025028847,25.278728267403253,24.844817700855312,24.584120168533968,23.81435781200175,24.900175511979185,23.332869786472923,24.815180683233798,21.296588578485537,22.437406280203156,23.047374624761964,23.60376011872875,23.21392292042796,23.300063133115213,24.553024511029403,21.268049829451098,22.176712066809493,22.53559902064062,20.88439329279612,23.445615358783964,23.5328384977754,23.35765078395573,24.11941226316929,24.90631029129152,22.796743556739514,24.27153042725716,25.182130865027354,22.493387073037358,22.473174852384098,23.455412430830624,22.40454132094222,25.389802607106596,23.275687117884132,23.1415172413385,23.338474990252493,23.263809690980924,22.43781914659637,23.006298286745636,22.888882704486345,21.23463203091709,22.64464230563055,22.312951766450865,23.501871342242737,23.391840933688513,22.612634451219193,22.22393431720022,23.68336399251231,22.198223553710296,23.935643984517384,21.96531011122937,24.37286036327378,22.20476089345551,21.79689840842357,22.746176058298758,22.262131003986354,22.86123018348303,22.349393711788796,24.68601134975093,23.004830719279997,22.458965989155374,22.273441826058978,21.46173256520575,23.328379004762034,21.194266877281827,24.789898247215064,22.49585473739544,23.666924736767367,23.093199467238662,22.824052392779898,22.982794495400118,24.329527090281175,22.849928665433673,24.657988815212065,22.428865470369118,23.31026466789579,23.27562058004217,21.233829089844,21.309564533591487,22.51389008007917,22.582463342812865,23.340037867011276,23.457942352518206,23.35693931058762,23.885145149415518,23.251901501928238,23.845032440163113,20.70512725450301,23.683421515541596,22.663499567370913,23.313748209985697,22.614767498779333,20.843846547024718,21.450820149181112,23.393165421481573,22.889276613537994,25.257804381739543,23.345753922050616,21.326782610428452,23.682495865018765,23.335771404993558,22.35838273758773,22.972144890566888,24.574965640987386,22.490873335298275,25.15735834284141,24.82013933288653,22.991667180113083,25.399985054148264,23.258332125261745,23.06690047364804,23.121013520687992,22.46269882962523,22.551818716985153,23.28411627265356,22.004445581613957,20.751428138238506,23.287231816685882,22.33218951354886,21.52495178878184,23.18327014973111,23.469657628129735,24.683915256821912,22.351694706897792,23.299142684314777,22.902496415317543,23.053511769645677,21.827388691835708,23.04746505657962,21.987473128627247,22.233657403614135,23.93410757110652,21.305971331140036,24.590215826174806,22.93598587782349,23.56088786365658,21.056645093338375,22.800857764344926,22.31195690324291,22.221363882264843,21.35731939317934,19.500934824446826,22.57316094067489,22.554600097554573,24.34287175976572,23.375520469338404,22.815480766739235,21.16468668309018,22.765662236358466,23.194444044497704,23.382333530218432,22.20363061660353,22.538019679396225,22.99762278025582,21.948493955859565,22.99172047266487,23.26454808490756,23.364674977698396,22.539576758628787,19.774797743308092,22.494200607090573,22.02252168188292,21.75052243204356,23.22543905784285,23.1219712396013,21.051847568088423,22.94197148291561,23.78367939377406,19.81870932859429,22.666423018618836,22.74897715707395,22.83147842062282,21.476435221597665,23.042970721879506,21.436974890700657,21.973031470910264,22.82946073570847,22.736392580063097,23.390717890359653,23.461824417529897,21.47340527610753,19.80505153321708,22.847230579849565,22.44408102331169,23.25590707777211,21.598132910785086,22.591045823130333,22.363487789682473,22.04146863660519,22.88005560127264,22.345719687914578,21.340135623498394,21.503269402889742,22.454411437439653,22.498012879812784,21.453554591817703,23.02630326605191,21.574359718887003,22.72174885088275,23.187423006127414,23.39445415164528,23.93309143929393,22.488225032238148,22.165078785758723,20.51363326327548,22.272232324524637,21.814130380152232,22.385024541062844,23.17810776110487,22.3998881729687,22.555854747101616,22.444832209046925,21.678471737534164,23.487646046878066,22.019670734108896,23.357789700930123,19.45307890724959,23.225450636851097,22.781954221620207,22.873272225813373,23.83220602288994,22.355551487004135,22.156644716473878,21.95635049406931,20.83540239612708,23.316450366543858,22.60642505891276,21.46260292507632,22.81410937964162,21.39101625915202,22.425411424254406,21.489433591970172,22.831060819018575,22.591518821120033,21.57122654398968,23.009279026371146,23.193360786548208,22.749895825922444,24.27779437711847,21.712239483679745,22.615151224222434,22.205399985319673,20.875222079347516,24.771879294218227,24.39871123026236,22.05249764105606,22.870091166669585,22.700234362788482,21.416492376329433,24.244172927603415,22.688529526687745,23.552796382868248,21.605211269448056,19.819349741500826,22.199779015531266,21.20927089224965,19.872237648521264,22.740937786813628,21.925508588203293,22.823921403221448,22.74254758955596,20.825156358187368,22.46245811326957,22.417810965040232,22.46567329444681,23.207522627804217,22.823072966145844,21.563926517613442,23.13909862379701,22.485666011485854,23.84942977092446,23.111216139637875,23.043805412652407,20.60896823031529,20.983886878969965,23.24307761466897,22.916268583561898,24.16069783506522,22.742894714561356,21.94837167954335,20.85771171829562,19.83636573766899,22.960520960415337,22.54002478555165,22.010335017963246,22.046957755389297,21.895680477062065,23.304059753916427,23.198045177114416,22.923390691172223,22.92043119832588,22.571019273590952,21.764324652628073,22.860084206948866,22.986231291723772,23.308038944583362,23.86130882151391,21.095193013658086,23.11396224702082,21.949484921212594,22.42088563627298,23.671223958761296,22.592034798771326,21.946969245739574,22.663403258408273,21.46756023883539,23.612284359052687,22.812280976897036,23.383764591985894,22.60383540567124,23.281135489772904,21.692965228409843,21.724211691506486,21.55545070938723,21.30152007258813,21.71752913859806,24.09512220580172,23.301032875629392,23.823656415500956,22.136699699052766,23.134483924281078,22.667034254684875,21.575300514605072,23.143970359336574,23.143205920513807,22.53156708447423,22.605162946128495,22.3284795961296,19.576923410653983,21.909948245671366,24.71799566386457,22.45143598631519,21.71730487292123,19.970479563256067,22.874271552525347,21.950411128423433,21.49747013903461,21.450628588896056,23.187954264763746,21.639303761521784,24.093507298943585,22.57709352957006,19.976575850887237,22.798131678634835,21.29459357583934,21.808664233346885,22.732656726564894,21.95260313679868,22.813908204719326,22.75589212910862,22.806328744617634,22.481643813951855,21.365892823283605,22.879312221630016,22.007918642196664,21.446687519558125,21.915406720787026,22.517793375676728,23.318965977446638,23.455856963051605,23.169218790331488,21.182493649540234,21.837252054593257,24.400790982740194,22.218679617590745,21.711623252011726,21.815230112575758,23.994350579868318,23.094979442145892,22.960591901328407,22.896863249739276,22.024481645276804,22.837594044806426,22.992204221019183,22.581874340988712,23.743181430108475,22.309297616620327,21.808850019822327,22.03293905648287,23.440764055132757,23.23908568834441,21.144182189603104,21.60056641279386,23.04444374481069,22.180657036437744,22.743521997867177,22.587781814969187,24.121850632512547,22.064710123514498,21.345624684088833,21.442705093391055,22.891254685405613,19.576629097821986,20.56567992825442,22.474109111596334,22.756140345961594,22.362165263307592,23.428965198328907,22.86412152010937,23.43518846468593,24.907732321794658,22.078514415496898,22.165690954098498,24.854880827323754,22.29555849384586,24.078766450903853,24.157349787897278,21.586790659473692,21.016443700176882,22.42460551167832,22.903845178952608,21.105119463316626,21.59282121934401,22.571332040303115,24.849171068760203,23.81841484505837,23.803979997309558,21.533460689300863,22.140806813025037,22.512721798654894,23.34367285692028,22.236742068413225,19.434090932445734,20.943413531833258,21.398630593576325,23.767209529406195,22.951071007049116,23.087778488466277,19.77484920820476,23.131294670431146,21.96299453450095,22.673748945702112,22.680624832530746,22.043836157915333,22.12325723292462,22.3167571311476,23.862521318531574,23.246654008758124,21.233651312783905,23.807246884644,23.422318529533968,21.878021815697434,21.630773031198196,22.379178005313435,20.931142308446944,24.390637371801102,20.907931374568694,21.178522444919597,23.306204782043746,24.495160453505946,21.976920888071227,24.000077278299052,21.606688378588,23.950806732666727,22.07947783235539,23.423366481042816,21.111631331688326,21.498554081560886,22.66869762050675,21.0377392230689,21.96471657999688,22.708239868493497,22.876042404434973,21.592009062022033,21.13934758449145,22.123495709523194,21.90308064038643,21.998005123346296,20.68696664519236,22.73449537659583,21.349139209046108,21.454222289094577,23.528546817002056,23.453679307697204,21.8239921973601,21.098884567186385,26.442874709316115,22.18686749253359,23.598615744531855,22.446607328186328,22.384095874642433,23.86632600819329,19.551906794273492,22.819031380357725,24.486700326276416,24.004793044668872,21.990535332970772,19.778461926353845,22.116769530146772,23.8236660006259,22.59894084327299,22.84683894023636,21.87776287212584,22.834391845230783,22.648897397532707,21.781545497959296,26.09631103848478,21.60027475661586,22.430028753829568,21.988030195788443,22.956552083154524,22.197380988287538,22.50324963059165,19.864246664263387,21.687101177358592,20.745671364245055,21.517482444057123,21.652144184770926,23.001807088161154,22.12192862211889,21.627913859429118,22.65157002219078,21.616265245236697,24.181000574800667,21.27259461219189,20.631405032841748,22.67906848475543,20.67953039990537,21.93714040520038,21.09714320381489,24.35907983716829,22.73875952846109,22.337342753333598,21.88801461161734,21.799331292266654,22.21899976066293,23.200691593047274,23.777071297200074,22.67931665828401,21.81074235975951,23.857162176985224,22.601867503988277,21.79954765199859,23.347132768838687,20.420558280698287,22.76687774150756,21.87447409007445,22.2722813563749,22.67708815841904,21.637686510558137,21.433572377794718,22.014753923219015,19.50033714381902,21.790712467462477,22.59779083772168,22.65916335485164,22.405733663370164,20.43967858798121,23.72668696292093,21.756080601956487,23.371793952425197,19.485961592452995,21.354715587964304,23.72430905412351,20.654037116763266,21.34686602966963,22.68060880879,21.159572840143962,21.29614724007025,22.63815747870317,22.171628648895876,21.651992030795718,21.713031764060528,21.877122885804155,21.6675772650798,23.530142151707757,21.240422994764923,21.062515704887076,22.40462468225698,23.15366023291429,20.02190994074069,20.996443260245645,22.34706941489419,22.97578357976137,19.640271489965812,21.72512547968083,23.28783408373479,20.98306648518133,21.367520200865957,24.02933831674355,20.37786972548468,22.040430755258118,21.79705451505914,23.148099755904195,23.54241471979656,21.407092414507332,20.983416296644172,20.982942082067076,24.436921323417824,22.091111179804255,21.816821730946256,24.037968208618558,24.905902190801484,22.787260482231904,21.758856864749927,22.49769033107643,26.27325234241547,19.545134788382807,20.40796579244714,21.70913963367445,22.163145692837645,23.179097968472515,20.672382967923014,21.273470102735654,22.246372921031675,20.133821122217864,22.637321141325472,21.67049797524099,20.653829238012698,26.83991172340131,20.508375322262285,21.615922216136113,19.831616084625686,21.908481444265487,22.560798054421728,20.88906408565355,20.354704738035498,20.44980174420129,22.84956452873452,22.036242532570412,21.12049028637603,22.073932313367692,21.666724665100364,23.068640608555075,21.647754172732927,23.93881613223942,22.288667634554358,21.936526798722838,22.434818494181727,21.815378518595065,22.772207556280403,21.78554825398387,22.042450529048494,22.28120196161528,22.086280862394233,23.158453503595357,22.421758141565558,23.477373862513232,21.65241607246595,19.690561258600628,21.648872148733577,22.42934895396971,21.862069500014574,24.351706402136006,22.561995916906763,20.279225606069726,22.542112961007888,23.07272654539535,24.019160697719872,21.8642762340562,20.901781807000198,21.552339185581875,22.010214597964254,22.4149437510201,23.883082312604717,22.852384929535223,23.09794394832087,21.195294770463015,19.705323615184,22.347164662608822,22.344143516715036,21.45612991164769,21.716632536801555,23.57944729119684,23.602660740415754,21.52680467094398,22.584599294358807,21.81890945510402,19.93082059853676,22.738401659618486,22.808697303159473,21.326823821212745,22.08746625653926,21.32778196360986,22.462861242866282,21.344905112981078,21.083731876101286,21.2809877511858,19.927554698920456,19.953677929577918,22.255713906840455,22.37581035622103,21.72323529765607,21.748576060721255,22.233584868921252,21.640352429601307,22.7625929099647,23.786190313236077,19.733316908275537,20.896117991231023,21.040252756575324,23.052684863632187,23.489217017768517,20.980014244972043,22.597949484228778,24.396844755101405,21.999144310624615,22.95155289630616,22.004791815841145,19.502649727725522,21.71001418356707,22.924019090297378,20.478336644497976,20.540032840487104,22.659308199070612,22.301509205769836,23.406872712442816,22.566580199164072,22.106794314969644,23.31470392061882,23.465093308592724,22.040908051145912,20.93502534497226,21.82991207857863,21.295410090235336,23.14760572969752,22.713526195521272,23.23008233453722,22.709583520141706,22.677171616001612,23.247654431061896,22.000178316742122,23.801198495817555,18.95606418167105,20.390638839260372,23.41181740163873,22.41603537629636,22.61062349808937,21.36362803865712,24.768613930731515,23.886087810703632,23.144052398197797,21.631887535662397,21.996233946783757,19.624333966549877,23.605990380230054,23.488417593032974,21.65479165425965,23.563831016118126,24.863608229310877,24.115560673246357,23.954025782411925,24.824561517963623,22.47560925948866,23.28611631922973,22.32913113464635,22.78090990290093,21.594309061757393,23.173619311946265,22.609122116129097,21.7495614801397,22.311228895007968,21.320554094261748,20.237832371110386,23.312860168798988,20.612038186911178,21.389285201781668,21.603831232009192,21.94853160617773,23.279814676069883,21.90660148582998,23.299285191238326,18.639208721925385,21.47927383101763,21.51712858778237,23.022355099672787,21.745301180397377,24.118616568506045,23.700903629526007,23.434944740440766,21.530026862401577,21.913197950414002,20.596317643495937,21.6157337055627,21.341067768502164,22.67337408004851,22.514870689787077,20.737708820610084,24.09740098497702,19.41858196548658,22.81357521480333,25.44520716741754,22.95435578044522,23.658536610207076,21.489638489688957,22.472171913532804,20.974018800243034,21.52360275243506,25.255533050053327,20.610188500748055,22.281367687474102,21.33600540952237,22.134538743431886,19.411630343931094,19.95010301296361,22.423674084095907,21.780283900799887,20.92045324470117,23.91589762078954,21.44879103873513,21.715857840304068,22.92359461235613,25.185655326389963,21.97746810615974,22.16405389200221,23.38697133811716,21.527009721062857,20.957995146476062,22.319684232890957,20.21841472173366,22.622273954704596,22.069224131670232,22.51376251948713,22.285729628790524,23.02399235021224,24.14539382964296,22.871786933479697,25.798873935037424,22.4398382768495,24.45108152108908,22.758676558652752,21.446484175122823,23.9152431526143,21.788489791117694,21.650756313574874,24.687486896604668,21.196180337683195,20.444709508200653,21.937249874370057,24.514695396197272,21.279134168993668,21.913382351630222,25.446264174224375,21.675021322470474,22.33121580583403,23.113488430984482,22.113084573076858,22.745308348767864,22.94015594253617,20.523861907247184,22.66580561923966,20.324309710704018,22.530967661880553,23.01462858668488,23.822594640973367,23.5646386749414,22.63288622994228,19.811249392538695,20.80354695818288,22.38741495285612,22.036432666185046,23.54517146276615,22.891173349919764,22.666414257098204,24.117731322105744,20.68852749540878,23.158027800346574,22.956893228232424,21.4301147915264,23.882636903453903,23.569611137179276,22.021055317634122,23.91621834584289,23.47549709208861,22.328724150904968,23.486787518355516,22.873163923291244,22.144132259165573,22.49762609537495,21.553045194516653,23.682825951375975,24.427798681407765,22.284076820566895,20.97029743642174,22.611351853591582,23.032332505874113,23.572431080116303,20.935696512474426,21.334065651364014,21.53093471556135,22.981015520038852,23.988708561027817,23.520079525060005,22.666638349932416,23.088119111089092,20.08220338659366,21.95894468510526,22.049103672992032,21.914133032657404,21.157545578560963,21.644544685746116,23.21962226834549,25.37328028567112,23.675731662100972,22.72771099019162,22.621929723240786,23.207612161145136,21.61337377017864,24.14148401346815,24.45917089006776,22.80949591514094,20.67305902416804,23.985419169185366,21.82261238781424,23.05068224251952,21.031375512511385,23.699884892575533,22.46045913786208,24.464233413799302,24.08358121832347,22.033640358040167,21.9828801681597,21.444246784560047,21.697450500158148,23.3550055214003,22.264332920477695,22.587020070142806,21.52278222843917,22.02817122394972,23.696914494166414,23.051449146489848,19.718505004355382,23.194255389881494,22.08255687578136,23.7793539370689,20.924883773648453,21.480479975667023,20.440491753529507,20.58775531450285,21.46445512335647,23.81641180681649,20.32183177617142,20.291742428822637,24.00484409023424,23.242856582239938,19.77021823204326,21.695193468561285,22.245519574317584,21.476201888816057,23.588782911027664,23.121375289537298,24.177485947363888,22.395377318921575,24.313566578126327,21.500025689742714,22.23125885055786,23.711317815262355,23.583608837698502,22.475863238878045,22.472924670762975,22.626834422877796,21.062584858472718,22.872195035639717,21.489416236770083,25.45042647783123,21.970716156606606,22.803423467206795,22.965755356333474,20.236966761552768,22.275191188453118,19.86316652249828,22.4714929691037,21.90826033243502,20.83853359628333,23.326148855244796,20.704170412707953,22.225027748331012,21.300054545850156,21.26863881911684,20.837076847970728,23.622698685072113,21.48811052973073,24.11482362880286,22.484471334081878,22.910022578789015,23.407594746567526,22.070599941463303,22.136724093898696,22.59246466477234,23.909559631956544,22.25906530101308,21.883892882370677,20.416210048522775,22.360900409144907,22.242357144425867,22.984487460027417,22.466441865425026,21.875588929605524,21.041677909128197,22.41584643004809,23.61181777782726,23.364869338804642,21.668635698299568,21.81334742044315,22.59012721309821,23.142102946427897,21.64202132706222,23.104819133848743,22.49416664331499,23.382450816935872,23.04384198644599,25.888036438397222,22.775003490468276,23.90160838726095,24.157252438707683,23.360661312082737,21.566255071908145,22.630604795416435,24.344045859409118,20.436850414228697,21.00466130609754,22.688214707794266,23.47289650586982,22.533310374245954,22.74045332633385,22.175085595559572,23.33497625890044,23.27825051230492,19.935791156414698,23.276250197993836,23.98202860309309,22.23570639698902,22.334940687616953,8.912872744670377,9.427520801503128,7.343929550511726,9.515716629238678,20.825112070092466,17.5825086503753,17.73914705558789,12.272307414590582,14.617853804939028,6.905690279649785,8.693551380295455,9.231414425442829,7.214024710872258,7.0722408450619625,10.583359255955461,9.703337755269349,9.730663506626497,20.700424965527358,22.013906103608072,9.33127340686151,20.062742861602125,8.461910666138174,18.322807675153445,9.277772019422375,9.143880252391698,8.218613051965539,8.834948323293892,7.473077406951102,9.100767210354318,8.853794386432106,9.526188322589025,8.868664989253137,10.010594347910141,16.3116107407678,20.48360244203254,18.03070818325498,8.802804152701368,20.748784041569955,18.619385027942204,7.220882350362148,15.066725606478643,11.333217853443061,6.9705960763950126,19.113204252878855,11.397178203439198,23.032214478252133,8.116561198119353,18.932446233405418,11.795747196128369,8.812217819925035,20.475300616168305,8.941771314413131,10.188993998572073,25.112471697431406,20.92813340767889,23.515085648912784,12.317350183440752,13.1402271776052,22.158026135010125,12.838647359977502,6.155808165520445,18.75816495699053,16.83418888216385,15.647911153289597,12.738089099965384,10.07447647940284,9.074605886138292,6.35333762720048,7.325774176143436,13.145351440088708,17.205812673251874,12.559988130963958,8.110381592390853,6.908908227520114,20.327041792446316,14.579193775565127,17.372088514402602,9.270037425294612,8.863263942129983,19.84032122807494,10.152675459026412,9.292781193741154,6.896629482887154,8.212070788598124,11.43980062462711,10.091203690437418,7.934221023160903,10.46096193700785,13.717053148413934,19.7655560985237,16.742774805349313,10.749413154187284,6.423400936929847,7.175459264296833,20.445386070012564,13.242075243941063,8.100051119041305,14.130546240042642,15.615687454689288,8.201104452931192,13.539875569599266,20.257274756292578,10.689518345562657,14.99310867029523,8.89948850262965,13.493342308629426,11.564828670560148,9.870505714130918,10.541841859178746,11.872314633189704,5.663635409120748,22.575734851148532,8.536209371063393,8.571825355524654,8.79963597854591,6.4482740340809634,13.704280018167283,7.0330155492122115,10.66842963264611,22.927635794361873,8.247731200086585,18.88518017776165,25.67110172945695,15.324604823624902,10.106859989390657,18.162583151928494,10.766415622044695,6.783241253154293,8.802376270508098,12.435810630833325,6.053606200700614,12.988567445296919,9.067642472929228,18.336796874820596,19.482131358735764,18.908010067720518,9.790501370104097,6.854895752489572,12.139671666451438,11.233153033697873,19.83534196246852,9.476740591108545,7.4514673835204395,11.513077971056557,18.692960145873037,11.50936735568977,7.862001546596641,11.581695885863759,8.411549749086426,10.15118800881109,9.340171471165332,15.717063604700096,17.671756114015597,21.010207012767943,6.339398031017183,18.52741918625258,13.089880879024122,17.163629960082208,18.53380841809675,8.738701273364029,22.287901498517943,9.253402445821989,12.304340483499406,8.079117562306221,22.310859507579135,20.31792571195396,9.201481617207738,22.419544069783907,15.251721477378691,13.149179322170202,15.697763934836946,20.628314101776486,9.674423850491223,10.807596289936413,17.41280648636292,8.936516682119741,16.222614084027047,6.815434335059413,17.368131480622576,11.093407441868496,22.570057770814884,11.780883609883368,7.4336802703029985,10.758454384397822,6.529753994092093,14.01920434917817,17.983603726030115,9.42336934381727,7.303952090897633,7.123158717190928,18.056928462618448,9.801611759121506,6.379829808513144,7.9213104728983375,13.230847562017871,23.312962953286682,13.080370265208117,18.674036676008555,6.775656227610041,17.187035253716722,7.57460300423468,8.74025391522375,22.819223815215707,11.525477148047019,11.620619422459523,8.651773958567862,6.529637323300532,7.47272288048868,12.559727214717183,13.324557072517916,9.827257489437724,5.623947649221804,24.081479855853743,8.74099849627196,17.748530049784414,11.446181661916835,7.4759036610992675,9.878358691414899,14.375086881290255,7.351256257416628,22.376000239958366,5.6488653580627055,8.276300670829487,15.675638244215648,9.213076786941981,8.974158808520185,5.98862932872977,14.264165481696423,22.387574870501364,10.587208962368194,8.460733849192179,8.918931158875898,22.02534175102915,8.497818034717428,11.501479300889793,8.040318139354415,24.88835266745126,17.439697532937732,10.080045097954452,22.546795781335362,11.516002708702853,7.607451381735926,6.299726545990984,9.478130259538686,19.614698321196702,16.44230587369964,7.807860471956455,10.786362166020776,8.38551157927695,8.183068549550208,6.451092757327696,13.08477495133088,16.699287201411988,23.505345609156215,12.192091664600264,13.49786402105462,14.473871515490842,20.309137517997904,7.3632120690779965,8.103052559107889,8.350662768187577,20.418586531671988,19.991812921040722,8.972217803178838,9.773411522687491,16.466080011811947,6.805727927545131,9.201251627398914,9.882643927606212,11.971864486413434,8.09773116788686,20.823257095681836,11.770533189859217,18.44554935539523,8.9085111529292,7.257379686294256,9.832952257339278,9.305272434359756,13.310750666663834,6.718277382765211,17.929610119794468,6.12516797404714,6.433191215817267,7.903283170858453,8.745469219421603,7.229367371027746,13.390356522728597,11.1581670935317,14.412920836060295,6.922826350750582,6.521551803806625,21.570636127973287,21.642553919484513,19.02224094421785,19.53307826850529,12.453480332076573,8.765201223193145,7.605200254528435,14.535160061721811,9.114752202452305,16.83255448614406,21.975089181296465,20.829591363226037,22.62666837140506,17.476762194595047,20.77580527975545,19.09888135103363,18.485933782159744,18.761146192619563,21.466471756152384,20.487839300284737,21.64145956262127,19.945375385279444,20.0257865605777,20.452375848217628,20.46811851182006,21.01434863160514,20.328985073448763,20.593625708798008,22.01094653106554,18.915988432053,22.720898080665506,22.073071671328982,18.32485357878732,19.08503666779106,22.305828334525916,22.508004797009388,20.654762894969256,22.915569814895928,19.15489001873872,21.027953718968615,21.078078702116823,17.70788853526368,19.878123947433686,18.651938958603104,17.977523030420887,20.487201077981208,19.296357577830886,20.036916432458046,17.605271084297303,18.80861535529467,20.08813832980512,19.597137640903753,16.81285744332562,21.277391720079223,22.398814047668225,18.62139845318098,19.20698055781626,16.78062212186506,19.402939911365202,19.832286691583597,18.744287393451508,21.784411365199656,19.308460449776227,16.9755009978912,22.07280096598427,19.87521470251331,21.505337418145324,21.43632318346314,22.14348929171555,16.66355093122267,19.41298701565742,20.116482185498217,17.075113877900215,18.183907500796735,18.935097648876642,19.420507787299652,22.596325240125267,18.932642315373467,19.543775555235076,18.4012652827007,21.77636956839149,17.151034291048244,21.516017217805175,20.226856555326027,19.37869973490132,21.738459366450527,19.37546634265574,21.55340845147383,17.449517044977537,18.71857876995647,19.34519100865073,20.906158782997267,22.584745114218446,22.07353098236533,21.75709814001583,20.184124268018792,19.554989279416773,17.408320622882584,18.67027292891356,22.103975532305906,22.53478503805232,20.128775864627727,20.021773885942654,19.385767785250163,20.950610624629686,21.555551969388258,20.951339477465993,18.81609243693638,20.798611223964723,20.949609681701453,16.499794683911524,21.993063215825764,21.511621835486057,16.95231851507264,19.162200627446047,18.72944850971273,18.889772227340984,20.710830435652266,20.261864068448272,19.747886705800006,18.763365504851574,19.394037903360246,21.51179774595722,17.242977653147445,16.70162889401115,21.792608179351067,18.77730255200597,21.467251921577528,19.609553692262608,19.699830006518685,17.65826398855242,20.437412505855807,18.861457719218443,20.450010645413563,20.94135754012543,20.556430873894154,20.493517286870297,20.711194976575268,19.32946593409007,18.800920932785893,16.50666621294165,20.851869940803397,22.06569393318861,18.959153520822333,20.26149428797904,21.506703376584912,17.839072573330206,20.141572446721923,20.125308201294267,22.21922569093473,18.473421024827015,19.749441627756223,19.806409001283367,20.14816404065734,20.366499984876302,19.952335784698754,22.060863298842552,20.04634739089929,21.690519768204997,19.536583890340864,20.644134388005188,18.879438350519553,21.251597346544322,19.343497992718113,20.067199057019124,20.45017184123055,20.03989756614748,20.93341150921137,19.017759125396893,20.06822923727857,19.2372869412901,18.19833832856306,22.659110449512465,19.322437101888923,17.69288917942955,19.809209285873642,20.24784647822554,20.059230713029827,20.65715948693769,18.153774198626447,22.677156916649242,17.99950844888754,19.954034501981845,21.527252143319636,20.20404492451908,20.134015574861834,19.721167795175806,22.570545298176246,18.907518227556547,21.189469134960117,18.592207388427486,20.110409746081615,19.90782824040312,20.947549453971977,20.426407499935237,21.449657373133498,20.556054953437595,18.879641079937972,21.737927649564224,21.309318728372066,17.801347006862457,17.86004360524009,18.91604802133924,20.91073364250577,20.775761194172265,18.659869790793547,22.184844723309205,17.254098741881922,21.01958827863287,20.964690173868703,21.248530505726464,20.214092645881518,21.504460160704138,17.64812641753424,20.948040718238026,19.194441080115194,20.297854888551193,18.978074469248146,18.364647166964644,19.85421634008686,20.08716081796958,21.96079962391113,19.70795126609888,16.536632136581627,20.105476024862394,19.775068742688706,18.98842093598481,20.630282241315882,16.957627960828216,21.907579715251277,21.18524848472555,20.35754580476786,19.067999036705704,22.534895011064123,16.507165860497633,21.987421520799842,20.08503762692312,18.427443120027757,19.04444898632279,18.40005959505886,22.36539173370576,18.62104147313006,20.772044339985925,18.823429633068763,17.5652206816665,19.643258193883227,20.835546229516606,19.784262358944577,21.005964166126194,20.510407601738507,18.204807105783228,19.487636376614905,19.896013926814444,16.753997312027373,18.81550635545714,20.44236586805004,16.73937799022633,21.11841897379894,21.89771177988503,19.64345535960185,18.156736319947587,21.72789874513766,18.8504686661891,21.406370713506217,18.396964722383153,17.20811858587437,21.03905080534793,18.772772121289993,21.236218615626875,18.13368653065871,19.62438962976283,20.67131181661134,17.600324134583442,19.909592812429317,20.777290478564243,20.67161859960819,19.07395586034181,18.652467426041138,20.276300719014895,17.158786160623983,20.28190584245237,18.063886853104872,20.772061961243732,21.47070884927974,18.699118060657295,21.18902935219116,20.690430014399684,20.70996542751241,19.694190704227662,17.460941645358393,20.20988282487499,22.13584292337225,20.44150779155828,21.03964682576434,20.63174291516176,19.421417083525828,19.739383822189897,18.01178282799716,20.02689815507552,20.209614792558508,22.610885613038857,19.070043777234954,18.872600297060902,21.031160373337986,18.98832418138534,20.988775674865646,21.095011461103066,20.08779899098169,20.36183779126532,12.30360667102408,8.871081335761518,11.601859898672332,8.131723240393915,20.02833061412615,10.451783963396021,9.512883774400404,7.982933045650833,21.459112127327007,11.471153447312176,21.35423492505039,17.605515523302078,7.496872275751707,22.59542859916604,9.144304738657251,12.71224440323508,8.454205712263471,9.088336442069236,8.711922811842449,10.981095510592999,12.025063630298831,12.131782398955629,13.331871529207186,18.692906759522447,16.296551098515966,14.140621090120916,19.526753160701524,13.385690966842434,18.15549900492335,9.573231203783386,10.291624439583343,14.427785518166647,9.305241638720613,7.800036959161723,17.876354559020548,9.507789249452452,9.18799545100484,8.51716835913721,11.19013816499813,7.00560821185676,21.050983844971846,15.757826595797422,21.951481043631055,7.812075905535001,18.01777482611833,14.46407502603167,19.74023919786906,20.82214019729868,7.279638922902707,10.603915687584458,21.366724797771905,22.416068985897432,8.916994660037892,12.487021943095877,17.203594615662606,10.416430837313257,10.299079333611392,7.122549161353889,19.26083718665694,8.400655450064486,8.246076140763941,7.550237688730821,21.353796216716088,8.747938036186515,11.087217740961341,8.90085162510041,11.310396012538083,14.780399507121428,11.120977769456003,7.165204982529433,13.896415253678484,18.654230610494515,21.309015122623553,10.567747064902276,20.742224031697738,20.60447300165599,16.427982466730818,8.933717800055444,19.72243866797067,8.417193729960212,12.468750899276078,15.83250359932254,11.804519373097396,20.933973258727747,11.627179244664314,9.649103234728706,14.724128758929352,20.846309111765994,11.33305871593122,13.345765008031462,10.711354055808721,11.16443828404914,11.808969767715999,19.341116032827887,10.857480153049059,13.812914780613472,12.347730093457438,20.290927319429507,10.459334207815045,10.807566732453392,18.87595108117891,15.280620755315935,15.604401882731025,14.358169258291179,13.389391059285872,20.123504396011917,16.33376519724599,19.894024777107255,10.125186176469937,8.938814160356763,11.549959183303335,10.724116509411315,14.134905920131503,11.281256983666715,17.893467134292365,11.657818131562399,13.376202206748761,10.038564639403548,13.80796035510547,7.575204146367443,10.638908033968326,15.658601424034188,19.48299715989456,19.573701312747634,9.622495401201402,12.1463543865381,6.664233095586806,10.795687422025178,14.284189259164581,11.77824290317015,9.086575357622548,12.930617379969027,19.1072467428433,19.965486403161997,9.87200692359457,12.034739539853812,10.708893735072259,11.382719244938203,18.823028764386915,20.922079350437556,10.28472405451515,21.814795474483084,21.499710322753277,14.530966774381096,20.881762686185553,18.02016654181663,14.032522538386566,8.276781272211474,16.870524015036658,16.394552894643496,8.444651375472672,8.290936740439781,10.981769890375102,10.336016304724865,7.679016123482999,9.214127822362583,19.442719493992865,12.479154296475059,17.24312102299185,10.462497315258712,9.861675281670406,8.217048459592714,10.311791254176217,20.17625899809408,7.732731067288661,17.41118871267562,18.781494968530975,21.437404969657422,15.779154106190116,16.75928366427655,8.191141335010617,13.927842462219434,19.35181381283834,6.9740387277788916,9.221589838006036,18.214253362472682,19.348871029226846,10.885419019976865,12.179281748846316,7.473785980079456,7.686715718474193,14.911934414776777,9.321508993723572,9.154905660386225,16.147971575959332,9.670033310066193,13.679894404825882,10.794379617577894,17.000953210713543,7.902399796162464,8.832732120917548,17.76634296408515,8.724136846257005,12.271243759549487,22.731385372721455,20.269827045330512,16.473326024792488,11.040032467765753,21.048045868253155,8.52634066573424,12.209593200304138,21.002095946868707,8.327204947785527,11.223036592446617,13.339009771443745,9.072712078902128,18.839538445260988,10.692274130922486,9.159769513620017,21.450350956963813,20.01331881227071,12.328590292602222,16.110606419849518,12.331052974772762,20.463549934571702,13.936952738235725,11.131183434323143,12.198677839917135,12.375960698304542,15.641742569539796,10.456508205299116,10.956802056940653,13.683781495488216,23.008629588879803,8.265598153366962,13.057662820589016,8.570482287575901,14.075340720380938,8.775371491330144,15.736978277858412,9.719092100990306,11.878818791993021,10.327744605707181,10.48317108887383,19.340453080137856,7.698607144802644,11.712066531539191,12.627929427825075,11.608558675122081,8.517616766517918,20.671095741355487,15.078477101377738,9.178694426208205,16.051075944026948,10.238056337726034,10.00751752800989,15.379379979554251,9.910425859397902,17.860389307330365,10.223310351080237,10.509671659781889,18.046026992749326,7.0471551299623805,7.285337035880444,19.925467456435868,7.080215080293696,19.19460033826746,19.233582746985785,11.390656006545061,12.3436979610446,20.594493101972926,8.996459626469054,21.546194642278238,19.70604608119003,7.42437689382475,15.563133194448403,14.324657646970534,18.23502791846635,18.330283416244477,10.78182124817944,11.521855837025845,19.044341836713468,7.854112329324551,10.170641472754001,11.217079888981525,9.603554915708392,8.030551715117808,18.171227370381533,15.719431369501693,10.10700412798482,20.243672837817545,7.159267475048451,12.090163670114418,13.741838750002774,21.673895964906492,20.587630872553394,8.576107350208108,18.515144127081683,21.505268784693214,21.097867168191073,9.68822883597718,15.824448354830588,14.447810119278275,14.038983492482826,9.160353847653257,8.875277799023943,8.335776524658778,9.650923422020991,20.362140148803768,11.419729405227017
82,22.320093039817447,21.239095349211503,21.280040241682016,21.054587348311426,21.32125632478237,21.41676506881819,20.132819116067548,21.445822618011224,19.389557800023894,20.979671796079842,21.55576648473878,20.342158695882084,21.717380346404934,21.8011303005682,20.463769481139977,19.581028633640013,20.129662656668906,21.34597696751196,20.405967234611783,21.938289102536,18.981906740667227,18.657884981966834,21.2503444981851,21.94691923463462,20.7782740741018,21.83771331924271,19.373369575146413,21.136747452130717,19.17383942079373,20.939850741376564,20.900016916948665,20.52267586865471,21.17414963836541,21.54534170365769,19.85634513055508,18.52426457815829,20.47561213422368,20.150259419117408,19.708586815558167,19.035853570000675,19.13301716933932,20.496541415229782,21.846707035159532,21.277210357593336,19.773158934876193,21.059047231669684,21.33090369371791,18.53716053394405,21.02146631413946,18.30746177176387,20.017855510504877,21.00302332339247,20.453793265461453,20.3311333771417,20.68221645937471,21.581232555840202,21.353911308127284,18.561636676595413,21.617686138845944,21.517922662338513,21.368569578785017,20.031017534011006,18.369313541753623,20.41292241713397,20.96790403888897,20.998437104932616,20.774356001731544,22.199032246812234,21.759724182877054,19.607168606299624,20.50282873284998,20.949626181521243,18.550743636852378,18.841652287803562,21.380141177280095,21.506881820203816,20.50935390328058,21.345235356730058,21.497402571407637,20.725458239479902,21.122450461405474,19.674727469746852,20.23206589232585,20.73986216118138,19.53773502218829,21.223647481947065,21.04416981852187,21.598633908177195,20.958594517935,20.668945722338172,21.639603320748048,22.0225333009657,20.98669415986623,20.083688267713207,20.230009180915715,21.263334021913582,21.885052248660102,21.6227510801055,21.285793899264835,20.89083880296518,21.194863958456928,22.2212142198808,22.189598925201906,21.57399828547952,19.157741833011258,21.71613617982364,20.458461637883516,21.076349239303365,19.532345867915353,21.438798739677768,22.664950198293322,20.219161284899346,20.9216784178996,19.820966593203725,18.436047176521665,21.00279105500618,21.385155930959275,19.53754721641638,21.2641066183087,19.426133593127954,20.067685144723768,21.73231968655309,21.613745606431543,19.141120640199773,21.066328398899977,21.438308318576176,20.13637597685425,21.151711732530917,20.999927261896087,22.27356393453192,21.936919314633517,21.65446022129998,19.90631192226768,19.473955184613693,21.072256234038043,21.131103484439087,18.957735565262055,19.841389401052016,18.854494610914955,19.522191871918153,20.736553342689312,19.86306186149514,22.18479550968185,22.294142648660465,21.80696360570395,21.586689973021592,21.22168626834095,20.508484730772345,21.023440369371073,18.394118045991753,20.833738611134013,20.90438761169507,21.367909995909052,18.56404508168681,20.363065611939415,18.459116865208394,18.863344689132763,21.064964737014122,21.261455542409337,20.067130699485492,18.865585179347047,21.666923324405108,20.507544928296635,19.927218795234364,22.183236685313915,21.99712611346885,21.909318273223086,19.491263409624555,21.03891171976612,20.277502519889268,20.09192849563722,21.047180991040364,22.369189245750903,19.00836095634013,19.602461259059023,19.651581840901184,21.032523457257057,20.69066286465079,21.513983404280413,20.21698335403094,20.671429487575075,20.31060466390652,21.65634365663417,21.840266002677467,21.476627120620172,20.337522891069835,20.96752396956455,19.580320473902503,21.618953331628205,21.174026038975313,22.337425462922365,20.492048410538764,20.926044338517247,20.02002101656843,20.352953421902996,20.307593982958153,21.032436517243955,22.166358453895445,21.507391583281233,22.002831570434818,21.02292743824159,18.61154033759793,20.295379871625443,20.930173108948853,20.327718919744832,18.87882932913568,20.496572619419066,21.365374150471656,19.55454715619372,20.880476225380377,21.300373133852734,20.977795001934428,21.50845365005228,21.5902624806518,19.623908016285828,21.625977204248063,20.951026973051285,20.01659415117068,20.34084074581942,19.141390389379964,19.81839183832013,19.67109614951298,20.923192501420544,20.393548619896755,20.282501861556593,21.834627533998063,21.409523774876366,20.319480269349285,21.559300223223193,21.897568991944723,21.909068224015247,22.091047836323867,21.610184293363346,20.95858925355009,19.14585016714021,20.650918056245978,21.218373899904194,19.644729184373105,20.32919342886904,20.603434761963367,18.682590436285004,20.079155309073908,21.155747474687107,18.943173283901142,21.448943535243284,21.568510812999648,22.135954011164973,21.295767470002694,19.52011076156089,19.686042196071337,19.85999541117674,19.624443811570234,21.585844419769355,22.32482159991756,20.279038012703364,20.35432663092621,22.070538585915674,20.38201684442178,21.59886759259067,18.487595198148945,18.347876046588873,21.53859656632918,22.179137256285575,21.627455866227095,21.050781370849876,20.283437330921927,22.012905519259654,22.682641654184586,21.33907383694226,19.832618194428907,20.091544082890323,18.375744357116464,22.22156718540487,20.199727462241988,19.67593459339357,20.311521647250522,21.461676615184796,22.30300889326449,19.036437037380225,22.22786625520386,19.444271607522033,19.98941516423491,20.31604254367951,19.974382821500157,21.751578476535794,20.13731831098802,18.474284626728327,21.80517589507168,22.339015253735568,22.022152157867943,20.448961587292448,22.20333807129954,20.293481202297897,20.099101182954733,20.120480162853895,22.071485574124864,20.275214733706385,21.53165377538322,18.34018018096047,21.89084225761241,21.487105845836194,21.524374137230243,23.38231272775571,18.270657382915243,21.47908908024373,21.453097122256462,19.974967536654614,20.213727382057918,19.357722507081792,20.347723620660727,19.416169983366448,21.304539792855042,20.211810428552162,18.921815545188196,20.582379899802675,21.437454214401356,20.134275477816946,18.199640785893187,21.56329822446262,21.770614448140925,21.135986409583868,18.259027109737236,21.79825884887964,21.512799457418144,19.760554806232825,21.026822510745976,19.307041099643207,21.839420706825347,18.93981743306603,19.324622584498105,21.25959760865486,21.15385555411755,19.327129251590183,18.568896948680674,18.573436069552045,21.199926257425954,21.567673950812956,18.92516560074386,19.809018011642365,22.761914441225667,17.75547130750688,18.105031312869716,18.9220622841165,21.055243518254844,18.481207694978018,21.77775722040824,18.696355867383588,20.856257364658138,20.825529113395508,21.010476991216706,21.601029468166196,21.005736100941764,21.20851046675941,21.20549870584548,21.09168357322195,21.767833542644638,19.21059572434551,22.99031276464262,18.368236047180137,20.729576648352015,21.286720033483206,20.10683362435621,18.21794009448717,21.09019513948953,19.63650384727616,20.242127998142276,20.07767092761268,20.746169106709452,21.938230339843347,21.36560911216098,20.586855562128612,20.635338572957746,22.217084802135435,23.159064162680025,19.975640676201532,20.84255335998318,18.141632649540888,21.679388630292344,19.103702638153976,20.607113728241163,20.884361521515885,22.213353138205495,21.465364093190274,21.214679713001352,19.6853033523999,22.29803348596697,20.689952480767435,18.386546495736884,20.474143328570218,20.983053761568893,18.586191501006006,20.62714611589928,23.094689328540184,21.45546619984986,20.426211000795796,21.05931530231254,23.430040836300233,22.782081202099953,20.902552603548052,21.207358714789326,21.484987579555213,21.523682720197304,21.749897779821424,21.636629761157625,21.500829160313106,21.25654348775931,22.49975671596227,20.292429034674328,19.92861536594293,19.962124149184564,21.039779335619794,23.074517916142916,20.575549728496856,22.56459590669511,19.59595302563792,18.293634055111372,19.85045197923078,21.079517024875457,20.82328611368387,23.383609731415934,20.576404921772525,21.786305111668327,20.578422480583427,20.80640405006586,21.377400205339203,21.35065308623806,21.838266941672423,19.70827153188405,20.646951162023605,20.791793450003738,18.29496125927423,21.19922846409803,23.151848592986198,18.385864972824738,20.7993413054458,21.173519525263487,21.156048393769453,18.425836870489984,21.518835436342577,20.911566591754752,22.462958976741866,21.618496232194506,17.864993415138407,23.484288450319667,20.338659823095025,21.395057032609873,20.855356914784263,21.977085709864348,18.22840387395674,18.550304585982428,21.97316924394445,20.844713097457532,20.12214806240412,20.224441910549515,22.07607691923652,22.190680284234013,21.75805594737506,21.232655325203833,18.302383467502647,23.138424547874866,20.791647579883506,19.398530374942695,21.698369501853048,21.855178030563476,18.520078541824443,20.528071271900554,21.52477458237423,20.499962297892864,20.462792536915007,18.450833416556502,18.499808779683402,20.59866672472224,18.954333061355783,20.574967686499527,21.757659005329472,21.414458280190168,20.05843352535713,18.192853119565594,22.86712558452566,21.246360184466305,21.152261695065597,21.69460821787393,20.075777693164714,18.477165237575004,21.40993828736375,21.964815882764768,19.713197075286505,18.159382736755372,22.78088556433081,22.765191721855114,23.1417006131371,19.91381365859164,20.353061401685597,19.40535770851955,21.804558305184404,22.80480826148729,18.573916325449762,21.62484570856703,21.734831646532985,21.011051641659776,20.215093906367805,20.869248376630058,20.301271434094474,21.036887834952434,21.42465034633967,21.374311326120505,19.536113523718708,18.387375668657413,20.483744292430153,22.21856465878511,18.352087742570372,20.656888033554193,21.897872435375596,21.49448134202096,23.201203341326945,17.75692151226434,18.246310319533656,21.017566028181086,18.08364846331447,21.487917800246592,18.721010703521547,21.95380256324598,20.178498163426468,19.28686462453087,21.84691388579995,22.25460470909109,19.917116935960063,21.01542799267192,21.00056589834655,20.096061605629874,21.294812906445184,21.88350534457762,21.342727300253646,21.188279824295115,18.858617045918592,23.04476330027323,19.182100583988607,22.71889967046208,20.66866374065982,21.98119799574191,21.88771793688221,22.22687748522336,19.98324386199524,21.20472564309495,20.157936954421842,20.787187750225627,20.97627756825966,21.351536532488364,19.833180356877918,19.732105516353805,19.263711121147992,21.75000116084923,21.631673177026915,21.87193427106843,19.617886292316268,21.97051081311437,20.271399423362503,17.616276353690385,21.379907655126157,22.67566872342624,21.481357922695885,18.39400524201145,21.608367364613173,18.91963512937985,22.08760389541554,21.106289556362633,20.087549421411286,20.87791418238337,19.909752615673003,21.432342163678996,21.824169585481886,21.200937169107227,20.783310645228017,21.885266746320603,22.632323656666394,19.003627543468877,22.49611077968344,18.598940160769196,20.132370698060626,21.567663174663494,18.587857000022524,20.774823893013046,22.254830334347552,20.421082203127128,21.33308755256817,21.41416222629439,20.006593194310256,21.000152275436502,20.73629256965258,20.52470366119691,21.58762562141283,18.632324793955515,21.913239802834145,21.414332557177225,20.778760209536852,21.397875769551536,19.964809179011734,17.490797536071526,21.404071320414022,21.21341471312495,12.654533165676856,6.065441741102632,10.899090816401982,20.881759842873407,7.160654427744036,7.942836707394293,19.487573503382965,8.60365029505714,5.472044986008017,13.2515608983909,8.585977189398857,21.671695573762833,22.606575799906302,16.39662534196416,4.381437036276697,5.46432893007648,19.01382863982696,20.29737734711968,17.854421133197476,4.929930324204626,4.805068530325134,4.7829505875993235,8.369177549728155,7.743813580234795,12.589541487390441,5.632888932331688,4.785107166156538,6.151715908762663,20.794642201948808,7.36819337565765,10.048278775914788,7.854600489845892,3.789397281240952,6.3145323009325445,12.214357518609953,4.1010143359644315,4.212832827514553,20.951665799698585,20.830371580675152,16.200700688907304,6.980708853917817,15.190963590168659,4.757749132595069,21.12000146759618,5.380197411249447,4.695050427094237,21.518585337057747,13.105936562319043,5.969392519755191,8.883890207648209,20.35869976489667,18.862592711017772,13.968097848307288,6.736810016571128,4.387819150973748,17.78611552083416,9.12147015538157,5.0586372575435234,13.688622846138893,6.7609295948228105,5.7669825063649895,18.020689437967892,20.947328094695468,17.868163798178234,5.451108824406214,4.415038301855772,9.419478828062541,20.137925090028343,21.409648240569613,13.377997072296985,10.914288061468158,20.282846155837,8.112861072168258,12.185056817256283,8.91658144933276,13.101070007999704,5.154848510087489,4.232207889365197,18.909476501959812,10.766131599278001,8.188616466130506,5.066965092428813,9.541274624798659,4.103185350230336,6.867784695818809,4.48554630574684,18.418784968459086,5.120505065287459,10.510452843649933,7.029876558291721,11.811947780408106,6.762431312056393,16.722272068664747,5.874186245025489,4.354983146884282,4.3302695751469935,7.149905984859402,8.5888421016577,9.9585209557594,6.0123234578775095,8.447077566123578,7.111667104444801,6.077355059573273,4.578107304513155,14.098317976963173,20.397925223706544,10.931169851964931,6.9295323197891925,17.922603633634534,7.625791950721352,14.796535466370223,7.57349761838708,19.236421973963374,18.0113834866202,4.848582051159988,5.5630545420083655,5.09456318212346,6.216220638039804,3.9523372162897306,6.908158501856242,17.20514518547427,4.3450768032963945,12.055391893211409,8.495185294066397,4.994398213170014,5.83665350663242,18.008782488326677,18.623215552528542,8.4625307367702,7.116881152826147,3.704784977479151,4.838513780862931,6.617056977272237,5.893694326931605,7.111387820603636,5.711668034857719,5.561957028186204,18.860584066331743,10.883160858610557,4.383804089166963,8.559071980526983,7.012688198148497,12.980155742317429,6.071617935716971,7.832463102101681,4.209501446041358,13.660293109557307,4.609312893722271,4.102401931738295,14.220573194850726,9.399313318550101,8.337767064442446,8.292388869645153,20.542892454562043,4.208248900473102,13.9426822253612,11.671757971848752,4.589782906887583,21.16885436632761,5.924763034375472,18.90742290067507,6.5004711301684415,10.901190853074054,13.68934857526398,6.110244891711779,8.078443698131354,19.736485420472807,5.166435094806551,15.362209276330267,3.4180077073521518,4.284362015206907,8.56575084864052,22.687860597887468,12.74179279391153,4.552898104873114,5.617358677281678,6.761964936556749,9.414208911194558,5.1465338525427216,7.012206216993204,17.33297426403359,8.928498387946304,9.126402989783262,20.54795609786659,4.964618961064704,4.698548289970877,7.792674387606958,11.809806292801124,6.6958059660649845,4.836675208328303,19.511608528979053,18.873969425665308,6.931844710002724,17.81014527483876,10.531207472840853,6.440372532738282,21.383540590181692,15.223306380975625,4.723868918257457,16.60517457852389,9.487954479624632,5.310375066162497,5.871332953103347,5.846043322065862,5.248740416361916,3.8552718813818636,7.329931798111813,5.229209585230852,8.240150085306997,4.314474843882436,9.550308839466947,19.371589946641905,4.5862980094771695,7.543207128335276,21.091860126937288,17.228803060176464,6.898512897257576,7.287341133926034,6.68826520128214,4.513617875857729,20.438274455987084,5.706084379481169,9.620932252989666,21.222931858374164,20.348602447935733,6.339975302199295,6.674574999394867,4.299772747849941,11.399096902279018,4.890181547007922,4.966894861702892,13.667171558008882,16.137165433853397,16.704981823224465,7.542258646270171,7.607769118197752,18.137455746488424,6.006851043123942,20.132712468971828,6.973847632680245,17.65291881328794,17.606626307715068,7.236815425979042,5.893752307023138,6.438204389895708,4.559697404368615,15.445525816545176,22.845952764193243,7.086756248507496,21.703536249401402,6.093524403969504,10.236004834602554,6.698514243902217,4.573484255131759,6.590039789240799,4.882646759299375,7.6069964687128415,20.476590338090094,6.42227910100707,14.798981634683205,6.980041956231027,18.542299838814642,10.702603404702526,21.98656587186119,14.599916149632914,6.542230689154539,4.799866171948335,4.560680699071332,11.272748395540269,3.7742966224657826,4.6405999164778695,9.636902792936986,17.22672066698491,10.018774894271845,19.02269087555172,18.732971542546416,6.797379193537048,8.097341400248554,4.238116507187947,10.371917599465823,3.8991797532967216,5.488413815758294,4.347961849165627,14.380832633416652,21.748462853298218,10.203281456925662,17.983571262355017,5.760853368106393,8.989871474974075,5.290564167417276,17.816095227055758,16.66459672301921,3.97959622052004,21.594860431905904,13.462097436449522,12.197357775783203,15.497445231272291,5.504704815923937,20.981422006204745,17.510822455275097,21.01144031392569,19.42126957675097,19.21890202108248,20.823513048067092,20.731110698347102,22.824219838737775,18.1606008470409,21.086931177977103,21.21766622781136,19.76475305639122,20.1873218557147,20.381334539732464,20.76551574823587,20.09664094997214,22.62010655280417,21.465154350151362,20.363905955108976,22.488658645059573,22.28377866059225,21.474164635805586,21.608281203687117,21.10107672292888,19.635129129774757,20.605625052349247,20.436114206171617,21.91077456637991,20.11760215473416,19.917062769411643,20.73416164302153,20.99789432839867,21.395551003040936,21.243640541659378,17.234003162738905,19.853402142964562,23.873053614854506,20.157858923162205,20.79811871458257,21.781171474000786,21.250885449305674,20.07263093546342,18.846337131763857,21.083193397049786,22.159077064090848,21.254888009825063,21.530076205022148,22.401110901910567,20.663291076978425,20.625002869605034,19.65385106289217,21.261759321184293,21.361021907557927,19.65625497331652,19.50611765949857,21.697723220079194,19.62975562352501,21.788510661963404,22.071949662734855,19.512483371131196,22.14804571182281,21.320371809046218,19.93871343385049,20.549083970560385,19.71149027427008,19.721459679013435,20.27232812487192,20.812491827979127,19.94193550440527,20.757112067328293,21.337328690236244,20.52754289354051,20.217387201956512,21.277842910473517,21.115524906748213,22.247026775731406,21.37387717800374,20.773115594663725,21.436859061080423,20.914367543294507,21.411637452519933,22.41311491330696,19.90410647226616,21.298949755630893,22.069787542044146,19.64938965360807,21.84085407505223,20.863109796944244,19.341762981913188,22.058449728910364,19.878878148340707,20.881992479050968,19.336755929420086,20.94656047822701,21.258258107098005,20.46924127643838,19.823771930127837,20.489650401876048,20.228263829781266,21.88085347921031,19.637807330150803,20.774367187500882,19.179988040393972,19.534295035339365,20.465525141235965,20.300807162897616,20.62271867070188,20.709656155749123,22.314481623731883,20.40231960934505,20.754914442676245,21.76251878782583,19.635422071189524,21.733145866899658,21.740947809514207,19.65320323459196,19.89596441121437,22.612906547886208,20.682608599738295,19.151493878297018,22.075801796521283,21.21433769676786,21.459466664040615,21.379283518852887,20.194760911118685,20.018980357053035,20.85511191459517,19.958796617926225,20.85568740095941,19.81206899294811,21.675183747281785,20.356510316971722,20.98501785321036,18.25900178940453,21.32970933594053,20.53254827936757,18.79373915499916,22.026102714354813,19.93484539925287,22.24754849710995,21.882910660531206,20.794629842989522,19.889780277057582,21.775507803890893,21.349996647794576,21.4517698755938,19.70439500018402,20.142398136695462,22.173266793779842,21.491989877452827,20.198264808243863,21.425800892685935,23.047356549710386,21.79903086131589,21.299389781431703,21.08742921942282,20.75273290167842,20.733729872321025,20.755992407696898,20.33908440842301,22.141354256541458,21.28803749715125,20.053486729994983,19.592435878018193,19.762142668905568,21.72688245840018,22.398546545903955,20.299289261043878,21.978648297994642,21.30683976653231,19.996649047135058,19.265231692360302,20.84265824845072,21.5936417616291,21.235321804764055,20.600318179811257,21.121188072751117,20.311205938473154,21.214242572106134,16.71902376392345,20.882389189919717,21.12330053425097,21.759316150024908,20.751008846558182,20.741603562051615,23.240668260357033,20.71560928811651,22.298380335941104,21.978132785969333,21.675265390951882,21.883959028897262,19.556914158777055,18.69645695712886,19.644914005544347,21.702638118658626,22.423483019263365,19.50235071526354,23.467326159788467,21.15958716376456,20.25923171106723,20.57008764659653,21.57506759533337,21.9080978992235,21.418402479177402,21.281049083416203,21.501954536970555,18.476628447063504,20.938959594545285,19.39188276818904,19.20165292305184,21.15178643103915,20.683406937546565,19.122849720580483,19.589200517165082,21.594065014967484,19.75153865332649,20.471541045557814,21.69611049037746,17.741546176029406,20.075947695431456,20.29823082271053,21.508350995337643,20.482862865613562,21.953798336794137,22.031524782050596,22.126757661699013,20.846143418393854,19.033800224179604,19.558739870619092,21.178673217228763,19.931151932661795,18.958001526794202,21.00811284791919,20.831694183764224,20.550349948714356,20.603291197795677,20.326866852247377,19.91187711147201,20.834084769280263,18.645990121532993,23.161729912591017,20.876021909662754,21.213985562564247,19.033613640191827,19.853729103289375,20.455478185526328,23.048996171442948,21.103979645484454,22.590771215070035,20.614184931672877,21.136711119853583,21.62723049827124,21.108042332622563,20.042321748751796,18.737513106666352,21.913487748846528,21.50092414668271,21.136579133997024,23.16433494283713,19.359131392108036,21.42635314248921,20.387214866069655,21.183324903497617,20.867045790606625,20.654389926169788,21.509463730192234,20.524562113222046,21.69404068053841,22.279024852700953,22.348735840635243,22.024061307439315,19.67450739308819,20.617422445754134,20.248549715168128,23.178854240972633,20.62865344325562,20.890791216936965,21.48620963114856,17.650294473705934,19.557081207599516,22.641188822537142,21.65444207776529,21.210548739349242,20.2950773002335,20.58983412973659,20.96543229800932,21.064402637832437,21.801676565237184,21.686626863044715,20.53501358397096,19.457040681093286,20.692811359419228,18.415941825539775,21.70869342269695,22.73128796040396,20.636581644108865,21.1579417902258,19.660538595490507,20.077449028706447,21.029887161046325,20.47276395547747,22.332123949749597,15.44078068629267,19.252027150815486,13.929948336685642,16.778124026112774,19.736566652169415,18.972935711912605,19.90305840086031,16.023115765238842,18.49540791177814,13.77545672490138,14.913915901083474,15.885799912133649,14.466255175299187,15.862961654706329,16.38104120907865,17.709836726810817,16.243654238836616,20.539781302309944,20.785617960722433,19.08417538417409,20.180521506755728,17.301116618679824,18.007687866408556,13.33457860523938,15.065478757793848,16.37301897728537,17.74777400561466,13.849316544451625,15.06535621314112,15.875754361866173,15.543058520800543,15.727459085751837,17.957170737458164,18.14904401897834,21.59598198441917,20.889452407464688,17.67479689728155,20.421135381864623,20.859527626325836,14.435480897837447,18.50858972841856,16.83695024228051,13.921545974103724,19.09720860934468,16.90478391905121,21.240668263680337,13.986172928733936,19.65646467152222,18.384585870842148,14.282103381159374,19.572456690125385,17.699877266895257,16.674534382800502,22.06953496292644,19.734888699778285,20.951167728476673,18.40730331429548,18.923861488636245,20.36763024365236,18.779706640051156,13.507777570076227,18.402402421736475,19.312015343759995,18.631396689069856,19.857171978797805,18.973330644099995,18.90228622885289,18.01763064746453,15.748026884162906,16.90266723217538,19.644487109223135,16.415331404494445,13.814610729550056,15.7329450514218,20.1717371871965,20.450057450086998,20.747997827994197,13.34992895496193,17.68437632467984,21.42722999080531,15.515715974266136,17.52532211288875,16.210153356226346,17.851589161283385,19.180155995308716,18.11136968162425,15.059525035490497,16.92881062557468,18.7298477608179,20.287885060570428,19.889644279400173,17.347494234439427,15.129263491870338,17.775859004470288,21.874393265714268,16.804398960130218,15.303886641264826,16.569693813726214,18.192343594978507,16.76077636630427,17.81909884146911,19.38639156882884,16.036192662564584,17.464642890516313,18.58294932188514,17.07737544658977,18.149908040896456,16.694400999991732,15.850803017015096,18.038982412956642,14.32567968729958,21.44214216810913,17.22201941717093,14.32124894711093,13.958486038517755,14.488737184024483,19.952222023858045,14.200062628859408,14.963307971973121,20.345063749103854,14.775245706106192,18.62494342747683,22.37598402205044,19.887172653725262,16.500397175157794,18.051168241928742,19.36837448263981,15.52425981754225,17.02305917046092,16.86069982924411,17.59376637115908,18.947755026188695,15.038853182817002,21.216966939170675,20.03616348566117,20.211245100689567,16.751506326126908,16.220530723092953,16.28808901529086,18.021123129625497,20.038811265798277,14.388331641941791,17.683228377654313,16.013751017408886,18.916087119673957,15.14119257566261,16.164064036423568,19.190213849293325,16.248211578953395,15.848883641820834,14.941177401269462,20.844239239413312,21.055223890391716,20.17020386027018,14.585623062954648,19.489458635927498,18.414682770061894,20.93833683961595,19.84551022110793,17.063890101820363,21.842847253584743,16.54816986313419,15.927981144673314,18.66373786114425,20.28683238060036,21.583192404281714,18.864404919321892,21.634711730683026,19.89837452793362,18.93025882662456,18.504837409633815,19.538861975600607,17.578722930436353,17.901415988304016,19.376453992522812,15.35057238557554,18.640536130098862,15.552484927829697,17.948701444645994,18.413594511532267,21.376684718316287,19.296689787099435,16.261190763045825,18.94565118594038,16.675958992983073,17.444619409577815,17.92988079735482,19.238423053099176,17.323538040167406,18.35395653440671,18.09478512150622,16.298940913043005,15.229863454116188,17.744687459017207,16.665806765557956,21.932503743321636,16.435499526322438,20.327804017062217,15.264601823977731,18.125149356449466,17.406861414408866,17.954046775916737,21.009286579760797,15.796224270539472,19.225779709473624,17.257699342324244,15.025681268540104,17.423901163748656,19.727686742656005,16.763983668187993,17.973985812055513,16.55813474523155,22.097913300318876,14.357335603303971,20.364467537702986,15.324899085763066,15.531503996776083,17.697060576748353,17.020789547337067,16.179801019136665,22.092685425330572,16.565199753973772,15.245234549204588,20.241647948018866,16.798551824728484,17.39373481767976,13.220488980898933,18.34043715159166,20.96270680977519,17.518651890699495,14.693275863642896,16.623451653575685,20.199460976226963,17.189055901672795,15.047224903077257,14.554682025680602,22.23731929115561,21.00752001851919,18.236468146761958,21.508119309677102,18.48366408499981,14.162855553132625,16.25740650429645,16.806353425532127,21.37893487532061,19.15509519702234,17.49673599400786,16.14290654409088,16.015855636859975,18.432169026146052,15.585975941414315,17.86603072677717,19.189616967789608,21.036541256252338,15.825057270521443,18.598161579595043,19.618230099041835,21.845057638427114,15.62780842325276,14.625786094308998,14.648492685199086,21.393996644064757,18.98412200915628,15.059895792762623,16.56234267466704,19.737254731052467,18.29949131873697,16.844576667640652,15.675313108826785,18.52764562777705,14.434548542719062,20.04475214512203,19.282386519571098,18.885841486896496,15.982058510979568,14.305526037773827,18.930367302140485,15.968196625666483,19.05344721505432,15.90245776132687,20.23914710331847,14.084598640135583,13.043909686475772,18.46425827582593,17.35984394705896,18.31590339682855,17.062689112316733,19.087052841916144,17.823810860084556,16.181131346032107,14.99142315369947,20.830066540314224,21.113922630219097,18.48361600045905,21.000310314102343,18.523786482410934,17.811806909931462,15.080507551488504,18.92072025037423,18.208313027352865,6.0983216149949655,19.096653747299005,16.279473006628645,21.788855471102575,6.038864033920454,19.083629020323894,12.13642948557232,9.014284417847888,6.180284706640198,8.258486503533955,13.79985044746158,20.041253701230527,18.368465589136683,5.3608840840737075,19.868930985606813,5.475867770564185,9.949611485003356,12.05755820291027,5.327791114774533,19.33924127115651,3.4263825174558815,19.555020486449518,10.015372461327786,7.662940756508169,5.199952073449306,7.709958605858522,16.956752420703626,7.937619420048135,4.738647793154095,8.42578930802481,21.42126500908628,20.188294368449856,12.287334713786526,14.051672176323668,7.952158767266214,12.825993156449558,16.137511989169447,5.243358189382015,19.567633375571457,3.829430728990818,9.257757765033235,16.356036490939793,17.662037029786052,5.662798868846665,7.082988273331077,7.434196390083265,4.609706358005371,7.684013560760874,5.4444827394234325,8.346461334904449,19.879293339064436,21.450385400765068,16.994805119770437,13.609310209506212,10.816861512060271,19.47137120851647,11.946250870980025,5.8908964785494815,16.50282871416998,20.23633597477053,10.222114434995552,10.120380978357458,19.161973888855687,8.192999998263307,9.21956355102076,3.416001680372148,15.7898390835106,17.646710340218526,5.212269068245375,6.307175121995862,5.011993133147483,4.41257155432269,6.623808936206373,4.6541805627869195,19.658327714361246,8.33363339824819,13.123083649189484,13.101148468718714,10.665702679055663,10.722087075454432,3.5775620831884254,8.222110027363561,13.051366191854003,7.323798746424643,19.75989701123877,6.299672614780051,17.458072814737896,6.160931760129433,5.071817498495531,5.18415998052269,8.368375001533975,21.04750952166185,7.667814317501936,10.409925517547949,11.541269858264634,22.15449022872718,4.313331008133694,13.255551868954884,10.723132507231222,5.0901158502647466,12.995449596242356,9.110001856656595,19.06740389717024,11.816001101039832,11.072849084482455,9.112636071837937,4.669954323065658,13.732699486888857,19.635849428221967,16.789545928859223,4.47425167169731,9.681875289970677,5.3193888853742815,20.097695442400557,6.218713445873459,5.792043850431073,14.661058720937353,13.620163426935155,4.081300690290061,6.756198373990894,8.982242284948965,5.622291154035101,6.054663482625324,6.512950575687637,6.96276126087582,6.369576520205259,6.474416395571932,12.244035542767522,20.38425671141375,6.605724099700612,8.118014670564909,8.090716662126361,19.968180259354224,21.047243158705612,9.30816411502197,7.564826687393408,18.439409974419053,10.887057319262976,6.228653758424055,14.868346041063138,10.04167756478076,3.6598393485856415,12.892079762511248,7.297377295025665,18.362182640093913,6.063283722965311,6.254951852873359,20.809266250921965,10.073657669220221,20.319517646168872,14.166936903670253,8.031740998434978,8.833536945271401,14.908999763780422,8.596934382029517,8.528441213761283,13.93130441391514,12.518382099243993,12.76377592639457,5.237578370255368,6.206086046181528,6.791741956814355,5.86475998214031,15.5168619195588,8.897125623000692,4.734187272084976,5.249789112932555,18.979793806365052,18.473241626357964,7.77881509460078,5.272897660910124,19.62796048415616,12.81017028571393,5.2434775510407095,15.939527555401913,19.014604087818594,7.649219997813052,19.904079568102325,7.304568600511961,4.788208306043141,6.066877915816297,11.217457340267364,5.117817456428191,15.936728807981028,19.424808669664994,5.189794054757029,5.327743909748302,5.083717553676311,7.911820517824383,13.095085219515381,17.555131080453126,9.81590286389777,10.09545998134839,5.561217390902775,4.5216753073670795,20.357966609183936,9.73982926758497,20.306397039116042,7.473543310424879,13.787205931482355,6.292990292543849,10.958243799895122,12.242974363236844,18.64932958460041,4.7976651862436785,19.00935948022199,12.826499011175573,4.114204156350245,4.851513470257847,9.200324997228686,5.673957068699771,9.258102545551457,20.361924218982097,18.10628813034176,7.45576550133104,5.952900125940047,20.435369195719545,8.993891194189173,4.903686876059834,10.663341601371144,10.697491960181413,13.120148150048404,10.840132430935954,7.539664180161174,8.928588936435395,8.347359305663417,10.283715095820305,4.567266618172621,4.861807576825675,9.770716984189912,4.941240003127928,19.98738307828903,4.607462515415455,16.622074215274818,9.403712984945019,6.035943079594627,10.186196532617663,9.358435301024628,6.59433574075909,6.233254549848796,8.928230231027175,5.0769835359451,5.5136220274459475,11.71331686104817,5.5884460105275915,11.84565844969238,18.621779930654686,5.158655805624169,4.980305718468276,20.42614807921913,13.116380267448159,5.77950073164029,20.60835019160751,8.225745605840084,19.22558303836601,9.796979730180738,5.083253492188103,14.666850439515716,5.005157002742858,5.813280096277282,4.226191152622628,6.348421683561867,3.9153130747344234,14.454782453793733,20.33980931842893,16.881579355492768,5.222968475903573,9.311352240870734,4.80650755652063,22.613494125517686,11.06889411428377,9.855349196786676,8.183372936789677,20.824039256112535,5.333966289888527,10.170821073577768,17.586697943167845,9.704395264640233,17.377091197491602,13.188320344711553,10.983771983381969,10.913184608283158,5.974093883908331,7.177064641640986,16.754953885468716,5.3540370059281965,11.268427055562588,15.521285224896916,12.107003324423776,12.96527658509638,5.320113303283118,6.375799664372046,5.770359747886109,8.258823239581348,5.487858277689257,6.069732314149788,5.795085855279988,19.162526740428913,19.46769021281134,7.173394358434228,22.445585924290892,19.46728672235878,18.981125862046692,21.176939768129696,22.59367716918061,18.155943202444274,19.142489794098786,19.622815344182506,19.308157009044468,18.621001567009984,21.49736079721749,20.572685338207414,18.343354333608907,19.86803648012824,19.023458072724047,20.86080215185514,16.890992750110595,16.40222338007832,19.81719177012337,20.558102415666703,21.20043095536967,18.71677322650099,18.488341052691048,20.57775143524197,18.270786943059385,17.0813386134322,20.00327507567335,21.92858127700576,18.955119959896912,18.130615281753986,19.05558958853003,19.835358489907506,20.860903752469397,20.16358117789408,20.857165595767754,18.155567001425695,20.604157002517166,16.662731322129748,20.66943367976448,19.548989439531738,20.507095901511935,19.329364480258576,21.156343674280503,17.053772905151483,20.899468435719346,16.787708934246655,19.40006877289981,19.539493205756443,16.268854788589298,17.819860354563932,19.636920874375253,19.473653921857846,19.3990694514332,20.949454103015846,20.268792343506238,19.609251703232847,18.076974766578715,20.42672639128167,22.562292175546673,19.69561609031396,19.18601343826346,16.007513450101584,19.040926001934668,17.321274700078465,18.93540605587082,19.9527285113195,18.090952574386687,20.456430352387056,17.459835484796372,20.76180504963581,19.274289073182377,20.704827149022723,21.131262077163257,18.878022546553936,20.281362327235772,20.546775865679894,18.75555940723645,19.171180357905705,18.349862032770314,18.50526862682548,17.52475020146236,19.707642546343838,17.961251653696113,20.472254648833733,19.847136817069792,19.004084798481347,22.11549516844365,20.707016360183427,18.934373934488903,19.991624605558627,16.760296728387836,18.879938243716968,20.304071346240182,20.618252441065497,19.13685570874969,21.52538546136253,20.970131309670382,21.098754563871967,19.277137612217047,20.01533694597915,20.827923656398617,20.601197604918767,22.64029650443675,18.8335263248004,20.492496602579358,20.799373858756294,20.559917405050072,20.58795378080151,18.42334171979245,19.760544453093832,18.2828746065335,19.7050027192575,18.99008890418144,19.622827646824295,18.847317656631326,18.132851507521426,19.328131605872965,16.97376488518895,19.773271841687155,20.264892699349016,20.646276776853544,20.49212783023285,18.44795331367521,18.287651669704136,19.15652480804562,17.324643982453097,21.559055517024888,18.914942276340884,16.951980396246718,18.262776097892136,19.403153727133727,19.67940174887384,21.727169929961914,19.809374300318638,21.251714841381485,17.583318631869876,19.88313114839716,19.878347552060855,19.618126697068845,20.54890392219553,17.07190616194683,19.837222394901218,19.774420922239656,22.122704425902107,21.1681402212688,18.514444200142417,21.55985174779209,19.38217789854279,18.940112781996636,22.01781669729257,17.14419769980975,19.217885854578597,17.106717124319946,19.678481141340896,19.96761035819034,18.280304689696415,21.14351863747384,19.64935785065785,20.816201693735618,18.9246779212286,17.962415421780424,18.708712513580494,18.967912036447398,21.111958405262676,19.970192166899114,20.520737308259065,19.236009956022954,21.36577012668693,18.4686887526813,22.447271679814822,18.461928173021597,18.47561554861856,21.645082161074416,15.235916050438279,21.153807697027535,18.943727160741876,21.196068303261796,17.357477176849414,18.505011572557315,19.090114631162443,18.173618831027824,18.186514343494416,18.716999437287473,23.207442129140315,19.312901522089327,18.96093926603098,19.272354106289452,22.100320392890712,22.28148762865837,17.914802901913138,19.424869421111424,19.67162128565293,18.49788334832198,19.39449216325014,20.39026283071865,19.923210138711944,19.215394301954632,20.462061176195512,20.411122055484586,16.500592672597428,20.326010494850458,20.64896019584714,16.24924012655632,20.312672295687715,19.39708816825594,18.99150155934574,19.393786721493058,20.673797040535597,20.328345501981048,18.531775738004324,19.624041200181022,17.554509932292348,19.609581118875994,20.069105264519912,19.442563974408166,18.426774775270125,17.309273829801224,19.791467425889735,18.100753435132212,21.187940964305337,19.50102895957718,18.249924525140013,20.5226728277859,19.88899724261887,18.330792510692905,19.16042690040125,19.70772808295445,19.17488203847043,17.74616529828152,17.994423732454965,17.36453555512456,21.273924460253987,17.138123743782852,18.81943429657522,20.924743907861902,17.19457093689392,20.554624663657357,19.2946083603932,18.10526719702216,20.500477397579136,20.712684774447244,17.84807181294648,17.2927783016462,20.549377152722705,18.09894854050587,17.128429655691548,21.82513440480031,19.126957006488656,19.493212530621964,18.729190407971824,18.630844466495553,18.50117116908481,18.988518687220754,17.15998216777206,19.744442760820462,18.574281738070763,19.624658309858134,18.839785811896796,17.282961921383805,18.64979033747867,20.097124224795547,19.67751077851347,19.886862091263676,21.186944410037352,18.541019734078056,19.7855202451115,20.694501542839944,21.604178607433763,19.000155698228284,19.159781309203055,15.28937841268216,19.06615440708695,17.64514900564585,21.095384385314688,19.54694397181884,19.128736852997157,20.83789116897408,19.958342257571367,20.12449486664191,21.07704242026156,18.813766666903852,16.95970394120091,20.385410734655974,18.902043437502254,20.539280725759514,20.15090508411686,17.747780535920015,20.55978563589318,20.49667722556948,19.94059448376364,20.473581071141446,22.448100170566978,16.294388827902456,19.026360901516497,18.371009128224188,19.504023902106034,18.340813114478376,18.82862937558579,19.9335049393697,16.775661234198058
83,17.655047579158055,17.43956437817371,16.28747269589556,16.93404837699162,16.99462683361767,17.088978360725918,17.710684583270805,17.31249622693339,15.134079716351428,16.401392807291337,17.29229890582253,17.04176469270415,17.864559932443058,17.87384726971253,16.745928920775047,18.39256317241805,17.692870952396884,16.297202775425905,16.256210753768233,18.26704082702059,16.57962254050191,16.697513188732017,16.402597087911424,16.96485338772402,16.77708930726731,17.685391748145758,18.453866219236446,17.4135975522984,16.065669388047986,17.20415885307153,17.247966801339324,17.037326747036108,16.989045274783674,16.305245976988143,16.179100548946742,16.77335700421781,16.434876563969578,16.42084710680123,16.33194059078223,15.99039398980433,16.528632660451887,16.73033028867785,17.063228532120263,17.121496313622536,16.482481538058916,16.89401194547652,16.46844233698054,16.87372152377676,16.456160759416218,16.703680699165915,16.47547593951299,17.20904936405976,16.760894993824827,17.7535557247829,16.466433857963104,16.81964224116663,17.2980183585708,16.75648802257434,18.07533745317854,17.239558566607354,17.18551986621291,17.602533823574046,16.865661329359373,17.871498872988212,16.5210159360359,17.2155167371055,17.40048159137459,17.241597833819117,17.642677448975327,15.107708697465714,16.48980238121339,16.37541580646608,16.77670704109466,16.590936540352576,18.09229421013534,16.31895177142778,16.589680948238133,17.15952834414002,17.95529517382171,17.65664201796896,17.385478345580253,18.381298874051666,17.306688452939124,17.646872434738768,15.16007981639943,17.29343545563657,17.867205277494357,18.220919839135426,17.45578868675553,17.74086214929928,16.904969831392183,18.179625440875046,17.222705559815026,18.36447804858324,18.583562993584085,17.355157673943086,18.090617522606788,17.47400267888917,17.072589121659863,16.728377744853447,16.98489749120195,18.074228262366564,17.2660983658988,17.889452769491594,16.52646626083242,17.94044090829535,16.410145088903334,17.406664042331105,16.566337589316028,17.010845942576026,18.37241674463757,17.943579597143437,17.396403975477405,16.134119053868186,16.627371195888045,16.83447168730899,17.156651453728852,16.77815714476538,17.43499406801235,15.188359590822625,18.212416712657724,17.74477020451868,18.03105764385553,16.57537863862793,17.42801620799559,17.327927127782832,18.148114993685205,16.39306493046375,17.22173254416672,17.0837193448523,17.165383636539406,16.809622735132603,18.442202704291084,18.37181937176688,16.678325206606665,17.38554037456694,15.945358343549369,18.30731150244233,16.215199724147386,16.566001543160695,17.791089333175595,18.45344266967099,17.0806368667553,18.675681433574454,18.123091806601234,18.197147201114813,17.719292312440235,16.73455998817654,17.606149781232155,16.525197259981077,17.323072402738056,16.497312033161972,17.095373448152042,16.781035164837924,17.88769030653065,16.67438929178477,16.619250381450232,16.888488575829008,17.153834596619387,17.81103144904019,16.24570471343626,18.252871800814745,16.46238766790243,18.417917616021548,16.925031305475525,18.212974031303844,16.913345815711956,15.22675649020169,17.879884998695704,18.582680485962815,17.582963090478625,17.899976649390005,17.219853611313304,16.071678455933302,16.632767076862116,16.860883149584254,17.145475897729977,16.492914479951455,17.96089441284033,17.960741593339144,16.33975640874829,17.92526524991404,18.069267893134274,17.084872065348886,17.322611689978086,17.76707874920948,17.264146957328244,16.582634582771437,16.865973760238365,17.28028050599685,18.662121405564967,16.30304976969818,16.88477553252831,18.54578485230293,18.83290071062428,16.934386262688243,16.86956871225559,17.93500451705298,18.306880336088113,18.38603443783506,17.910327337115977,18.674209178982505,17.925786270018747,17.244620966896772,16.296043486316044,16.543469472727015,16.807845917404162,17.34682080879704,16.83303060672674,16.687210960755785,17.169991716123302,16.39529836613363,17.924050311833,18.25800483476791,16.560454274614223,17.70376899290948,16.48877892868433,17.603394106026776,17.004836335167603,15.873623766991601,16.51585114669003,16.10403923042256,17.15607643312844,18.82059390193617,17.74950193255514,18.18834485707211,17.52355999569502,18.66809942960946,17.39966198521535,18.18095183572134,17.62193127781572,16.7910625774526,16.201766278541715,16.424939507261687,15.923294088141233,16.4546546856212,17.01595577257689,16.831260195437896,18.70462138664893,17.381878869205142,16.69696080840983,17.603540220935685,17.432269477789177,16.296737617583545,17.663218033857646,17.655927442290025,17.252976297930623,16.995353386473585,15.518379072909408,15.511154571861717,16.181146421403664,16.583179213167615,18.205132226887763,18.496631751419397,17.706482168923934,17.587687467918837,17.012430040465915,16.33189964315794,18.204327758364112,16.269326287228512,16.82637161238356,18.108552661813476,17.835844242672454,16.805065310989132,16.682109122105484,17.77485553520896,18.128940120031984,18.379111681372358,16.352816570617307,18.41676570178256,18.523963207491562,16.509777514328945,16.9031539537554,17.954962040781837,16.017057085746487,17.663198012795817,17.72795217639081,18.605930045635095,15.85616687561293,17.22303424702023,18.38642059052383,16.966557609706342,16.194603381952387,15.885955862778998,18.076052133303218,17.62537642166763,16.733786054554127,16.97877682687885,17.790034819607317,18.219446226094966,16.759218574327033,18.471402413721552,18.704368178386183,18.324575125902474,16.010448440487036,18.197384117754552,18.473732532306258,17.377475981303625,16.654159637767627,17.204624252915618,15.7974520110301,12.680541610382535,12.908590011054415,13.865962734041577,16.67480268422456,15.877418977319666,13.557930771357217,12.288371154258666,11.776230193357728,16.40549758090797,11.65611921709197,15.315935450810375,14.943134525627547,14.990638581084008,16.97186186096164,14.303496013949811,17.84888581449944,15.665215781675162,16.481202094965244,11.518975112876953,15.943197583723558,15.206189872941502,13.942064394853393,14.31243921201005,14.553974398771972,12.34863148451457,15.808298552523171,13.855715625519803,15.450712722825244,16.40327381130594,13.027357084938556,15.997978773278113,15.875885358626634,12.535403749589609,15.031399217676716,17.350574780957444,16.979251432819364,17.40824757477374,13.351549053074747,12.588950260308067,10.679830335820895,11.632179314717332,14.963344773353215,11.93457801768708,14.966497602022534,17.288945512209697,12.759042735552397,12.263267365313215,17.94977880440316,16.78842810992019,14.787134355348062,17.608235213976624,14.485416538179697,17.630925732610088,16.28670701516658,14.001161717805623,17.00701195290349,13.833299322061265,13.539297589590289,17.46186495143804,13.973554634951638,17.966216095862066,16.55077226566697,13.19602966984721,17.611208468340433,17.754515471866156,17.421178913399885,17.758124737067142,12.908319452776993,18.1365574340042,17.52342712114409,12.250493876715506,13.07629920125488,13.333877151252661,17.07031170074668,12.712758057389344,13.817412759987889,12.623746312353058,13.791671380491612,17.56024761972807,18.182647689862527,12.75537009253141,15.621669091596502,17.934033237333736,17.660943707299587,11.86692396921312,17.453458092308576,12.401720423513387,14.939519053615523,11.233107868286151,15.01100286196984,16.277907944868304,12.663849695145137,13.732973184771698,17.01557975439881,15.937516011872276,12.48305734927163,12.101265759994606,17.767724959369534,17.235899453349163,16.671935875181912,12.06316281640478,14.02793437754917,11.876906476170463,17.49246692993265,14.662461015245901,13.576799785562857,16.78145120365006,12.352298368835726,17.084652663006594,15.87939332893162,13.87757501747504,14.048748140842463,11.943532130773436,15.66504693951453,14.917016946264052,13.090275500461921,13.232004053471119,16.859359501881602,14.322497537918533,13.733590689310168,15.332424912700802,15.172535135528676,17.934029999643805,14.351278131068641,11.017950553797236,14.689884090748604,17.125520858643533,14.619262276028731,18.363043313579748,13.626889679608562,15.328347315368479,14.867945756457779,13.552528833329763,15.377121430534846,14.475269306419602,13.919020375310224,12.70360612044344,13.189896611949472,12.582963922491453,11.96149074991652,13.527338705467987,11.456279291631606,12.319993020153142,16.398628484274102,16.02913704160727,17.856154725486334,11.777272137088396,13.008353459307203,15.156823018193526,12.941093259599636,15.429326255400191,17.9520205705159,17.0888653862691,17.254025421573456,17.584681098891615,12.898480050556119,11.59564925074929,13.652226542415484,13.462422308928726,15.78753324256544,17.465232854741785,14.706621470181268,16.189062427548887,12.708089650799621,16.047767180111364,14.217723513914219,16.430482203252495,16.297344604913423,16.955592452576273,15.215116956880006,17.226617356357334,17.052588911256347,14.834521957996785,18.39530309431867,14.222305421160542,17.501486014776905,14.886070860860597,12.341675930034041,14.51432478984212,16.311269467215826,11.586902170548823,16.511225004519424,14.975545772531923,14.26191434414137,12.394605790289358,15.475173621216285,12.959734696707503,12.598497792539186,12.584519861296359,13.937138201294829,14.096311187287418,14.424938883646654,11.7149087434013,13.219473952539456,12.12232771727054,16.290603493188243,14.919055443865815,11.736909153938775,17.666638161077067,16.411414409264868,16.185279373206864,16.476767383561455,13.175290374093846,12.880261192021,16.105429585979813,13.219264270365331,14.95993493787588,14.930243331314298,16.58488523995068,13.655263668934909,17.451104704995767,12.225114834069545,17.44396216207903,14.026495124998052,11.451657473320509,16.52738800902618,11.343930711110684,14.792469896543945,17.842887704307866,14.652380117269798,12.888831657127103,15.487690939496703,16.068669200980597,12.233377865433184,17.527051379887375,17.076386670884087,17.33533828586692,13.030498761190923,16.71242445876446,14.150181118424847,12.738651905276289,10.999265366627938,16.34349482937835,16.365834494942987,10.812295579418747,17.058785836262437,12.036422000538584,14.809625264397566,16.650253063400548,14.69926933178879,15.763126583280103,15.7416922758219,14.288481352038612,13.087473872852083,16.213365382485996,13.279339071405909,14.131994905105657,13.350834732969235,17.132012731190873,11.863506757978918,11.105793112519976,12.00875582920044,11.30400916181306,17.262967733800405,12.22425780263939,14.752050351191839,10.735715811093357,11.233421735914863,12.776020997608212,16.02442076436397,12.22846893652696,10.628147804839937,11.605743954124721,13.267552227151173,14.168891803397589,9.989028382914345,17.665924491387994,17.00489361202519,11.885001267015335,12.279864550625213,15.138083442184593,12.75348837325328,11.326832602377733,11.388534389670584,16.04044183004884,11.39612714528417,14.53847033413205,17.535526923031927,16.686668880484966,14.635127559778631,17.967924367903247,13.005377035372112,13.301235814638249,11.077168148447129,18.07421010866064,14.978470045680268,15.76216882121988,15.130606390174544,11.837903840525108,14.274345873775909,12.245458632452651,11.440883222557408,16.786498551829848,14.51575109616635,17.058681927166834,15.025815110147079,10.912975659182283,13.329099187516782,14.857907903706106,8.680909869432188,9.164437058897427,8.862805913231881,10.049174244897543,7.966651193008029,9.479328242886185,9.956927808923504,8.109149077761554,10.225179780644863,9.4414110760247,8.076913834611501,9.658730058841815,9.3826740434334,10.163457372730544,9.043240932092313,7.262831086847377,9.895434892100681,9.803563008441033,9.355446914219874,8.29285967666947,9.394496857074,8.747255072482695,6.608997492698444,9.667684692147375,9.57030798665002,8.074059713873547,9.087028377043426,8.243704892574732,9.762535605878348,8.86470487487895,8.89448189667273,8.113094680375985,8.657888581208386,9.009899735490286,9.084735047700315,8.09572266110165,9.21350306006417,9.734970720195404,9.392587208331886,11.66123810624644,8.283958167079106,7.972797242514587,7.043881567778469,9.783765516237073,9.74174463758198,8.548817315260933,9.854975941616578,9.641501357868894,8.760296287953356,8.859399446804762,9.849329375111804,9.545790618156953,9.883413834434132,8.140626049554143,9.403517662598684,9.739067585842127,8.505646775115922,8.113621532940929,9.456904587816105,9.336647499592779,7.937137327011712,8.819452551173091,9.69652591701127,10.374086316171471,7.277446169960351,9.237694344737378,7.728840995148519,10.577030849961666,9.44990508751592,8.87718924451969,9.820556424496765,9.546969741872559,8.226373725080267,8.93327660987378,8.69508848562547,9.705432043288903,8.950422827248905,8.501694874727946,8.635351820201793,10.217820379267016,9.06617753980925,8.368653133184305,7.776265046586125,9.351352235557119,9.745588966844869,7.144386506991633,9.281883409730249,8.33706998634293,9.891804636274333,8.290991899243972,8.959118854870532,8.89666884711901,9.927886377112895,8.136033040180715,7.7888097599853126,7.612574392475346,8.538332264167506,6.722920809076218,9.541448643190131,10.00345188328417,8.70991302946156,9.077555389415636,8.039420157824512,8.843083252285368,8.832226251673394,10.032942479496912,9.380937556916171,9.07389376376974,10.232817057555652,8.0842122086438,9.684785745338353,9.518897492345712,9.4207770109095,8.386822604151583,9.575578585609385,10.212457068087964,8.998580721890836,8.776385504221585,9.920515449772655,9.54015752541851,9.282661952360135,9.11082715087714,9.183141285145684,8.43736577068132,7.604746528558146,8.075034596686356,10.412538875808925,10.304481785597261,9.728465937487021,9.695720471941582,8.665325251303114,7.786343748928681,9.186662769095795,8.14174016183835,8.663146634904704,8.247484894713118,10.232283212634032,10.264189568375743,9.853966779214877,8.868432293644798,8.536715306705622,9.468577860693584,8.529074051946742,8.576373033402128,8.900724189368233,8.469421080210397,10.678874571557467,9.776258561555933,9.505056289133938,9.749363725737267,9.088133602557793,9.725902033043363,8.354870078487101,10.686228504601852,9.30281612573233,10.380839414716544,7.5573709573822985,9.87273230469376,10.085671965230478,9.591439377419418,9.576202979588865,9.044333764443229,8.874101395373158,9.88888882358647,8.513184114778623,6.559039859249893,9.159691071977232,8.476302624686104,9.864520606795367,9.093076508060092,10.212924869823008,9.304464124831451,9.910532222581141,8.854474893610844,9.51212803202258,8.804084493419033,9.700616387509053,8.580508651244704,9.97793820163607,8.645127191014826,10.182698555531166,8.468378729345915,9.487719583879644,9.546432476870116,9.05250035009448,8.475920523704552,8.050257070724633,10.423044819564966,8.580695786298158,8.55587573124515,10.425200599741702,9.879895295012318,9.169470905023893,10.088728581472651,8.191108277096887,6.373851772874934,9.488813857699899,8.74259697557837,9.380312295476315,9.404821916708386,8.061550515184887,6.125404948038087,7.4055602290084,10.081900371534545,8.563770201547348,10.014894032025559,8.622916343448868,9.864427946144708,8.39065596169774,9.370944189387126,8.439064917859923,9.627085401290232,8.831041349119669,8.386696570415749,9.88161401707457,10.435448678880363,9.623229270308055,9.142921849439311,7.06886183795166,9.06301312220441,9.586141269055508,6.644253076874466,7.907509594408484,9.788319064092848,9.523149567510075,7.6466694730113405,9.776930892288735,7.059671689801248,10.173093217030523,7.038340842219184,9.725173521732032,9.435694546422084,10.441337726371868,10.031128178914017,9.33037597773357,9.54440868330987,9.74554335819916,10.021079192519915,9.713647945848079,8.41640259589722,10.320563418691638,10.338651963981945,8.897070007601599,8.178035584185446,8.07200595574281,7.654903238561173,9.581698931802352,9.46754057544941,8.13553478993761,9.600581057649608,8.547807694571102,8.434028970219707,9.264436501730362,8.785734253796198,8.80324220013223,7.7932499887165205,9.818806015066775,10.524823788901625,10.047506653496281,9.909295047914167,7.646742444195495,9.66431499584752,8.429585308741405,10.060508390040026,8.912499332598806,9.04103451798392,9.603592257191918,8.716997451451265,9.744926020395392,10.095886511079902,7.954791487646125,10.514439415719536,8.445428165974434,8.87931253661268,9.595128654551804,9.527081976795976,9.443043032004796,8.768237137964057,8.532925374247787,8.224473623298598,8.031202920354724,10.216483036681923,9.649817239892414,9.638934049885183,9.93402918127931,8.800215956815386,9.427758949384062,9.225074086134171,8.739768583057714,8.259402736813922,8.29008871443589,10.368128922897625,8.645931887616442,9.746332392050505,10.61687473067871,9.214842033611102,11.564595249504976,8.068722702757812,9.7912971932506,10.164374532717199,15.96889654940904,17.16907741836552,11.63857098032353,11.70299604545987,11.689014778826532,12.750124518265123,14.663289829533168,11.45572435257646,12.475102101464994,12.011884687940798,13.283202219818293,16.613925943398918,14.711715620881497,10.886794490738374,12.44034932196693,10.05161624447113,11.509570094439516,11.364958056180484,11.607395694972736,10.436106219980877,12.059948351682474,15.18445183495098,11.0885393381391,11.553183527388587,14.216972527543623,13.338250797447152,16.58496302859596,11.682683701030486,11.379194467419584,10.288203238940367,14.589260656320464,13.89357721176572,15.589961770303702,14.939527970341592,10.624889114750971,15.598556729336291,14.533996994339445,10.90027848709115,11.45513578337219,16.47234192884403,16.42486207984219,10.969785734662201,12.507031666107254,10.9943553045516,9.735436910117537,13.61561538134224,11.171645290990895,15.260909627455149,12.14563691877936,15.216523676518008,12.758978894753477,16.485794178177215,14.08348183268312,12.089045538490238,17.014655597153688,12.18690105534346,9.436523546928044,14.163325702672628,16.484116608957923,13.061682800993749,9.915067450395066,11.37267519487287,15.97575078828886,12.96223131531522,16.087704376909503,11.238589406605724,12.271034242320951,14.58315984057395,13.149765222592317,16.721820122654613,15.19689153844592,14.878698089406486,9.750244724328052,12.609952160400649,13.759892595989097,15.146922939079317,12.247618594877975,14.343924044161847,13.827961418218177,12.203274376708807,11.597774797704778,13.632257245118158,14.034299676161012,11.5921578195726,14.564726491486248,14.406884736875787,14.490369998325956,12.690806485512683,10.182115286608719,14.217658234940929,16.083182694974017,10.787809865574129,16.801957406770057,13.419231788114534,16.02492416144392,12.526080802152974,9.93433985980777,11.6500390049364,13.306264181237628,14.115122406247469,17.092519521915033,11.88352908081092,12.533947984349952,13.498335754814045,12.354433572240863,10.303868973678904,10.633992903114681,11.594882751155488,15.09853438846769,16.826214127491003,12.846664217056489,12.060834293876066,11.224147379466867,15.32264287052454,11.566242199996413,15.344261827393915,16.65174204969617,14.241912410331393,11.904287749595763,13.083005729617508,11.08022188274525,13.247669756921733,10.539935513533056,11.699413087081831,14.871043678608094,16.095632758682896,13.084909532808576,14.589336316605154,10.410120289965862,11.82405123219403,15.912890284562215,13.349418425824718,10.421523723007738,10.653014849834152,10.935597042112358,17.331221662004808,12.475013046842951,13.928643018524093,15.821946401885288,13.84218676483547,11.379228298260172,10.912427725674476,11.703436936527677,10.447543980634144,17.434165944135692,9.534736152407506,12.52167736062208,10.888068772164502,12.319647215278371,11.558804703295397,9.779463581055682,11.811360777049574,14.930419298423471,14.964964273850475,11.023302418108699,12.526987746701343,16.12797111701624,14.737457247633152,10.641373266557064,10.389098885761012,13.69782848767408,14.149632181348919,17.832852885399646,15.263502543253557,14.688608682877938,10.217102538308222,10.564884625934303,11.73984903862498,10.907721414539576,12.61614940323966,9.97812292874203,11.092867385607729,11.630191869453206,12.819383027894984,10.494689662799505,12.28275132504566,9.603408317486668,14.531168627249652,13.99419016398971,13.22107224610903,9.98431410474787,13.016953403772481,14.790353821599448,10.572694526812306,10.633939675321203,13.520848094369864,11.285855911697608,11.082853094040265,11.423545026305758,12.460014333139014,14.958341491366264,14.035472009054686,9.846260418914587,10.491023101022249,14.177841159290463,13.814439566294192,12.668241168873456,10.773343483186771,13.665883826802215,11.228828428410509,16.63338309462583,12.556792180454304,14.976923883720088,10.390470382367049,15.565334724110494,16.6478275799315,13.213355305636608,14.089461682510793,13.68073709362568,16.57301011949652,10.338640220694035,9.849487275493903,13.386498284756566,14.557716197605256,14.04309554581681,12.009640129237251,11.566162371187138,15.078715032643483,12.697737361525956,14.105680341380069,12.75089507614739,13.859348612735644,11.412636016452293,12.289759203084962,10.254131001524522,14.371149520245089,10.741597459186348,14.253015471606822,16.21771109352051,12.774546333683569,13.842288125854855,10.25524252201191,13.518212025020102,10.97170252534322,14.816208990458597,13.170149353669968,15.031611447652008,16.033831461902427,15.198733084936395,9.9972222590789,10.458668179602334,11.892371283044522,9.719010123829001,14.074960805185734,12.375118799586396,13.050087567333474,11.967626674291958,14.328422299322389,15.719730936246606,10.528349751254089,11.060733144538117,11.41482082849145,12.365129522838556,10.578890114370925,14.76624157160727,13.075403368528592,19.165472556496017,16.062124476684165,13.72702376924185,12.874586687146214,11.971934853930936,11.316998677310098,13.852506538004269,16.12944241163719,14.550622734623655,14.97987969532107,14.120609819024196,10.78927518186795,12.664473995856165,11.806167572538632,13.687508125521788,10.98494644408125,10.146251772892603,13.762615604806808,16.09947275422873,16.09528163006877,14.639509112897386,11.69722191283814,9.849296385617505,13.21709073466382,15.252849402540276,12.23862882071219,12.634645392497621,11.223121411674612,9.985706089599482,12.632452394882167,16.77050428274317,13.72732252700797,10.678847851953805,10.688744490741017,13.552298681327022,13.230175163824516,13.721579176176727,16.880780000043426,12.614622118187953,14.860071532042745,14.183454233747636,12.849756050431248,14.233045784205943,12.389315850928252,11.195111683459217,13.047405061447604,11.17695956098084,10.241486973746644,9.622807093585395,10.816737633964317,10.581079787999712,10.31458359675367,11.07559415652579,11.479652135746244,10.452856224895557,11.451618292177843,11.2173275573987,10.714237178761893,10.458589098353968,9.673949689351623,10.774063013885412,10.345477423128246,9.587629744160688,12.559139011957605,9.787515756079712,11.11147127854357,10.06873131698739,8.589805957393082,10.825014136161782,9.73608634020603,9.1445772595719,10.621583636304852,8.890988270189661,11.07052446538314,9.086514924422799,11.655581731754964,10.253353094919682,10.662056017422838,10.145951917255722,9.330026397659836,8.98547756797915,10.595917515104409,9.265151489662077,10.995803346212803,11.208010518103412,10.739830922488768,11.468712404299168,9.578879303237523,10.768181850764272,9.994737779840014,10.716406739375337,10.237072472749755,11.76970235480137,11.579540962752047,10.56837959168527,9.835953487877337,10.941474158228786,10.094475224441116,9.654335079305794,9.671637166173488,11.490349574496998,12.28433329134612,8.895691290890891,10.98462167362954,11.528670660836728,11.090135276221343,10.2833997184988,11.197972739328026,11.600970598760163,10.009108509326557,12.166413930102602,9.973010029025355,8.267122199904767,9.949122331450644,9.056354703295927,10.150486929774875,10.973244045911224,10.60614522673544,10.355683789839006,10.559209776318086,9.835365256243797,8.645999828102674,8.985422032481816,9.50241546614133,9.542986822417996,12.12719301352456,11.215396713989756,10.496881444789883,8.921053713244685,10.449333270110092,9.860460414205084,11.431251929526798,11.170343169346665,10.247183577315841,10.184359504686073,9.509451860693716,7.777702709231358,10.764484456139522,9.676844625531336,8.98792108354945,10.00074480038453,12.322708305833954,10.58055890494768,9.260561494198848,11.425920640314898,10.551590302977816,10.04747909118174,11.242682982963917,11.945271967510182,9.741923856977529,11.033744856608893,10.835711413248847,9.854285983984198,11.148038183610314,8.998791592683952,10.218913824937925,11.151043098382102,11.114082077608938,11.097599817917382,11.54833881815559,9.979659850026003,9.532234886008128,9.101863403795234,9.540437250769644,11.211618273397278,10.019467048107352,10.571645972159773,9.602499546386856,11.427440120802705,10.107555132433589,10.230107143229526,10.625341247500986,11.179693903512545,10.902717830454051,10.169858536809553,12.23665388284531,10.346342590419892,10.015828228831277,9.506999240954926,10.151979707042436,10.836251650656772,11.008753484700602,11.128617676110938,12.230193719136667,8.713338439658699,11.583202030624669,10.259302555945439,10.288171467782876,9.55526730336898,8.92702444803273,10.306549543594587,10.962778469970269,10.450379069066841,9.439438519190137,10.96147188052507,9.43125575873302,10.85375260157969,9.996801638749215,10.821491254700181,10.885980120106815,9.611852407234938,10.787291489178942,9.504297287653559,11.171751041876137,9.946407090722316,10.513566415941012,9.905563098413905,8.350319369081467,9.674559348619265,9.854927209789283,9.183817746522852,10.295306305941955,11.390678388325814,10.647088992676794,9.548447749383579,9.602288178996014,8.757384679626384,8.956598678597587,9.640657550433719,9.21040012297907,11.044451631600932,10.519704979258382,11.404354230315056,10.194314308681973,10.01638675108242,11.132361180705516,11.625995656400326,10.292099558081043,10.978071683000417,10.60611472642398,10.165803488165976,13.083681683580409,7.421890856118527,8.524401246855883,11.283264683475727,10.327027094329676,7.8238549034787574,10.690982698500479,9.203252713475027,10.48733301761001,9.998461341087445,10.355255138019208,11.672641438007568,9.346160389938227,8.747840164526435,9.726569243090104,9.97446960621917,11.334111035285819,11.11097371362941,8.933772251454299,10.821628433651783,8.652677758296722,10.078163414020375,9.150390908129635,10.191225570902837,11.298819703907375,10.386672577395224,11.472941047220777,9.116809786897068,11.760221548022495,8.325394550422924,8.906383582704853,9.730242944919311,10.540436710914845,11.030644805514697,11.26499519344236,8.617708269285274,9.691976832481425,10.369674054501152,9.76819060278916,10.578886483494461,10.009815769026467,9.744235462620036,12.429625072804143,10.79368149725048,10.574144095594546,9.994032992757194,8.734807039107517,10.288309016983938,11.477920526723718,10.577768317317867,10.821299297126918,10.590783092063841,10.853982366742065,10.193939880359824,11.492458009731632,8.427850080986927,9.757672409586839,9.404472852840678,9.133360202984756,10.585091578583766,10.358796296706753,9.862575999675364,11.517181289719067,9.199038642663021,11.073137734870482,9.290319121905402,9.662542996528696,8.874489747363992,10.501473657795229,11.079941108933447,10.33759413787056,11.222265764432725,11.295906246056973,10.939813369501994,9.826280539641141,10.752084498419176,11.170192592685272,10.36259557313341,10.646826733381898,9.658527030447651,10.246635930102146,9.393742606705354,11.56289220647676,10.70156861956357,9.578426006106477,11.106606148329401,10.633769985664333,10.975601952679519,9.880285523532224,9.933780827796467,9.560039399754471,10.92767872962819,11.044008815796373,10.406791009016244,11.822080604960925,11.455631390215892,8.41264687582563,8.967421677907122,8.07488547472087,10.464065577876173,13.80082797516201,9.898283338095766,11.223838966246943,10.866897767912791,10.215067476349303,10.457243283091595,10.890708057447684,9.818477935412625,11.132258933262765,9.935027948074488,10.048525099123847,9.884759795779786,8.972394759711802,17.69324539918921,21.746010646003924,16.39906849653993,20.295962490746174,20.201456169811255,18.26967685803818,19.593043309005825,20.307473160889796,20.365405271292964,18.446933494684558,18.9260907744011,17.822885988224634,22.40746125353521,18.198325914051726,17.93007678637485,21.47741619396428,17.851830563263153,18.494640191087235,19.199913814911916,21.629384027282423,19.999427587766693,19.04976144064486,19.630996710707446,17.765213097598398,18.370047320303854,18.196061251658204,18.224142110237942,20.277807619569643,18.194811319315775,16.40609191115157,17.64725213384055,18.00229275581954,20.158669887885686,16.06295048425064,16.169693124430058,20.07913083508799,16.15012078552004,18.02672959811278,19.084414702126043,19.034242528464812,18.174330919644863,21.811406678588625,18.940644358807525,17.61469394269601,20.021540239678007,18.267290659648033,19.136650064141676,20.910818651935692,18.78070286556324,18.427649391540875,22.50806093097182,19.4609804660113,19.58422461116362,16.453240978847173,17.624316374677058,21.617202291805338,19.39508048963731,20.404068778322845,19.529518224841436,18.17085310309542,21.17329982559093,18.414206279394424,18.725220310380124,18.944798407836814,20.545242121347027,20.007051222674807,19.390711010550884,19.774129286963205,20.255533070298267,20.567837870453538,20.388279367534796,18.58765924262579,19.046023970530825,19.076991129835708,18.78829764419594,18.401032077594394,19.509733013068455,16.118497027531774,21.808943497589556,20.203763615315747,20.27071618316684,18.708313770540364,19.132433990802895,18.288606530237033,19.181383686321613,20.197348928094428,19.095505285636946,20.53122973191425,18.23834388159906,18.253421109366087,18.261895967387158,20.28726473131249,19.461679266711293,18.48632784257979,18.23640278539959,19.89924731868282,18.44990713061215,19.11080901962569,18.149456242770164,18.278747557124603,19.463426281000977,18.004385614069015,21.748763796880098,19.762586967214382,20.671062649350343,16.11879366412294,20.601849192545135,19.91038545148316,20.793489226315586,19.315501889013053,18.034711668042792,16.381019821693386,20.529114248152343,17.687607316211697,20.167946584773077,18.058804469722237,19.564998329619403,18.310483880737983,18.629959784317933,20.20196369940956,20.68078597833381,16.253127930433052,19.81627785197943,20.3364527052984,19.53878269449306,17.107892298313782,18.62131666657891,20.082832447416234,18.933384274105943,19.7919573275245,16.062798184262824,18.067049026328803,18.715470171284778,20.594948600074883,18.563699295736573,20.75707181877647,19.139278662703013,21.039835420891112,17.98678729288611,16.030216449017143,19.741481639875005,20.377851298320962,17.250919330791593,20.0045469739995,18.211819818738256,18.673005202018253,19.858537194511083,16.933871258869505,20.482643023544878,19.04355940823897,19.115119303448374,20.36801187769053,18.537714254057757,18.988499754404042,18.34190039604374,19.135544383410384,18.913731204192594,18.54749423815573,18.89492376865212,20.23142830406329,17.981984407655432,19.621550513010632,18.381213388876883,18.4121072438001,16.18863446897533,21.59950049194724,18.489279733220332,19.059788676438185,19.28098155560579,20.252423340264034,20.27009768008991,19.155488128560833,20.088225639355734,18.578125718621003,19.239083921295432,17.90530617288093,19.481138882330686,19.52908564676809,18.242280475199607,20.22763856737614,16.893351533660997,18.731229294081214,19.084446273364097,18.955555644978812,18.68015041027374,20.758645895672508,18.23393400506217,20.519191016169252,19.769465001612726,19.51849105035038,18.326109642601164,16.543934934517996,16.433037474313775,20.104973441581144,17.619220756761116,18.83380871127916,17.93294018150286,21.30283035389593,19.097100744956496,19.148849850950363,17.022943481911955,19.100260944542036,18.26916634303632,19.033882821827905,21.799487220754074,17.622866788093095,16.15065050834433,22.086238526547035,20.002882017147837,20.391558219467143,19.158101528279023,19.34564564528061,18.8630488634317,18.990866317397373,21.84399146003851,19.089619036809335,19.452074646557445,18.77945812097791,17.495652657182735,17.58143332818897,19.53626029235524,20.332614225828298,20.94604226129015,20.781152510447402,18.974035906471453,18.005941134236636,21.92589446608106,21.718760055150355,20.443839152590748,18.452735298215384,19.656884415107903,20.685138606736807,19.139721636379527,18.80848391574083,18.091515020107853,20.207969675874715,19.002051559174024,19.007992442530714,20.540335823524945,17.03239215499828,17.29886874090785,20.44539535390468,21.330753952622853,19.797870085308336,18.16243247918888,16.311289194926434,18.853737335379794,18.0922550748339,17.451258150076,18.87412557382713,19.248747029270827,20.149526642563796,18.891721538814824,16.05471491476281,16.863356314485426,20.562517999638963,22.130165570913597,20.87382996414492,19.040753565557946,18.036958270560508,17.88074842144174,20.524656254782613,18.08613210169884,18.89606732949715,19.817246106574835,18.884380021128695,18.427435982968678,16.108931776391504,20.459492446856142,21.430820718563155,17.480075941276795,21.35873913570313,17.285033567146524,17.641822756381384,18.216381262788286,17.838697614396484,17.87257259362679,18.926690357494476,16.709693545346855,15.964771008927833,20.312334549207073,18.515967049340425,18.116439505276674,20.488064227771677,16.453012579277388,19.321832947081994,15.227727156228656,17.666809060189074,17.74228387827239,18.338527988932203,21.20419129486366,18.09468150475538,18.457519754416563,16.118493783110328,20.66059367816993,20.115726036059687,17.879020386902464,17.68317613572116,19.1294531470148,19.716820419718243,18.99807626058155,18.474342044936606,19.202503712417162,20.441046222794093,18.412277276836303,18.05883868866206,18.949802425117664,16.52047362125589,19.754460385654216,19.75707424898695,19.49156678274991,19.624609096138748,15.861756446404735,18.097832727543555,16.47163349013315,16.818802583308155,18.732992246799785,20.125947678331652,17.882905718979796,19.24678058190696,19.368342700195456,17.044283460342076,18.368983429170857,19.108720905583695,20.40458668364746,17.178458639881075,18.951655797902973,18.066083475748922,20.753737416497813,21.615707844152762,19.7364406294614,21.02667965957934,18.45751344922065,20.674297218261632,20.48756029288417,18.04675401135981,18.094348124285418,20.85412700011337,19.496696245080066,17.007466502729784,19.692973415081912,17.65415634040962,19.075772138494372,19.283703578196597,19.367974903288054,19.528410927657433,18.598070005505004,18.751235634110046,17.676426770898022,19.979508834814975,19.86463991901006,18.45750989805089,17.014896106371758,17.808919345301362,20.888622380209544,18.981660037737427,20.16559405206361,20.565484482208184,17.997575487135414,17.460125030548618,20.40965469742423,15.416461739354656,17.686382504658532,16.345306908604638,18.254735719688846,19.55659774941237,21.662316957142234,19.792659536537535,20.21050461890879,17.777675415280466,19.852204289305806,20.64190170937644,18.46057296841863,17.453036473888226,19.048082742238783,18.379838039585675,19.867160084034776,19.412191152610788,19.41227109701633,18.5299431354528,19.330058686996722,20.425204164513186,19.707313684879885,19.452825150242397,18.1929537675943,18.004295472531897,19.757986591848063,18.529527910634293,19.18555047614236,18.06565371724,18.377829111764278,18.325757116383077,18.185430216417416,17.839185832704903,19.389223820930827,21.99704386731832,20.872897337857527,19.722742445352413,19.37404313458719,18.904260818566993,19.640974403119234,18.715582344947205,20.766578932953262,18.726042340712798,22.176341332357385,19.1038416368961,18.169086987232816,18.06051794789001,18.976999555089368,18.53572947651639,19.308878600532896,18.04853661786522,19.143359300925308,20.02968093537828,17.907227791669698,20.06457413795872,19.352085244202172,19.5855530138755,17.808798106115788,20.697532343247254,19.37417396849752,20.963503049106478,20.51208353582399,19.2097098861011,20.376371995378985,16.514800902328506,16.424157957443665,18.854967098520245,19.528169106701103,18.514933684188765,16.98948517328937,19.22942012744822,18.537349632202773,19.266131531937006,18.78844250391205,19.964612429396464,19.42558371697499,18.324027026779092,17.98317374704877,19.756200339489915,20.132823686917593,18.52969277543776,20.346577369980817,19.523215351348856,19.78062906083009,19.6520879079828,21.677730711482432,19.529934177184032,19.490915768027083,19.378274750508233,19.655326586510437,19.075231603284177,20.32429180227762,17.124386482747287,19.974273492130674,20.13169531155853,18.394359470774333,19.995677962065244,17.94359572524394,17.94775176136128,19.30422347001187,19.060215884377975,19.853665008743654,19.201847393034008,19.88292884433167,18.35368691840417,19.98934210867178,18.928029829607436,19.96350744483599,18.387693321714348,18.016410799240713,19.298127223031848,20.638504227092554,19.464425282792522,18.309754308847175,19.652771607677668,20.759568067985168,19.27994409894237,19.625250645011807,17.59199482520756,18.048793350264155,19.208557691894146,20.791720730692013,18.683437991247786,18.933215887638333,17.735376563139255,20.807963497456473,18.236490095446598,17.55696121381784,21.04802143541514,18.052757385464236,18.74129852869261,17.579132462174428,18.757552642783025,20.117030752452813,17.959281974529922,17.91183662162421,20.51155489613593,19.55138201087696,20.97423573466875,19.25976050630124,18.54158009490323,16.971124269765916,18.87458946115553,17.498347448873496,19.99881579391214,17.967728560645,15.730963209967502,20.825523963043846,20.21544609868307,20.506019649706715,19.392889491678822,19.721168397135163,17.97816744376304,19.18628858223399,17.75379298350718,20.207741776580804,20.322706422509466,19.146442439566197,20.02625524414096,19.03970615201405,19.89034855540021,17.911349568354897,17.64484114999544,20.208835716937553,18.216577778592264,20.051301453186692,18.711012790493182,19.71341398729241,19.051175350194214,20.25612689483465,19.48356522825228,17.441159027154555,20.31073199524335,18.964825009332326,21.459285257131043,18.47549139555297,18.92822228198048,19.81565920057107,19.747702178079145,19.422786187892243,17.838401221198314,19.304523867926648,20.455891744856512,19.688380188485297,19.098607887582208,19.252360644023067,19.78559080004906,19.264694517221397,18.501009424711462,18.794931834174324,19.630008361085782,19.774215553765927,18.546774890412074,19.919009403155517,20.049627899723394,19.2399721588286,20.9370975368783,18.45340290719276,16.186646821136847,19.987043751208056,17.339663090450674,18.839185493850696,20.234818510819817,18.754016846124465,18.54793312542256,18.471733800752087,19.710922023870385,18.85646585643649,18.55032881362095,20.089590312788218,18.75269431428421,19.209861564030987,20.100638073268104,19.106827463402333,16.85629981315662,16.12721408815115,17.139951501038723,17.917000800719006,15.946105227307816,19.89418536762323,20.210210844430904,17.272616912173717,19.519681823622186,18.389868209088544,18.972251156863084,17.638318522339112,19.147698498989474,20.02694592240363,20.080313655592366,17.9674579671086,20.651792638854225,19.612357715422533,19.503643308115315,19.134816120843382,20.00769088581401,20.79038779758771,20.713232332648225,18.630496374781202,18.85942456649564
84,18.26884593929803,19.020010243513042,18.242288337773736,18.470902716461975,18.145268381046826,18.98423428866832,18.745113899522355,17.886020011203186,20.07680450765893,18.428211887648136,18.208890705886432,18.439521243462003,18.17459403815898,18.115919458136815,17.908059500881336,18.89863440771287,18.74423244074945,18.18618663561216,20.570934304243753,17.56487445226136,19.496617745118982,19.177433156944698,18.529135832609004,16.931927807847668,18.509734626806594,18.569572923384946,19.04529012543926,19.079296710910835,20.143688878050884,18.304104650746435,19.607673531436554,18.473629830239677,19.74641132769819,18.130371025799167,22.156914488517597,18.999133338208132,19.601394645602987,19.814251831563723,20.472394959826698,19.882241560718725,19.47098426703957,17.876833595451203,18.967020872720347,17.886150434328,18.919362016864646,18.394888704774605,18.428268575148238,18.79791750744142,18.47956644862934,18.93449390839201,19.78448929723562,18.175842024754242,19.563370855517263,18.545816694229842,20.154381068670105,17.911064932639647,19.203274959685526,18.80359902127612,18.104165526174825,17.8760046464957,19.457414035456825,17.834604901197668,18.794133387089154,18.483871221319788,18.409270497208755,18.366642464620153,19.548104772343002,17.54587613368109,19.096071901163548,18.22498464899694,19.514822184255053,18.225899447018286,18.974762416301843,19.5264539608829,18.662132248492963,18.202790464961858,19.774075325533758,18.33745004698534,19.306530457468675,18.446564869407425,18.98726810386672,18.92024039711022,19.574583563550227,18.445439884160407,18.12929468532953,19.207640511812617,18.11293925356052,18.98525650197219,18.007266990185435,19.6085299467758,16.853911195039114,18.36185236126566,18.36358152813259,20.061474860517027,20.58489587050366,19.17097814989765,18.227479377297048,19.22055707433801,19.556978809830387,18.508780353064054,18.01744572839688,18.23582969151946,17.43955801071136,19.477724729837533,19.477545624778436,18.2368917767018,19.64040096441623,18.96010277530015,19.06689512336113,18.968870614579636,19.794065310861644,19.559948811488628,18.456684385312755,18.527827907336366,19.38145689051975,19.0876965954572,18.19155663106032,19.198303182013944,19.073018762429243,20.042445910908516,18.900375183063936,18.73614146310423,17.285113997002146,19.361132458158885,18.997733958540064,19.377933093856978,18.75639017314235,18.58752413963592,18.41907298126771,17.77896150614605,19.12187400744085,17.61618915272891,19.98855026207365,18.9279994063722,18.569157966720503,19.063244661636087,19.906954952036276,19.01301562562952,19.785988139106358,19.028500773281024,19.61494257484408,19.932575293639626,17.910191578550744,19.586522250862455,17.443850597800377,19.001742912591055,18.53947436915614,17.884983958444522,18.8860033712442,18.80152123775458,19.63177909920476,18.157517648919864,18.976078204953897,18.815996580880583,18.575331922760437,19.463166778495005,19.44975791222975,18.387777955749016,17.890218509761215,18.62490791921668,19.70147219737356,19.084009960380957,19.530545714212384,20.153055958321545,18.017280893990684,17.72811844374332,16.912031606662985,19.853282753467514,18.089894161080124,20.579256463406416,17.958726160926155,18.07520329395501,17.86318110908804,19.822780968181018,19.08679645318435,19.1186429874365,18.315764591037563,20.110814712038753,19.28929082607648,18.63251360181361,19.226372406153963,18.546933699681926,18.201706534602515,19.062367213509788,17.897719155256834,18.533957195923005,18.276159623591372,19.085303410284304,16.82136791023008,18.24238139195894,19.53822658835133,20.60114365719628,19.603478021343648,20.406846564573076,20.318941601735293,18.334954971274605,18.489300422665163,18.318291254288358,19.296274000459782,19.31760146816243,18.085542583913384,18.869805354698094,19.56382340239353,19.59604895123342,19.31467792855067,19.486031746869834,18.02545171604338,18.11500090574353,19.20198536825716,19.247554985720008,17.932262637644953,18.25684820404397,19.337981247682208,19.109933517239934,19.140966994156265,19.088442063122137,18.403485583663922,17.902392155842534,18.45884781676759,20.10293465173712,18.99748965463261,18.22124090306233,18.333445528350037,20.317991387077758,19.36906818023227,17.54302858092416,19.02697091407777,20.576072290019006,19.211751166579898,17.561452359869467,18.629366884651436,18.064226067225068,18.198045989724022,18.471412098195056,20.1527085422591,19.39859575413411,18.02079873901947,19.161906065534254,20.344448274710402,18.354432453289792,19.13845124944961,17.98247107129211,18.961945113184818,19.67472371759124,19.007370420003443,19.075195725338972,17.444659756225008,18.056660251406186,19.51252982498568,17.952920533701448,22.121684918054292,19.142641251537114,18.979652609258157,19.510807608933035,18.216648185214694,18.313998772284553,18.454319264444536,17.6278884319532,19.04154743723086,19.381996392388356,18.839390965359307,18.170110075808815,18.35572120285241,17.678799034268852,18.537688045820754,19.39562247950623,18.268512130697946,19.806221267459723,18.379924475334256,19.978937130109127,20.72376980533074,18.793683423374386,17.993066946825227,18.70124542052845,18.196444800776177,18.25762159432513,19.10562017728002,19.65010209195521,19.960390203405087,17.645392334055394,19.018464676405813,18.909760132413183,19.31536452322046,19.33308464726966,19.417683492094355,18.71756379186809,18.900448898685635,16.851414241541427,18.317617501646943,17.959903980116266,17.83939840285362,19.44522195499655,20.55741486550788,20.085779861807303,20.35441234367331,17.89846843878342,20.756818430123417,18.19737966866161,18.88426161947499,19.03496298206787,19.28025895507399,18.735801098378094,16.738474155484205,18.402416762552942,17.622346979683826,18.247898908699092,20.415461789597398,18.89704491760849,18.99166151204162,17.61224257186511,18.96901047838697,20.653503276610238,18.609728038281247,17.319250887825717,20.232159906903846,17.2861540461847,18.323281906907397,17.19856812695132,19.327048534290196,17.188745656239057,19.16353941315644,20.882315387282507,18.144538427908806,17.762701312524353,16.163195994816885,17.424529389942247,18.306184146968835,17.967561538792584,20.311857819701853,20.0594232083777,18.83627154225784,19.195182190246978,20.71173995172559,18.553737127470736,20.78895409776901,16.985011502453684,19.635843037061687,18.854724586381593,20.550450081883515,19.557676931497014,19.96933213032897,18.730933652931242,17.36306663402821,17.351171725815423,20.751824130026336,19.44236274129287,18.705040900459647,18.501389230387634,16.946107180713707,17.47955614658118,18.208567914953186,17.8508788535228,21.52905867457545,18.298697275205303,19.07836703328345,18.196033154186914,19.867378985915938,19.169850236913575,16.307912616538285,18.464982261839204,17.141134444510193,17.036703076262587,16.926748661403185,17.740204186193473,17.16923974471925,18.260864264844926,19.18624027916446,17.112183933579935,19.86191107760158,18.43056713767588,18.604160531764627,18.600513057331888,19.700602927523384,17.28948773511608,17.259836745756377,19.21366042131496,20.907315896760636,18.707735467883758,18.01915226942442,18.640111731261744,16.75588848080211,17.737289022304527,17.485698059272423,18.158364218095002,17.103977890348993,17.132393799799548,18.702592124383617,17.737916645753348,20.149334571375405,19.88447129349904,20.807174408328194,17.018515916798577,16.666160518634815,19.994040980975868,19.018881177898884,19.334156212067015,21.554625700775087,21.090119062229714,16.647329913795627,19.969830975847582,17.470568928065642,17.759983705495742,18.26953542689345,20.2300594215288,18.73484326673299,19.008364791139293,19.261732791343416,19.50874464367182,19.408702533917342,19.167054473875183,19.29051417435991,19.171819297278482,18.87039786014189,17.04157998862584,20.918918036214176,20.865176393575986,17.526222851697547,17.881531022815135,17.341586647822506,18.80987961746085,18.631325443317262,19.61792371196163,20.456819180274774,16.92926527235868,17.703181460249347,18.522154986580173,20.1202957048699,18.7691912098105,19.155898918359863,16.44212518030961,16.177749155248346,17.33179948670839,18.82072093956482,16.622006120367327,18.77726555663643,21.525221691917434,17.393377907776422,20.395436627732682,17.378560572419726,18.034108393637947,19.24998799811853,18.113418823190937,18.58270587474529,21.597833487263433,20.43367018074982,19.823489428102636,16.908284447963336,18.998320246202383,21.041354700327812,19.970848971130934,17.556335292255692,17.984602837158686,17.07265806260978,19.339636481261604,18.262394975654622,19.759371255329768,20.998110823061925,18.742562362020827,16.144024637299097,17.240779686697913,19.41273158938368,17.774220531076395,19.809386637792255,19.218032205391157,18.505879175257018,17.31565164213236,18.06716793227124,19.01645401291445,19.60544465043704,16.947175998277263,20.00662269037154,18.117234188626487,19.594684525802595,19.11060823467683,18.607595709555287,17.89109255506202,18.09168760144141,20.86793672901011,21.43359853752739,17.3722384122672,19.26465593647716,17.00404666274664,20.38608180228938,20.836730065138962,17.78491059556561,18.66587863506757,20.767738756543494,18.304333862980197,19.587652728220256,19.49483612806862,19.182083071959504,16.45190889884365,20.374898824984633,18.947336573902525,17.726011877704494,21.111545661628817,18.15623891254906,18.12940646562107,20.216368241377456,17.99035900155294,18.979685417310435,17.10818603363663,19.590556040674276,17.706091983416574,17.624427061848206,19.462321267649415,18.62094590429768,20.78983263637562,20.148347582688135,17.783402956367123,16.633604369696975,18.490106393103172,17.560161948823204,18.764326910809032,19.19933875168889,18.711978104899266,16.896499393187746,17.70752438818568,20.868145114918836,18.76707878910116,18.38701743378272,19.885982792873435,17.003744587663988,19.68713744814931,17.526350644719997,19.720260030435522,19.204066202088022,16.857472641952466,17.701136498443667,17.442089599251446,17.857405033575766,20.892146098888883,18.545369324861515,19.283736279303447,17.91859661185578,17.66518094818047,19.937967344404065,16.928598502093944,17.91173213574618,17.729957123103933,20.006088768856216,18.928034978629235,16.354977972699096,21.55196576418506,19.02627038690948,17.23717343889727,19.155771072879,17.865133873584913,20.543121626982288,18.698251363904063,19.1944662799686,20.552204113612945,17.852530008808767,17.315957896336144,17.40964773644719,17.310203044581105,18.759381662919633,19.888742099347063,18.34424980090339,19.940715142777144,18.345405574759624,17.794192774792702,20.308979482794808,18.83971489013023,19.465188801505555,17.550925820027835,19.091979156688957,17.773758852259927,19.008386176099172,21.176449925310518,18.34036156971176,19.95719564427217,19.284640266989932,17.26115828543017,17.544404453601217,17.90514703425308,17.556876243157312,21.096485704651183,18.18466217884122,17.195962677045078,20.98604551346177,16.96090871794673,19.043192988498966,18.94299227788124,20.356923608680024,19.01787146139051,20.629360247893676,18.401406530051936,17.92590950263475,19.978557232355573,17.292601726516516,17.685003077437347,18.064947972950254,18.066699694099714,17.77941975004671,18.05451158936785,20.648287572948117,19.555365340071955,17.340006127827962,19.287824973128707,19.73921702301748,16.63707587138927,17.713532508834565,19.65262630393794,18.45044751026439,18.259302062295532,19.127199736981826,16.51691592191597,20.161446356864918,17.605458352186872,16.477739308422382,18.699660846959205,18.257128291938677,18.848206504302677,18.029340556499466,19.366322075944797,18.056162942022773,18.464693762417788,19.582530878944983,18.84945863087191,17.78448183688171,18.67146696387703,19.002891038655495,16.67136020268894,20.551822183393337,18.104897946090098,19.266493492307752,18.441153256767432,19.17128995404032,19.19552902327044,17.71482885295839,17.60272663427967,21.215224490177597,18.623587817737537,18.122443559271378,17.769654376245693,18.296006631167778,18.78740150601672,20.907863709069343,20.04697067405548,14.987829326075335,20.954548372470367,19.049433260886232,18.30318428168614,19.16673246504279,18.62801473685495,17.76739610267241,20.484186434912726,18.621398923011157,20.39284663315691,19.225798211076587,18.618322898575016,19.867374207163483,19.82633489568282,18.21538657074961,17.61299026625489,18.137540636947634,17.21369271639017,19.90413543031179,22.46753270924112,18.998182798531598,18.389280896355096,19.41512349860237,18.086252993768557,16.864196447878914,17.925504071338906,19.623606295133094,17.981726583612545,17.803703191778162,19.009775681641575,18.823456333344943,18.560871663191154,18.623835517476095,19.120989906236172,17.905757860818298,16.47088697187076,18.033135136368298,20.80758216761514,21.041285960299135,17.58250884130495,21.055850792691416,18.20961067017961,19.04216192060113,17.89555794881474,16.729699992286978,19.140988997936503,20.052887803043262,18.141062317314148,18.8297674120369,15.005241573932617,17.880064556396846,18.939364969376715,19.225416238539623,18.856612534532605,17.084340317862598,20.53888435826401,16.187278807704676,19.15998713322407,18.95985570355549,19.942401235121142,17.942719382083723,18.597991513156515,19.85430035350719,18.315354514503934,18.36382599468228,19.73808075076747,20.358889273726795,19.326586883116185,18.96916941695396,18.786614587314546,19.511757273494613,18.93552874580522,18.856930947596993,21.003909823973874,19.55788497027088,20.056056888808115,17.864568760097978,18.907705140919877,19.300180032181533,22.45406140271497,19.636148524332985,17.702923037328343,19.4164581315927,14.952931003866201,17.218481679511108,18.375724313086426,19.015747625413592,19.02800394911304,19.894486914587063,16.529520332720573,21.292677497797055,17.39697515206543,19.85783535669291,18.852996795969936,18.45364301223014,15.26214874144833,20.10310375220895,19.139373502871038,18.0236621375443,20.238544468887802,19.661646589326914,18.520886962003992,18.004535749348552,19.921778815656744,18.56325913050933,18.78492095996367,18.27364491554284,18.593188048872307,18.16531428129705,16.613018594043492,20.346902335208338,19.922375198457114,18.531391374395024,19.937246912830076,19.07370666175854,18.322565694082936,19.898507653213453,18.307564838311862,19.93822319502788,18.36123322365902,18.896281218108314,18.837409570981464,18.211266230375987,18.48576010588242,17.983436638435858,19.089505881937246,17.882254023642115,18.02167013666148,18.684239829393757,21.526540723737035,19.996978459380852,20.908473599185918,20.821911001820055,18.916682829597214,18.527836499045108,18.2847709150688,16.650861021169117,18.681539093379616,19.97223687684926,20.147025695888054,19.194873242020325,18.16345524725629,17.87231624363101,18.374397098052473,17.8379440328459,18.593526089654063,20.62833456846541,20.548684781323473,16.460810681259854,18.21533833815705,19.56436504870785,17.32743165765057,17.449077628725956,19.12362210749288,19.50522618421872,19.842085250571255,17.61246871082605,19.305759372947428,19.640821255996364,19.91110595938974,16.34771642458015,20.685929558314236,19.16801247299452,19.933502712864584,18.813114299197892,19.739578030357215,19.325860192007376,16.639105635950468,19.592030369418904,18.157210646582428,16.81684743781388,19.724021594285635,18.315612024131617,18.740819118270938,18.521179712655712,19.021744597121376,22.330060005136875,18.537625059946528,18.899368312237378,20.125790093151323,18.19843865128951,18.452969628111266,19.928034472715513,17.43546378170589,18.97659435928996,18.418947846179663,16.717385463626044,18.56892974670882,18.011600335365916,19.037673228845744,19.660517329623886,19.893487566392487,18.997021944437936,18.216688803964786,17.01049101727081,21.610561803401577,17.08066034280011,19.98049665293284,17.89817718940237,18.30171779670939,19.120642165938435,19.085523393952286,19.128133752591133,18.791586948066907,18.44143928276315,16.758093143331582,17.213848105579814,18.427333785718496,19.732122758269647,18.700836821102865,18.330322160992868,17.590678519387286,19.873787681724096,18.61164566831364,19.045723761444712,16.318170644714773,19.22506340319485,18.082828697450893,16.633280261573837,19.970303024535884,17.701038510499696,18.216139398621667,18.4323707581903,18.130788470205616,18.402736509603056,22.25775175964719,18.276486807651207,18.44767410671222,18.709348319844676,20.13034769894162,17.576474346385815,18.279035317987915,18.533406645145856,19.432922227508023,18.773955119558842,19.50916678764006,22.487046848762148,17.958059371556885,20.819073900529766,19.553421814685077,17.81071622786337,20.15094805716903,17.901349751651942,19.635054195626058,19.85752038398921,17.981472829551965,18.775961337851935,18.985269297048955,19.070610460794956,15.580837286405464,21.121502849447285,18.927856217458217,20.90203097675363,17.797539932040586,18.212462030897832,17.334087804257702,20.036904346971433,17.889057218453743,18.318359396417776,18.74201435990617,16.759065810340108,18.01026725458884,18.666028579159,19.642904828682536,19.180757801712602,18.712447448167744,17.22366812260642,19.48338698564465,18.049934065741358,19.064650887433388,17.788724636546224,19.209045496682837,19.708983133822976,17.40295760071245,17.389466020435304,18.856571847078808,19.400957126611534,20.124782675168742,19.658268828233787,18.86628675689833,19.781233111556723,19.302306814600282,19.083421817473038,19.419457237719023,17.902153483532526,18.892049538208678,16.803237648224194,18.28365095105533,19.21476439508925,19.758696029045254,20.403815632850698,19.76971505810125,20.3050984831882,18.533918045043766,17.941223632454335,19.535058750111293,21.194951034155697,18.909069932053942,18.6308079760309,19.616190407501094,17.092461836094657,18.877833450358267,18.020087931388595,18.14820224143959,18.109265968022356,16.237902172200982,19.317687587625358,19.22725609661713,19.375264465361113,17.474798605715645,19.56956699664607,19.53005728279427,17.314770975597188,19.550178143815465,18.944506720421263,18.681200648150266,19.5273451615173,19.702085083932772,17.5268439814091,17.679826633361714,18.991490748961553,18.136847861089436,18.665555477731143,21.72065633779259,20.409913913607117,19.00107335468945,18.254941643521114,21.028711915552055,18.51435082238338,18.760444066367807,17.36943604194926,19.679802678964723,17.72051588030752,18.40453264549882,20.114707880898024,17.893888112742797,17.60748571066071,16.825552991478087,20.536183791773446,18.65223663795388,17.969784388692034,20.856828925019595,16.17283432461621,18.967287322532677,20.558629118129538,17.261468387190448,18.575032062472484,19.88264954047472,19.0148113401301,18.864071797111663,19.489624021000218,18.516673391320836,16.175371310816164,18.276935423134024,17.569038838573398,19.240501557215556,19.156999229662514,17.89146784417167,16.987850823349355,22.042861348375123,17.466711711246333,19.55374932665753,19.981721254845404,18.946622325797996,19.629782291347823,17.94803956278053,17.524128288070855,18.27095921513605,19.052836200564396,17.382498017352184,19.189382950803008,18.057137258105055,19.100999322050427,18.1350444836276,18.704399728032932,17.239478052272847,16.964850735297986,18.402483020540927,18.766541111227383,20.204526906785,18.992691006125472,18.3161033828091,18.005137679142045,19.382686902436546,17.302892724696324,18.3106657001413,18.95906283400221,19.423943186962376,17.989159534264907,17.416204536497,19.03768795063183,19.277560169750927,20.53704651510699,18.85951595473119,17.883831655675557,16.776847657766595,18.93494199059633,16.273879857620532,19.34205921141416,21.84240040864597,18.306413295957153,17.904455066731973,18.17907290833875,18.160539089815813,17.40948294572865,20.130511369080576,19.90519009218039,19.029425804089428,18.920339375453352,19.44488734373862,20.46806356933625,19.68893303300512,18.895535918659114,17.635395033788768,18.936055099730336,17.170721085307438,19.054204143942002,18.15794647625675,19.72784225238911,18.039429081321916,19.070059560224646,18.38631021903905,18.432496578293954,17.22449757284705,17.37312492638855,17.883880395666473,19.38024691503905,18.146621808698047,19.077150838573957,19.52112551028242,20.651197414301404,18.666666537692954,19.46051098596336,17.99133023885916,19.670871163563035,19.922766313469975,16.71495010452244,20.82263326539859,19.909624949782174,18.396571839398234,20.027577309141805,19.561390572488495,17.977050678603614,19.258821695977975,19.85990855194988,18.872947202170522,17.221610118743172,19.455810994853834,17.79540245579893,19.26669561357782,17.517695614430632,17.29497514403989,19.861641722748175,18.428869905174945,19.45624352345322,16.54381365214857,18.773623070309533,17.53542234837138,19.879177310334878,19.423272726200203,16.6793385661629,18.52095140791997,18.258252411910174,19.622049069362667,17.214996518374882,19.213536687278264,18.126113776596704,18.586859964011104,18.095325059089227,17.132577205976535,19.77053771995552,17.990288733590273,17.825300621405823,19.230670489925604,18.326558655603954,18.040138565775955,21.334870207338252,18.145828643631546,19.5267910048942,20.013782525747665,17.8313904973335,18.886148815531765,19.149982832949963,17.39972360175259,18.596923071749778,17.978709394089197,19.096486952146165,18.615714983932225,20.45469913461336,19.043094544490266,16.265090767410005,19.776399515240506,19.307680602374138,18.692544527393974,18.122861962387073,18.600491976349257,19.50565661976591,17.70189378336662,19.03357486643097,18.51140694413277,19.42663060568046,19.471846475098143,19.254484447516983,18.267463973019836,18.895681283689186,17.905103311918424,18.913250496564665,19.220822047024072,17.823735181241897,19.870731769791078,18.91152775291592,18.697015982129155,19.20535342550937,18.624255562515728,20.21498222166123,17.540705955579458,17.70855225125085,19.526154098988997,19.477900136681228,18.650769927118617,18.9497639483265,17.52472035268111,18.595984957017876,19.735327766223463,17.402933340785705,19.39244493117871,17.25174606349193,18.454674963343386,18.089903880191404,18.215886799073665,18.677000204422384,19.520331448524228,19.743462155923545,16.873168018027236,17.554433086766362,19.775876233267216,18.368527119498104,18.475015195081532,19.367149351373897,19.725912158015767,19.12280292174577,19.9829079629581,18.887444065566427,18.77714172020591,18.912327808660244,19.72834394316792,17.88187973005341,19.61169741005347,18.62697186600582,19.086742447747913,18.606550361055262,19.772835880645026,20.137921900354243,20.54175263457566,19.57488568269455,16.962050276495305,18.858470198180626,18.59828857458576,19.125883822784804,17.53677120711338,15.363848264226252,17.443715231171687,17.67146163078323,16.71599161219261,18.096178991883082,16.700776274827625,16.10126043452869,15.780721429558367,16.043027151572318,16.200381237761604,17.848058193760284,14.954166583855919,15.317824081200074,14.73240671627818,17.274932085852047,16.537577373350242,15.11427223273282,17.389971544143208,18.53898805121156,17.391333519975124,19.16097100824822,16.791686204452777,18.846492277692693,15.920427286113727,15.746546750590378,16.757191122142153,14.105420971762106,15.03160707469849,16.38661776715314,15.530461364768504,18.245373878596038,16.934587819993087,15.76424560817617,16.285614757373725,17.725314650433994,16.59214981036736,16.480517495156555,18.36816020777293,16.142608946322373,16.288598081164256,16.296307467922766,16.86956581602636,16.114919521578937,16.571901875956197,16.90135238915199,18.64317769179094,15.364702646739971,18.791786575440007,15.123660999255488,16.25726451453512,18.20258469515205,14.331375054337974,18.013073579491355,19.60691949770492,17.043700488828105,19.232595088452406,15.193906185077962,15.495960680868091,19.197714779485636,15.923604017397818,18.23783757271743,17.917820174790826,18.787621502027203,16.665969226014298,16.90263883798144,16.675546471041258,16.93384509216151,16.618757320300894,16.88246331548091,15.936690102893923,18.388660647707674,15.998551878670536,17.4545714386534,15.327908648484438,17.98124981446514,16.9051891145883,16.550501113608647,15.900535636975286,16.51144806852271,16.96963453927977,16.662743009666226,17.050342743644713,14.509058397914782,16.819369082051708,16.31498788300183,16.669593749064454,16.42414736736794,15.11921038740389,15.636648695005526,18.178163535377287,17.257232085963235,16.71695305967766,16.091367296463375,16.879557279408512,18.37119313786895,17.304796280372386,16.492943947519446,16.962033471737247,16.80261796097417,16.976429864916717,17.191816319779313,18.04347483164196,16.865011540518356,17.00895559502259,16.86184373699221,16.42101636414373,16.928647795854978,17.884736397766446,15.74727147964715,17.036878212282886,18.684773679747625,20.144009312722595,16.86217631387116,16.76867131838894,17.12948089490369,18.13411620633319,15.310525732225983,17.70204689016148,16.38551292417214,18.717932757018588,16.08056390369818,19.192655960876884,18.27964092088089,16.926356612185877,15.072411551002613,18.77643090333911,16.42381077869874,15.099633955549683,17.22217280376591,16.3650832744088,16.525485566584198,15.390701722474578,17.69021012488639,19.055995376341833,17.83396886171665,17.232716007659608,17.812887843138213,16.339441135260202,15.78708785184603,15.610553921949995,18.414099783571974,15.576761436899629,16.08893399225115,16.026854157775844,16.539560961631114,16.9600432548395,16.811145372755263,16.376654957914408,15.467516099018912,15.467353198065709,16.168458834766252,16.432469955270818,17.88484357609838,15.564065188226797,16.240636453791847,16.899485650420278,18.13295185004385,16.964339477373176,18.46859439467843,17.166286650259256,19.479514788431636,17.481930515534874,16.537045376456202,17.53040795905506,18.52277676800481,20.039053403409653,16.883618363945253,20.400592301661653,15.929600252475389,15.566193184131837,16.40001578067017,16.926163968336628,16.199476697967057,18.12989407282601,17.159023333127568,17.816686950374528,16.721210744155243,15.228938892503937,17.72312713843153,15.895920934936369,18.44439824464477,16.439564084713044,17.126564166236264,17.067796302709585,16.05532861056378,16.230080645009604,18.76054023367222,17.468857157483566,16.29366417731139,16.616488117917545,17.757292886432587,17.130883586840888,16.3616004431382,16.71620005375696,16.71493288554002,19.52474544709354,15.596438890283025,17.973216947057878,17.65006568663498,16.6752578653005,15.843907370305303,14.064291419034753,18.90106480397495,15.421817368282952,16.457853591464602,15.638009720328899,16.390243671399528,15.983683214206835,15.35429537295401,16.7599325503749,15.668759991855037,16.07140876690674,19.599086265382716,16.401267126796935,15.92678813028294,15.346544821465292,17.142136165050314,16.172835344558738,15.835876836379457,14.86475447009037,21.252188565956484,16.070875688096848,17.780630204997184,15.744842137702133,15.925640793812335,16.301570662890626,15.85199196325115,16.934584576093005,18.950587748441258,15.924710219216461,18.005506888131716,16.45849341967967,21.279963080071006,14.985110599536602,15.891090242177851,18.083365514115293,17.6674859265819,17.380266641691314,17.224576040893695,17.948922875461935,15.995170517457163,16.588882248202975,16.07728216928176,15.960968437475563,16.772341380120007,16.89999789069888,16.37067427909095,16.65520571161692,17.62232282685679,16.8541422418144,13.384775094597801,15.854313370130521,16.661071240057066,19.130386045599312,17.3087334104217,17.527166437744043,18.05330381735757,18.815121913752,16.609443007185774,18.038260993620874,18.03014767757899,20.12283919013106,17.845643339926987,15.40158076028389,16.62371949755668,15.68091700496006,15.805568220048352,15.846182995786041,17.005119734056247,15.065373946642815,15.096173105822299,17.67169453906346,16.44163693480725,17.771558231795126,15.615292376549416,17.48042305604787,16.589515563645193,17.29649178198648,13.764031282629803,16.38562848567759,17.84427656821062,17.782570696507594,16.28924314951676,17.67586760462852,14.541337287512086,17.32446480673448,16.091536065054036,15.703478428645699,16.236134864946365,14.443496114877258,16.350049693049282,18.92401338789554,19.141902702845396,17.55121068032976,17.485373091911566,16.165312130569113,16.43632675282154,16.548230832071177,18.30831008469324,14.771738314140846,19.829760915736436,16.697860408188554,16.90287559698311,16.355589163445515,17.888780728330726,17.906290543840765,17.324211353776043,15.632522932750966,18.00658730969379,16.491753428015414,17.785573447049966,17.625919719412185,17.835526408362636,16.33724500235734,17.752756232657195,16.662196436530373,16.96828004214014,16.11095186902512,18.988785146210034,16.713356247986706,15.361965253425117,17.031229602033115,16.97559456716253,17.92724720189617,16.60440925717143,18.284575455497237,18.337145615356786,16.769398504937765,19.56308279946202,18.15366246878759,19.286917176702612,18.463910605088405,17.597156878194724,17.473294214277193,20.08077359199405,17.693353886798107,17.90127239834863,18.031513049079134,18.548930137670055,16.789717041882277,17.98179034450227,18.003653353107595,18.02468516576311,17.678538020679653,19.3054100879775,18.423879863755356,17.505128208511533,18.1730903083915,18.25310596640323,19.350753978283215,17.582938941712648,19.95159926090514,17.34991845871809,15.448981607994416,16.571983285483782,16.672764800981383,17.61464192091623,19.3951959623753,19.039677591112834,17.429208245849956,15.527056771698856,17.865959904893078,18.35154658743743,16.935825191258804,18.199926378829034,15.365604430826735,17.82166858310002,17.638927198179474,18.742783881305307,15.6625836839964,18.70126582850395,18.920811032072418,18.009563220287987,18.691083537263953,18.459418684869323,19.33281284326505,18.494721988809793,17.183169029594822,20.093436882392673,17.524959061028042,15.073926201871322,19.370664405216864,17.449036796766382,18.431309713885163,19.410411716543813,19.514799475702024,16.667846101813154,15.652795853987813,18.805602147615577,18.561265716503154,18.40278100395872,17.965776678178724,19.922523901007196,19.812648951734523,19.155729399314023,17.628267644373572,18.68476659644193,17.52447756983218,18.61685359654637,19.20228901575755,21.036565107618433,17.496940693642046,16.714288561799638,17.073172610961524,15.885146812550438,18.820577476896265,18.332373052410052,17.322987018431505,19.275213674076667,17.04801709909309,16.338895873421517,17.727753660719827,18.705820746537945,17.560182973469207,17.499247411306214,19.313896094720874,18.394515754875005,16.724855782848266,18.509576693334054,17.854355178167573,18.436361122538685,17.416982144780498,18.558587528229758,18.43926260240889,15.992178244983224,17.75938843950552,19.529561436143748,18.130377071753674,18.835289841627368,18.313346574180425,20.22275282607876,17.615658007873765,19.276336442742725,16.489956823452744,17.707068076112826,17.445501647153655,20.026512620227088,17.965727269198915,16.769987477595542,17.62542505887076,18.723662116923915,14.998251228265866,16.285620120867797,17.984892442303956,18.840379870449446,17.92091638789014,18.978382239487992,17.791391877050856,18.684328750996805,19.425354959896705,17.747728892953713,16.64163993503542,17.81710820099734,17.811537963897862,18.65805170271185,17.930431265948325,17.750355791278924,19.156497154527507,17.78581265336332,18.81342357870157,16.802228940876265,18.188840779873193,18.716059014298946,17.76619574408352,17.989097730976724,14.362625096279697,18.422770218085823,20.277498399080542,17.03189007237195,16.68940140149775,18.311980091066992,17.0683997866619,17.671953277195474,18.457389354997133,17.65598509544936,17.460486264174783,19.94809073179558,20.32729152836167,18.472926894012836,19.04236543747154,17.623714016545044,19.044356302418233,18.540770015773575,19.244624239508813,17.95679030645676,18.33454869350632,17.041451953727012,18.25058789179369,17.30805797701902,18.545052409422585,16.64021189809939,15.59188663469459,15.562761098070371,18.34856109733368,18.84264176087685,18.088067289054752,18.341121485364976,16.548559205800746,17.237190571819212,17.68796500802453,17.687745312287674,17.73717857656825,17.971649304015912,19.826370751633924,14.438762685150168,17.112057812424734,17.049696264419275,18.818710726135112,18.572532462463077,15.647953637623832,18.10615631694634,17.125110581502266,19.737665415798812,18.083124318158113,15.22323458326571,18.46487371993117,19.889016617913338,17.60826365976722,18.147913379979904,16.604027774238578,16.981224380849316,19.835830969433434,17.488677941743084,18.18362490275509,16.622731541474927,17.574136737780044,19.868680891997514,18.615775962281017,18.73625766358721,17.926638535413044,18.857182196529575,19.75685730162399,17.50089416922997,20.276357601665076,17.997343478732088,17.953553637782626,17.138357617566413,18.74993267579012,15.932222021500142,17.667566458493283,17.374726839879404,18.33805519066944,17.124865775962974,18.38813159794994,18.61330321360422,17.004182379499895,20.21196711368786,18.450752883912585,17.951234361717884,19.756504435617575,17.903169200671822,17.075404987123672,19.52383616849516,20.131188892880814,17.287352933330318,15.814895275267101,14.53784728527486,18.20151010735937,16.221322357971246,18.281346118193888,19.252568650310053,15.629150149802253,19.27513477420903,17.450880970840185,20.400336023665886,20.308120855593135,17.149579457210947,18.649586912457483,18.375039027975372,17.757929778520182,16.625433015889772,17.60194451522195,15.244459825543169,19.479835054833103,16.97642683366791,18.447542948019866,18.120032742630716,18.57577704084337,17.985702435032255,17.236007672191384,17.62965040022139,16.397341766413845,16.42382322489845,16.442030574767625,16.87306120057081,18.961196009364468,17.267925471951255,16.41975249228693,16.378939146818748,19.028091636659514,18.343503136912727,15.914040602978716,16.265631063395166,20.17822265282917,19.099947775008257,18.236844823101073,18.601189745231252,17.11369905681799,18.310657886524652,20.35975392467972,16.329060671991694,16.437767714686295,17.547204393803597,16.140129057584296,16.86753838900966,16.93296019808215,17.95350465058638,15.440337484752074,17.161986614817614,18.476564491435784,18.14128745925072,16.078345179030435,15.429943715434238,19.459631018455493,16.663282157135658,17.382562154885026,18.42008622637973,14.536006262516684,15.850524930595581,14.879340703249804,16.13453018157967,16.40137553598753,16.557753128611864,18.84456753660766,16.314253222881398,15.185397161881294,18.42432139093985,16.46586297949734,17.180128383867064,16.948091155898855,16.20031120535972,16.07780531857873,15.961179089572159,16.65883390945945,16.113625266099152,16.90240349425887,16.301586124163197,16.490725071586017,16.91079667092122,16.779915418142675,19.22099168458267,16.314211398088936,18.601652266301976,16.94132046401068,18.02739487177874,15.684425403168973,16.397988245249387,18.879419639353113,15.630276661608042,16.6558932097737,17.10969997818208,18.623266930438362,16.605974188321905,18.97846332214537,15.94262051615394,15.983137068383149,16.791731467321597,16.003293563374974,16.696757973935775,17.595207975989137,14.95139766910146,16.33976319457413,18.18997979010656,16.189336641312273,14.476267692012756,18.563356104397656,15.001442471679388,17.618882824298066,16.4696621969377,16.191780917284515,14.820609721015515,15.944480290718895,18.292941726223738,16.12102560422989,19.250554503854573,17.264176272622873,17.9972822015774,16.203001204036454,17.561800653314876,14.967258778138271,16.94843957429906,17.273586309935357,17.296838729043078,19.733482929051682,15.018905413405061,16.6094821183826,17.722345122335508,18.14172608063899,14.376536962492473,16.419666559318767,17.518538737381817,14.161976342247106,16.49985412405584,17.551418937481213,14.241941027831412,15.855959473662542,15.348283627728867,18.283405552525608,16.925003155964927,16.230624490128534,17.280472094099018,18.73421611321664,17.390907481013354,16.063333065475675,16.103642389312437,17.0361309370161,16.551648840616302,17.85796858636791,18.31404781758985,15.179158684375071,15.718326883223938,15.223586826788964,15.640998634418645,16.39963367568583,16.883948267417267,15.892418992293171,16.1379041591369,17.673100014697717,16.397022900268592,16.479623991702372,16.87421301503551,16.196401551557006,17.438400735338767,16.643929788757475,18.25952172078679,16.476812323943562,16.89209661348812,15.29276255250987,16.502507003100014,15.15801554858339,16.760876701310597,17.128345471418378,17.302579045384583,17.46922897971036,16.274433950567605,18.3458476353305,15.636275865133056,14.84170250888263,18.033447088750865,16.329049500924963,17.312991881529406,17.951013387145927,16.840521895618657,16.545320518210733,17.476912657976207,14.695815646000776,17.170993544353713,15.290003526406442,17.199092211890417,18.772417691432917,16.87167916588534,16.739792382209096,15.9113255127402,13.99842208625884,15.703893220256669,18.185516402849,18.60522687493438,14.997276858753395,16.65842662982757,15.293210253663657,17.27371064320385,17.62233042407552,16.263455498263447,17.618970971953345,15.789671658887785,18.0929868066073,16.378271918878966,18.53742474002497,13.956593555686142,17.95935923097499,16.998943501417315,16.883876147808063,17.542407756674187,16.298588169273206,16.279959679467545,18.531123804878085,17.98704572938083,17.066911342141193,15.954197835343642,17.059867406456934,15.57776873817379,17.402897927372628,16.59201861899961,15.997984539896299,17.511200301994265,16.08676079845963,16.462848275999836,16.545209537664515,15.849431196388442,15.636828159396345,18.651157740512446,15.632188782993044,17.52395730490104,15.90448735493837,18.178677875985073,17.04268711896385,17.797911605403655,15.53158898947631,17.351415509041324,14.537243920517389,15.209140781544885,16.88217643705495,16.48023967458156,16.380665255256847,18.524534026569423,15.722538928042948,17.337950271293256,14.950481880813713,15.081087451686551,16.01112456273619,17.763945507672766,16.95359265079729,16.88575902973625,14.333966673725904,18.240472136207963,14.465990303831619,15.986113917386046,17.487910457197934,17.511606852142663,15.49552704458592,15.93035726988119,16.065454840201703,17.06651069798134,17.634511683935507,14.91510740092167,14.393268287266842,15.631893031136624,16.253916233357437,16.985543708128148,17.10614153216016,17.71621854449424,16.1840720381289,16.71722830140249,16.990628041159113,17.05205257610902,17.69639702817409,16.808940496151365,16.55906748957921,16.549659950786165,17.633694908497127,17.892677675540604,16.528344269178834,16.511032299142013,17.57939425942185,16.486734044783837,16.531049888706598,16.25066750883052,13.363164126369877,14.803032563823676,17.047328580239856,18.286390389436583,14.689730305079129,14.616760188615293,15.955278834369148,18.723912004099738,17.70394987624876,19.197246941276962,19.010163748902716,17.0031939761944,17.84570770417157,17.914196059549678,15.567745573474422,18.542939956900202,17.53488727921511,16.96385789486966,17.48044770136625,15.828164602679815,16.46964691984551,16.681448505379258,15.396528412239622,16.965515224651107,15.999226240103864,16.834767476200618,15.42853291553555,16.09732056234993,16.93238417844721,17.209213927152952,17.44388956307441,16.48114759077246,15.117995554383295,18.519429050692857,17.574957238976094,16.882137313331103,14.1988755007553,18.602582955819717,19.05192366240788,17.66972093661001,18.892548875338424,18.92369292551516,17.363952043661996,17.84345968881177,17.36346678985869,17.49929614831499,18.345307166799586,16.38934051099434,17.172179774797353,15.725164562965194,19.78120740920621,17.679508766586327,16.60986377677319
85,28.610688873461044,32.281259466485665,28.195692993102195,28.703275282314316,30.324105353103544,32.18484153926336,30.36923049049858,30.695715229348913,32.64229764494752,27.78538755131924,30.47045448198317,29.366131298851993,29.881757771000043,29.89754222484246,29.237798265717778,31.317022251217285,30.38149404215239,28.199623272523567,31.752090590797387,29.76239157190989,29.31807970962731,30.574976119203644,28.17859437293261,32.79698586900628,29.251323915426955,31.830615736539066,31.21339982518345,32.31576791888094,30.202696932633543,29.00442111736855,30.518186008640168,29.240144513070152,30.911353881426407,28.464675910711176,29.613055145006197,30.36936304095544,30.069101465754734,29.885601970621753,30.0846450348722,30.1836537978095,28.96294949867578,29.236129137196837,31.501715180210923,30.3510251935217,31.656643851917458,28.604969921032197,28.34823988505515,30.278398738775728,28.25882052280134,29.415586953166695,29.807459068908212,30.48381350818374,30.960492783413745,29.856430635536388,31.721846216727627,31.823625229957944,32.4731413807746,29.619117046824485,29.947015167118607,30.658691657956464,30.91893523166717,27.33575310619993,30.059878039378766,29.481141967502605,27.76916471328938,29.672760239653332,30.805217320260407,29.04342794372794,31.350498712827907,33.040136513202896,29.948203744514796,27.467993009105,29.427069491319152,29.917554432498555,29.8927040968342,28.19376508039003,31.299938228962947,31.59268068222177,31.969055038292257,29.09858794607392,32.276266123450675,31.185222579911116,30.660665232810032,29.127218810925314,32.9897320363829,32.029238965141246,30.028701678321095,31.8867096206901,28.634437647355753,30.984264276340483,33.40260884254508,30.12932378340711,29.702524833172635,31.941883942610403,30.104287725304484,32.17325405226718,29.636031446444527,31.736833417194248,30.881916123933557,28.98359620144417,30.210565092717847,29.19248072602893,29.00459235126227,31.916976636873304,28.98243298318103,29.852115236467984,30.103415185024012,31.99311346748827,30.10863911418426,32.13793605680924,32.43955758799458,29.742263195171507,31.513816500802935,31.97583178322337,30.65292012148714,32.485861582770134,31.656086076242257,28.374631459188247,31.693572333385703,32.665718131332326,30.822917462751896,31.486038794757867,29.99962829782266,28.916409332022244,31.6627559118906,30.935994824350175,30.64106626426612,28.189979976028653,29.94503790273828,29.254523518479164,31.496306951857328,32.174769775285526,31.61511166278075,31.36389014176473,28.73298113432174,32.33929495745349,30.112067570922548,31.002483553055153,30.12699708015861,30.070365488220318,31.082352349247916,31.417894329267792,29.294605027155164,31.84515992254724,29.794064794075553,31.86311721745689,29.83067179298954,29.12142283484628,32.19630256095404,29.367079658885416,30.67443503390039,26.85356987671715,32.21961385172841,29.61277290851563,29.527348769460488,30.617816602975108,29.685086190443275,28.686525499460053,30.424388215366893,30.286706513522258,30.13773881095567,31.984568684235036,29.94063387307524,30.870176857237336,29.46161965804514,29.81832767814303,32.89375580833187,32.25834383652623,30.005324935992814,30.07842759999201,27.213899137114378,29.977963833777242,29.440361382012206,30.176927188061548,30.221188275208128,28.461033185791905,29.195060193704368,31.562236667743896,32.02094770104223,30.13496344640432,30.212508699903637,29.565529774857023,29.831034432197985,31.721113009988375,30.704211371193406,29.844486358644428,28.328729066167774,30.146500140017658,33.44977773142008,30.53793012602769,31.890530575563755,31.710565121120993,30.392552314066357,30.39220980223176,29.870764055296252,29.291912997069176,28.72713037111328,28.814060521991337,32.47574839765316,31.981841211655258,29.964972231156793,31.115395755133708,29.831431627573938,30.52661691729971,32.825837074482514,29.959739450466195,29.241936891551475,30.58157549231994,28.35119715574477,32.65796851828922,30.57435976506228,27.57581025834927,32.05239712695383,31.90209488552048,30.249807657367352,30.903219605207866,27.7683513790502,27.288138763288657,29.302031248275448,30.14636114164736,31.715758732773562,32.02749753932293,29.837726054424998,29.936436024027337,31.078716587892792,29.800822841441978,31.79065066644755,29.916259265531853,32.36530853673677,29.733457776989194,31.88153448849602,29.461215477353452,28.401052178568776,27.82570275288869,30.13324253068524,30.23367605454403,30.180419311143034,28.405239509423456,30.183432821257135,28.107970391435394,30.6543675067452,27.17174698677829,32.07318317992525,30.11334397808308,31.72396040225147,30.96164292870055,29.06433867637784,30.333235787972075,32.300656493069305,32.39590830798139,29.717922105075477,30.202426957065434,31.81713244043727,31.830868243386647,27.374695594107237,27.73082504515463,29.75349335577996,29.288168830256286,31.822647566659377,30.81849149530549,29.97980021020316,29.866452600464413,28.706447474709513,32.09877231406283,28.87335124425898,31.079419203569238,30.122850107744608,32.50635866170262,28.173368375920877,31.4430385842411,30.154589320166213,29.411453248978578,29.514532847892905,30.167229470086582,32.01799285483696,27.383686328036312,31.756281168053032,31.88488404984579,30.127030928665903,29.174388832249107,31.289163592551652,29.832319704448974,32.87454252892097,32.80893263591314,32.13991799104693,30.34182580921749,29.777985847322963,33.19366704536959,28.69988420818961,29.959012039035052,29.106261867797638,31.849414817537422,29.889066115369996,31.83510069987284,31.919320936614067,29.911385043465636,29.828448861152626,30.714456346784573,29.353504214998644,31.611921525181703,30.97640322806459,24.067288312634712,22.713058247796123,28.356076109743018,33.10862439476155,29.198019624010968,25.038718639842607,23.575297087309547,24.574453702775415,25.843432083922053,24.128233421717415,29.16658592813504,23.528503804882817,24.825760634382554,30.010861327984408,25.537382611588583,30.763974364292256,24.515903695939127,26.2781825596514,21.40706320324404,27.675253869717917,25.99402687843098,25.635412948425984,26.19495666069677,27.38082161278887,22.170509625633425,32.0690053266717,25.566979867759933,29.395237630771764,29.62315377369489,24.342216667766372,25.585218608364322,28.391205306438714,26.496959992167795,26.72587770152289,32.57152647564588,27.364816005473614,31.634769411947275,24.70301261176474,23.090893150070222,23.51409269067814,24.584885786730027,24.801610052328833,21.575651382194323,26.551423288579823,27.930962931418925,21.993137420237478,24.03960832856393,30.1342348315684,29.519689418857013,28.26040293010675,31.301628752785213,27.61051804127602,30.937089026848387,28.35801213091079,25.679518611877395,31.42908670191192,24.157756098321826,24.182799078622207,31.1265037536474,24.871373277788685,29.01744419539087,25.47796789698736,23.437796573965255,27.660846208647833,30.15567091863587,30.382209880995223,30.333096800615756,22.357275611759636,32.42252706439025,32.43520107408496,23.768988486821996,22.926015226514494,24.089412383900402,26.348053250690093,24.621819032899175,26.708483282069995,23.831482973726953,28.28645167597458,32.48240813588673,31.19126053560062,22.9203020454608,27.48073116951502,32.20881661266923,27.714110003291456,21.06526586115786,32.14144759296514,20.778626640234148,26.177203518578626,20.55503613091475,26.718612608967554,28.611360933899444,21.965161498133703,22.71602854959828,29.468158404715233,30.566365111544012,22.457539169056435,21.56490079047702,30.051754080912456,28.950593366391416,32.98382420497895,24.282914904493282,25.718395694691843,23.303477799821707,30.710602689655932,26.534297027551144,23.909212650832362,27.72654464722399,23.601956688662963,30.795516368843543,30.768176913170592,24.166033628071464,22.621360956515062,21.313765279463276,27.43747845576029,26.157045561144045,25.242687720889503,23.545483990393056,29.038614644475324,24.562718260840477,24.721959054966963,27.81800574163761,29.095172404135585,30.193248861521553,23.672440564545436,22.7645324708281,27.167537289411793,27.9339962685373,25.774836945968133,31.487482041790415,24.053372003436298,26.97275287982984,24.588571311092274,24.34051248287695,28.103478670298358,27.56797609341297,22.968575092707695,24.87085518311789,24.099729226314235,22.817218960291378,21.885103743295232,23.8151815437743,24.14102482646536,22.857774436909168,29.381062974148684,29.899714409560353,29.941833412473702,21.030544221977873,25.78101776860755,27.128879741710378,23.49228302625793,24.34574511610255,28.97344695877169,29.84574686758193,33.152577458965894,29.624086546267847,23.649714181687834,23.231565965661858,24.04631817291193,24.14550221161926,31.214463981107365,27.603614790433067,28.555413901140444,29.57391935317928,26.58546381892967,28.300866847350168,27.624072650272446,33.54348630491592,27.38263489198636,26.074563192994468,27.009124699544536,30.68501780644264,31.33917008380328,26.061577091508052,32.825552072874444,27.197288211660215,29.79398576283651,28.174456487745363,21.447843749445873,25.750074025740517,26.258089963784855,21.527786021441848,29.644525618363442,26.615423932587404,26.392071721160953,23.682342992379215,27.007394092467894,26.8894301242358,23.11403613047771,22.988997112250864,24.51253568638214,26.416115939654865,28.061713319629714,24.53319103195287,24.48695778309612,21.572849201595943,31.731004259251435,28.289663407507174,23.419630618395104,31.518162484486353,33.20394143224345,28.60536852374305,27.652570340475325,23.394673606180568,23.747315665520187,25.748554228058026,22.707005291075994,25.535122522196037,26.17793510314935,30.653324340681724,24.37844620610711,31.14184516310311,23.181503774331794,30.772773490738416,24.54725323319192,24.242140255204863,25.381942949801257,21.544810644979748,27.904562259057368,29.49127572818407,29.33545115212492,22.319792554079466,27.860917367530853,26.974955421814514,23.20004371460949,29.611597735939633,30.775962208466325,32.68175586429578,23.204434086238198,26.006899913283522,25.573784737075414,23.659502265098173,22.735117669945435,26.286482438664876,31.608070841990983,21.844416293182064,31.455949248951686,21.375579310446327,23.856460525538704,31.060423444396168,27.28626626289327,27.67261459579475,29.08199648743888,27.17905399042681,24.31977452919429,28.54399950227322,24.798955580961916,25.504582211965307,24.689261692794666,27.94661016069488,23.45747330834356,23.931781220176774,23.879881092903258,21.438270383977276,26.821223917991126,22.966668987225443,23.416225453736075,23.72796357584828,22.876443512005604,23.83713898767105,29.561188622798177,20.60576401083746,23.794778113026993,23.091337861585238,26.71931314091616,23.779761204642096,21.75407379224186,31.218581406463905,30.957132915412718,20.644266614011336,22.650141973076774,29.406362557528343,24.541758137391042,21.407465453808143,22.778632611167176,31.462123137382005,23.063056095583462,25.004567034954086,29.981862078602514,31.816171199048352,24.99248771613341,30.746419259782027,26.54070518167532,24.242248262971902,20.028035879265577,30.329262799280627,26.234759458788954,29.08706639196285,23.861878614929985,22.440207874760947,25.025312298049577,24.411259704402905,22.15290796624473,32.283808054850745,23.819914312334586,31.79737142932517,26.38141322309129,23.895078399030634,24.073753986203556,24.764831933696076,19.59438989332724,22.683054966908948,20.897688718604822,19.580572738520143,20.470853369883667,18.68869742468333,20.235351567206585,23.212324149116466,20.97770747405986,21.092426911010076,23.253313612127865,19.626407489972195,21.21176465394771,19.783771337965756,19.945047926610467,20.993985160377257,20.607160913646652,18.95599703154963,18.470528560924954,22.10805557286123,18.96939282177368,23.06238617026043,18.20825802056948,22.02050466604635,19.373442625823138,20.350256184453396,19.09692105172898,21.934705587891436,20.593094576938736,19.4785374797757,20.900229963500998,20.051038233616737,19.76241364933412,20.038524285926187,18.507994218885724,19.234378744056233,21.744832126798222,21.599197133990028,18.470496480668803,19.113400092992684,23.100840165355862,20.27493485024656,21.55127214442137,20.555305537563925,21.074496971460484,20.422368142357687,19.323142316274733,19.14387170458739,19.416880821492107,19.351399074345796,20.458509846061833,21.1715556783349,19.9572969543591,18.405475771313288,19.752449753782777,20.610327247877137,20.401358782281502,20.222022704208534,21.147154477483852,21.87206210625634,22.345673864376984,20.035685501346826,20.536971052168784,21.642856574257543,21.884238283613847,18.424259334732557,19.21404450763369,21.782177642226674,19.296188767300738,19.017192520369655,20.280377279196124,19.761861949478853,20.936062177552984,20.117338233787574,19.815384116787385,20.47224459917519,20.73845029238687,20.003599798789374,19.13401105627541,20.77779439821858,21.818132547710167,20.308468479793795,18.550051305428273,21.07343570803191,21.92672517600088,22.09950397129905,18.928056479450333,20.421735605862132,20.300816532033277,23.062272176760285,20.801389397442286,19.099039384430718,18.880291233516274,22.12789813822491,20.423705991004304,22.24755471712153,22.504762603449805,18.248611002332556,22.648990681994103,21.58551246179758,19.411976699814602,20.16698873721567,19.96862543501569,19.88002513515335,19.294744448988254,19.03277798784325,19.19390989906527,19.72031158940191,20.072518171029103,21.390420241416763,20.897070344665536,19.597080581746017,19.256865113578566,19.559120276128017,20.259833319126624,21.07978664006631,19.098506281923587,19.435934875868632,22.472808344184134,22.039144240434,18.47472940147458,19.433702707651783,21.14701534569068,23.035623509718384,22.12431117767711,20.505049641502175,19.343566644970604,19.294654369168153,19.200553065389112,21.992168997839716,19.601209853198196,22.148311716302132,20.3383157155277,22.188584580490208,18.678676894175183,23.7651355431467,21.02838102420152,19.35861102802472,20.259955466397987,19.889138127080525,21.22254194757077,18.989748982375183,19.242492305255194,19.320580048268614,18.692944780014436,20.104416024674894,20.104666493011607,20.18293136743492,21.217500937190177,19.68278853142081,19.19274636347834,19.376870450609612,21.054785097441364,21.19618132204269,22.25615358204765,19.856607183582362,19.813151462993165,20.211274430582833,21.621330727692396,19.818731612711623,20.44800158177471,19.86537384229956,19.437758354944496,20.701221386304887,22.06354638560576,18.020434101550496,20.65327568695853,20.535541021714618,20.044202960919996,19.702112729385277,20.16620117928598,18.31326587208659,18.346268303402788,20.07914891471152,19.994341872757477,20.583634018933655,21.777798520550373,20.050284201808477,20.61433950791727,18.836744337698065,20.689125498039836,20.466845277378265,18.495095942568554,19.660503071037642,19.082168956635275,20.393938007493237,18.603976574502227,19.7104152693526,21.66369215653324,20.570424606491166,21.45439900950385,18.11997652983499,22.27163055782261,19.147362731204915,20.557725461749893,17.580687337432163,19.359448833434236,21.511256719391643,19.94816723961365,21.14547590305213,20.141688430943624,18.023737858837176,20.900900840336657,21.453682864271695,19.212342168485996,22.359894235675615,21.117430523900115,21.444326785790572,21.36926378659239,20.15890372917683,23.23857314460548,18.641828275443036,19.860200814893812,19.896094087055,21.790744178602747,19.36632183535922,21.943933725497786,20.00454445734711,19.617438954538645,19.815754094743294,19.63764581556716,20.14317283557014,20.752920892666204,18.55221587920422,18.826927441520102,20.87847441277673,21.67318453795399,23.746196737505226,19.695667502838372,21.447483688858938,20.41569489016492,21.074875859633746,21.151984251857833,20.36438060949884,21.885275331988854,22.32584957751585,18.2932750343721,21.591085987622158,18.895230667515026,20.08195496655915,19.43689521639117,19.429335616067664,19.53246979207228,21.97405811008579,21.802001757936704,23.97344464534266,20.68080483672786,19.674765265155525,20.715342745272153,19.64134069310629,20.102205191928313,20.225771697369552,20.169475397605147,22.74460890375517,19.627185505172935,23.90379697814733,19.569409093124357,21.78793271482137,21.612789675692703,18.728181000983263,18.42381547261867,20.455852598900847,20.438018015883937,19.30078226570396,19.091537815053474,21.842203468284513,20.8442931873836,23.105556692624155,20.32054049107133,22.41773446094369,22.133392919163068,19.486329494768434,19.837609374811453,21.37891726241485,20.232668757783554,18.499698290516022,21.88628613306132,19.183729757737925,19.997679072542176,20.572403197450818,20.899227289872737,21.017058732874954,18.339747066121237,20.94364827116585,18.932178430781953,20.156344416709914,20.98702487494507,19.856954743427117,19.829346988924218,23.868625476678616,19.721819806232777,19.469273016536516,19.880692849345305,19.2933279189651,20.098896195387898,21.019229136960927,19.161139364656467,20.1808857334644,20.547725409824015,19.982641173031112,19.672201215692798,20.87443626268824,20.987565701963913,19.407543150855517,20.595919365054243,19.08933125218052,20.74852940531945,20.505453910841503,20.753371279073296,20.083539144237864,20.5322242288822,20.61562725865942,21.223067937139405,20.21091860017573,20.440195051561012,20.597763331353953,20.69537215191876,21.32725915005666,20.445027223893774,19.961736300096707,19.440815449083278,20.88013669181584,20.473858800994524,20.855023617448285,21.24316337262801,22.8612017956393,22.637883503293526,18.95112196919138,21.573632326591763,18.565337609289365,20.780836878605626,21.852827031996686,20.665793473285238,20.483208702846014,18.891894945087138,22.18191663705487,20.349744298038264,21.361375114995333,20.18897496303149,21.388974891402967,23.00535094393428,22.519808544498815,20.888502391877612,19.964798484144502,18.952417726671943,22.90983532916404,21.202383131266522,22.915083848210013,21.51550717778321,20.181488992673845,21.588940033271705,22.267862422622247,23.87225776414156,21.490428703492256,22.817428797106164,20.54839962026278,19.869841661062964,21.941417203846502,21.25063255614035,20.229152428601154,20.992647008441512,20.978884571298536,25.71594678504627,16.509774619875962,21.95188484893089,19.702780070225856,21.054172017074613,20.016955496571335,19.916365228327034,22.52638687884943,17.524936265782536,20.291372201401625,20.455069999306097,19.85013459018318,19.43444404181883,19.465210314935582,19.048343720959803,22.063879049016947,21.43592526664141,19.625712802918084,18.470568909615327,19.720087521222922,23.71555546879921,18.159888001458086,22.441838617788925,20.032360714601143,20.385583812612335,18.965649794671233,19.318174573428017,22.751395170832836,20.31532014239484,19.62962538455831,20.67844030011041,20.440866641261984,24.26025851946619,21.54332395927602,19.684247904830894,21.74321732512585,20.864483159386985,19.61062735649666,21.100987384256328,19.26378242654207,18.977616482086724,19.72987637972833,21.624405268408765,20.669058045043755,20.55866054641214,21.10372934666197,22.12469542148672,21.327755362614873,21.95132987846301,21.957952179658747,20.17938313311191,20.760361014918438,19.854633655347158,19.28029798241595,19.50258197218631,21.842765062254617,22.01922423694569,22.21808759601594,19.657926024071273,21.39234092254636,19.847808246977333,20.75779793638783,22.06438263463183,20.59710400796023,20.335557595973384,22.463813945466786,19.15687807522264,20.630593184371254,25.267225335076752,19.438118478648832,21.317839932895534,19.457587135916654,20.249014392185202,20.327583846726142,21.51910116864127,23.46902278194279,20.736501152636144,19.335102306662666,22.73690059369117,20.41564871211382,19.59586792502359,18.557337952399727,22.096702460695887,21.52781617488097,20.841953270814027,19.92417157250927,21.087298463852193,19.571386739303986,19.756124605722015,18.56845611842327,19.01299214175616,21.643718181414744,19.984197160407323,20.45836392644206,22.470531485924397,22.314053309882144,19.594903441115342,20.664901436151233,22.93926196194619,21.498037436393474,20.80440688000695,19.440709725223247,21.201229194729407,19.177406128611462,20.51302007464527,21.102919055133153,18.870455065380177,21.10160720120603,18.730415811005948,18.793702701399653,20.348294093342318,21.603126705084478,20.534505778504993,21.40315917572245,21.408298938889864,20.604569031043876,20.62586944001229,21.79511565109528,19.580406703804815,20.13709468441065,19.825163545377887,19.356067683553423,19.909436505174757,20.444810040179686,19.668216830588477,19.629958124154044,19.18049645317229,20.867958092475753,22.764616600008438,20.258882749148167,20.946494122038487,21.517369082167196,19.287944394385267,20.89713169652158,23.900216870435862,20.547356504243574,20.736095409645692,19.42527345267763,20.297820444329986,18.51506774020258,21.13551788272588,17.953790459415924,20.137692987081095,20.300273574203278,20.95801764293175,22.487807205956663,20.557239839348973,19.581028703200058,21.9070444923317,19.505564830180315,21.114165458414348,19.552775842047946,21.371675915676164,19.12665115315448,21.44650034763862,19.473587182587156,21.09282337201967,20.98699519410909,19.151546972951117,22.198664748105106,19.285615967416586,19.563646759492276,18.3413847655696,20.598013407787946,20.154509114332043,20.08335200104104,22.232277538838115,20.6195973937759,21.751078975430993,20.107743549471074,20.2284696548595,18.750469199017196,22.485733374173094,20.590644804673875,21.993523946410466,20.90654763308629,21.46819245743461,19.011768742226522,21.149484927770263,20.312360296183325,18.823920245793314,21.458055081076417,21.585190802601947,18.94340276194821,21.064943160796947,20.88803244697148,21.466757130826927,21.697202985256133,18.939561953774962,20.496661863559083,20.360300257387596,20.155644140017394,21.261073811528608,20.079654807760537,20.940109124631096,20.35828525356762,21.74833630343577,20.091148353209427,21.097700952794973,20.464316459629284,20.3364844390046,20.76173859084057,24.3090807205888,20.94192741566552,21.965833926095428,18.092519257525925,20.402699974919635,18.962887936141477,18.728911951225186,18.908930752039215,20.05532858404722,21.349954388946774,19.912841474284072,20.803755508850763,22.34116070978573,19.919535040113445,19.892936882671883,20.903267934258633,22.098603408349916,21.457174736172096,21.17624670465621,20.703110315198135,20.593764165098097,20.32313663919111,22.831460435494428,20.249897312471248,18.363513677373206,21.385421809796892,21.10561714601665,21.018507371251673,20.119474471894154,20.808481661657137,20.028970178045824,22.895330303315408,20.7540117148027,19.453273797934873,20.820312870585944,19.647135803774663,21.2659856985216,21.107158192044853,23.18325188841058,22.004574804466195,19.730626597257555,21.844143648718934,21.36478034993562,21.214730149901225,21.32212652699257,21.48263535186038,20.023406997025408,24.336384452707808,23.05279047990814,21.169140459837315,22.99340989979799,20.913583752729018,20.427263895584005,20.554757557926134,21.002603352869997,21.0985773763341,20.50996727905874,22.683902116239377,20.504388556543066,21.318000397001313,22.886005426597634,21.205619896893573,21.232872302102045,21.162322230935747,21.87558709160608,21.086811716833356,20.670958980197288,21.689970895370948,23.041506595239593,22.10134834786351,18.678369541608653,19.971558830607638,20.5977359699263,19.493465312970518,18.9082009313249,22.181349878748037,21.02507650210988,19.78264096180652,21.479478381650235,18.26267475875947,19.843734376398952,19.239486706375963,22.01326148867737,20.592815590897786,19.960499695458676,21.64912013393765,18.67777626276449,21.705654102303004,21.987848202835387,19.167236481612964,18.13911187466344,20.858252072707437,19.950106067195865,23.29893651305204,19.957516382474083,21.4351617657373,23.77046846341997,22.321971581257863,20.720213629304865,20.8089086721691,21.761795360099683,18.084515275652937,21.03717737595438,23.396646554078316,20.7633822544611,21.036765210301642,21.4844992955677,21.08555613001297,23.513083857070562,25.915451540658623,20.3329129729217,20.916114702469137,20.243806926986885,21.336788817705468,20.555111334946506,18.653327365704822,19.324362562066714,21.695213134343984,22.035354605161753,21.067045016211278,20.211522251735897,20.312870697430455,19.83122446832652,23.02901579176063,21.69556310119179,20.434407266954597,20.070016810395828,20.972197424250282,20.12382360128847,20.857866610119995,20.205990521573955,22.94775436451819,19.703279191389896,23.121450061533068,17.709255293160037,20.634442402777523,20.94795246015229,18.785933846892917,19.38725126471816,19.81614291495493,20.919370356549102,18.776653322026377,18.83613414417207,22.227267986689743,20.92376045803922,19.021278254886475,22.245951336481703,20.235612417209634,22.682699290821184,22.94913867430451,23.51833166312381,24.13095592908322,20.241931035955098,21.97423874904658,23.465093494969043,21.464522569931567,22.059740280229942,20.29408696376375,19.625955537961563,19.85971002334059,23.61364119281539,20.49020350713658,17.986863898693702,26.152186695237084,23.108168722851588,19.499883637248026,22.906696452799427,23.313123056526006,20.057709080860086,20.968555859308086,19.9800883319236,20.481564275921663,22.49307574676944,19.733334933198467,23.41729000262626,20.177877759929306,20.982705849838943,20.87133431675913,22.590580807146747,20.230350232300836,18.151206874683318,23.28085547616293,21.416393724023795,22.045037571942945,21.126445539363516,20.4952420000044,22.77189911579498,20.84847721038698,20.715250412863384,20.603251904550238,19.16581572724624,21.585252620583145,19.87457090044024,21.864196435773554,21.462465962887222,23.081299564283892,20.388955665245277,20.934565846747525,20.19067101132455,18.315213386505913,21.564256874226057,21.51833292502316,17.935679983216126,20.310564945043524,22.622092387270673,19.838479134824965,20.971406674238956,18.123044422006462,19.363872957888386,19.75374062899176,19.848468305489046,18.34457317000259,20.542969585573104,26.02867957395586,22.82837842179222,22.925806657550368,20.331576496424177,21.89587873871098,23.71620103404217,20.265354149369628,20.141952524931387,18.018482466243796,20.676652311181183,21.171073248901855,19.40682829039162,19.583327832563167,22.649678823520908,22.457152229311006,19.75354171160526,21.05024218939113,22.68258733992738,19.756104718798024,20.419880051935625,20.475605080526115,23.412979013315077,18.476876730526897,19.36619639483028,21.364151581260945,20.134928668135437,24.11933328681367,21.918849362119428,19.07742658433256,19.32357762580384,19.515607868831694,20.546074001437958,22.537074378818563,22.877247027311768,20.43357932378717,19.413647222282208,21.952553111417703,19.136210014488167,20.43209518817162,20.82884832918473,19.339829826728206,20.165898293534138,20.777538896511267,20.6703478419911,20.408857748981237,21.075815705193936,20.138724699266756,21.244951708549053,21.21706981439056,18.952329776342122,21.29647466637233,20.88406229530459,20.397618758827917,20.221817006864338,20.14684430161172,20.347344014962005,20.68001219949053,20.93266903243369,20.36715254620937,19.75883874747767,20.72102485960965,20.44855224967663,19.184883810831543,22.41419732747581,21.99052121336216,19.111527508264768,20.525849594790696,18.690471549727206,21.533639174301694,22.53407079440372,19.38371546823199,20.20382649676874,20.560116243491443,20.491006790430745,21.05036805400931,20.778612526470255,21.021588728075375,23.078617180708687,20.644007453037826,21.409919946153583,21.337981579619267,23.968658011493954,20.3819457518445,20.25916090970058,21.554827558575923,21.986436568991483,21.555891431429473,22.357619897370263,21.684614826771682,22.842191232582195,21.2330260127121,19.08943647941865,19.96309908201068,21.350190551889533,20.26920338642297,21.90833862393091,20.48935966847082,20.894768796783037,22.096630967772143,18.14114930402164,21.43957159073174,22.014446380771854,19.801702412163753,20.348104164699215,23.88735340191577,20.76745129418646,18.44181780470816,21.185627336728256,19.446845060137548,22.940725489371093,22.750247940209498,21.219934480084124,22.28338540926463,19.30441110113092,20.729889653315333,20.33593826571497,19.037242778346794,18.578897772746377,21.210130422696608,21.388260506510445,22.046730657402218,19.92241159429102,19.676057378714003,20.089940533736467,22.07448374960752,21.86564911590003,22.94024861628734,19.650538716286373,23.358611131569898,21.7696263001196,18.708941291479466,20.570945993197203,22.49386932259852,22.52464400921461,23.015197357642233,21.69443106293634,22.27801782524749,22.634925357471474,24.14703439995027,20.02678158919505,23.688517400792616,21.03480809725157,22.175699652674105,21.541571625996816,22.584413626177554,22.654020512883246,22.18224459346153,19.291432738646098,23.744187798991796,21.62003293939326,23.779622711050642,24.583705712580972,19.993984268482567,19.228284996631583,21.78590970788638,23.23478916082439,23.303149192240372,21.07363653027701,23.173422303690728,23.498256052556147,23.627621291575625,23.140664690538443,20.087499987167156,22.35784288379902,20.992766934888028,23.09251874667908,22.005809751458386,22.90758668724979,23.674355085949937,22.162580670129753,21.580214939813313,20.71181561485492,20.96272551746426,22.487297594978298,23.984746474764194,21.75060251561334,21.676033522320555,21.265497579938398,22.35982409478179,21.78137028299517,21.453676513228952,22.43077855167243,20.663254085192655,22.480505983535775,22.27875543540364,22.94808930532943,22.07059956270189,18.16679785411838,21.53206844063189,19.970559819463624,21.595883106021393,20.3741324470545,24.449138857268757,21.380224204650105,21.233416003311397,22.378556619768045,22.700213303253197,22.80208231185579,20.97095960472774,23.95753127407451,23.157763648130032,22.603546907558464,22.979020534835243,21.65115796798604,20.78942747088949,20.900205745848194,23.681003312783908,23.00218227496363,22.073569652344602,22.475404690347347,24.234497889898414,20.32950089871747,23.644673327185625,23.862108285160694,21.55477249217642,20.698046849290563,20.588514221662635,22.278620679761055,21.70890604346195,21.31732512173338,20.999428911935723,22.675766116681427,23.0876563554059,25.074074679768415,19.313339000171364,22.07682272313354,22.488468002392658,22.409196997376316,22.000502149222143,20.89635493827968,19.445363138967217,22.408158767901384,22.62051587162796,22.125529954100976,22.45188898636235,20.200623345828763,23.01653632987829,20.075166050411045,20.10610984212071,23.04988640098676,22.966052639950483,21.61810332718951,21.948064655576797,21.412000818684497,21.905984568280388,21.483822490133736,20.34418128542819,21.74776865114918,20.28211573158423,22.73944520454629,20.333935631200642,22.370211971323343,18.208182360256547,21.244578726523585,19.392368102072847,22.18023899386726,22.946924704599887,22.413772956154705,23.173079415056844,23.90117247110243,18.441639293414507,22.184303287484603,23.404822831298873,24.769199428293838,21.688020084172912,21.56259327967694,21.902909645924268,20.72411973585346,19.547498924277715,18.822754813152685,22.20522650182408,20.973622138785096,22.852473364316946,20.92863549632607,23.520364778106863,22.457051845358002,21.245378143711488,21.541937331247286,21.72479552498015,22.54552390896192,21.022022735671392,22.378165473408203,20.332764370532036,22.135548665740053,18.237072546968935,19.17885364504587,22.191294126864634,20.266286857530453,23.122536427203404,21.065460085077955,22.951893604520606,22.370708868782188,23.878686365517428,20.38520605843838,22.709313572469117,23.15738845119169,21.091675390961782,21.41869112089778,22.134719370783003,20.702852677074535,22.608832811737848,23.64800781326634,20.62065746786891,20.33652369456011,22.338281376018205,20.929665028144655,22.1426846582897,22.734145166303996,21.824408769400424,24.56225145375116,21.797876512034954,22.346764122331525,24.00826930603673,23.530287287013003,23.15102826990728,23.047662175574935,21.743712523115935,23.097975339029897,23.04069119813087,22.260078629748943,22.735354045292606,22.017589005085025,21.1118825894964,20.295374659033655,22.400798549411444,21.89332113575962,23.705738001445198,23.312625134508863,20.91263453392244,23.137157832485016,22.54791475449017,19.070559679308218,19.036447616022738,20.920347909539327,22.512454856967366,22.65215528308634,23.177280628819354,24.00009739187127,21.285070253202488,23.182551772369873,22.44048751063335,18.799285083420536,21.19642755381534,22.370644140273637,22.202785693248753,22.897927615931618,21.49246646288637,22.38698000955756,19.58837873369587,23.293201409199078,22.184914981441654,21.0551907581815,22.205992436914855,20.993942189824878,24.523017135047144,22.1519808382128,22.59499933467118,22.337507663957684,19.54624806782898,22.60988350321535,22.942232155406373,25.165048896813193,20.26542267978086,20.19959393741083,20.545290417576684,22.518343700908336,21.42101791455926,20.103247142589716,23.114904472696203,23.137368919007365,21.02252612534998,18.922674059713742,22.639917959958886,21.206543968422775,22.37105503934393,22.840642858775905,21.250936428617972,21.905390041526534,19.5381081633719,23.734265420376893,21.905790548336423,19.75105333273718,24.327016917580522,20.134734578532928,24.664060323820575,22.53054171304098,22.41158649226994,21.932680578313484,22.68654963597936,25.001455544641424,22.209679446140022,20.911254668747134,22.620764303120563,21.67812435395997,23.4876743399197,22.60413741750762,21.23382427143534,24.50840209047036,22.344935317510437,22.752722960114447,23.113524128506395,23.400218989691663,22.928942281926204,23.03950919226454,23.56767817030919,24.03056328254799,24.82393803349744,21.676061928834965,21.079267638758076,23.286486817367038,21.451761055313664,22.15887430754895,20.941420383512035,21.96050749242177,23.608793372733476,18.47334302851674,21.263295952091713,21.610190144087817,21.865550133395605,24.62031729614816,20.963694644812865,23.16506702633944,20.673864556942327,21.137400267640473,22.82631063523559,21.686430897169142,21.963982790479523,22.412309315421037,22.093259857778865,19.61255630231849,20.985293616951385,21.40228802182999,22.576515530980405,21.795437784596604,20.802286994251336,20.1787648146152,22.36689825723628,23.436852016326274,24.722691166667303,21.535951054189596,20.429283647772724,21.996531848523098,24.656139275009107,26.09577361132282,22.90023054153219,20.08102384860635,21.35852160350636,21.380882288511025,21.74087369069128,22.44157933414148,24.002934129226986,22.946792501120477,20.5630636210336,28.06871078951996,23.877426350060297,24.57081970085114,22.465363008443827,20.930576294474893,20.616191077034355,24.12641415468559,21.463350414186937,21.55786496552356,20.731810180119734,21.85662055491833,25.756710773281014,22.824464123443313,21.276151890618596,22.25619607663577,21.758275566840076,22.974947627982974,22.561265679871713,20.93800751619281,21.16175348791697,24.70393159690431,23.628709977936566,22.688462289422617,22.458975440300886,22.58513623644328,20.75582537860391,21.85539677868343,22.397412062226458,22.529990417004118,24.360514135401022,22.148569305232066,19.53383656687671,22.59995638062263,23.73246462742043,22.22535588693241,20.227225629892267,21.400948336862964,23.16179234103025,21.522843117079915,21.323218141700867,21.214375965465525,24.36715394271516,22.9272733553281,21.928900540168836,22.277102893328784,24.369828711184695,23.930502517596352,22.32443504201451,22.242317959213853,20.399182884825656,24.158683992760363,21.628742291233262,24.647384760568652,22.685654721129666,20.231549877634183,21.955901065260598,22.579147739414697,22.272057082908812,18.72992336676544,23.309155451292916,26.24953142617835,21.851425518911817,22.81881347301711,22.685053914342042,22.726471729778368,21.907443391678676,24.648217042847612,24.974889942200672,21.471726933189277,21.312534406444886,23.16432668176519,22.81039408384604,22.11038796309555,22.8478335754283,24.19440893935551,23.084241737721218,22.38027058640561,22.7108676384144,22.27076398598167,22.050740436994584,23.155738414263563,21.671794921588805,25.017415768633782,21.72807948449837,22.727358816767623,21.734950535951057,27.00226031707687,25.337184904073798,21.133397931615896,21.880357694318896,21.418151485654978,22.056003564845085,24.45359938943155,22.141295696980894,21.759770930730753,20.818319298986506,22.043916040659617,22.054522063260446,22.707081103778698,25.04993242522503,24.092710229834964,24.68081582968671,20.984966752494945,20.748069088921195,20.80162837892897,24.946689611229086,21.259087898014087,20.59806956982989,24.3324027019926,22.33031870389619,21.224190899140613,22.669203780311104,23.10303208265362,24.019321401673864,22.612705717051856,22.836365132003053,22.264242453176468,25.13964889633683,20.320253381454798,21.35096681677486,21.857155340323363,23.270588638197204,23.629873591799406,23.498807880506615,22.439226805725973,21.35688619997544,23.318010490928778,21.78684450619358,22.38425346073064,21.985645075367444,23.95512551899688,23.46729500431974,20.292951332824334,23.09297092505084,22.18271797765129,22.389795775552216,22.17881102136206,22.801367686570213,23.18206835347711,22.368109462748397,20.256345542463446,21.725981341570275,22.922164853650354,24.159896512075832,21.55412453266886,24.078604247404183,22.311969433600026,21.59636697722801,22.610892466574136,18.934888552387964,23.39944774224261,23.93147892123196,21.896085552929453,21.286869222010708,21.577315004740825,21.145269533481827,20.942979894481063,23.32257145606544,23.52978815806583,23.93591539615386,25.106201987649253,23.221958472276043,23.66630884991929,20.803202208697567,21.1201715349314,22.677302138036495,22.464616754526812,25.63858628833489,23.275841317303428,21.877189548589847,21.45437071209863,23.483649660494713,23.58441061667901,21.57319073805993,21.507099776419313,22.276304434795563,22.249395171468176,23.110089166826107,23.59914053112291,21.956550813472095,22.155986804926872,24.0241123887034,23.42527196554966,23.61202216995583,21.258179042823823,23.490150840699883,20.581543052407508,21.481202853165556,22.152290980737938,24.19661455015102,20.734997643976207,21.970386539710187,19.600999176930838,22.99702338133478,20.968528950147444,22.888577614568597,23.341027562463587,21.679395497101904,25.27511328610383,24.177984451057235,23.549352845558698,25.977178242454137,24.411460610202266,23.262451852642744,23.834208181435613,22.126673515892698,24.909096070661246,24.927875346390973,22.252973913865763,21.107980681559518,22.811442532072576,22.728277814289008,22.01058884250606,22.139546410612894,21.38594445863314,26.057865770473462,22.23383980963747,21.42975815269205,21.239782386765423,22.010657365188866,21.70319738810146,22.83861900835819,23.80393807278344,23.256520394135848,21.795954123529174,22.518372461156396,21.372251918865437,23.114195105210168,21.965334448750298,19.141846427001816,22.764655146690185,22.216008997590656,22.567140786163865,21.32708296803791,23.922083928671224,21.720731847386254,22.194441219151965,22.134890563753476,20.73860315927572,23.83500302766898,24.941586605619893,22.483244720046795,23.369078200553492,22.206270744051096,22.36061302433192,24.505449405103942,22.54030634683152,21.752174274079774,23.798099383138698,22.792093173161142,22.143367302391557,23.100087122037202,23.433920331036692,22.619411142451256,23.629553917812927,22.195013365840516,22.144637633991216,21.4064283955004,22.88669821689653,21.917050433269704,22.52227568486232,21.988250753855723,21.380137044613186,22.147021132107003,25.258330804643133,23.233681191307262,23.64532570041318,21.877785972425,22.435468305347243,21.807589816522416
86,6.587958239645507,6.273787659110868,5.614780987620878,5.576318054451048,5.52693463015433,5.990560060758726,6.373130701567467,5.68125612694304,5.587021813442216,5.670146785048477,5.446316451452824,5.797124171809563,5.993228916751812,6.024762802075408,5.6296186541602316,6.6084228435781895,6.362682520623774,5.638390144494078,5.50401815677856,6.237766106755539,5.868380707956049,6.351000122768664,5.591925759705462,6.5303599654747915,5.387197832579312,6.1176734350461635,6.585377129445512,6.301545406801553,6.191251926081538,5.801162239580081,5.6843215878898885,5.765233965980987,6.05744817851453,5.620896688490054,5.786474451512224,6.369315793761058,5.635528765985903,5.664571231347914,5.882344571584008,6.197285845694424,5.812979553033006,5.617274889468273,5.614502408537651,5.586066158431629,5.637936957222839,5.531712721483159,5.6022238993380515,6.339071983200126,5.527810167796053,6.501012740592437,5.722008425992137,5.804624656258146,5.157325218865532,6.668741908675418,5.3340433912863086,5.996996230710829,6.140842751979563,6.381017200394569,6.113841272451742,5.65663080792295,6.044433469198395,5.908638073173182,6.334439451704141,6.648098994765347,5.6672439818588725,6.0006408425867,5.769567231694079,5.8575524930412355,6.071386379465323,6.021581820955522,5.607692246197148,5.696698467275979,6.484188778875248,6.0874380051795125,5.812368957410878,5.649865455996837,5.2366078728083645,6.005829465822206,6.314121522404979,6.737118334517115,6.06522477634365,6.6479993363060546,5.067886201949069,6.742119519127834,6.016058257534144,6.1539372997406705,6.607552531878394,5.900069912307287,6.472224546394287,5.859136819186313,6.6981193372397225,6.053743853801871,6.00959963175576,5.946285120468967,5.537020619581116,6.315610671530084,6.226540763563433,5.673856705289885,6.0742581324073175,5.482469722934504,5.560353189698563,6.368204098121338,5.804905829828385,6.352115663111037,5.80068858140094,5.983259582461178,5.644065278440111,5.910428752077081,5.951029192996538,6.049820761139616,5.74152598859953,5.07324551792954,5.959405533566001,5.852939529549989,6.2883388717472375,5.970947396247057,5.999109163579967,5.78790143693879,6.323360003280885,5.591615687784599,6.6181457429381325,6.06562035522716,6.098912467823075,5.771684381075734,6.377087021004762,6.089152105669216,6.616129694373148,5.5745594527539994,6.002426670764709,5.965008990918626,5.592214953361963,6.194994773006373,5.840043315434835,6.573719001118846,5.560591772072643,6.073474177029663,6.207209370652208,6.587687687744562,6.263740139345642,5.977614079556047,5.910235069896672,5.77012667057194,5.991113509751524,6.193110473664944,6.232501194748045,5.913287845492007,6.0191140761195205,5.584326622007583,6.253034886067174,6.485528535203079,5.648827354180841,5.64861399259817,6.001054731239962,6.423045937327148,6.66079920193118,6.289612845782151,5.963044160242151,5.560238660900226,5.575284703057868,6.455627556966426,6.2424320695074025,5.914337995149538,5.608571145836126,5.8800595946018435,5.959765387779713,6.264679214667338,6.55738579797462,5.655937112442007,6.602467324807553,5.536304892677264,5.864941764460025,6.598424533816877,5.909941960719046,6.21590033706882,5.953986282567873,5.894955107417086,5.841083038950212,5.321833486662236,6.227265105624544,6.525666728646945,6.041716703652906,6.718948929120271,6.230926128944589,5.60226844404555,5.67700879291374,6.657528279891175,5.583536092798248,5.95554386659561,6.704504347235042,5.71544454790387,6.191560764784621,5.464304129515791,5.818218682212924,5.766973879020947,5.4931900471617965,5.739810854379389,5.575412403456329,6.440526102778274,6.540594901742086,6.294455383612592,6.579073598557904,6.6823482277491815,5.042132785562775,5.6883204585866824,5.921631405260795,6.06594998392178,5.709378212476992,5.656413750890762,5.783126905263946,5.984571462244041,5.618862238868784,5.687396577144638,6.326276367985252,5.89478270266438,5.941083887414649,6.101149848167103,5.6649804899764815,5.873546896026555,5.806967538732574,6.218826539402092,5.668579733527394,5.906315105842186,5.9857040896156395,5.495080052031557,5.897725634914739,6.236228761376758,6.33097368189085,5.475720944546882,6.173722083181254,6.213679023704742,6.311088846789972,5.992223984184424,5.503924721608759,5.712921680272638,6.231383836341798,6.076160982260172,5.570237896399001,5.897656283830123,5.541304942487959,5.748810250763658,6.352352251521471,5.860529293400478,5.980418378889903,6.229698468015736,6.350043176396746,6.098280055560788,5.811935830663343,5.528525882394415,5.691824347356336,6.014440921825827,5.771735150972411,5.943764829981342,5.896130814098318,6.235632695655447,5.836269999089347,5.781407946021307,6.0927396226690975,5.471988791663454,5.903239938874255,6.238117334676762,6.339248937826113,6.2045475772981,6.535347815609585,6.164932334368221,5.534742052891578,5.892075575793009,6.079102124898848,5.745650763716194,5.609185033572568,5.774567417019296,5.729467405130765,6.507974959202382,5.940302916303023,6.597723295140642,5.9093554957280565,5.825804513457982,6.3040409752274265,6.144452498762172,6.231695385407856,5.95653887975858,6.585652212329341,6.042813089021279,5.915287519157749,5.78684855605322,6.12393883656613,6.401948384721076,6.393226914166908,6.699160294648231,6.547488026474904,6.16277432127834,5.598883449130637,6.260140944046505,5.486070820215112,5.954124582692151,5.5595062134860544,6.254965224351343,5.702628821415156,5.579160781741908,6.473920054847092,5.573591484779233,6.3620075801413805,4.035601702803681,3.73701240487915,6.263780769059441,5.76461025840213,5.9190090105182565,3.5330954425697003,4.153570836895845,4.066086444092857,5.703611369858054,4.04138176572853,5.243332050245247,5.517212015988469,4.7849007687527125,5.983155872238538,4.438083925551835,6.179021099508584,5.147298838500391,4.7450187453226516,3.845840313084776,5.404120323804557,4.284449642774282,4.892666346947489,5.211102162646584,4.542678642974707,4.407149975855611,6.282721146189408,4.862079579784969,5.731965235175149,5.076682459614877,4.166009630091329,4.929216868147009,4.589691160018708,5.860977833341767,4.573967768923009,6.188448864731645,4.68194900190203,5.581621102754908,3.4637799287324085,4.103494146760998,3.8561476656712452,5.240441741927614,4.800322240420072,4.1965972537277505,4.519645313937871,4.706000100639068,5.815652317723328,4.382856703639481,5.36970684400477,5.168052300243183,5.932174095995814,5.626196663413535,5.001112218425051,5.993027485467084,5.583234730648497,4.908386851215168,5.890208841442785,4.700149030793508,4.3750477580935545,6.112948478257913,4.215446824072059,5.244967845711817,5.408851599649193,4.717791651924115,5.402423706848796,6.3002577633735175,6.2435983750169495,5.435437014096596,4.372381723096239,5.75979504028989,5.697311996557182,4.2730883098563925,4.497988832053213,4.378464496847057,5.793811292045036,4.759171153302137,5.0040188962734815,3.9889426049999743,4.67339726167213,5.697874356060331,5.790609486689806,3.703823624167825,4.596608349711635,5.7067265881949005,5.400952444231697,3.1554927070628485,5.660353463478691,5.121413774125358,4.30864282495106,2.4375069454179306,4.558760470403135,4.870595914959609,3.4666385482775484,4.197340047922889,5.869120561802558,6.194306603423436,2.7596180092242744,2.643317536619283,5.589838947832549,5.5186928015224925,5.842852426399924,4.173452906168524,4.930036959732917,4.605513213067925,5.933359075825338,5.176230309971082,4.620503750174255,5.567680096887407,4.14482838856533,6.190301076075684,6.307599076876652,4.727751445158813,5.180618124585669,3.2544878528177663,4.4332165499885,4.376591271476703,4.454818312010071,4.74263738554757,5.035841558994532,4.82988105255854,4.542720748282878,5.185849328407403,5.753581169173728,5.3954621146976605,4.36466118605997,3.6925637950731813,4.637683882481755,5.687540568662343,4.812134537841637,6.032966552723389,4.315531403221833,4.571018281418225,4.851413561806527,4.348350016143503,4.1771167179319315,4.979545729400837,3.9768025853833584,4.567800664837686,4.00250987420488,4.130251115077226,4.2203652785471135,4.566259802644021,4.959630331225958,2.7948576248953323,5.983421991034861,5.30016541750171,5.493075719046406,4.166166656033793,4.813605123401895,4.768641618631791,3.8300925278119413,5.267781719812497,5.253837747481829,6.140740601740365,5.4881678656384425,6.253534085679864,3.9225959248990807,3.418980816062837,4.306301009313375,4.401401856032427,6.106502530061435,5.919473236966732,5.595895217712082,5.961873164540474,5.923841795388514,5.23315707800741,5.465428455653929,6.404298723766386,5.411024798924373,5.445048234415478,4.741205447512521,6.1381057904847856,6.072332714238937,4.978401785243571,5.782131235419061,5.2909607221837645,6.165625044346119,5.406540283875942,2.6524195874845393,4.307966683566278,5.023927808096077,3.9255227771287875,5.929126668047981,4.567719876716086,5.2536207630016625,3.9432326129211224,4.290810468506073,6.017448290070941,4.074888083830715,4.129025995546504,4.68763217049416,4.459991461591196,5.821258712512617,4.067110894710595,4.151406472348683,2.640683232309607,5.825014169766021,5.961187453161937,4.631388770244597,5.649791379461631,6.455080307232919,5.570264148599115,5.556871132115902,4.7099576084998045,4.475820697048933,4.829916076177294,5.914942748472154,4.002766335103769,4.3066487793742665,4.944657754942566,4.415280215029731,6.1047530935652405,4.091014328491856,5.933503395491912,4.729608448923097,4.8537309890158316,5.417912997043687,2.9380576514727,5.277959385264724,5.00582465907654,6.347684391770262,4.361428344517481,4.748570427018533,5.118222416385576,4.1051845103903055,6.274147545700484,6.165335319184027,6.145585665816604,4.6665370104683355,5.7916157378441975,5.089405519919423,3.841871457709305,3.684899702424323,5.00610007921978,5.680689151440557,3.247292885450239,5.866476875573594,3.280858500069689,5.035294405540383,5.064159363618713,4.702539361676725,5.399628781725468,4.91739730271112,4.932151531913565,4.486961681237562,5.467532796082198,4.185177511336617,5.055753319318614,3.446043916195727,5.672998280843429,3.9352407548497084,4.6539131842272115,3.941102512577371,3.7570799408309514,5.853821338291724,4.004171866690135,5.484372318836269,3.988171191889678,3.7831820951449617,3.9840559687513033,5.915434112071493,5.176954122547639,4.445060220941479,3.9139943668287165,4.0991765903241975,4.739394089533905,3.306216297993082,5.654054362515702,6.138695544511887,3.4365795894669984,3.58613084482597,5.727726183543052,4.7125803043269405,3.778490231217369,4.055894486730696,5.579453353629379,4.030520067208897,3.7764409378508588,6.191581428382264,5.166570520741223,3.8910468196737966,5.5938846514485245,4.0210739196271215,4.515565065424843,2.4574612301117664,5.642290905279862,4.082044467166352,4.34377607278558,5.046857304597819,2.759186713773482,4.272677099830668,3.926252758350292,3.1047242799622263,5.083431283693254,4.885711901262845,5.170865447255267,4.123461410118135,4.105070499787654,4.468509595635062,4.859425729160771,3.2376167828175078,2.3873006503947947,2.6626453977424314,3.1042485234787995,1.6713524186683995,3.252965957840544,2.4453881385692586,3.1339631889257262,2.6297791213090913,3.0886123675702466,3.1486349958516744,2.7739148811431376,2.8631342837357137,2.5761861847824346,3.1290981670015663,2.8329715089112573,2.8807110966224654,2.7350885651887102,3.2505865588205873,3.303876809432924,2.5117980723933444,3.0810329406042585,2.5853434318651396,3.2150573495892716,3.169722751631983,2.7203711323042983,2.2245070503982394,3.444515352777235,2.9905783558004444,2.541558132533508,2.642110902684725,1.6325865021990897,2.121417928393448,2.5287610407089143,2.9364868348702777,1.7381758771373785,3.0437094614551583,2.4543166481837475,2.902068841000269,2.9923617920198984,1.8464163094364219,2.2778146537239237,2.9024321023814714,2.603968882861659,2.812930831002004,2.223377690337046,2.773419418981491,3.21021503011716,2.4913746502146,3.0160216676313847,2.462099472599616,2.417330106519788,2.8009438702717113,2.33607866098161,2.677883188773413,2.93550405635402,3.0355089347227833,2.9121847030886228,2.4211084114984955,2.9090825514964287,2.7808305514018614,2.609965173399929,2.937208934653762,2.6724088656755582,2.177314479486238,2.5430207834825866,1.9144960118138103,2.72160949562216,2.785765348299248,2.859316286529315,2.6251949389855693,2.9374952267849515,3.2826360715127283,3.049682354210823,2.680968875044285,2.38023808493237,2.20896634210149,2.0171779480304806,2.698015421527975,2.9116792203355475,3.368105719114184,2.284357682356739,1.8837541587464417,2.942205755957135,3.4221113643868435,3.3221140046354103,2.9750911353918412,2.306456003349373,2.6486622812233453,1.8601075554522954,2.6579657026555017,3.312555662293474,2.733589783710226,2.936813158607806,1.7721044151034682,3.4936302229185268,2.749785593731898,2.5024891042645305,3.2834821904502025,2.4246717952190973,2.7832312464989286,3.102625610488145,1.9345681299435806,3.2042767973693227,2.6137084052402044,3.435302092212161,3.1179801865962755,2.8428318936027535,2.4013386920365933,3.4163076592032002,2.456159699034478,3.2211965224143633,2.677607299384887,2.564828218034996,2.85106055950655,2.5288743674509195,2.8238962785292885,2.454313695075673,3.0099396200005435,3.040539339933895,3.2813471677173114,3.1564034235695093,2.62332836347139,2.0229093423500797,2.211978227974102,2.553429527408382,3.55580656469387,2.7048166747522266,3.1029401307272377,3.3759929246390854,2.197197885488389,2.2797548820500793,2.6804572152479094,2.9279093890144043,3.231417694069181,1.9600167512106712,2.5549792085049003,3.501133297885751,2.6494318427833403,2.8004262330756413,2.514226151559738,2.8651621809542505,2.62047619680257,2.648676575303649,2.92829781828122,2.770610469450891,2.4770398400277056,2.5332729519763886,2.9253693786428263,2.5595650326546946,3.157262453582845,3.150178670398147,3.02063363136273,3.0982099699731616,3.049462332022844,3.0957669405191695,1.9887775692157705,2.5879893406458936,2.7229264431523346,2.793505591614211,2.839760076676854,2.826357007083301,2.9620362400954905,2.940480987899576,3.3396807193580833,2.577725195345746,2.489396119925634,2.3226000252490384,2.9150163777370532,2.287645177899468,2.355612200207994,2.764755222772288,2.9799133418304735,3.0431873985919284,2.4464375892478545,2.505600471531318,3.382610517573145,2.9204236005908943,2.839349286073284,2.788195234050407,3.0456051304052885,3.1227907608617884,3.4796318429263917,2.933969371357265,2.7826165068377566,2.244629344591085,2.4234739035949997,2.863897233214216,2.5332564309790664,2.3689991381239803,2.3692618663410756,2.8723409319170115,2.33824599900599,2.761640385993225,3.0794253125921927,2.428029880553689,2.952600312870918,3.083133451999053,2.8159654494549766,1.957334262061822,2.739168997289066,2.6050556522854453,1.9245230078056084,2.4745534066212493,3.548841298836162,2.9400010334779716,3.2355464066993918,2.836798980757561,2.441065449508134,2.858046720442956,3.2229242462736556,3.2276386080938977,3.1996771307873857,1.82186693208545,2.8177524466526807,3.740026607948249,3.169186005856411,3.160121512629074,2.418926512742448,2.7580360216432656,3.07421074991792,2.191085356808051,3.077069957871167,2.8027412717639777,2.7056564873194935,2.2649243386003017,3.4055346416370504,2.2922089765816005,2.811324070229973,2.87198102848774,2.873850907581991,2.40645881800831,2.899030728025324,2.7162021041534965,2.3651443495427578,3.366600491680599,2.891848641640166,2.4326940129850727,2.9504191277764886,1.9014244998746639,2.64505146686824,2.6427245675871007,2.5096141322449363,2.994043222421106,3.529163400045143,2.2443480380849334,2.946583264069895,3.047503149163695,2.1171255299282845,2.81573264945162,3.1065488640229,2.8012548566839115,2.7112347122929408,3.0826306540281276,3.469068567064751,2.178065663061461,3.1444949704217837,2.683856043339221,3.137776207088678,3.0265503163049434,2.3014902167294977,3.1805586813592748,3.38239936007523,2.6894151253623875,2.595466834616821,2.9812270620157735,2.836663880711655,3.0719301679130697,2.632467364629822,2.8293949618618064,2.380661307900681,2.8304550063954403,2.448888106650898,2.732283123462208,2.9019046045243058,3.256239624123399,2.942242639458678,2.6657125400195714,2.012025874869723,3.0211054277081715,1.7539123025840622,2.595333258578138,2.4399121236989463,2.451087869879755,3.282571753789754,2.6067407598850307,2.5647069067833055,2.8331447812166703,2.8235316776731487,2.070423764570089,2.5433197513818313,3.8061052514345715,1.9854006717089152,2.741240878490031,2.489889908010458,3.0176348795759327,3.059153014722163,2.768770990886328,2.6140704575450284,3.0107474710465936,3.358188028901324,2.9270829819463144,3.065457286704906,2.4481055057888437,2.9852653493140804,2.564712596841,2.8900784978632807,2.990117351057647,2.863627607582969,2.881986120827332,2.862990581267348,2.8266684222856666,2.659273974572115,2.765449334147475,3.6828077322668316,2.894626713079378,2.7846082478359904,2.830596573145031,2.6082947334406095,2.970232942576267,2.1578560096009944,2.728042623077541,2.047205550323715,2.8420878119145376,2.7871970046808436,2.7116592467802327,4.035551490624306,2.7809307853863565,2.5136472950360784,2.890382078597875,2.911026813137343,2.732254080613583,2.906426480150441,3.214172479145859,2.805785945545027,2.9795602153472625,2.7960366652783506,3.3348883303375074,3.2668206445538273,2.9097829995503433,2.382486207844785,2.6585139462303173,2.9417936718261752,2.6846049436402915,2.895914182046914,3.019294821413201,2.9411541229786806,2.2032410598899816,2.624406104340445,3.6470516262147394,2.4972466290143305,3.4321542104763676,2.492373660338808,2.900737424198152,2.773306890954393,3.0150747336319625,2.71481018225493,2.70954891148618,3.0027416749390365,3.7193691941255387,3.1851151931452186,2.9913032295986595,2.754570294706564,3.145630447635811,2.814287495883149,2.800165213138353,2.8555989297889215,2.4972921027988146,2.979774491041747,2.977444598460824,2.7563120669030785,3.0400881842108842,2.9959292941913045,2.653210690449069,2.990839469651052,2.3896808519103607,2.953430813324886,2.388335644025057,2.90439221623579,3.1611954548461245,2.1577895076766818,2.535318449179349,3.0988270815123844,2.87743791491246,2.069899156080925,3.080016977412882,2.6849768348350005,2.6209301002972456,2.666859976404739,2.4562215117628936,3.2109571117678954,2.527041985229032,3.392295184281911,2.2320773366372553,2.6360623890491097,3.0793448442892375,2.9414818195348906,2.8779332692461024,2.617969445987765,3.018064495403109,3.3413189990730805,2.9033056659444823,3.0125205558344104,3.363840721232081,2.528919102223124,2.7538548783197623,2.727246970469642,2.9387398490964043,3.2632861777408637,3.072528686934971,2.522418255150389,2.8388105039463736,2.625001803939756,2.989704051321504,2.8078200982119736,2.589756942466854,3.022521693322842,2.892144782834904,2.899775547737921,3.0274008537082384,2.8546875902267606,2.892199877388718,2.6793878198805694,2.759748354756152,3.2506048688289852,2.326787447978888,2.5087051200922703,2.9211053839903447,3.0084286482736387,2.9718107955512765,2.819435487362355,2.9081954189773165,2.8476341066226314,2.762479341934306,2.411939462267062,3.0593508003003724,2.530173693787334,3.08305402030922,2.77239405445748,3.0347902138079417,2.8644959020171483,3.3207513476016617,2.4835896563546127,2.50356369161236,3.650228315661028,3.231101457306995,3.012084225710651,2.824189675415955,2.281803330556731,2.886578061388791,2.9617692259496935,3.0529896537986354,2.3447847264808175,2.625282614154387,2.7929272951511583,2.633035876707448,2.100903104077864,2.8890650443332424,2.949619660560489,2.742826119658736,2.523811265039838,2.1105817498146866,2.860284341291431,2.3725085141033526,2.177948962044092,2.728839561190055,2.9458853220986865,2.6183136084905625,3.0048945716415183,3.286571372763172,2.948935659715936,2.246634236355028,2.85342934250475,2.9455258444815215,2.901530415686489,3.050845991748714,2.8262338075386926,2.6853992512617664,2.9991625738087087,2.9981976960067787,2.8536341007067194,2.9478174287198353,3.7267312798923657,2.8570507938796386,2.821460144101448,2.369198673945673,2.8588209859252114,2.1850314743244996,3.0118744244722526,2.9320860239409834,3.323126787681271,2.4686202059418765,2.7903121680950393,2.6248852078138705,2.6009334956963417,2.2769039231280805,2.919150142858373,2.7351634967098497,2.934562164895025,2.9042855084823525,2.985657829346147,3.04763846659203,2.6129638353077045,2.6543550432961975,3.3669244650123904,2.7404189710224203,2.8861760130373453,2.874463724456208,2.450452730777071,3.011786241075495,3.2302728403893757,2.5813975818760504,3.739977387322205,3.0892688401478727,3.4689047747655124,2.677368030698239,3.2058291132487127,2.7974194255996796,3.175222696143956,2.6122056016067425,2.8589292619379036,3.566673585655761,2.371192543474289,2.703320238227199,2.624096179391179,3.1147380421714157,2.853730710096634,2.9051132136466045,2.8589779029618163,2.8910471633715016,2.439369458050632,2.6790875771285387,3.3393388080107633,3.0676427881803003,2.841341165373765,2.973131217252938,2.575612450573271,3.552683272227434,3.6349014299601876,2.5648467681074534,2.8065086277458366,3.238676246405912,2.7994084213805346,3.4987085014035086,2.564342362966375,3.073385257286576,2.818774629559678,3.4660089685699655,3.412530768052793,2.8624346950119173,3.0567712213418683,3.4146488134798774,3.3876580785569557,3.3257532483738603,2.8132176513482956,2.4289786568478786,3.0533098512586707,3.192552970104886,3.0702968698034323,2.762214348094894,2.695522822241482,3.4115581995312447,3.171756191311903,2.8396935930451583,2.470442318236603,3.3330150513000754,2.8756744555790013,2.4767794064247424,3.571577027085527,2.789626263618249,3.1851508687646364,2.746858267890452,2.844168924141618,3.1773165439026685,3.755843057475128,2.8439165727912443,3.95005161062082,2.741417329659977,2.969861253877575,2.8258992688758364,2.5934610602120647,3.0646816454251113,2.5366113124607237,2.769837956744669,3.07517271665367,2.621302871850982,2.8375181540852954,3.8845652516475173,3.0170404114961014,2.688508069406958,2.9789494746122704,2.8337410955616833,3.1772937442110143,3.7496855727876772,2.489051814622941,3.620083560058327,2.69136224042799,2.3833478624150177,2.547299025892076,2.9032572623405373,2.5926218717331873,2.3378257282446513,3.6821842455419778,3.412524643411671,2.5864438670850514,3.047212423837604,3.2075483925457218,3.3586234806241926,2.902405132198235,2.1598689426276074,3.094094282854437,3.41802789122805,2.5174588022630644,2.3222301946158037,3.79212356271935,3.559537397026493,2.712705205934825,2.5478893760618164,2.952487594700844,2.309096876846011,2.9956358889898986,3.070551417128947,3.1540947490960725,2.3847453042530615,3.3322216742475956,2.333370616748844,2.908740345533574,2.212918543887999,2.737658951061195,2.6084012975702584,2.605809831701063,3.110902305195932,2.947563803367983,3.1852436958272548,3.0342338471435815,3.0340854912028674,2.4738723533224434,2.9846733124432627,2.842601237273499,2.720875179339285,2.689411049797749,3.478526307503821,2.1679057695724655,2.7079554069648037,3.477103617894929,2.7252353620891547,3.157738739085067,2.469590859658845,3.992785641689848,3.0217784197290674,2.5069418932737504,2.971794726762569,2.6520396629391767,2.5816248743886567,2.8816394637944827,2.9564307678382225,3.925988139495232,2.6375212501637173,2.7422207870038724,3.0608830431512066,3.901201465012459,1.9439610339553977,3.784378272566598,2.5727996208971167,3.1727185882357185,2.854584812066621,2.282928738847427,3.3414429174266496,2.3341043542762927,3.5036461347508157,2.6555897562159294,3.454537319503572,2.8438256224371385,3.9966772342452965,3.1332170791255263,3.067332011853806,3.483146933895956,2.39536434933437,2.4578021918801167,2.810845514793456,3.1649867034002845,3.223674223605927,2.597320563021623,3.9170740896096126,3.112013737744615,3.056774106639389,2.383128901768273,3.245107332192549,3.02499205139983,3.2548669318412284,3.426331702301686,2.5986112250727023,2.0478048322553324,2.3067287267949874,2.8365325653732083,2.999570617327316,2.431772873533873,2.17797921926404,2.9209281091213875,3.1813688511936142,2.5650516455640493,2.4610502841659114,3.52654019684263,2.680264444446289,2.149267329813677,3.27004615892359,2.7751402516214703,2.785390850432484,3.1088977055059694,2.8583896520138037,3.018559497307128,3.1883503545010923,3.030527042796584,3.369002986145934,2.8562773464927202,2.875495786166795,3.1484672341600377,2.906517357130715,3.0757213508412415,2.717146274588112,3.4473803637541582,3.194134457292663,2.9580252997734977,3.4702122748958146,3.291856710258068,3.131219377745337,3.067864040738192,3.924730152950525,2.9359090201199334,2.9060477098883735,3.40251590672348,2.6262141861026027,3.0730280420666682,3.3038442052803614,2.7645865889083208,2.479270495334941,2.8480369882983325,3.1502008064269154,3.512212253716152,3.86658876517797,2.649369445582103,2.9790870184495426,3.343361712107772,2.7036839040482494,2.674954375025015,2.8869466672486994,2.38608994275242,3.053815207658682,2.2948594926385693,2.9314949968543687,3.491186135817132,3.270227468170794,2.920511425282259,3.1233162593971757,3.003235219916883,2.938375542022216,2.628216980180834,2.4705703205669454,3.063148154593051,2.9877336876710916,2.842852421515885,2.8549956386309563,3.11610358411745,2.6614553472964526,2.461170688583277,3.270794383897222,2.704994938181292,3.1149656244537183,2.524418762873043,3.854010165669356,3.190053813299705,2.859483782257108,3.5804801752911746,2.640357941002359,2.6850944646801826,2.939336334328946,2.449758667966563,3.9241082869473165,1.8351056014055314,2.8779775838198645,2.615714093990552,3.1484833076432244,2.7431270449412635,3.2250125716111544,2.755498903801101,2.731924155562514,3.1382028627105316,2.355961587303497,3.000010772592321,2.9959629215809818,1.840900137966497,3.662096538325118,2.0519116521397605,3.976864824151623,3.495484685053775,2.867932309931341,2.563929712974629,3.332805034279556,2.8263592279930387,2.533857645576491,3.085234272111509,2.961210888066214,2.999984912579074,3.7729111373019806,3.11839936100356,3.358225860843305,3.032459531048052,3.1079499239600645,3.0706734840599235,3.413395616160922,2.8435795127341015,2.831472392103062,2.7410827309241688,3.180062156101455,2.8903066949943486,2.6324688464606725,2.2972086965456877,3.550482892289338,2.359230474864163,2.251776183198098,2.850990999086685,2.8254592386667943,2.3746560597368576,2.968486908019325,2.6371897305146734,2.3992649751088626,2.7677157413989066,2.800167585800341,2.9206523228579706,3.6097564801297373,3.112898209571544,2.5900108580543324,3.0439986895098428,3.0863990104979218,3.007972954454368,3.220836127183308,2.8071871934494403,3.480585676840239,3.197244603459668,2.862698286365314,2.9108466770526324,2.716535047436148,3.32453476731854,2.8930452880454425,2.7888349080808434,2.70598373941917,3.2975483391214615,3.553341750045172,2.4665795355136493,2.096220124296214,3.21125953642834,3.617602329057064,3.0351274226287095,2.911762814659462,3.032969586882516,3.239160922456037,3.364689702026682,2.5485807808629133,2.980461613291501,3.1009296979945047,3.104219894862508,3.25211109476643,2.1864278432245556,2.6161588909058957,3.5690781600455934,3.3110530924057064,3.204862100586546,2.6193495820043697,3.098937258427872,3.985159596162877,2.3757533117780074,3.03766338880307,3.1416773413088777,2.6453250868888527,2.635161682349206,2.7992759478062093,2.7567165270730953,2.9396826642763165,3.65952787414795,3.12348411269696,3.4292296053518596,2.8735647328487546,2.282974130900814,2.6318036172480572,3.0070860332128424,2.5603539060139497,3.330628666885035,2.4551431454290555,3.2802217410839547,2.6810689492089703,3.0152309506003343,2.9881505728995585,3.110790054123196,2.5044352848661444,3.150861176284728,3.165877520981503,3.8438790159938447,2.6057079200582525,2.4903490495600655,2.961735278103417,3.8321219007903933,3.018987129053608,3.5917742628901483,3.1422759358045873,2.9255729426429213,2.8770341921594844,2.8120557749319905,3.038952644461567,2.7404018443024385,2.89562018833069,3.283992985920739,3.109509414965661,2.7718205208663367,2.5408322688323848,2.6135313125371633,2.5259175957543634,2.325731019767868,3.26687256847792,2.6527285900034983,3.0210135014838015,3.061773422642863,2.97509439971817,3.3302201141523313,3.213617537329917,3.3512493685801883,2.988263725048072,3.1316432228103936,2.584568372057504,2.7526923229072255,2.274681640651245,2.5288236367244212,2.967990820352343,2.9720112369140876,2.6953606242640857,3.782044010010518,2.910768978759708,2.77949685108862,3.5897334552590427,2.9670889415298145,2.7833953817309425,2.227214425645507,2.8378273628922672,2.259278463262945,3.1681480605107932,3.36217512602775,3.001716853497863,3.636464070871089,2.3661596069360558,2.4629057107651864,3.051046553037767,2.839126941556856,3.0903239101999,2.7719726668261666,3.0682669285518083,1.5262207191725246,3.032550629693184,2.858678485605466,3.2343372203164438,2.6371038352806764,3.1257939221859345,2.455869308764584,2.559847973129875,2.633532779188187,2.9888521827597945,2.911445903235803,3.0469473760882493,2.6329777574460955,2.888083822693179,2.6821863984996726,2.447196794868053,2.4449489211900017,3.535987746986759,2.763963547658374,3.385300169363692,2.6984493486886403,3.05725021254395,3.2443161289315814,2.78305215847514,2.5646577664024583,3.078145961362161,3.1343666162270547,3.0290592733389774,2.6530434083464094,2.9902264983929854,2.880943568781618,3.3003153843978796,3.3293508158627736,2.4064065578618887,2.8055996018031513,3.50823642562707,3.015307947422224,3.31429886780128,2.916213843727211,2.7930319480832115,2.392037012303453,3.0707816175424654,3.378477945382368,2.669554370733598,2.4071041156719812,3.085139348922773,2.6851583970623403,1.4494622770884151,3.011615798718847,3.5362642035636993,2.4583623420656293,3.447817183409471,3.7929199835826286,2.691904317486794,3.2206195935797717,3.2531698059260705,2.742216424175848,3.3977899472021007,2.6790794511778175,3.1507462169970624,2.5134634826470865,3.797637956685019,3.125780161682,1.8430334914095972,3.2147806212069168,2.580800095919973,2.3819128941088477,2.824900743423158,2.816388659323599,2.8132816179373914,3.456821213422521,2.8384682397439915,3.0978677759604434,2.49393425538351,3.1718393403807266,2.956950395730622,3.7146738822780616,1.5933433602337748,3.2013039091866577,3.290204539951186,2.55202433688592,3.5487410341736245,2.9566919769559283,2.7964260436318025,2.3571452965951423,2.6953977065758026,2.648544791511335,3.1897705822641953,2.4519721979539804,2.384837744604264,2.6383138847786562,3.149528283357833,2.817210958775077,3.1682343005177533,2.246730007573323,2.757946235139705,2.81325979216646,2.6191354362266024,2.2012060954770454,2.656272219595608,2.766189152209409,2.6135413533911125,3.314630576260301,2.663168114939819,3.097066488508096,2.6900255626021568,2.371012327046901,3.095588847136114,2.0579608634569535,3.0319711361990285,2.2820708528108478,3.3675966566606754,2.8814639680866443,2.5542998552421863,3.210619639738625,2.551423532229116,3.77229140599425,2.9877701596102746,2.9112181048007084,2.8622283738291863,2.729357637547643,2.628837489263291,2.9229052192874905,2.756041014399554,2.995254829971212,2.572382117458392,2.8412979782106915,2.5814790553821974,2.713033864021816,2.808760698065534,3.343281809050319,2.551073582927206,3.0583102090003464,2.5649224206009107,2.2190282015826956,3.2550102875082194,3.029523791084703,3.4338192010666266,3.4598710201670784,2.594336386223246,2.1574285478156683,3.1916854481447285,2.266602124964542,3.243724947548433,2.7914840468622497,2.6895530127953635,2.823603309637426,3.263207827414614,2.690283842971402,2.9607624211041035,3.3426421528651895,3.129591846628595,2.8169945270972794,3.3485767890205693,2.13795860021036,2.943601900358086,3.011954379526384,2.577883364814271,2.776258546443481,2.320556824008474,2.717843678820886,3.0394873600132275,2.916861763583914,2.6557372890387794,2.957777088899356,1.5215252229296024,3.4143542327038334,2.943348913046657,2.6731207950650027,2.3482533995152575,3.1059078548440455,1.538809817891569,2.5162382015592177,3.302417105674304,2.364649438978493,2.5730017575154447,2.320327105652707,3.06324156977932,3.6051775775381962,2.8460163749993534,2.239480997040711,2.8421633249128107,2.7908241366759223,3.226724500788049,2.639311578076805,2.818922180234229,2.1994649294749,3.7774692789204254,2.4219424726414576,2.73504242995986,3.747681824399046,2.944226859375443,2.527166479700931,3.602335427533812,2.848229946114246,2.7631313866219642,2.7518725358424625,4.050881058609805,2.7161416167483816,3.6714742465916843,3.5192287325849736,2.760392704471978,3.1215030885453174,3.3610508640020496,3.2136272102444576,2.2735943740513305,2.8939766411832095,2.5059097718141836,2.215053940052455,2.8807546177417134,2.945981463434685,2.8582053758969628,3.418026627494614,3.4424662588628796,3.8102019548581785,2.9969295935182396,1.5919243873567879,3.0244739608995914,3.4443579691944644,2.515325633087171,3.0382733480241217,2.3879458746847257,2.702019149071228,3.224672444167964,2.8291528659102543,3.3816252358330376,3.0857794315623273,3.221298736549527,3.140885301742469,2.5530607227862467,3.6595263259070854,2.6244214272378796,3.1829475020766465,2.535767098971088,1.7332517391160331,2.7093526595938004,2.5943308605822026,3.1307394267431587,3.3376096541588867,3.6391032185134935,3.153307676794521,2.704390711160603,2.160176388718289,3.099766715838731,3.00429890824512,2.824831956687437,3.826069184067443,2.8661404966453334,2.9016022754310407,2.937657042220964,3.1856035716280147,2.3238310027341273,2.849364385297992,3.5490094406535277,3.2742035505111153,4.139722438207585,3.5170600441208832,3.0694674605693253,2.6972451481690722,3.1021136679174024,2.481610689068704,3.1861192166968624,2.4618289044288657,2.705611649574248,3.1344666616417265,3.5430712520702077,3.1085164998721253,2.346672771984522,2.306279221333691,3.0341948373291383,3.0827052584084154,2.7043708865644063,3.026632398471234,2.7557870259116686,2.890367900911946,2.8586621521690536,3.466401564587389,3.214667083993256,3.2580893575589993,2.9405064965961185,3.018453572670939,3.108291392441292,3.1958551697814475,2.8747741691136803,3.5793432538469254,3.5064769870714327,3.0462472997438774,2.5895736354913272,2.8607730366916884,2.6332569913235,3.5181261596249453,2.5691114062211815,3.272614049781814,3.3194122629934784,2.923524558195836,2.6538541056930685,2.847453417072674,2.9766752778238432,3.194415090904967,3.30176977772097,3.0620720276625772,2.797484508191761,2.4947036255706245,2.457504369039784,3.1061594507766204,2.7372878638534557,3.291555225157491,2.3644256622366244,2.820275250994636,2.8066534658342546,3.301663551365195,3.9910015493805138,2.8902085246968103,3.843092152495583,2.611219858502619,3.063942452936019,2.516561059229988,2.954868328937965,3.2382703199651997,2.9469361228749156,2.782276481666078,3.075062179220825,2.4134541087365102,3.4957938153540917,2.7518167966988387,2.4019865579098063,3.134266545754734,2.3993006774530774,2.435277277971091,3.07919548918926,2.3920452983226617,2.720293236423789,3.326933703291207,3.2282310186817877,2.6121072577263456,2.3521949584675874,3.0363219806488932,3.4617689736521253,3.3046434136862137,2.896943447297449,3.200607913770866,2.5013448980969324,3.4270088127071014,3.8649220157785518,2.9627185152557742,2.8427704411585606,3.234280796049367,2.7865570893947362,4.020502870679591,3.1751585901893096,2.9496859047868624,3.134056260788966,3.4205348917016987,2.899860836182522,3.0839222168611706,3.5062836896958736,2.941058465465475,2.932850167954305,3.1324961355760674,2.9590655878141954,3.5348547243013253,2.798941597366354,4.062207316661042,3.484954368190565,3.222018919024201,2.741221911214741,3.477745507707712,1.9576097931279701,3.217234222111425,3.1844023661595977,3.551789595628574,2.6451808304537425,2.152071049358487,3.4034250111887623,3.4539602665957583,3.0094346667796987,2.9317865066471915,3.238691863594104,2.7140918333960147,2.7446650192896844,2.7529889562841916,3.0267169607406683,3.0136041703965275,2.021139461574547,2.8139971512048696,2.8935078740628644,2.576894062667487,3.269996200610456,3.1623048984958384,2.8534148347857577,2.9675294174609745,3.5845989413419272,3.3321914480893815,3.0784482125645125,3.1099448091582276,3.021116856617449,2.9176186401937807,3.1575352530026795,3.1963824451142973,2.5601566030475715,3.242284181907021,2.6212955455229,3.1147406515105773,3.4277133177011847,3.414227022469126,3.17742553277122,3.1933388732691914,2.9052232205910906,2.2890463355289987,2.991952547103122,2.2954819659930292,2.9776750452892196,3.09236611525184,3.224278834989272,3.4742803453157247,3.095078201982931,2.1679392520675833,2.7009507922037286,3.33095820060297,3.049329166662851,2.8573547393355296,3.1122967978725082,3.3241136004548903,2.864234106175004,3.169705170022539,2.2347695050795693,2.5625942252030876,2.6517303709210984,3.399291343475804,2.4599301976771604,3.401966970519356,3.0196477304967613,2.680461832376676,3.2704640051611684,3.5350786046599385,3.2802051658797584,2.3460466277733163,3.6941573615972167,2.6922923778691823,3.146008375425696,2.809754361547574,3.4875322438115215,2.667328975317821,3.284909603445096,3.1308786475660773,2.9137909221812475,2.493287107393072,2.9343845605825964,2.5835302968086364,3.6345223194752054,2.5654267944182734,3.056228569571539,3.0302980167250775,2.6328307497511028,2.683088015056276,2.7901722157026843,3.0796119377112214,4.82233793236628,2.7875699305901813,2.7785603501633824,2.914249417176256,3.7637672340082826,3.3778805126571836,2.953674239449662,3.9520212845479668,2.8904906197297042,2.7937765035607263,3.547519993548295,2.9923269767228655,3.0409454538879452,2.8723111596177264,3.22741435708279,2.651763521195276,3.2812267843132843,2.820362344838543,2.6393766165343084,3.279587553425679,3.128046124918335,2.69919403234916,2.737312047006627,2.6520345982920093,3.6878718762931233,3.1714788655344255,3.084041831292033,3.1598876479020337,2.1374352618740167,3.2685561525215445,2.6738450751917004,3.6897947842482814,3.080356674760383,3.614135923742682,3.4643733170970696,4.0030525858643795,3.7520305656741537,2.6067512772938963,2.438416043689452,2.932110103019765,3.582558469729717,2.6126391456857454,3.1645570936259295,3.062614495570794,3.08012177621235,3.4767522084759253,3.1513226992444907,2.243211221168978,2.463696527063634,3.0129992597029243,3.082877343207539,2.916968857703531,2.972268058164191,2.864683017005698,2.6058119533596096,2.873760428813804,3.271421375188299,2.5226225735854784,3.1417227957956064,3.556801120688582,2.711189874465862,2.65682985333234,3.0795450798699364,2.7220928430631357,2.933204147055545,3.0870505774299297,3.303212165977718,3.1577528673537048,2.3145846295337185,2.8512202326289757,3.599461318369627,3.0086435613869402,3.1644353087280006,2.992122498307828,2.8047280221750555,2.787985072264797,3.0497256039045064,2.8714787847379064,3.027315389056674,2.540430547402219,4.00412959982835,2.9646877679077783,3.636314450026251,3.267023404411258,2.729672954033859,3.1821943972551034,3.2742715480372957,3.090253246012493,3.2097753393540334
87,1.0150000046779504,0.9390623736363999,0.8499385215416589,1.0818922758032925,0.7857666097530424,0.8400949648818428,0.9606887375394332,0.7915253559944644,0.7398411772153283,0.9278281460270188,0.8323899036278227,0.9252214860729921,0.9814989255972596,0.9983446619169644,0.8241029882703288,1.2188561702000984,0.96684520256385,0.8526978290595455,0.8770245433468153,0.9086171606869581,0.8465841281254258,1.0336016488269966,0.8672462849747344,1.2057985875315609,1.0429798600150573,0.8210733370969899,1.2695267400604222,0.9492698035548038,0.925109755747768,0.9428356957890578,1.1540539721827299,0.9278205996816813,0.8826502675973277,0.8451594134356718,1.1790734735683401,0.9789168964115252,0.9538620591022279,1.0189547466476891,0.9974908343159865,0.9196605793528088,0.8406486159652565,0.824820524943001,0.9202246057625261,0.7972871822585949,0.9207523518333722,1.114685164574477,0.8709516503454741,0.9292937317986079,0.8992539803305895,0.8576874555770744,1.0116420050234538,0.9671825600218577,0.7518625734177887,0.9645060549958516,0.8158597955436547,0.9823322011308084,0.6841761814258579,0.898046586138438,0.9853825471116521,0.7918221078180688,0.8767320576752814,0.9991580230155844,0.9242052822157961,1.0648402667460506,0.9337083000445424,1.1946474208869795,1.3517525090873812,0.7474200306921454,0.9369286841103446,0.8803153832593009,1.0057051012824545,0.9373392862066555,0.865992520045676,0.8884675326783027,1.0030560399591288,0.8123068241010831,0.7875014205720058,0.8648102316708801,0.8423863746001489,1.0892271095890735,0.675723741323703,1.1536783552393206,0.7311409363215459,1.0999177757659506,0.8567521203473147,0.9446267135884289,0.9265632723297406,0.8321038167827511,1.2161799563690483,1.412469460291596,1.1609433213388183,0.8685577172662639,1.1898040676441912,0.958966448036097,0.8605588465681278,0.9538710298848547,1.0196295508657351,0.830123092864438,0.8763807550213564,1.0498642740856317,0.80573741253675,0.9693146608862059,0.7706819454059444,0.8586758792211604,0.8290358474069984,0.976257571189387,0.9511620355677731,0.6919720270854183,1.2915914160922957,0.8631193534207546,0.83370846589742,0.7388060327866631,0.8097811280326942,0.9171807929943728,1.1576718622636464,0.841282075027407,0.8637270512373622,0.8724172491406,0.8938890927040083,0.7447449639760917,1.025513448529599,0.8608000061317076,0.9010519823747754,0.8390987737383286,0.9052982045190254,0.8546761658541296,0.9358238188417317,0.8822594840359348,1.1608055430493953,0.7325894063224311,0.8999229414337775,1.066035361101661,0.958244756788583,1.2505214492623589,1.062859778146655,0.6733034826286146,0.9274218022542777,1.096152641328068,0.8872279981876909,1.2883864242691707,1.472992900446796,0.9302977430588891,0.7389251561032186,0.7172120634706488,0.9015629441581356,0.8352189547283703,1.0856826357823373,0.8197935525303444,0.9358420373395271,0.850199199290386,1.1921473608507365,0.9690452851146443,0.862220381386017,0.8801662531853,1.0806321261025906,1.1594595870267186,0.8573768264732502,1.1102190082159613,0.7922329624775217,0.9334578213648026,0.8706932880463758,0.8270446200242768,1.0028170208011133,0.9240140081877721,0.7891860348277359,0.8916964138165573,1.1912854824519825,0.8258189687585089,0.9219241822723565,0.859693138467563,1.015955773541054,0.9217282365857787,0.7566663857005953,0.903097702458327,1.2524437077373833,0.9100276266038233,0.933746888519164,0.8119784680965012,0.8373596258452077,0.9127735013645177,0.8361092088933648,1.0505038238193938,1.0157419648060306,0.8882787491614722,0.7874821695719022,0.9544564603684849,1.1366564799131853,1.2912633146738657,1.1627626600591872,0.9476423672168651,0.7208199395333078,0.8765115712187144,0.9384237106276515,0.8959620479791275,0.8875474905893598,0.8984103576550462,1.0754754731746612,0.9581214713714769,0.7618158022893718,0.6852557659062367,0.9191227563092612,1.354104841017564,0.7300453112217729,1.167478191355965,0.920344632782864,0.8823415587206939,0.8308470387673259,0.9139367360551456,0.8549453426750341,0.861059828715784,0.8019723668391145,0.9432584898745335,0.8298000609424857,0.8216733885996844,1.2651533580525316,0.8436568092199508,0.9305621687101752,1.0102910118633566,0.9268434519212402,0.9463276886377345,0.9154134554945793,0.9377496422134052,1.1669997945489106,0.8680049663670282,1.4387558061629333,0.9151865257203843,0.8621969742994656,0.8816903069660418,0.6639035304161479,0.9126721619005727,0.7562623704275596,0.8149808635393035,0.7966632362912727,0.9216931091179364,0.9274445483041995,0.8509199665643913,0.8001478386433728,0.910691988030328,0.9071884101504268,1.10236561480081,1.0325920694263073,1.010627136890217,0.6876375506258114,0.8673015016536152,0.8626143045967004,0.8537153383338689,0.7651987817114875,0.7926383494855713,0.8789877440756251,0.8528492363895273,1.1907094788828376,1.2976901761830557,0.8349039619242791,0.699415029334735,1.0419723468110615,1.0545717264709669,0.8726970661700773,0.8073145242634754,0.8278090500124595,1.2533131125621042,0.9163136979776851,0.9841531502598687,0.9897267498975241,1.070905225363402,1.0606189949501137,1.4502479268119748,0.8668350738682787,0.8290680787593777,0.8440480523097329,0.9277623671957135,0.8692919353955303,0.8559072966833057,0.794115808844484,0.9100784867554648,0.9278799900410122,1.0475973883153569,0.8494902575092736,0.7443224394842569,0.9275810197781951,0.7440866139828306,1.2605485344526708,1.2193160320955894,0.9197981971757138,0.8944041995712672,0.8465134208715485,0.9679687207693635,0.9343209775824741,1.1951026868810095,0.9978615881625528,0.8746229404952313,0.7982303613914666,0.6926133960686032,0.8716740658302717,0.9529602391501735,0.8632402901504428,0.8940015593464151,0.8595780888730408,0.877942859969308,0.8548610178889262,0.9089549095503842,0.8471322569446014,0.4589278261370092,0.5899051577765427,0.9350303046384901,0.9244450788138602,0.6125031097231982,0.6732339847540064,0.873120127080274,0.8590944304717169,0.5389084609417001,0.46172404961311614,0.8333702127895445,0.7132298130866033,0.9730556005779892,0.7785674995677834,0.5605498289379857,0.8441504361074018,1.1195994069178399,0.9502274596760448,0.7548093640025407,0.8363640517006556,0.5192975570848959,0.7494104075806877,0.48274528370876874,0.8193003568872363,0.6196863334390017,0.8606461256071508,0.7576244659862825,0.9801173534358417,0.8222788792312015,0.44570335187742777,0.6508286271752309,0.8029720411601866,0.8978125380678899,0.371475702645678,0.8706245736264393,1.031672800902845,0.7911096984193835,0.664661204169515,0.9822152864082073,0.7824393107471713,0.8525625095882712,0.9851917080158481,0.6405808258002701,0.38489151338175603,0.9756330553971644,0.8107084316607701,0.7656266603641145,1.0298280772675263,0.7547285482040424,0.558133967283445,0.9286567551068567,0.9588130882766218,0.9108288527129087,0.8613148792732197,0.743757066630062,0.7899761033087637,1.0275383524120991,0.6928653864870117,0.8776764548325143,0.8987038024820164,1.128988777232707,1.156683561870398,0.5703221013413368,1.1354322754536752,0.7516733724442382,0.8620103677027632,0.833846193961815,1.2369990780997049,0.9441761070094347,0.8969242236605779,0.79941087452301,1.1383280305376173,0.715390843063343,0.5936435048433686,0.5900542551844561,0.9587962894539429,0.4557968862765768,0.6198539450187616,0.9025301575364867,0.8764043825614758,0.8653424625123001,0.8978877207189518,0.9880787557760728,1.1280233493377194,0.4640134781019509,0.9311931889774799,0.8502960477648199,0.6301106104446407,0.4935194085277734,0.3711971445029074,0.8921778118059441,0.5447495865395424,0.7304977819507668,0.8743574799340045,1.0168549276538754,1.3975515701141283,1.3250152437937874,0.9270065824975027,0.6958125898600361,0.8954873948225586,0.7745229075764982,0.7653513551368175,0.5138286931650313,0.9383917883698342,0.7994931211428111,1.0344375080111965,0.9236136915430688,0.9118007059548545,0.898151152589888,1.0072799593201784,1.018674503979609,0.6187342887811659,0.4973798365601379,0.7803328754930894,0.4463855333916335,0.6996108547028946,0.5627364087636607,0.8772397057065667,0.8383938787672256,0.5857186205993681,1.0984059353641766,0.8980769884045042,1.0119758524917655,0.6410291251814257,0.6721567573519133,1.0432254349814856,0.966864757965378,0.5752683400367207,0.9123550931944989,0.6662682868417832,0.8806990145753414,0.9028924251925796,0.7023646554460613,1.128165406558828,0.978233509564853,0.5406005148722405,1.076554177533002,0.9375745425575016,0.43289901620785065,1.125449190310161,0.3955743011734077,0.894007860751307,1.4937371821038075,0.8884104136966526,0.8276784129658759,0.8911683898547025,1.216707650758332,0.9816612868735733,0.4141459273585399,0.9153667567735472,0.4416949264868695,1.1271152661926565,0.7933642086765386,0.9119777043486896,0.8494389510737911,1.3713163873228191,0.7866618763010924,0.6657557915867268,0.7152933541259471,0.9613181377947063,0.674104263258984,1.0418459180438018,0.9026946221307929,0.9352487393911095,0.8356985650482218,0.503126007560355,0.8967724931618613,0.9300727930493202,1.1632648512411228,0.42835240977847033,0.8020965665457964,0.8519794211233327,0.5900448322270064,0.9025535955340704,0.5009869789531233,0.728725001389707,1.0503235410980074,1.3450560603735697,0.8957185135038355,0.5915040387100695,0.74967074265948,0.8981968832506279,0.3832969342106661,0.4764816277546991,0.45680018703040354,0.7384641779347224,0.9464418553199327,0.9823171635482111,1.001450757084614,0.9226493800122424,0.8282108628046112,0.8941505225700246,0.860041686184028,0.5282957434415189,1.3217132733959582,0.8156340528403837,0.5687131643803771,0.5108796600326989,0.9650635429318764,0.8523684401150061,0.867583940311472,0.9256804551276145,0.5684705114384788,0.8881857553459933,0.9032107880530225,0.6213345550797893,0.6335209071772627,0.6266973003945396,0.8791810133764231,0.7089334381129243,0.8710169371327096,0.7728746799318222,0.9428434782382561,0.9082237204308039,0.8964442727954017,1.1554712295408278,0.8238645713210137,1.0718970971381723,0.9661907053118494,0.9459688024151379,1.2511784738448932,0.8838325684102648,0.5186133987785804,0.7877101358906777,0.8408932856050934,0.8997639974828774,0.845645849435524,0.5718479677649286,0.5600237375061213,0.5316956867004253,1.3913925763210306,0.6661428447963139,0.5794847584086079,0.809657479298062,0.43048795914309157,0.806133214640018,0.49688070429096354,0.41268919847485397,0.9491649148697597,1.0496897960090277,0.9407066571708974,0.8329425513531858,1.0532068232195375,0.6661738019561085,0.8560087198088685,0.478864368637037,0.5243190974345918,0.665066241369617,0.9686001456796508,1.1491652101128487,0.4611608051047565,0.45387579668373357,0.8066084254068632,0.6477902145631252,0.766674339539366,0.689657888655389,0.8061369821548312,0.6791501175576151,1.004865357860514,0.6389256160959544,0.8272159528590134,0.46303934565858423,1.200459621692738,0.9074435493066634,0.3907592469644984,0.5911986020528267,0.9197528217155043,0.9050259801738623,0.8838473697397324,0.8397542578010576,1.087474799615072,0.5727040469524948,0.7989669380856564,0.46681234748822364,0.7438463890112628,0.4429551881911216,0.6665264099449533,0.7139769977930159,1.0286515388489927,0.667042243983055,0.8482187277749929,0.8640786914079208,0.6986386448294316,0.5102049268075828,0.9460152963559214,0.7168207858933756,1.133216557184821,0.4114254514182004,0.6077617380485841,0.5587393939178562,0.6337451992194608,0.8180782386083352,1.024313635004686,0.36537866075400555,0.9797795421279539,0.7157077972122213,0.8287016803773463,0.9141168422404717,0.8454913089510342,4.702375412733803,6.937757642187693,5.588219542705112,0.7215575540946314,7.561479933036892,8.13472565205059,1.9542284848312603,6.2741639409594026,9.412070330943768,3.7461359365947944,6.27956727976843,1.627621715452411,0.6050906383376214,2.4493854389537706,9.577062928571802,7.84275715969483,1.786833443178034,0.6198910725947062,2.981361442077828,7.772577897045147,8.930912941453336,9.271141026661255,6.150428388801371,8.02648942839084,4.038107921768778,8.344009984623453,9.003121514869624,7.037762495991753,0.6714226339630972,8.101015070348234,5.718439839879514,7.429918814570385,9.778317191672583,8.422324784642347,5.2581127184533845,9.66636407595659,9.238706038137211,0.997576912188595,1.421732887599284,2.2448158265306337,7.199528874007433,3.8453247508995783,7.71469647992553,0.6053809032800614,8.836624315791173,7.975284152835977,0.5613842941303465,3.7178144627168095,8.647300105188013,6.202574634037726,1.469846608221062,1.9717306314541627,5.99776617963706,6.531879171291268,9.216537420526612,2.322749752365058,6.538977200814064,8.764377492703549,5.504390995673883,8.512226150900961,10.049436666487363,1.6095720884074856,0.6660681377279003,2.4627501560321776,8.003780009240707,7.815415308353626,5.944134619630605,0.7092391674778065,0.9428290321980883,4.467877422179716,6.252121837371072,1.8304506026816338,6.624115821584453,4.125072210896604,7.284689426055067,4.448318688459042,7.946627277254719,9.506790713304111,2.275076213489053,6.2374720960851935,6.858263979764799,8.365041392725743,6.85952166798743,8.841926088802378,8.481115545856307,7.993643354080085,2.5876970941627637,8.37744222496116,6.5639062469818565,7.193889293761647,5.272575274030902,8.618864720999849,3.1018823668927693,10.232286976139973,9.79550426393467,7.789375866475643,6.724906252011896,6.006771312963409,5.87998626286768,9.164743633047562,7.794857364875598,9.773479662409015,7.859261167589944,9.406692671730754,4.182035495650031,1.421505500229436,4.790758031687274,7.571040363834729,2.6400808853396365,6.715259629700267,5.110554531108625,9.445483126120001,1.4686416695386117,2.6704849923159095,9.748148492589655,9.497939909867208,8.143499973968161,8.656067107207939,9.433706058989284,8.359640898778444,3.1634225982582933,9.715650516882482,5.442696952558019,6.855569483985396,9.015893802040353,8.00159015941384,2.877115643509817,1.0617635261518208,8.586483883421334,8.309612994879787,9.652932275818282,9.29698380834731,8.502025500498045,10.25857560968666,8.610649778920894,7.498061269670054,9.509039423396693,2.344729728711996,6.801669575528272,10.053870863106654,6.901487622406319,7.290641179288892,4.712728371081803,9.886536670812813,8.399573761561827,9.173193909747269,5.1979131790677675,9.931765037166022,9.138506619576043,4.021784116855414,6.027985366187634,8.674231753764248,7.485285766956268,0.8696568524730492,9.277663570467247,3.7730563984045182,5.31056280093578,10.016434298780233,0.5434100437607057,7.34856782165193,2.6044841255445825,7.864031094159705,5.735084612118509,3.9703650888567497,8.59783445692152,6.304737815226207,1.1764957686610003,8.403650809161274,3.297308705450304,9.435920377801034,8.793181669368773,7.997672937356715,0.691308959017014,3.813755376926958,9.890216227217941,7.9697623504749515,8.637179221720688,6.9735973415699775,9.488495233866086,9.271731592819696,2.271778322487569,6.576211808991735,7.985771629927943,1.6573363477909921,8.074015118406813,7.936907510293004,5.561619084259485,6.90853485273241,7.295580758006578,7.720158831363858,1.6035993083103013,1.7888886462904192,7.052070157215591,2.616299339236306,6.9498734469886285,7.241603231646218,0.6097781658026636,3.7033154142226388,9.76613052231665,2.855938970131436,5.382400116176108,7.811858911537466,7.674835244205803,9.292129399524532,8.831259435303616,9.471308657716024,7.337788676173198,9.441771962320164,7.038176638932386,8.974883951331664,6.055694255126216,2.5552687000802576,9.439402837021737,6.1820051377042455,0.7262964132043189,3.3717750595406937,8.40506126699268,9.659930406119898,6.599729692751056,10.029596641859206,1.022793295823114,7.620644860899663,7.421540919015398,0.8026593989484295,1.1356066958019624,7.8919590877207675,8.68317337643655,8.227947256564349,5.983718732919313,7.760096063724295,9.640061644798632,5.525954516793769,3.7865117562114343,2.739563973249838,7.1537859684856215,7.8422847509771625,2.335210382839598,9.113733509997205,0.9066437832168898,6.303115776370037,1.5302551062516097,1.553813023095306,8.194059163848634,10.164902053792373,7.049357654458354,8.12688717979798,3.3728025905429995,0.7392915576915697,7.31389240361086,1.5793550978865125,7.822811860385434,6.083151692625751,8.391567786703757,9.36055210141726,8.50270013518458,7.91849643441838,9.202393997152893,0.5764955986471371,8.760929331975118,2.8765416436976263,7.784487625875496,1.4848055477705777,5.8147232826752155,0.6118075681630651,3.9674414079367555,8.6092339407287,10.217962710220315,9.340665293115173,6.084797568581098,9.496290058308702,9.400071905512743,6.559943046141431,2.152260565703482,6.378224576418488,2.4769980390334134,2.8467335247140673,8.462399196592767,8.028678972405617,9.506809047798368,6.995550416406771,9.843469356409503,9.429129514431562,8.013372778849035,5.203229561778138,0.8591998788623085,6.141394264570643,3.334214053369797,8.291935044599668,7.21674094059123,7.685239268951356,2.7537106386433767,3.6903205408695605,9.638574724129088,0.5679079648716122,5.256735158784541,3.975517590356283,2.849985176660151,8.417744182703675,0.6001401894391342,2.3205854498122664,0.643304256851443,0.839360119150003,0.5116410494242909,0.5354726925174884,0.7133366579128859,0.4286028116275465,0.72689345293347,0.8473326891671951,0.5589827440598512,0.5073304828779852,0.775183952861743,0.6980548902759554,0.8912681580471088,0.8372713779201378,1.2121081198446784,0.6728230653548621,0.7718212471266911,0.6648560238263477,0.5111232522334485,0.7048309032959603,0.9696248091783278,0.6018000117755121,0.6241242685491714,0.7413183765308421,0.3940882776412302,0.821299078842396,0.3405913074779042,0.8130166363989559,0.6539593045990545,0.6120821486108174,0.658346061825507,1.177616937935277,0.9307522625859267,0.7563368433594495,0.43785912488965417,0.742031828156776,0.8190166821911459,0.516501264430038,0.687337065079707,0.4565641087089766,1.1850834789954732,0.7289629722907117,1.5513156478771595,0.7457634148608211,0.6257072053884678,0.5445193413294064,0.5567611682921175,1.006107866959984,0.6392227515525051,1.6560794258575142,0.8759250285093063,0.8220146826858665,0.8659142515204183,0.6766188414455744,0.5672859642614738,0.8702600887305992,0.6844701682683766,0.700499442803995,0.5237192503320661,0.5361415303365665,0.5566486152429939,0.5646634948649116,1.4962928680231253,0.5580294384679202,0.6510838753246975,0.5377433259091674,0.5874353986138423,0.740166771853295,0.8003539631952729,1.6516396112314484,0.4575504321755272,0.7716184879875085,0.779199405900252,0.5038623548107812,0.5628380433163642,1.1020962659713593,0.791713133704033,0.6311897355286351,0.4453284193775462,0.5287312001996817,0.7262611411209546,0.7505245240625198,0.5811247824100152,0.8062579128996064,0.5891682559747162,0.8847702993153047,0.6114515791533813,0.7691102176948252,0.6456574320250563,0.7703532514951307,0.5439057469237857,0.5068560005690296,0.5646792862676129,0.5043318263446221,1.1143611423658795,0.8896942213046759,0.5835212988613645,0.6153278974155489,1.2234449397119258,0.8923292906758152,0.9696590454464042,0.7457980513716016,0.6386934189088584,0.711040626520554,0.7121136463472744,0.6165542539148232,0.5753949769783636,0.5872444069813236,0.8673054718673552,0.5202085596150503,0.5944156582554202,0.6028485113768222,0.512971739742443,0.5533930788948918,0.67015888928845,0.8287193839387786,1.1279457486453532,1.0920949706497816,0.5307345326147601,0.6073007987997541,0.688745533469074,0.7708044303637913,0.7291606364170269,0.6403079197192173,0.7122963860124316,0.6632242715219989,0.43724265771148924,0.8442002683009547,0.5327967943524687,0.6951821681668512,0.48734754135853947,0.6618873307139901,0.6215694053850007,0.7333815829080947,0.6322071710062743,0.6306805655678639,1.5452300007677973,0.5671701258606179,0.9670656256362277,0.8652536427303092,0.5623862503226381,0.9526233245797431,0.5798104981889823,0.5629147749061753,0.7430785993863186,0.6154737755747106,0.48464922052993126,0.6092480637024033,0.4528965310103063,0.53652320625418,0.6595402709649913,0.6343745004170086,1.312332414465485,0.8223938193285286,0.5963327407372527,0.9169566392450138,1.0743470387206768,1.2146749817537634,0.6210279178657592,0.6072285124588079,0.4943275058069754,0.4950853224935587,0.8655324460914614,0.4764531139572885,0.5613500388127061,0.6144878756403954,0.5109794524366761,0.6335689266262275,0.5558675210217147,1.0554423607547516,0.5701743425496596,0.6225026726297394,0.776029157551442,0.5950168536147439,0.6270120220014902,0.962546327005965,0.648078440143169,0.6183679167669985,0.5429947255441132,0.8834327059504511,0.6327839505282048,0.9277456125915063,1.3686760183989735,0.6059254703599221,0.6459133612091493,0.7713488175209388,0.5044156455394645,0.7017841397106684,0.6124842644058693,0.8863162233586805,1.409172873018182,1.2595493918259302,0.5508839468269665,0.6010015300796865,0.4132420720323053,0.6044953188744213,0.8455093094924309,0.7703107378955966,0.7804023837200009,0.6808579596587756,0.5227835750651895,0.543096660753851,0.3399047876463728,0.6759494486738029,1.4386342352587993,1.581684445088612,1.266168955570429,0.45884321063280065,0.7783694959093628,1.1240828250812394,0.9122823088017145,0.638728838350366,1.1601664132382066,0.6863412704829657,0.8868474572359326,0.5351069994179782,1.2648310942301833,0.8097373072019753,1.0299438116671586,0.6674386713288465,0.7880148368638391,0.3821964700607277,0.7113983742997528,0.457280812220431,0.456848968708029,1.0750482217454906,0.5071521170152361,0.816552889465191,0.8963718803982814,1.1744620519519609,0.5449694906845555,0.6554104863816729,0.9941862422257993,0.5608744395686883,1.2403407253143213,0.9548091835324671,1.0399335308110476,0.727782427042902,0.7006004729128901,0.6359798000827711,0.48298959417916837,0.7529449620616445,0.6255278169648045,0.8863933967832358,0.7230043097114138,0.8299005535625688,0.43569556093312295,1.0767236510309,0.6359121735490236,0.6384735578900169,0.6097658390037725,0.5218273550649334,0.836280164465796,0.6865573991343539,0.7375566262143979,0.5873544868266973,1.015581357126472,0.5481026806099393,0.6197400476874773,0.7548813976250658,0.8256344695058021,0.577149044135821,0.7738184295832987,0.8854352667479553,0.7689997576372387,0.7133173679805471,0.750477531331028,0.5626025725330597,0.6197455394672162,0.8095650935908054,0.6072172947655596,0.9144223088529829,0.6077433729067038,0.9379945058571683,1.1912759223121672,0.8997838104662169,0.9268878876846072,0.7256488326514787,0.6395520196382048,0.39574558135070836,1.1362366458765774,0.9553939360152708,0.7779062287622776,0.6641000214991625,0.5848157472365091,0.8996434998969464,0.9488972610189449,0.6205268881805324,0.4794363861411905,0.5848291466442491,0.6629554813612805,0.38559029562716507,0.5674634692949685,0.8752213217960791,0.77456929992567,0.8427500414785631,1.1640389521996477,0.674835325958235,0.8258472430382366,0.5913579491916409,4.494586143172459,2.0555478593105385,3.704946414837621,2.2339615856330575,0.6215802021858269,1.7096077194155441,1.3308096014625184,2.6915271225422295,1.6906830456203625,5.271507546541091,4.001748260510559,2.248181423960108,4.711774122471507,1.736519416893988,2.942516586446214,2.1459507843268706,2.055829034823873,1.075911207052111,0.5923796596952908,2.009367199696737,0.5628336235765654,2.7944570294028646,1.7278004184894586,4.4628628836944975,4.141146058379851,4.3188618611001415,2.85836322111469,5.197992473612791,2.8572540553355132,4.190821430978024,2.6922937738240598,2.6442450100350325,3.3950176962445053,1.932270581062508,0.9778647605980904,1.0930597991639317,1.2812111946795026,0.6851052627565031,1.729065883755917,3.093494407796461,1.630480486740488,3.5572187855188706,5.285073781883557,0.9653290486448041,3.534990627868879,0.6393929381528652,4.56000521232245,0.800490574033762,1.7573339686091267,3.9587052332045243,0.8720614327425037,3.0058467661937667,2.948243451811464,0.6172284129346479,0.7913095999155819,0.6527899045795782,1.845744193741538,2.536904111799589,0.5295054196923752,1.9498544385484875,3.8449396576833514,1.2113006913999544,1.117749776738018,1.5725566935744477,1.6189823943819577,2.1772700055275913,1.926221952639335,2.46763864676096,3.426194546550364,2.327913944863939,1.1684465074735797,2.557939796527342,4.308345248439315,3.2048148300282504,0.6431883400839693,1.6024460549592734,0.7079636415824028,4.468992097968757,1.2573784050479981,1.3508040603770934,4.0789785782853185,2.0781628010131383,1.7561497918213813,1.8532573304340665,3.0097204362004244,2.2868765996731972,4.485249454800961,2.1497431072548046,1.7937058482899493,1.4839576900180458,2.369397204734676,2.9860898019925513,3.904980295581259,2.396445050932557,0.7532843159464437,2.0877270809404296,4.544313184755053,1.8893248520100883,1.5637018679222978,2.140019802180024,2.453713277515501,0.8872353316273526,3.975024118495376,1.8118024016765402,2.009511817560107,3.280391625378143,2.672359379396835,3.0362366398653355,3.601169858539938,2.6721556656816463,4.409183792320596,0.7177793914285131,2.8462527190313747,3.887680245149255,3.900472902746601,3.8346478979331375,1.6149448695651218,3.9039903111061367,3.133087670518386,0.7321466925428838,3.1989900621529612,1.67602710101402,0.6405304623790063,2.848701037155722,2.0975121634777936,1.7622878092817138,2.6211817521683516,3.2511840787266806,2.9027814199967836,2.494825593514881,2.545182164077134,2.520064021066178,3.8852367597231106,0.9304803608708302,1.1730600142286283,0.9574043978438189,3.015717043653364,3.733530816919209,2.7143213347045227,1.7212155308864212,0.7664828318894639,3.3500865993045013,2.5966296787028615,2.963906597657577,0.9985418151397942,2.7220496457333354,4.655743827187791,2.070142642901816,2.6174029669794954,3.586821138573258,4.060278293241251,1.9479627386956497,1.895125703129589,1.1562256992777402,3.8698449404942132,1.449130474769776,1.1894797636595675,1.8532118548252803,0.9638642425221734,2.885313904557241,0.5549839358913635,3.2687187715910344,3.8492753841389122,2.5148054360915024,0.8446314566796933,0.6542811809585958,2.302684139731652,0.7109611883131118,2.400401698127759,1.7951665388402862,1.5576246987142077,0.8134827166822188,2.8341317729352418,1.0898611028304213,1.2455403527093074,3.937684346706636,1.4740205851050336,3.189786699895809,1.4007571220694086,3.096882127651566,0.6638797534347243,1.8698862212058385,3.3898287840795067,2.075728776570208,2.6326359714235243,1.7706538540006662,1.7729223119845685,2.0703294282381317,2.5741485109601316,2.243211186129114,1.3327614082341792,2.654987350936059,4.070921495496421,2.001238007137487,2.2649673255716616,0.9999007527826472,2.710108950979327,1.847221744945924,3.725347654946498,1.2597717382598683,2.4001779080643852,2.933409121843842,0.6089911896168084,2.990098623455157,1.9839284443618599,2.6925797578855266,3.897093600047226,2.329350784490468,1.9341736187636347,2.2125391515642034,3.370194278771679,2.7097435517035624,0.8603052975057145,3.896829286792034,2.0011936614694026,3.166359086221445,3.4375522641938976,2.8077618054834,2.093452549313285,1.8065513058114888,0.5999537134448574,2.7248020106951665,3.254021050540573,1.1751365691455848,3.580256712102786,3.1390055869983855,4.857133393636362,2.4301240356534186,0.5714987693958998,1.8228145856691682,4.122668423379103,3.328937761827224,0.6616439125081925,2.3832080226780783,3.982848304002169,4.033828222536465,0.6249372901442908,0.7449987098155447,2.1656951903062054,0.6030421278512512,2.8661214785983926,2.9932024407904843,2.334496155345901,3.6841529799078674,1.4606544725321782,1.1007249363297429,2.5956447358351187,3.7815831835717457,4.177508326610133,2.369943335628603,3.4693236136061953,2.298327258914359,1.2316186236069788,0.6703465390735869,2.3759185906424434,2.4371778627321503,1.615223758489643,0.8293588039787709,5.044144583526361,4.092357242993191,4.197220525801085,0.643370172133578,0.9714824052549282,4.615632599400271,2.317930694222218,1.5626710778475599,2.5408270533775315,3.552516207851926,4.162310392145401,1.7610895690495907,5.3988396323473165,0.5451401799623758,1.9014469121543225,0.8050449657188726,4.02185795734894,3.8066410482300124,2.137790994203114,2.4677656418632816,2.392474711005363,3.800107508568777,2.083408289196179,4.15146525158781,5.28772466778531,2.53252490479116,2.6195409544474058,2.5576661697067813,2.719197539494696,2.4976267352141455,1.9057954890923163,1.7628331010492626,3.909662497920143,0.6311558465254853,1.2438325858385602,0.9253011310367996,1.0911499564885976,2.0657978102522194,1.7430785225521122,3.593002144714346,1.1525274543339832,3.563099882322428,8.375836164517786,2.529595134275271,3.081708061332383,1.013844139346023,8.970425522847329,1.1806063127954143,5.918821226682281,8.783599018043127,8.294479940815048,6.777811151305496,4.251454456921515,1.049413532900205,2.5837481384476426,9.377275970133438,0.9854775017108421,9.23312770186299,5.295101694543977,4.618571438338246,9.166788687477554,2.3651642143590292,10.264122503231041,0.9256191522508244,6.686432031418541,7.753003379730151,9.351534036067449,7.567015733777765,1.6820509079354666,7.337808945403983,7.841693667044428,8.113246546035555,1.0021684553310826,0.9533244927822526,5.8901442918822875,4.032150916127411,7.747354433704959,5.510820128165559,2.798507528453333,7.956570841166551,0.9520299089743947,8.346159742683023,7.186590753612731,3.201975318929858,1.889578757776076,10.017489159224441,7.88238535769915,7.682784680257653,9.225287381257782,7.504718837139534,8.983609582851056,6.788248256444114,1.842833559000377,1.021512314674937,2.8547966212833042,4.125119308122155,5.69779473938954,2.246915101218745,4.284057782552773,8.11982708511979,3.067112807207825,0.9898128669377657,5.46523383123222,6.6765545971021965,1.4268020348405428,8.315743692354015,6.156626740366215,10.249279310557723,3.6114421097499245,1.788253971855595,8.947128217969311,9.632497194579523,9.263948511576407,8.450130711684784,9.413872053082995,8.135961943125054,1.2878291116846536,6.772474365975496,4.576784386794218,4.763508466008729,5.1013018564263986,6.765320621763468,10.36028517246441,6.805696430779215,4.0628709930730595,7.691050597226598,1.4442604411155704,8.014146721088109,3.9387992780632213,9.565474809567606,9.20261804946556,8.163805284996705,7.412699036313737,0.922911617248199,7.516918421419224,6.335739513203846,6.5648687396433605,1.0106740704966088,8.349363229628866,4.025524156988536,6.870464741568391,8.107277930570143,3.636788160109584,5.938477428635383,2.546332618190013,5.949754298483632,5.2298170005039495,8.070373394399168,10.032661332423809,4.445296086931191,0.9839674932507272,4.540319264999306,9.198909199432494,8.002200650743076,8.856775611863695,1.0331557638331732,8.744677074802297,8.613759259874971,3.931946468075285,4.160948898132583,8.146590706853964,8.398263001629095,7.055146317936773,10.020886756608547,9.116435806349674,8.070216154535238,8.239599054006636,8.65801414176697,7.359906064977834,5.522037209914553,1.0931874926725016,7.944231898107679,7.686705920093237,5.999328666938902,1.4569305677998485,1.3455341860868093,7.339572244121787,8.008549890805758,1.5059135822526846,5.6659443701971055,8.37994869316132,3.4174706954200875,6.035169404089438,10.312190980888811,4.845622066701759,8.061802850193427,2.20986138319129,7.466084185056151,7.9274216437744105,1.2350746521482314,6.78777403099138,1.1289128828505424,3.941505139575981,7.236038444316222,7.120884353170279,3.538869251873073,7.412347023789037,6.784429190446963,4.163953769087612,4.819465247822067,4.668223287869078,8.928404223421134,8.401394671986441,7.420285266729524,8.005431548721392,2.452051117834761,8.036242017664213,9.191284970926938,9.02087047451383,1.4060036823907767,2.5468630033246225,7.306035581908991,9.662755585682639,0.9167331111110426,5.530189103203531,9.032318591216772,3.3292773160456015,1.565797463404237,7.511940599421268,1.1446340880518115,7.671207005087958,9.048494754468857,8.803963596980902,6.629025539520282,9.043538121568645,3.939981138177797,0.9815790280689461,7.5632977030672945,10.820413702877435,7.500167569895767,7.218116323178156,4.578104795631323,2.3769527997688122,6.497285616725505,6.338814640081236,9.090690279158379,9.622510005673641,0.9981469185448173,7.062922943751496,1.8410862002143418,8.807925757047885,3.887340146054821,8.675207104307288,5.266031980449633,5.490320088426442,1.4136508772239726,9.12452750880287,1.509660886773639,5.055358698750167,9.605881970026026,9.164984044884205,8.786444290242747,8.769849594337305,6.313317273515899,1.0066468111609925,1.725422665059116,7.198064130523118,8.528113558127716,1.4596241736489948,7.4073400298606575,8.837125299946639,5.744762865476331,6.496905633580325,3.8676282713867836,8.364716268730898,7.613035791504075,7.555111147664699,5.903217732121012,5.383906163357994,8.893176436000623,9.20718463553071,7.027824381578045,9.49623227013368,0.9174413583637284,9.227143383517326,3.5743099713065094,7.196491087709985,8.932344670764754,5.628097005029644,7.038323654068294,8.566855175256523,8.706823553283348,6.310025090044162,9.998918160668165,9.143641260614634,5.182150578930756,8.699104775498386,6.143998424548154,1.520182322129341,8.781287738240795,8.96667948276461,1.0060819693675844,4.373236007944038,9.483605309889109,0.972360742050045,7.681972219742869,1.9856874601224515,8.543845978187136,9.031548524874603,5.709943347178259,9.55212651870222,8.66497340163393,9.230554905398192,9.56003440671432,10.001217236046,4.193550720490014,0.9377062895570575,3.3870660804554373,10.611956558022065,8.161281102548502,10.16212755270034,0.990124741606301,5.662462750276289,8.04498778991517,7.420829098616047,1.148824540888003,10.804828327994201,6.909850764748311,2.141729147906498,6.723875549520238,2.265383387102443,4.816429393059701,6.652335186192121,5.3089059262061715,10.260605914704227,7.728923524312016,2.8939389306962817,9.1595400516203,6.141563500451246,3.396019276984555,5.385627766359418,4.468688736172868,7.494383390842144,10.242293264611082,9.501372092174856,7.672747514108872,8.223919598878037,8.791037593060743,8.832268457244323,1.420933288569364,1.0465043528083424,7.984668029369132,0.8054391577707807,2.8207283510001795,2.1822997582916352,0.7526713466644744,0.9725365614499312,1.3091081269882643,1.9174922408145934,2.1281234782000613,1.2929111196359067,1.6476705026659952,0.8445390962439447,0.8582064404076285,2.9930358765746954,0.9955776817034204,2.201988091966731,1.498595578407085,2.195617999781538,2.571640901835597,2.289576784161391,1.1538191156679505,1.2415919812115557,1.7364468759053873,1.4660163822547887,0.9388396071234948,0.9858881542019159,1.8748335413116681,0.9416128265675574,1.0599381714456546,1.0948896896962799,2.1827518475187193,2.2043857996834024,1.1758834082244491,1.1895355756781203,1.4020430849655396,1.1359439031978662,2.6194364044653926,1.1923697911670934,2.2785403493019114,1.432995107517693,0.9651408693628419,0.9626912645183752,1.1747655149621565,0.9590052344756753,2.256758306046824,1.1812184324938644,1.2218553264191379,0.859373670653152,0.9491352390067229,3.521496809892065,1.4665308991225723,0.9456432393636067,1.0146347946199676,1.5549826298555374,1.1336913060009275,0.8108845535737929,1.4850161022569206,1.597531396551926,1.6675371892580138,0.9478937505344787,1.326102597104629,2.2816006529920885,1.20156196179154,0.9899701484438914,3.0093179889103427,2.099869052863622,1.2631953620658176,1.596644609803751,1.2896193253589023,1.416731370384996,0.9420915398596317,1.6951428919042137,0.9030444393096501,0.7572097121621809,1.658848836076528,1.023642853789085,0.9714736149492155,1.4927097424819245,2.7198176375790792,1.4158178635052354,1.0636189794071989,1.7798816773193975,1.4823817997522033,2.33689712926014,0.9539211024521521,1.1019675597978196,1.8157528108899401,1.3172276177688884,1.1282578837098909,1.0098125565311946,2.573303736816655,1.6348720653045343,0.8726042998823296,0.9470004403656141,1.0428503517732453,1.765636546458189,1.3742546612300808,0.9058292117191706,0.8597158114946301,0.7569268945515428,1.7644465201417134,1.084367227332799,0.8532806638195619,0.710696445739634,1.0220908800464674,1.4584015598736482,1.058323276753985,1.125017734870922,1.0284462898747664,2.249175643810442,1.2003358676817262,2.0194757457420125,1.250037047074904,1.2702843236596264,1.7347297043661345,1.0896956416361747,1.727890641721932,2.4637891749196683,1.5974146511307605,2.154321410176578,1.4388363340309793,1.3657380395153695,0.9387135962757144,1.004605210137193,0.9028661170495735,1.6675887318413698,1.0736943077201975,1.7686960674596321,1.5259636528202714,2.4749756383415527,1.553854594891069,1.3831071424455674,1.3971890101535829,1.0718992206989506,0.8367123847217053,1.8142341425450135,2.1335820806649743,1.741277811665037,2.479884577647567,1.1216268390511523,0.9845525366270329,2.360986577316678,0.9026302203085055,0.9387566602499682,1.2690803198883502,1.060710036082533,1.228551836203958,1.0801439811784523,1.186181781097279,1.4188739789382678,1.2755048672358413,2.796982333715924,1.9977403240223113,1.3705545324340265,2.0080189483738984,3.9646624499676886,2.0623420245892135,1.0791409449784906,1.6473449666549396,1.0856483113471074,2.3633917995888862,2.2722537965358027,2.6428291126555745,1.4128554151282333,0.9780318481511964,1.3329401541339456,0.6981883047137171,1.799652424361271,0.8084684914385293,1.2339225988940619,0.8793844714864054,2.1222205745151306,2.073008605960817,1.2658804709264606,2.9114180574281674,0.8613495382171416,1.0984384021316316,1.1119402385014885,2.695234611365195,2.15986139029952,1.1216250355016897,2.5610643531636614,1.486026703882921,2.182275533995418,1.6681989461784383,0.9866876721641797,1.798360215508831,1.6602307071416098,1.25922427992073,1.1100327152542198,3.4746976017173488,2.30526345957571,1.1052844858960635,2.798348073244715,1.4451805935266238,0.9922369755109272,0.9779388856503093,1.3293069529012258,1.033584769312929,1.0228568441713608,2.252630664235434,2.4798053197520478,0.8820096182958335,2.869232437127697,1.4577325590849786,1.1731138428986734,2.198810886990257,1.1684511958921715,0.9528408364380319,1.9169271205545466,1.0351882554254788,1.0163345023578338,2.196136439080157,0.948752837431067,1.9310978459239239,0.946000860473354,2.9357953417732916,2.73554095650926,1.386310295514542,1.5519260538338113,1.3754725977145692,1.4979273756787637,2.225253808613726,1.4264604784977901,0.9728507425972659,2.5362587649332298,2.333253822567102,1.797787744528768,1.0807985535148965,1.8034788812712772,1.5222445403899372,3.2243252748066147,1.2482201285501426,2.382841950818956,1.6221068530240748,1.1547418842572708,2.1971365702215224,0.8295514050192264,2.3319043032106346,1.6753191791806141,2.0731716299208798,0.9948191184243526,1.7227989328183804,1.842972051441599,1.185033135868489,2.3627234648993944,2.3128349615008323,0.8249813736392855,2.0838467264832916,1.225552690579944,1.1713860699021923,2.3015011678577193,1.231593322116899,1.5083558874454202,2.420139098978071,0.8868639447380448,2.1716135727408497,0.8485826906668773,1.2055289459273628,0.9665700044275752,0.8482865993807812,1.3298753401453027,2.351831144833204,1.0361565397816208,0.962382165609178,2.4578372334128815,1.0019732818264382,1.5770446539024825,1.106137321565059,0.7824821194791699,1.0422233467822595,2.2769185444924034,1.352271746532281,2.3535757822488788,1.1044554396827486,2.4570589913414222,1.1941582963044526,1.5643086966603033,0.9526007718653442,0.9067968694372842,1.3156132187615983,0.9700857006104754,2.3438928570163013,1.3278242259783153,1.2011029172389238,0.8905890184438202,0.9703877695935962,1.9337777218399779,0.9099826610821717,0.9210212606861048,0.9467818916900868,1.1109860787970554,0.7377127628010908,1.9343851459734644,1.8928616225954074,1.4870371784509946,1.2578155980657866,1.3961813888192323,2.478060730535776,0.9728732436130825,3.1293204596676256
88,12.335103328621162,13.051788623316572,13.210005994738694,12.830540880696303,12.497506164313908,12.479249429461062,11.749615924111836,12.508469823355496,13.031715135462358,12.99139559609943,12.669102304074848,12.2556110249855,13.228781244955645,13.196424774365408,12.439201246732203,13.318161412904212,11.755902903853444,13.225783360304183,12.888838337431315,11.706156592007996,12.819767796653862,12.591102594350296,12.86509083842725,13.058368716430342,12.530040423461523,13.093686747311912,13.301902294793075,13.024618304284607,12.592657883231388,12.016578995504766,12.35406760105498,12.22448823752277,11.465166005142915,13.278187069491924,13.331058829566672,12.671789027374022,13.359319240327777,13.271638078078787,13.468714930720788,12.447296040443982,12.888448573782595,12.449839780178056,12.27133655188338,12.446769404795273,12.833245301416008,12.879540955312848,12.999531703913801,12.738200882296093,12.889167832511674,13.120622781197095,13.315496530621953,12.731510195091392,13.072644002352531,11.920028664398622,12.8283719700329,12.528632255005615,12.850868959719909,12.924983544241782,13.046757482247791,12.563286173196303,11.411917284530647,13.110472554566126,12.763086945690478,11.731734014912057,13.025776727072177,13.346290907395668,12.313261136748675,12.055429457855206,12.934195053575188,12.174047456385658,13.34333343250719,12.992944183061047,12.985280396296535,12.66326468810174,13.30782392073361,13.222958321589713,12.999208164790316,12.576942966285369,12.010795602247661,11.475926212573821,12.810726069148293,13.247774371196257,13.198387309560333,11.48175839763425,12.279920547076703,13.053671720398697,12.360474977581099,11.975069932925239,11.394128293772509,12.35869048451242,13.185825644360158,11.49459275653461,13.346478626881197,12.891869707173528,13.325490995172785,13.006500300927273,12.89248924045662,12.403376257723755,11.432018907740938,12.616542578330609,12.493506627030293,12.533564916774361,12.047531077675572,12.007677400449563,12.869059906813742,13.23275572829219,13.341558137878186,12.745457544918382,14.131109040204503,12.560249203641963,13.025159614040813,13.315982087362197,12.894036846070533,12.633795731824941,12.43457905817097,12.936444374734533,12.559437664442678,12.954232986941253,12.071645337230366,13.06015635627985,13.1437406697891,12.944353763471169,11.710882330921105,12.886599805968645,12.122082860727332,11.347664264224592,12.990320072626126,12.889688498658465,13.157720094864139,12.119066693062747,12.285919117095572,12.763034717942181,12.926466752969374,13.305987232814799,12.74323993512416,12.84568886539438,12.403727595609807,13.1917974468551,12.503680428795724,14.075269122106322,12.312783783695659,12.936480720458436,12.045387105387173,13.114890433269697,11.69848546686745,11.966457822189684,13.293637372177045,12.421018426563336,13.068073130423878,13.172854891666562,12.386471157769423,12.781089633850485,12.600102998502175,12.928330830592488,11.73148483126186,12.378547522042425,12.68657721663154,12.857312590059621,12.460414975824813,11.80282980702127,12.590806356248729,11.976725658531931,13.356410416893928,13.203780171134202,12.241015602372572,11.65319266075264,13.12875382478155,13.170270986424212,12.359021494443413,13.366874130552125,13.086392166713829,12.377302351540676,12.179285513519293,12.438459106704858,14.347420346045816,12.970815062312067,12.105547909772017,12.88612219339833,12.07443331108229,11.936097369136283,12.112471570302258,11.752200753697245,12.94045113345881,12.428964313799101,12.51357254047024,11.928887451252779,12.9849082824115,14.163024166137184,13.188733687017665,12.876219891002448,13.126952417155263,12.848938728622167,12.283902403990753,13.306060864045296,12.571167436247418,12.308721614391793,12.783490771737668,12.495745516387299,13.31529254816028,13.270839866825199,12.413266218659368,13.116925411954496,13.296528316112573,12.321452204902549,13.149990201831814,12.635794843054315,12.413156101275533,12.873041464568626,12.890499505353123,12.90794278756505,12.493086960629215,12.961379875093618,11.969724650853122,11.974554251834773,14.26824258937148,11.274682761703508,13.003114606705571,13.089172111307889,12.268489354115383,12.523703782227335,12.84346226982522,12.583121516328003,13.205980111799356,12.557120569897505,12.584532072477362,11.671645039373512,11.964153248955958,12.903423094019134,12.867817249331845,11.681765337289022,13.400067382295298,12.301247342924265,13.465784940158304,12.968160993734697,12.526254385470137,12.162657419335579,12.497342300591486,12.979028282345078,12.418135028232014,12.91233050916085,12.553586690273914,13.113679007954254,12.842014179039198,12.600890015137612,11.930032260768098,11.252956119513705,12.065814063743987,12.582429092791758,13.150217182690229,12.351155742037843,13.2519947848858,14.17769638597333,11.96961535717848,13.163794896159963,13.155642733316592,13.09122070895207,12.201321906559876,12.527790638259866,11.979599804202731,12.541318847634306,12.798945213868876,12.915886163984455,12.49238295481037,12.696330591481884,12.663123218514066,12.583812558568768,11.534752404086701,13.030989382540103,13.08620839954795,12.88598710001142,13.322934900247118,13.14191112768213,12.209934470685813,12.037174302109761,12.57536856366878,13.217656419361942,11.93449780469137,13.11806088382492,12.392230211483952,12.152094039313932,13.313255524339805,13.583820906845695,13.12790504009844,13.213013842391552,12.18382882055431,11.745350375260958,12.846698673150291,13.152834025309177,12.42443970115682,11.598605200508443,12.408272230524934,13.128036675466221,12.862922433988953,12.894457049117587,12.862560114604001,11.609512742184313,13.481446162247474,12.795701520873154,13.141218764089693,12.329157977573232,12.44992831194405,13.160475454198203,11.645150922558614,12.183379721335756,12.618044897087442,13.418918040111185,11.336078761243526,12.102119365845432,13.426443476866943,11.192046710990017,13.358918224660343,11.736475967553679,12.72704489637731,11.348796248898205,13.266526238979806,13.55694261597667,12.057126791478494,11.250629777566404,11.032781388876936,11.836346611918978,12.961897665720286,13.058596575026385,11.910393145097753,12.793774790932606,15.256520599345489,11.623619609842985,12.224491827471581,11.866452451453302,13.336676261017175,11.650436745514194,13.474687010559817,13.055993954287098,11.48350484414345,12.531224128566281,12.98535951771255,11.997409484023567,10.906857859201283,12.567481537169288,11.34914665943506,13.380797162807081,11.594331196349128,12.366377280724247,11.305730657147167,11.522750080055722,12.99106100009647,11.024982747000253,12.678202457551407,12.379253322996304,12.009482206022005,13.122832188283963,12.99446929240179,13.143424848141203,11.617639031701225,14.445444869770848,13.16926509826192,11.942464385857095,12.868613166098774,14.250640918236806,11.336377147579254,14.280866034062228,12.295208547864258,11.795966000072836,11.532607297519855,12.08626776649612,11.661650769387819,11.823509668206325,12.446977624417514,13.932566430822995,14.029165225553365,13.37003363100857,12.039052019842316,12.319328555282524,14.139727248039659,11.58971468261163,11.174613487156842,13.993834952261997,12.966011985701087,13.079241851193151,13.282200909327775,12.043873160968959,14.121486682699567,11.783834540739912,12.032225959588489,13.394791163919377,11.66909509991298,12.40170952440823,11.930424244263772,12.275474027743412,12.151731739137762,12.73833031108061,12.980106744445797,13.62447761451833,11.800056346812715,12.315997934509722,13.508751592659161,12.53816268103981,12.192138482476372,12.369542532342994,12.101760491403121,12.746676671630015,12.51849589958737,12.734418086945754,11.94727234612946,13.292462576226935,12.300986899422956,12.358889233342857,14.320696244241798,12.14769516382868,12.180631516396417,12.775954785787953,12.584118429965624,14.248223586261746,12.760194234689504,12.266835025669211,11.536802019177937,13.084416637714037,14.060018775221815,12.147666513432572,13.53305658075644,14.19835627170114,13.797056682599246,12.327474678266446,12.01693928283193,12.088468243452082,13.346912553511345,12.598761913677915,12.375827497147306,12.399999362931604,13.967434919058245,14.117220717464564,11.437313231883945,12.184437908581698,14.279627818105025,11.327788528614516,11.702721351745641,11.607763850318124,13.773213444974472,12.706428333341474,12.29136169503822,14.875122321047474,13.630161047541497,11.562779765989163,12.204448016002925,11.720788541388831,13.685901903706503,12.267978334451135,12.072949058244578,13.262518532947048,12.755691960725184,12.712108584210503,11.891222165115002,11.549946157374501,11.77899961524249,13.264793054798318,11.068790936836022,13.795957322706883,11.000234256113078,11.245874035634802,11.461361994180164,11.61240864453956,13.033255621203184,11.26904463583756,12.952945727868618,12.363467750269061,12.593733159931125,14.17086828430725,12.800250181035157,12.376408145457491,12.07004181085937,11.768692304015264,12.633092508813395,14.044344327736308,12.933781297011047,14.109920404778057,13.424606011345068,12.655916693917806,11.87753304787966,13.124581807238672,12.282072300690716,12.09331340409424,13.159818333569476,11.674207005373326,13.36761318338925,13.020407249271495,12.793732957593473,12.955012989267395,11.38858263570718,12.472737561289968,13.346223557638938,13.39773520970402,14.245678361789386,14.824615628452264,11.737196501344291,13.459086130712148,12.350613887822034,12.41103485666801,13.13311613792544,13.033109876774672,13.183194298744267,13.250665973073989,12.26113193594342,13.895879259239068,12.092129991473005,12.110459301545905,11.824735636444387,10.937678867358999,12.615139408616232,12.904907687916824,12.174329087484857,11.638896990835658,11.258063723697504,14.184833933749566,11.408959572475734,12.298575996983352,14.325628900203949,12.115247784473754,11.552341028063546,10.403938251489828,12.99934723085541,11.191924534354754,11.999740412991812,14.047380305321573,13.621359178901905,12.692220843344908,11.423756085522088,13.782627956784557,12.864599343188608,11.93477871450856,12.09261529108449,11.217760325298615,12.596155236372256,11.044832913673655,12.609196045148694,13.197952773235697,13.521382205525493,12.037199961874967,12.895385336704635,12.081122623135382,11.585163630899459,11.626850278924637,12.418730014653246,12.361488242733902,15.246718469394063,11.526718741011194,13.501254103752563,13.9613795498905,13.593358901904844,12.555542478984867,11.34352079625875,12.373871981641992,13.02131348137231,12.963500393394584,11.395872220202293,11.840951735140228,11.242644910600681,11.505295260874782,12.7896124917339,11.615439266203879,12.665455752521611,12.841373484307473,13.428297142708642,12.379531882342816,12.936004396101596,12.477400517559873,11.019606005028173,11.351237336957864,12.563780721948214,13.138657179447366,12.839515022530323,12.928642563117938,11.768646951611924,12.931834601831126,14.058042645829138,11.829397110164766,12.397220851678771,13.544869933399205,12.321791468693847,13.096354934088177,11.820818149550547,13.690622240263847,13.01778821172869,13.955931363905513,10.784027425517102,13.671825184556543,13.16240001609875,12.120989070414826,11.217229163207653,11.719691761691621,11.65136355699501,12.098993186777275,13.42790564546057,13.547273806166565,10.325440367151485,11.390710996186101,11.63168161950945,11.73906020893734,11.244164172831555,11.649202055268349,11.900374322856448,10.833977038015965,11.993375296993792,8.005719719753868,11.973162993439477,12.140932803734344,13.091697966673626,12.59144400285907,12.213419859816959,12.505229165928233,11.839639855938833,9.866340863832345,12.521879688269495,13.58911538029848,12.750284711249227,13.581198278883187,9.272263768929054,11.379176664538038,12.422215553830977,12.778442975540829,12.385720872265662,10.74869701022356,10.699302869243825,9.497903445091808,11.213857846838946,10.601212469857785,12.463642607610783,12.35094650400184,11.058598692501379,11.749418145498502,12.385758487263727,8.801302646962554,12.030029544174909,11.746805460971594,10.640431732997127,8.244307542834967,11.110328804908718,9.471841181167314,9.98463376017121,13.314671896815641,11.642798340175078,11.94561633213064,10.693891563915566,11.218314721923797,11.85119261555177,11.806088552116883,8.548661709342925,10.070288048769557,12.58344106017094,12.402867381107441,11.290947065367781,12.286337345055442,12.362742007845227,13.176501497272717,12.787582762473965,12.567639117389357,10.433740846481834,12.457858946414339,13.049421786704999,12.059566069688257,11.850206206532388,9.624770994978277,9.484381476556567,12.118741573551302,12.640788130610543,11.657019076326216,10.877586328730374,11.670554895502402,11.78323085563072,12.31692423966275,12.740831112833403,11.557468950109406,13.127563091459116,12.753198062087373,12.907467955587393,12.908510457689715,10.465612649934522,11.9627949638436,7.762463327076593,10.851024950486567,11.271603480850192,9.297191707003511,10.359751118498895,8.042380814194358,12.112192223300054,10.431861705897804,10.856549582956145,12.134231139500312,12.146530828602947,8.0143374303857,12.842568716048152,10.704523003820341,11.682145577996602,9.948410049855699,11.554218617440371,9.713843024314118,9.088797963285083,10.504405953504342,12.35884431778461,11.14636614330598,10.625968764262877,11.420044862128929,10.593189053409578,11.799329930928453,10.650756379528529,9.040788439459606,13.201985926717827,12.320320636006214,12.436021779757924,12.046494623794967,12.146678897304042,12.678125604408944,11.720809503007503,11.991982029411027,12.06414015146029,11.095493891056863,11.63664994667815,11.85481716522841,11.352999367714503,11.337178314864508,9.349537114587815,9.514216497138436,12.290799708875504,9.57946016909635,10.050412742333672,11.075192987692768,10.552145126850514,12.676621535313357,12.083209302326722,13.094403693756016,12.478556609386057,10.893972772664918,10.577505568353887,10.658275106407885,8.822683270763429,9.718786146992205,10.594522789766433,10.122871109871317,11.84339721753899,12.285148658121521,10.338992111670043,11.084446667767459,9.401558846986775,9.34149879383867,13.09055634996888,10.336678544582735,11.262562778527766,11.918929545814857,10.258377870346736,10.336842803200316,10.172887423060997,11.750335746912505,12.223486935066633,12.492673001646596,12.037193242979225,12.577666454054787,9.621037148358473,11.549024324864133,11.41279477900878,10.560761633246704,13.453864272075686,8.686036343549189,12.639157169929891,12.011923241786734,10.291883918037144,11.074517135654366,11.262987596416481,11.111804890441263,11.081583447100224,8.040358477725716,12.282114186807567,10.55858673578456,9.25330018693727,9.760541917461271,12.724855977235151,12.990300179073108,10.16088785762127,8.69033150361983,10.842025845164327,9.653262418273002,11.71713892855593,10.293466989262978,11.853737252568534,13.075009842210491,12.02306698816794,12.714816666422243,11.430687186600242,10.03273511158905,12.956795278096683,12.56810900752652,11.940756092934405,9.416567377790797,12.132052582221887,11.658747993642823,7.8825048194676555,11.62789707800859,11.714541329020559,10.865917393062352,13.298196165198823,11.146969849283426,11.548427062874788,11.843754975853134,9.39497764914782,10.646968620979766,11.38981749170426,11.59213890955907,8.746932102310192,9.175272045408258,9.718617109350175,11.727793703155639,9.463461781179666,10.595010675766948,12.457623985830097,12.767747022750989,9.033978452434516,11.992423190717554,12.637144391948675,11.960170687708525,9.537761246131755,11.915965009312519,10.749493671272072,11.337188816633606,12.503111988704903,12.138689084116006,11.341068004904292,12.136282251361346,11.9215646994953,12.92951478165941,10.878809190609191,10.809825417221552,10.666454179294812,11.634473671864749,11.696857663661463,11.825089791249404,11.410032672045585,12.298164897208578,8.187751113202715,9.850936346403865,11.777033326209736,11.38220257933579,13.102144137024048,11.884916348768408,13.427002194986159,13.421686504190147,8.72386737467635,9.740299946042814,11.908113128742839,10.207846157514743,12.36528638931853,13.334875856869573,9.973640022048006,13.587090205246948,10.35975463593764,13.113492523543737,8.874911240321634,9.739729950552583,9.519745170138926,9.793399233928024,12.226107270304373,12.46237530474863,11.011493580165798,12.324022390980714,9.227962210698825,11.397652601493405,10.067492458867862,11.891672535456877,13.187812619368255,9.464171188671019,11.489153142503328,9.784713444494784,13.236775801402633,9.280718159252661,10.792318170970953,9.865852220803387,12.064250300663673,9.572135935671833,12.596710682975443,12.554531572616918,9.602409670628356,10.739154024415031,10.849286769299573,11.714472367508987,9.203110248002247,11.852836437480804,11.979946178904582,11.711248732537236,12.325629666106588,10.58759516680154,12.620347956733617,11.72754216859853,9.375118958000288,9.981245331882281,11.062864937149904,11.90281885613026,10.796791427048017,12.554839482538943,10.189184706591314,9.332764486338066,11.901184225112356,12.412438506372771,11.744705453473172,12.30707396353134,10.984731716633831,11.511404510493396,10.912426543028472,12.804051517971097,11.284544918478241,11.357681096586763,11.47552157744359,11.815021522894693,12.194717224199849,11.604923535389386,10.051890648316885,10.280914474991945,12.518326584363855,12.478719481275345,11.725938559081115,12.098628060999815,11.904129322128359,12.887874996994615,11.814185323143505,11.348849899174143,12.28609501646035,11.960318659465408,12.278250040728281,11.51902925544111,9.718961345742017,10.84326884051176,11.400671889026166,11.337363573815685,11.334409344928279,12.727230844947293,14.256789007956733,10.260672218822286,11.127043191176773,11.758975065023817,12.330106825084224,11.074416280824414,11.732548591305706,12.578566399576022,12.497543540795963,11.489003320571166,9.309284764917393,11.198117768368208,10.700086621973728,12.326593127499622,12.583226991470818,11.87517237163294,11.09674000786404,11.754306994380388,12.382660316079118,10.004329708430177,10.559954120252062,12.060272711558381,10.142846076838262,12.759897792336348,10.44328082648442,13.270046531914709,12.765145513527097,11.375481101565958,10.948868063311034,12.885053078596744,13.818386195635963,12.139714113679712,9.243793170141027,8.46693068843539,11.743374322511258,12.626151286177167,12.05609538124823,11.836817768454823,11.091407504043245,11.912422598130844,11.535612884972332,10.551477843734926,11.792400932962096,12.156682001566807,10.573610367800296,10.37053242475421,12.014695386733566,9.612643284216318,10.089534323433197,12.902636709734946,12.897266962153083,11.329329544542565,11.824973061783108,11.494284453174965,10.832972285612477,12.006402850564184,10.363076601388526,11.751326097375484,11.422071979092378,11.606788272220149,13.726539500906192,12.917048608792161,12.027674606234806,10.076204885597738,11.311565136100294,11.493280041336787,11.289921319687156,11.622124216511255,11.277411915718819,12.242418402599116,11.304793472852964,12.07131118212314,12.91962547613436,10.859026364995326,11.535538985496649,12.716027524974706,12.558141878079322,12.147563789040436,10.860283055298895,10.772363248099426,12.719182183472274,11.488504654117357,12.67213314532734,13.457461206786137,12.441445870575254,12.112930699112638,11.871886839413069,10.637142595712154,11.569616760487555,11.117025221342193,12.268701025874133,10.635016860130824,12.599894971776335,11.890631960956185,11.586082454981476,9.513707496357396,11.517004298891873,11.562256141240436,11.48590588531844,12.419198542326225,11.84387867056116,12.121154245970759,12.837820995377854,12.546913410367035,12.887131065796902,12.832437901887962,12.244670385033663,11.805420726016138,9.164515809866726,12.374491390201428,10.955762385010248,12.175306775695404,12.714560061087221,11.462882962166185,9.682549333188284,12.137125432060287,11.559675979348288,11.95434873687421,12.058203225857,12.049520672850543,12.703324866063976,12.456369169430344,11.78771781650853,13.622743801353439,12.141798619858486,11.759642587967807,12.166929658961005,12.381304084883713,12.973976044531936,12.007775124640473,11.286642900371588,10.802765957964075,11.617722484708938,12.139490615975832,11.674059421585536,11.47408692442203,11.11366318603124,10.791335173004049,13.10175704702177,11.594318581371024,13.294105826042594,11.753662731916313,12.227573503253673,11.081794466607398,13.176641987211648,12.251172573118026,13.303085525251241,11.71099063167857,11.35095747646097,10.409323663803809,12.48558019741965,11.484378565820002,10.155617688956314,11.168620031340478,12.6836598541208,12.702977786205096,12.50201446971575,11.384279055958045,11.884638651995926,11.710823194950935,11.388805538365478,12.457614050933906,12.352611103152736,11.714866560741507,10.63094651224307,12.293956560052862,11.231604117442972,11.127616457298856,11.114542933601477,13.552388311758454,11.43387123690948,12.118504764016837,13.269048968961817,12.03616926613944,10.321907767017354,12.381298378966031,11.295473268026134,10.848438056730544,12.222966043565203,11.831529332054208,12.074582877948393,12.10600529693687,10.47549425352997,12.144679898437925,11.159413287646586,12.502482190105436,12.958780600247534,13.318475465327971,12.3563909309362,10.529262511717905,11.7669667759098,11.394085261055011,14.329890625624328,11.532313568202719,12.744305848327345,12.91817785698576,11.073253059969776,11.685761914106232,11.904684715816424,12.425908450237056,10.357020923494584,12.644635007392536,10.161485989618969,14.000123400552646,12.352739486627087,10.670218475341404,11.10772025146539,10.581480997476653,10.516447890911673,11.915708696106492,12.154385229043672,10.588246802102525,12.648375393818414,11.200520887682757,11.491224382589346,12.320029309272906,10.67149195520003,11.717174509957458,12.58513133724497,12.543376576900396,14.076371936974253,13.282965910239989,10.758165873989356,12.340306651838961,10.203467618767599,12.833252600009898,10.646775694285799,13.817819592221564,10.91175083121837,11.123030022853442,11.962517950609449,12.565511731022662,11.247440205627543,11.533113533845839,9.432023728146241,11.560043623322638,11.348084659536886,12.451653449541915,13.122651646586778,11.212306080309904,11.050523685109063,12.802130534555767,12.916813105451057,11.100075795161787,10.946503866480512,11.55734227035296,10.862964385626741,11.984265404520428,12.096892452447287,11.413855303967981,10.194064667714814,12.25801549152504,10.803934329080533,11.125373254184618,13.17719714999991,10.31721867387879,11.342060280157598,11.384468864332742,13.119607632990228,11.691204063205781,11.934736492203761,11.549481610658027,12.240899048784192,12.90072613829747,12.801084623011421,10.740395581552576,11.145821068954326,13.931921932072228,12.718869263702087,12.063731139605778,12.532758520103654,12.940280844235097,10.950146297068565,9.550556889925051,11.491428769032566,10.800168744166509,12.195967311329902,11.970666112340979,10.669896393909573,10.403138501554496,11.396093578182661,10.769452362437608,12.092249446263684,10.711775382444252,9.920112983003131,10.57110752193178,13.330061087823779,11.414463453218696,11.84058535842296,12.728613930212658,12.911745718847314,10.99443574969125,11.571671516204995,11.438530635912366,13.383316182744542,9.661846809887734,10.860825782713132,12.312670820043488,12.05018295252786,12.407783689351083,10.6885481517621,10.319862125037247,10.250481070541257,10.346758747888158,12.198247008014555,12.626088708612903,10.82060131942312,12.575146285544387,14.188413760213523,9.706146972712286,10.72627268034927,14.209301613857427,10.33283312060536,12.035075741950676,14.180758882248927,11.935519159928354,13.424074752558763,11.780718169930827,12.041177687074612,11.015870038413947,11.043869379089175,10.277101290668954,10.023987464616045,12.70941017545855,11.734745751834165,12.519092544529734,11.969666125140728,12.14004404314587,12.554140167534865,10.294336117675709,11.100207221076213,11.95191695559724,10.80938408169097,10.740828085866085,9.167855360563498,13.062592216092165,12.85426475053072,10.434639627740097,10.486531030285464,12.266243457062236,12.183214711157241,12.142342965168067,12.129545531217477,10.598136238432708,11.72412174220478,10.533843768227262,11.195744016112432,11.410710199367493,10.878508424270727,14.233088860857904,14.103873879743876,11.088451170329892,10.573798143563339,11.154647696248489,12.880475624314823,10.682497552140688,12.510044535038435,10.286984208618843,10.653244132708371,12.021800235291007,11.990828664957913,11.125889226610743,11.024729556979334,10.958523903797852,12.607621678108794,11.235999804318292,13.068141664942983,11.01822435334805,11.914800393012685,9.91439480179147,10.350766061293282,10.986587043709632,14.342424963652999,10.820619924952188,12.91418228797422,13.475657340782764,12.168153752803175,10.10733154732999,11.14560478020264,11.994673609622096,13.072914443454723,11.594149433680247,10.978358767847043,10.511316003913521,11.59587324178751,10.729644698946345,13.31102260138719,12.876346704177115,10.153005118761262,11.955323956389991,9.32368275712044,11.772938004560457,12.339720506201676,12.173936510167858,10.598573342585818,11.532341890806522,12.916353360000063,10.410184931721007,10.66736460113799,10.919336108491985,10.43541971316038,12.055757873361758,11.657906879901361,11.417213404171159,11.449532843594717,11.87074585719901,10.181674153493606,12.033366072221952,9.025098834916045,12.036180625474557,12.302736055058798,11.483338424510995,11.399458519491894,12.862964926709463,11.978264805142247,10.378072007657977,9.915903833499003,9.459381394641673,13.776555893239014,11.209068866638642,13.193390271253532,10.945309461335645,13.767912501174722,12.292223505898676,12.056670787486471,10.988675392129396,12.069951284155845,13.073895071249117,13.109931645919605,10.72420277356639,13.004782840656786,10.568113827951768,13.565091118958067,13.139996703776669,11.95073808225647,11.957301817944295,13.104688144012265,11.742025059535107,12.556979193004697,11.814384408366285,13.122126296782753,11.82961396104654,10.531371701163433,11.658340523596292,10.943742704079046,13.72942754454928,10.821827328056958,10.507704954175336,11.406493402418697,11.006059197918805,11.683895947266707,9.456839420065407,11.025785808042242,10.980943910831385,10.263264864695033,11.928488558737094,11.49805946854242,12.912532697070143,12.022348767993044,10.837453901121695,11.661447064917583,9.496320795824595,11.04780346934933,11.73014578845541,11.279687014035314,12.63519971145035,12.904286495404172,11.9873034112531,10.423176407002178,11.736306370746755,10.318362908110851,10.497345280330386,12.689801504859338,8.956471652541937,9.482422538489406,10.259365160274758,12.181064529088582,10.395596408270212,13.357039578651767,11.398895270472028,10.060081725723043,10.206720733743005,12.500176633821853,10.944119057063443,14.097163870923042,11.352263802729821,10.587195880150773,10.617447940757716,12.146717424794957,10.629521038272145,11.480342525603263,10.216535820070431,10.899735786204394,13.045489751962657,12.328737937136617,9.64130803193804,12.234777259041234,12.676922626990779,11.857505425291498,11.711818169741447,11.398274554636902,11.204414869882589,13.03445787317254,10.550151925899163,12.79034508347961,11.194968731864133,12.490468312909815,11.80285391410877,11.310797918809694,11.94371723519461,11.344716685547628,10.087798794483772,9.880489036051273,11.132800592389419,14.190344376392868,11.50255045262065,11.329184724631274,14.251018647834938,13.833513422397827,12.433223499252568,13.44059794117093,12.104105533187065,13.359067024177357,12.592299934622407,10.76183997192891,14.265973880117405,9.55092851874581,12.630845643491753,12.536522049747566,11.238232020853856,11.419848733811284,12.056370952791234,11.8003285946673,12.46369680455829,9.467345122962348,12.184823020920012,11.081550727290987,12.361400801905404,13.740784429786329,12.092281063288844,12.496202501987304,12.235524732683304,9.447313202837389,11.005842206889179,12.335737666047134,12.919962221319603,13.056372178629973,9.852691395809526,11.20523295913842,12.142800596723196,12.112967400672668,10.836910069209836,10.677075145725816,13.010882303585797,10.705894420436884,12.592173350120813,9.315904942373367,11.673606818543833,12.740857576491642,10.522555300737485,12.144286606525991,11.499651266351092,12.502614788920486,10.958838850240229,12.515350032608287,10.132191952538658,10.765522767208903,13.309681684677079,11.874940274688061,12.57252340001316,10.105276388442146,10.844430889372608,10.392014061753107,10.771483015103003,9.990653495342205,10.943068658683288,9.854367335052082,11.167183245559718,11.470052918394963,7.7223141344260835,9.757586712210461,10.167920330253814,11.25486199658779,9.30771989472645,10.808687538683774,11.6371474568636,9.468183788686726,8.452967441722786,12.310897223416509,10.875855975768859,10.914742532931522,10.111311355594959,10.678113985863824,11.06410335023291,11.102823866065942,10.213979202523062,10.734420096300063,11.294989259922877,11.422769076242032,10.811284329026497,10.32397294295196,10.503825063701571,10.367320621082989,10.417963653767362,10.388187358948091,10.125609185766436,10.417396655029385,9.66830769714192,10.288152960481167,8.944399379646097,12.801399620038108,11.152100815305557,10.700705147435666,11.248138059040889,11.374623822939174,10.258013909197231,11.080931351801228,9.470972060087872,10.579163001305453,11.389508268899585,11.198333892196189,10.017646757339865,10.038930084085589,10.509799461765459,9.751479792500383,10.894274800869532,12.127502756229623,11.83870666918168,10.028612349820534,10.852923199937006,9.445950010641049,9.971677019906796,11.36749543341883,11.075263504380125,12.773010802525029,10.907470345900107,9.736841818646766,11.253316510672384,12.82136140355878,11.68095448003379,11.749333778811675,11.120995807177717,11.57629592576106,8.958310695887743,11.487567005324133,11.376284620094333,10.67964889978212,10.093016109166445,12.898679255872686,10.885120892913458,11.084431070094958,11.481414829326516,9.692874246837004,10.34206135045791,9.651323079225225,11.677951192098602,10.780701979669972,11.64992593373628,10.851685318199605,9.16772614193096,10.040297096883277,10.36444011563267,11.433288997575717,10.966364296570317,11.61065721752295,10.497038877809425,10.76762947839475,9.699112407396267,12.008622222091745,9.071285160251438,8.671110924735032,9.814805739195075,10.85079803235362,10.920682758720655,9.42549919228381,10.104190187646084,11.368236746913148,10.706806346561383,10.695682985849338,10.79143102639904,9.199178691605388,9.652204827023875,12.753877962912762,10.121294730398464,9.794624928181854,10.450206367496307,10.386337560590283,10.333047804450198,10.73824887305634,10.336952467543165,9.762875842382773,10.766492372580288,11.505112493327012,11.574745445216701,10.942283456528711,9.403295247852778,8.399438516480341,11.417078793369686,9.814221685930908,12.782254202751641,10.38773730968333,9.692377121422616,9.551270374771633,10.917863544379166,10.223560238296407,11.31152668377225,11.030555069534977,11.947678811417871,9.114326661155404,10.432767322709985,13.46325955195692,11.15467220683827,11.020980345561105,10.13023885388797,9.53961424791722,9.824565246871174,13.222316078342157,10.16341689897857,10.466808618602329,9.716363466611593,10.301699829270481,11.302075446966294,12.798223178381201,10.019258944178775,9.286954718504749,11.276163132541413,9.813268149812972,11.224226341947197,9.673705138941688,12.852371561885793,9.184657970679552,12.371611031405164,10.251317077183074,10.991872201515873,10.799786181758941,10.618768098962473,11.475897460842381,9.560459341751802,10.619813405854016,11.266891800544164,11.02801352350816,10.081774361863905,10.124243674890131,11.487099488634648,10.153501676528736,10.542391306167895,11.432178690413073,9.599607436202525,10.344932984472063,12.682747658642368,9.578809710898975,8.438189205413934,12.023940462895016,9.54918042725337,10.454402974251657,11.198024603313888,10.547183619640633,11.095655913713367,13.362221816271312,10.694701448368098,10.30081266712713,11.086314900143517,11.009277627615736,10.96002424146158,12.519021760834082,10.230983282803304,12.579363675185196,10.844115718646412,10.948766312759744,9.698596598668457,9.443009245573869,12.423811102867116,10.185722897007324,11.033955628555624,10.423521143782384,10.656492938689395,10.048963515723296,10.42431681667606,11.3729428616996,11.16451080560909,9.628603769984993,11.478261889093352,9.55558491281177,10.942851547176883,9.015290165865643,9.921202687393748,10.454340080836484,10.403162630197585,11.311397157322093,9.866394720177322,10.80480598579921,12.557262066526992,11.411604486465063,9.487555290725936,10.073108266762368,9.710255954274228,12.581942727169814,10.996188594938575,12.059855790184047,9.93055336383281,12.421306867558258,10.333562275289657,11.100455738299475,12.35083873139234,12.682612575314815,9.968860212013896,11.49833391081972,11.771210438202063,11.461799508724848,9.513628912549036,9.83078860527909,11.266748562419581,11.321778320010798,10.524722553993083,10.534766148711993,9.94498425969634,9.480088138994697,11.012838943294954,11.575248531731019,9.627318216806755,10.289223152451397,11.563595657821022,9.57996821944946,10.405888996010649,10.030551515402047,11.165614049277911,9.977721270037085,10.653622540175899,11.553048168040684,12.558138703990085,10.177975114865182,11.630408312345844,12.772252847437283,9.642687409368895,9.772998564031731,12.095725841836309,10.613678327069326,10.031785336140926,11.465146749476386,10.620849158849847,9.776246016638803,11.45937907148681,11.56412232256629,10.122927883494274,10.560463217435569,12.279425368051465,10.801456144761772,11.997022660707275,10.39187720755386,10.249771538524369,10.794350715020666,8.006122464907472,10.183627187858884,11.29688111385243,10.331817161411648,12.347046385734494,10.892599342632277,11.567690297814522,10.07410036245189,11.244479181968714,11.097188480019952,10.115131989274222,11.315672545238977,10.45736174694144,11.447960498709241,10.413705090859164,12.405573493047573,10.703449390132159,10.363913156819853,11.550774934990176,11.85602394316805,10.947304384638517,10.349333715418814,10.733413786500257,11.133492840192975,10.974488714255537,9.13239342525767,10.00416834961674,10.513723170246799,8.529483741418787,10.638107003744052,10.277773278840975,8.473428681581433,10.206373846585404,7.545606475664301,10.547934706584318,8.836998839184519,8.99985553712527,9.499302332508593,10.569859131635825,9.616596408468338,8.63273869657958,10.842459184770282,9.893512645459273,10.458955589273254,10.319134354869885,9.727929586293605,8.766319294806244,9.32842837196149,12.378228124983634,8.248388414929716,9.54802190737375,8.381335898767349,11.013568281996346,9.460565142836149,8.932448845675268,9.907308777598004,8.299048123626587,9.628236545777554,11.879708776533427,11.199433557131055,10.066176927693991,10.722067134167185,9.644013511069794,9.581982804788462,9.77967462960369,10.630230492602102,11.017210273708159,10.498346665029748,9.299282181070037,10.797222649312166,10.087805780343395,11.449741219626533,9.74599218167281,9.933838066751395,10.59196744742644,11.810820652457405,8.331144483310794,10.839687688231654,10.172455828011262,10.818572089940888,10.067493125243981,10.001844128741231,9.915375136932532,9.658126891383272,10.451393439756723,9.883275229035027,12.157900788475366,9.151655657965048,12.687239643047757,8.97158435140449,10.868875952088937,9.576079868433926,11.105011033849799,10.30208308194819,10.028211754270655,10.566242863374628,9.526637968517115,10.192499257483977,8.98909100233657,10.227465423316719,10.012443314933945,9.88675216955978,9.49744771277284,10.097228088054363,10.639726091408692,10.424626657319951,9.942411779973188,9.423569027377122,9.316235844159547,8.673986386051299,10.668924654861055,9.514425586268944,9.96354352233448,9.681665560250083,10.664766640926944,9.984635374209455,11.282205497025492,9.629860656435667,11.29519332929239,10.338303976551462,9.755505345753392,9.58407584826702,10.422752287693827,10.622631566172991,9.53721107729936,10.075733977887994,9.933906045884143,11.825675917543435,10.27698540891255,9.617324771096847,9.819527655336378,10.4613610141673,10.537470859563062,9.501092496529187,10.783235017757931,9.67072060158052,9.516111440903387,10.305610681096027,10.894878868659056,9.472699394329444,10.278790109166556,10.004761709914334,10.091839303995926,9.683205240014155,9.529668677051072,9.926932622233315,10.780622451886627,9.941606659848075,9.658396228349739,8.957322747581836,9.441127667098288,10.44808523277778,11.083112523403646,11.782197402659717,9.658938283315049,10.529667445793866,9.4829586293188,10.222073859152504,10.107800872610213,9.898174980348557,10.55271855361671,10.61047842928003,10.502642361879989,10.11585325038037,9.334670180977298,11.424961185698436,7.950769698500334,10.423576118509105,10.551380103297598,10.259779731365295,11.715902558463677,8.555851343391469,10.267529532657095,10.193976728477049,9.97909801596818,10.087764529523763,11.423669072002085,11.797259234200448,9.161234686457957,8.975629860054443,9.94115112277629,11.245402171079467,10.26463853507254,10.185981101811516,9.695448781201119,10.036993568448136,9.743144195781182,9.331379960889596,10.69989199735262,11.174216346042293,9.930648453930594,9.800288413167742,8.820656101748197,11.84549356816812,10.43651620878261,10.52261806235517,11.856976118234165,10.37874505300711,9.30863013377261,9.265663728541199,9.56451848987949,11.164019668567374,10.668640475100107,10.756235443609787,10.119187454842642,9.602817349888898,9.632436493836686,10.498594888301804,9.581016004367958,10.393777891817294,10.623750298207275,9.506721765343618,8.320197341854534,10.727832551605001,9.50899513854148,8.69624587970878,8.937275550708346,9.325219943010522,8.887874810618996,10.944905553756639,10.781250676001617,12.503958638501793,9.041263352022074,10.106042652108208,10.724347047504997,10.320284065133634,10.021231767579643,10.565069163314394,11.140087645202238,11.211559149991317,9.35535428777612,9.506575964650448,10.024283950802754,11.10313800559804,10.584403196248314,9.933744482030656,12.17468291129015,8.82421273854179,10.32258306315474,10.555857866059396,10.95604145175935,9.888029714384308,9.998836468491245,12.216706527741767,9.543322159354759,11.007987321397092,10.097329493582142,11.415573486916623,9.561515132469637,9.549544705656364,9.699666694156958,10.031699593889345,9.627779950931089,9.571352829392128,10.66240306016074,9.936239875719817,10.566482749565507,8.733444933606247,9.793793784216234,10.329160847010169,10.266172889631132,11.049704648350128,10.911516222046696,10.552665796184757,10.441865636258388,11.351612215024835,11.075276695383579,9.25850027373551,10.268861833260303,11.596810173032381,9.320889230107007,9.865117058023436,10.954185878268893,10.21574640675343,9.060144706752048,10.140283690770358,10.122121661212864,9.88037280411254,9.700673690624873,10.005588473458385,9.266880454169822,10.369618432620092,10.384971718522014,9.851921539673569,9.633522795309611,9.028384414770823,10.893316135885948,10.984936095242071,11.617899561433568,9.329193866544982,10.386178310473012,11.009479191142779,10.115809102953746,9.704803658515113,9.026478258687776,9.526304744224026,9.448294629052638,9.862094495935818,10.892868445030567,9.539981345622568,10.109934046130798,8.596641603179075,12.048354418879224,10.442760893623943,10.390558354357601,12.32133317073926,9.93037749972421,11.333764972114169,10.36407270002697,11.750724913148275,9.5985100338784,9.406720236364777,8.71393505815564,9.701806490203893,10.599900261107134,9.59423538584402,9.422907876515408,10.36898080612422,10.402853025297615
89,10.879821066499284,10.401554303171059,10.340280100883238,10.29051869376322,9.748051872153917,9.844845869819197,10.025013108560367,9.644661050027207,10.493904867803598,9.925998517855827,9.630459812784672,9.767640573291532,10.565804637168709,10.52678545137773,10.029590789361809,10.075929229595298,10.018807959075632,10.355527111778375,9.758457934174853,11.202465461780253,9.96898784525674,10.137232921468113,9.942858282135527,10.178851984833855,10.147137588171816,9.860385486913003,10.090184452199146,10.369831531022498,9.668363968676202,9.718168014064652,9.864395134967088,9.833196453825153,10.764364596486315,10.385114542088695,10.866522125436713,10.018880714824498,10.234183488538452,10.491898492642882,10.949835689968285,9.864971396207684,9.87865414206244,10.045384647584516,11.638270987610628,9.871304293952358,10.23812216009304,10.283351565512987,10.030428648432478,9.883319762728833,9.967956885573317,9.48635287667406,10.615789302579534,9.064918806484016,9.61450257993442,9.950286354670753,9.575386292261143,10.531909270038131,10.51067760611437,9.604187835773905,10.787345733657386,9.63111998794014,10.916187226178895,10.572937025826679,9.790677765457682,9.825626366125569,9.94950485428414,10.855072007024383,10.084938092443585,10.03761129420632,10.259806973182952,9.85632237429396,10.236596326886477,10.208178352579875,9.548959294688123,10.069920821125152,10.23071556651192,10.397127364964078,9.5600230575966,10.797377632165245,9.919377291328347,9.673278017326833,10.476563294953237,10.08221951560372,9.76524303787328,9.692280378623893,9.830542210338788,10.295618750254167,10.34275633536111,9.521823521544235,9.635527523176043,10.13930614912902,9.845903620693704,11.216960350171314,10.847525174332413,10.652745223697844,10.7662669521051,10.312605411868683,10.710437557183855,11.311374498738289,10.844138010705734,10.157872094310406,9.761959741019597,10.783879195392558,9.987587483976258,10.084396546993949,9.857205428872076,10.521838439116644,10.237219253276955,10.575868136190552,11.274008354119788,10.022246686158766,9.936324507334259,9.777666662852027,10.892976273479144,10.22972907180216,10.241852064076655,10.140894316747126,10.774177097285904,9.80424133650099,10.192798567261029,10.542559796869927,10.263003029801625,9.937522651516144,11.235292853165296,9.8330490454258,10.161749698827737,10.932267025943872,10.289768460316155,9.934301084240184,10.785432839692556,10.259486596324862,11.487120058590984,10.344679730960816,10.630358038239956,10.092469513813633,10.205740694325032,10.484459475339039,9.830544317853493,10.21044781587464,9.778055035320117,11.267579421239839,10.099391447153398,10.793446230498112,10.233680968900428,9.904714734658148,11.252444144274307,9.513839334736158,10.43095232248999,10.124059022112045,10.40250312703797,9.566932352158434,10.025126699205812,10.45752985847328,9.987359758602397,9.596669444992061,9.847066463999585,10.213678290115912,9.999805051211386,10.260178764757818,9.864062418292876,9.935042936947188,9.892349603666265,9.46504661625439,10.244933979708955,10.729569174991585,10.34860795888761,11.224612039998409,10.152831324442605,10.607271053226867,10.33753622997938,10.74195422342279,10.595190274978503,10.308124731132068,10.25871595728097,9.863848328090361,11.2051268029358,9.719579779723963,9.799173433347853,9.503845975640962,9.893714472651526,9.95961035579842,9.847452959466084,9.886149406896946,10.777230466011302,11.570775962845337,9.639490149453618,9.950918285683278,10.490961944591128,11.249376062769587,9.822280419305555,9.294140338771797,9.911760651904276,9.61881520318165,9.806447049561774,10.587941400182725,10.688344163356815,9.813271837292984,10.249135823078133,10.864977843903734,9.727206628091036,9.916731638307088,10.334791020188325,10.229830859216632,9.759146405511206,9.899306980837604,10.306549434733874,10.06940214362581,10.017226924130572,9.390849331381506,9.812160066636377,10.12219131565333,9.674355688595446,10.17908076558239,9.985752779194735,9.451468163185805,11.3051211365121,10.97785772646733,9.96524426457778,10.551611514453747,9.768660691703218,9.753346142247192,10.211958667977552,10.293885467494393,10.77455751970688,10.728087553761494,10.24069409965967,11.202215173515828,10.161529627650102,10.687881983229538,10.581580891899115,11.193641563755223,9.625484079179419,10.302464574893566,10.117603868076149,10.01454816727647,9.753214281719725,9.880255503663221,9.789071886057705,9.710133622932814,10.615950822714531,10.511679748618457,10.140793880586212,10.586105206692705,10.501093736742542,9.90760423762594,10.168050472727382,10.998386819294952,10.008706016931006,9.777692454504459,10.668511126178537,10.192604099087424,10.916484395611867,11.281399122878016,9.532004381318252,9.829756533352242,10.634680688122815,10.59598975088757,10.265036631725708,10.081517537622544,9.534636300440708,10.13791311730264,9.74787579411542,10.76386798494033,10.94176549540719,10.3873582573491,10.1845072886254,10.246453497841065,11.191345101993212,9.938572598698808,10.229742885786877,10.752972488636276,10.684770403444745,9.58207769600145,10.385175312682216,9.992490932724523,10.32196063902511,10.636228918346315,10.153892655251134,9.908242836921156,9.794197869546128,10.110254314604267,10.059890073462164,11.054441264373555,10.31582264089421,10.498091703157296,9.756388816848887,10.052145609758943,9.633451286495816,10.091320314184598,10.836309959483481,11.177088782016883,10.070149941398736,9.886376334699968,10.698971685904882,10.648019340993269,9.68875082500245,11.266397280301959,10.745512083769647,9.55355864850903,9.521414933340159,11.403641277718846,10.757874082123097,6.336294681467018,7.010089476645468,9.61583165347319,9.637074365429612,9.090500595291422,6.987119872543746,6.963288628867957,6.502085574763873,9.86292903585436,6.123853335877028,10.296060091736162,9.118633996224704,8.384930496970645,10.25797876757971,8.114087679794272,10.913718081015313,8.753532652658858,7.74401798039101,7.06295220697286,9.33857664228075,6.703204217307722,8.267581091397785,8.595820626708841,8.20906548241974,7.81807367500614,10.303191172791404,8.240550688699145,9.800701172167484,9.531393812777777,6.563073734373364,8.737564182109516,8.929581392946156,8.764561446923082,7.327925541609493,9.373999323339225,8.226290599650458,10.116954432550214,6.909023674688812,6.3109155069020675,7.0277800447191225,7.760142858878972,8.431799727657543,7.540857727424016,7.197542180130211,8.357379239335039,6.115140870303014,7.3800968676132515,9.466656928252016,8.92736184073663,8.756088577956353,9.899890682781413,9.968331539517566,10.022911252688898,9.61958547823121,8.282096621375457,9.471506628782294,7.068213192955456,8.187247671799032,9.853195268498457,7.5968790817636,9.706919727094759,9.331452152675503,8.25649628452119,9.922195835291603,10.906797551731993,10.294317378849533,9.32468534889056,6.752691994605247,10.332722618501545,10.503597528990413,7.308524748028134,6.8549304597594265,7.8359872349410935,10.062172432979482,7.612621895383081,8.09133462914417,6.279720365536177,7.907294113423602,10.53573368821604,9.65018836087847,5.453384627909037,8.420833355393443,10.170617245345161,9.87777262543639,6.259440445061133,10.561986465597514,5.871393417008463,8.54788130101261,5.818956439817194,7.2781225056010355,8.450897176349514,6.6418124912288,6.777382726718018,10.064635332218838,10.46113548219769,6.8445510183841405,6.47548724756215,9.4232961199735,10.085434210647987,9.648607518844582,7.576038833415394,8.32286258612252,8.505025132792728,10.200574502875865,8.715844939737057,7.013437917770274,9.944929806226767,6.624213764035891,10.666488070793381,10.701059580137096,7.021410989311468,8.874322386364613,6.282561123828593,8.546863821753513,6.8672005075344975,7.6752774272623725,8.286656383333654,8.76375843048353,7.266062556702052,7.669470553661734,8.81170457872723,8.663905499156746,9.459931947004504,6.913346825858499,6.502096031143283,8.196352145931913,10.131024219487278,7.2985645870672675,10.01246471765419,8.176903094448496,8.266931647618783,7.567047089017796,8.002036107661688,8.250901380879585,9.972950095898607,6.492930795280873,7.114474013086796,6.068812054415588,6.05113809344279,5.98333133363262,7.210607177102525,7.456895403076164,7.1450167835092895,9.869221212152265,10.415180036822461,9.370924750330417,5.828558691074367,7.600279232647283,7.654711500286248,5.504388618904488,9.051699474172882,9.70028911882553,10.402086153896583,9.96785905231297,10.006568215584005,8.510630461805915,5.389677901603699,8.182842301832546,7.858948549381956,10.920864070385209,10.387609861844886,8.821603223421551,10.444713769060519,8.879317996554413,8.476875812560325,8.682554106967025,10.024349132077264,9.693181863800117,9.556994449960044,7.7791863565172354,9.84050555343071,9.755270624179785,7.354534317148403,10.016142695958765,8.683439797976893,10.993788584617288,9.007388975729526,6.613536501171046,7.953757553351069,9.146764214409561,7.1277424546857615,9.894827129222143,7.24709513004482,8.658680820444241,6.307008732962208,8.341432662917162,9.187682811010259,6.300332331160028,6.330838860015601,7.0561756401139055,7.90562055653139,7.776124016057959,6.5455567879697165,7.5135251800085,6.490452635846292,9.467997208915456,8.761766515235797,8.634693253584876,10.157103977711165,10.126305176888302,8.859769274170723,9.865298010309555,8.198880860862376,6.726267967914181,7.559303592643355,5.977051756841704,6.387187088550793,8.526738268409538,9.569307856251104,7.998326349779632,9.793625844251261,6.313994353879927,10.18859720892255,7.212187274084838,7.372588905163283,9.301610902639172,5.107618532459577,8.791826996379546,8.987326948900094,9.971191000229295,6.753478750927289,7.8612176349857785,8.407031443940971,6.394073049933565,10.028243997253263,10.623190812179702,9.371618484236167,8.169435554346645,9.939228929982528,8.563891391723871,8.376401812410657,6.490609135264777,9.16046945417577,9.632260582471751,5.1423706846162816,9.479899925096923,6.324644807995036,8.660890951175157,9.854176463473546,8.28426681736028,9.60549917263475,8.620976344110694,9.978137737056391,7.171816968554942,8.70683494984285,6.6861448374068235,8.580400311489448,6.892274451964924,10.113570662673583,6.469838119207062,8.381956843105224,6.829010494227026,6.967987021151292,10.280602060447055,6.155807287159118,9.091790636690828,7.029752084480686,6.703739397734839,6.401210434155589,9.234987247033969,5.895905185434044,7.975585645484624,5.876174865365348,7.123592256073843,7.916666335247859,5.457695129958469,9.908975963151482,10.647327919134442,6.044040369683876,5.451275065908479,8.857157110887242,7.645528109955977,6.9772735553865886,6.490577111085144,9.533039850766828,6.588179663795406,6.340848942687383,10.986974938306755,9.394566635714915,6.418749743429192,9.5071189251247,6.9298278456600055,7.433557076709289,5.827396763618522,9.731659741024098,7.9419627195291955,8.69784642302178,8.760572221565875,6.309091316519971,8.041669514554371,6.144988349263843,5.393041095095228,9.406212112295577,8.259963794054379,10.318160155140484,7.969537018764528,7.02988661611732,7.120554947429786,6.923700092765807,4.6284314203382655,4.098206942821518,4.785311508653344,4.2845063388349605,3.9246626662018858,3.937763108369136,4.560356773036851,4.5039996049800965,5.101177305418407,4.461025509057631,4.487965507801449,4.897281304901181,4.745155174262498,5.0315654401620264,4.619778507453241,5.092913731843695,4.7621979998967445,4.912808150948655,4.582554468339853,3.5615940805280792,4.401020433856938,3.9848197517965134,5.259017176059514,5.736166185345729,4.883739191521665,4.053103146850836,4.514868544212095,3.7146243276074764,4.754053448187387,3.8105507152809452,4.689874463113565,4.41494424438131,5.138990931269376,3.775524899307233,4.365291140353886,3.6430171298601524,4.827549238580758,4.647795846976921,5.365137739654556,4.339772290143853,5.0879514595877104,5.070290545697721,5.082791461920527,4.729884130351606,6.343223872802519,3.5695531819741753,4.508514984571757,4.815290102396058,3.748237432820312,4.235709964960595,4.468615906740298,4.6554803569209655,4.246978547146188,4.017680336702802,4.8393707810476565,4.802929533026764,3.8148616100836774,4.001111631793959,3.81018455728947,5.168299576438746,4.7998483934907945,4.543709674179319,4.7417367412353455,4.5053354299919635,4.384634838979459,3.852368775506899,4.07876046755743,4.673680827239045,4.467265944662662,5.687261855837853,4.481323331955057,4.158050744394182,3.8728975032277444,4.668294057255226,3.015091998527712,4.8306466957928125,5.154952933728067,4.92267627467078,5.300453047949576,5.084182799928637,4.607512376445943,4.883165934101276,4.557858575690602,5.190195852627605,5.094814202248115,4.811594557941329,3.9540363391954045,4.946799625326062,4.385426008330216,5.07853032293725,4.693605326294873,3.892312674729395,5.077194954922418,4.910090090897865,4.447937543519221,4.1409175037566825,4.164821810545724,5.222199972816927,4.9151830604917786,5.153114980842164,3.0526093332422444,5.028005771866499,3.9801234554566514,4.61984698572881,4.211323949857007,4.414883617774066,4.688351832987476,4.079050722338285,4.518916718196171,3.8983783257089044,3.8898295575380977,4.891163179816307,4.478458259375623,5.32770121693853,4.484799414756268,5.197188571092562,3.9874397779948536,3.5821976710399266,4.389506745310497,5.19030842733216,4.484264339275346,4.504742098024121,4.544862064897285,4.938965592500788,3.9450241674207924,3.9530437782792744,4.7514002243950255,5.034089011176443,4.387769844892145,5.39147647848407,5.0793958464778495,3.9126766402803357,5.740931456759141,4.919971292388017,4.005550218309418,4.725517171350934,5.20142140824148,4.607553624364354,4.389497897853774,4.678947616130454,4.245810390530513,5.525186798036831,4.136875973491421,4.727842988422974,4.074357204235132,4.292274156747191,4.727687460708076,4.491412629809761,5.097089923645029,4.666861521157708,4.303218450447473,4.409047390050025,4.256871183346406,4.975283270269106,3.9361977055781443,4.631183581197814,3.808547644972321,4.467983386028523,4.772604646984626,5.507228760861393,4.048453298616123,3.992371351284567,4.120662736194942,4.0563535996971165,4.6141599126175326,5.3127305123633,4.880313373747731,4.98917743264845,4.432128845509083,5.070175408109203,6.283577540465572,4.850496728498572,4.986448212826304,4.636082658051532,4.378888033543244,3.8348877946246263,4.998994951072745,3.745028502671901,4.746022557412661,4.5805482455545325,4.372745355220766,3.782022696445502,3.9341814987389925,4.25557485132747,3.910788745810577,3.602916702548084,4.242124957452614,4.587900800954262,4.037484285899436,3.7396784684934183,4.562873612057542,4.471779127635197,4.221765100636961,4.77201922948816,5.139854708035237,4.891580795613336,4.8092070026954845,4.504494336286248,4.5263590926521635,4.4377060737182665,4.003131491985206,4.600267298161122,3.644513471805445,5.16210895234014,4.368823384885237,4.491479717959862,4.779133379843673,5.3213380922225255,4.211170260561722,4.999427144338526,4.597559507973752,4.70017654088757,4.647378470327658,4.230124132363604,4.8094564638397195,4.8959144074672665,5.165403743949346,5.092318594667089,4.020544802343633,4.548018353067816,5.252244774578019,4.042508328149457,5.263643249376093,4.606379634425575,4.471531269722192,3.9268258187017366,4.984800645489334,5.10397643763625,5.147819698943695,4.92235942564663,4.581304501659207,3.8196611639797844,4.775069503723156,4.039949743680061,4.346015865885391,4.720540658858183,4.398105466525843,5.122723584625133,4.555016832493586,4.247708698980251,5.052555416646183,5.0585144579600305,3.781748583019484,4.953771919397838,3.791929383054159,4.696224260639901,4.663144894963703,4.6427651414870725,4.210055144246165,4.8674301944641964,4.337297070595766,3.720138995653139,5.7267983082608405,3.787220132150634,3.8293986543875818,4.629188529932441,4.737588152429542,4.678163844531788,4.786689589786402,4.601387005732636,4.067383551989221,4.353326772102091,3.8585588091712846,4.48986132547267,4.185058346026379,5.258671449203138,4.4543205529290475,3.77747106297571,4.589935445465207,4.808992519427062,3.799414607995811,5.299417106506136,4.464478731596836,4.309150161956567,4.054616428504004,4.695152652543736,5.146075757630853,2.9985716806553007,4.917652236267791,5.186845135132487,4.763180839922053,5.132405106329755,3.8452141260190085,3.8934627819722833,4.3566058787685735,3.2662630820277574,4.091870253467715,4.058452871550287,3.724608067223731,4.621223980896721,5.30220366520451,4.9662655531976,5.069466048997243,4.506561302940923,4.724472304369171,4.409140664615152,4.48437793547628,4.065426994622134,4.730825449013101,4.477750266577645,5.050758924977635,5.428078600986766,5.472316448197847,4.437054201092666,4.966945185971741,5.048181826045391,4.810397489011625,5.02198430437991,5.0067967744897555,5.128170819318506,4.769833047775492,5.645330179341709,5.313512214115455,5.388807157171543,4.651430221377395,4.736207014501829,4.890535281388445,4.3054845793089465,4.863185507261447,5.25887204177042,4.8402715123458275,5.3893776612997195,4.576923372989444,4.86068366190283,4.896597868988943,4.169499451275631,6.004142122407844,4.994573556102392,5.01761747651782,4.868427763035436,5.446055574120078,5.232789263406659,5.311765806554283,4.143892867889043,4.9098264306598285,4.260121610059037,4.176851255439738,4.671234117024818,5.38813555202355,4.041831478943065,5.609217466419538,4.383090381345733,4.039355911304835,4.717591148964528,4.4775651424774905,5.879132325015383,5.3086567723433555,4.951747282883975,4.901080092846872,4.542959781591355,4.740570326102644,5.950878464169421,4.594067224532882,5.158890590051109,5.341030118881543,4.491579650572188,4.665380946666254,5.230901358277107,6.055222450883512,4.55802241476955,4.435383334837873,4.602519040031169,4.798417810629551,4.318558593515163,5.478381590305079,4.85340364775016,4.764458504739929,5.546320831171917,4.601693981515627,5.053870951300126,4.73785085045476,5.563513443797874,4.420379777631982,5.40617807933112,5.648116237314083,4.350385054026711,4.582450822765346,5.683859128448786,5.6435342647664175,4.776752131600284,4.656682980565518,5.563399342305105,5.866356533572086,4.317947880145454,4.60933674426533,4.623427755928235,4.331747525519898,4.66102994476518,4.784438589362638,4.821369259343029,6.252762824217015,5.148573222129612,5.026422298607279,4.986603877375298,3.707880459848983,5.272724996982523,5.116796361063969,4.672087928530244,5.636663129397897,4.2360030537143745,5.98856565076342,4.792851341231854,4.680983984852793,4.966811251615268,4.587651654421675,4.670842838920488,4.590795205962267,4.660979790975726,5.597434306393354,6.099213415766068,4.908802133458787,4.794188171852371,4.5076371886563065,6.354436284964359,5.182717263726052,5.170882549774156,5.493212974032634,5.315764233006839,4.965018745640082,5.145780271151516,4.74589960184966,4.68247928943592,5.185025951756899,5.0423928872845245,4.294775939714995,5.116043902886585,4.35873713074279,4.082848541114313,4.735000483882168,5.154908060499645,4.951810986762372,5.28871127990214,5.173280725685226,4.754141273996467,4.675631354789594,4.880576892165589,4.810278774366865,5.885408530926209,5.5123655493994095,4.314066220510857,4.526596832993955,4.381578742450433,4.804287168684179,4.609804557182501,5.776962227605975,4.584768667078435,4.941983351105181,4.7827276623569945,5.149732756555076,4.405982289581765,4.326400641582582,5.148833441552504,5.152514584420705,5.899462198990403,4.894185552375636,4.987298696101761,4.945784837775832,4.965807065664207,4.900173437403928,4.575083765679657,5.122452045712774,5.233294099765142,5.688748981921991,6.3408097179495675,5.758289079875597,4.9240222780475085,4.750914143961651,4.443625743024164,4.47536543516455,4.196503205247799,4.647954146289322,4.722696367188418,5.102133518704981,4.256477218427506,5.077093547358519,4.968912613799535,4.9784462834943835,4.386881025113306,4.891764488451143,4.721844418312524,4.808066152362405,4.910897641081783,4.766211129197086,5.131082666422103,4.389760920447268,4.136344637754468,4.745002154178216,4.560780731859076,4.701219294756605,5.677934582824058,4.762282521155997,5.259298144033736,4.9263417398628615,5.252027620930954,4.682485160082495,4.362359152901193,4.296816591446685,5.295545749137875,5.487420539270546,4.935823159840139,4.8274677851957675,5.292476402458618,6.212748333484195,4.97159690632473,5.237730368994464,6.163963742354616,5.9639609784188625,6.0047832376983035,5.724010922955456,5.5846830411327,5.128504176280726,4.754857690608176,5.407424678812319,5.495962294344356,5.224787824994894,3.902920739355956,4.629661058245484,5.420848274460752,5.060681348310879,5.490195471141398,4.252067761088817,4.788780022633269,4.741663509552482,4.772374588587128,4.723889924492673,5.114725674572849,4.849912305277794,4.37098671864987,5.716019073608538,4.444468754223826,5.79037657013674,4.9799030676210405,5.126777505051439,4.59926267078992,4.9570418073965135,3.9105763294712603,5.545911530707743,5.42473479301774,5.80220493248228,4.846677307802754,4.787236246616809,5.521183312658794,4.644391999936462,5.2178320185478215,4.502159312028323,4.418340818538135,4.543255918441006,6.324114948635097,4.397278834316972,4.748794192707973,4.641366907550097,4.5414478338423,5.871011260613659,4.741303364739812,5.5085476555162085,4.459997347594559,4.912464400026487,6.284055790934856,4.488810488020441,5.132898562684246,4.6544698462659575,4.759697088917129,4.98020131634726,5.1953763462700095,4.695225232921811,4.933745012730227,4.66858112544142,4.955282614566208,4.604317761491005,5.069745096427788,4.273821566107721,4.510331212964597,4.961397357368066,4.850820483567075,5.212031450430085,5.198241353100496,6.314363955970919,4.949536243250534,4.663076113845097,4.265344286511517,5.365323525295441,4.963592873169315,4.078960150277379,4.530337553194647,4.487825030645679,5.5681028144100795,4.660809634583452,4.88252941467083,4.880410507962265,5.006823071823177,5.947622343073123,4.282489516252322,5.722854205196847,5.088027947655675,4.19650508977649,5.265617017811381,4.671745801369182,5.0239725655814516,4.009432100365421,5.034660756437307,4.898463979477309,5.65669774851599,5.98767036389073,4.636933668292409,4.072728066903539,4.269530097811388,4.804609561300554,4.671026847323677,5.216228274789886,4.451641607633099,4.72239254647998,4.635963009277875,6.639093412862969,4.813746724568479,4.307944637620261,4.703616931367474,4.59555996669428,4.230830653191718,4.900502850093551,5.607296669311839,4.657253341527019,4.68356618343142,5.230371365749293,5.084277259813853,4.976698119502875,3.581578400726111,5.869716071826821,6.065608303371837,5.447040680718833,4.986927631607755,5.185081369754523,5.55116242108412,5.647863353943112,4.325014750851647,4.682523631166004,4.159244225983723,4.769974460814047,5.076924715289379,4.586744264959004,5.50007442619401,5.2327056003726105,6.058234177688243,4.376198272692121,3.583899296617184,6.068936565300495,4.931012938933848,4.820051046908284,4.607558864665062,4.858654499195392,4.884482139505856,4.8176863674666315,5.69702396420449,4.110437665973291,5.019146688009696,3.919146144145074,4.552296395801573,4.8904155205797375,5.963828304363876,4.277935205498758,4.854732991282406,6.22269612841969,4.070635512982146,4.766504025351705,5.242688379478629,4.444603409813183,4.3478870376981495,5.278825525926675,4.863180474984233,4.842796802850862,4.79550552776313,3.886445573724974,4.803481349294979,5.516375214832881,4.667171298448697,3.9690016314981555,4.526180460026934,4.921846709923528,5.085394842401704,4.776616934906758,4.762397305654332,5.440505906136128,4.715310583352037,5.184991474196577,6.4389499377347885,5.503206632294114,4.530211452743034,4.492657096166286,4.374041521541654,4.969016182001666,4.989980701215402,4.6259014324882495,5.4140735126525525,4.8726514706109265,4.827639648974869,4.874098759287208,4.085970348050318,4.660505325332994,4.507318795589108,4.8456541374954964,4.173789930601197,3.6071846855587646,4.818429736249699,5.546821719104644,4.542512462015908,4.9585363776213915,5.964738832032081,5.1680633818509065,4.117772522064654,4.343025499571297,5.2566166752726255,4.481884559210499,4.725600513432064,4.653975225327183,5.463462353489881,5.634046351721479,5.7282579224645955,4.543833539005925,4.8254822701570514,4.741373041555202,4.512148749293857,4.643916497193901,5.306055624844691,4.993297154868383,5.111312231154192,4.598733126533967,5.248786659065362,4.8699246456721,4.66078559889673,4.497740465894278,4.743381883643502,4.928114282169975,5.945853987996845,4.750332745727895,4.415643163317033,4.746820446203116,4.319208445326446,4.106251024349971,3.8530765003442657,4.335800122980284,4.661226141464601,4.07496440023321,4.473234228923692,4.698882683455984,4.4646496240530835,3.5145168038367154,4.6400641681347095,3.534778381500856,4.405814172698783,4.8904540001622,4.6409710678702645,5.076279257342475,4.926280855118597,5.268518331245323,4.832420196710223,3.6097684734089537,4.076900968521054,4.648754900051629,5.380193297159591,4.657828206104913,4.5260075240563316,4.927278197725693,5.81005095802273,5.805423162272669,3.607033732398861,4.526185468632499,4.578184026667099,4.087993093564192,4.747250405843145,5.45080807678092,4.952753470625694,4.7710167394763365,3.8710697430512897,4.881700506441028,5.075942874038131,4.697178366933175,5.244116446439397,5.284697700632664,4.669076364792852,4.059569615399876,5.223170407219575,4.441951750753027,4.444165910899139,4.708267508574201,4.464182573122915,5.544149132917127,4.809315395717141,5.2677077954879055,5.696876761112173,5.959505951026918,5.768111267234163,4.0669259858768205,4.441421068610782,4.807557125528963,6.537981143030645,4.077853379020173,4.763214006345012,4.24642956413664,4.983200644196818,4.993119346951739,3.5344499012170547,5.512974651659403,5.775240790025437,4.569205385217716,4.498581684094784,4.392979191287043,5.363173414959057,3.659702661874784,5.462764985852848,4.8694372094483125,4.044479723054854,5.549449821987169,5.343565917671308,4.770231576807033,5.012798008859796,4.5929377009728,4.163161412418885,4.980054586534043,4.857830547453387,4.085141282382998,4.733551771992329,5.531411172850227,5.319792590190955,5.043373957064851,4.2922230574222295,5.158319909582577,3.894714192733542,4.037580981189238,4.620298914295709,4.940533519345872,4.604052680075959,4.616236778371885,4.258427568693221,4.65745700107506,5.842166447911138,5.735480231896994,4.491745822162058,4.970944050723831,4.506445384031224,4.572420458661516,4.969325159925842,4.896421477770341,5.662826947153527,3.827260965305825,4.5143063743109275,4.774422902556328,4.283982837413786,4.814793446257065,5.754899402906263,5.192149098002942,4.776838215100691,5.405668551852332,4.8025583359332655,4.768254626425934,4.525390966039136,4.487685656124364,6.100271882890498,4.5339053562028875,4.974170574505568,5.044962030122885,4.622885353141479,4.66876443144314,4.5783291627718885,4.1617278288541515,4.803658587867846,4.5309550278948505,4.795752769478326,4.543405312703954,5.158638764212685,5.366963255476958,4.876531578271897,5.39102541289388,4.974444121844836,4.435967982958,4.231190066136343,4.9826630722858605,4.6741828676901624,4.212106423472962,5.053193518677827,4.584128548996135,3.8232401607684303,4.840574436964084,5.9882767223203555,4.63017707957664,3.5368811494998083,5.989194588954902,3.5854644720953903,4.246132376366108,5.841472986697457,4.884179439915051,5.2168241006387825,3.6542134760514036,4.142291595031848,4.934110226703084,4.772907427523225,4.548929185382846,4.736317191897451,5.325002232344414,4.672210263652531,4.679025528525708,5.402813494661296,5.683783291828493,4.914578215578993,4.924935961102037,5.044752000805403,5.170355404030027,5.169905281155002,5.043161784240138,4.759907471364457,4.750707681691253,6.275871510399894,4.612296772525885,4.919406361462092,4.900533581341987,6.219552727329449,4.610248880295626,5.321066897733219,4.772354980250995,5.908325438488418,4.401777722338483,4.898582778960293,4.9193926652829845,4.895449200256386,4.29229651191394,4.915646604543451,4.296085032042751,4.986514207683642,5.2050659834114485,4.869393471343069,5.547723626378683,4.641722764438502,4.812812670430481,5.228798887820664,4.677490361534746,4.698097982153625,4.143688928167986,4.666295417026516,4.486328036347635,5.362743443136536,4.698216655204627,5.546194990965241,4.494920474432464,5.027755256961487,4.905661978156953,4.442776002112813,5.579018326584081,4.973044297117458,5.040760153433947,4.4353581199920615,5.813045573525892,4.60109332658317,4.976063454994091,5.129139325694455,4.577701549585651,5.710026894932286,4.676014675014476,4.913449328791761,5.423251929436147,5.239195475100125,6.019986969670292,5.167373930042408,4.968333888671703,6.179289390812795,4.90874200671531,4.364875654465168,3.9720523515413375,4.919435536476116,4.969920890260366,5.181978950684611,5.984905283707072,4.787922794853137,4.676603962331765,4.846661117879123,4.244618346561439,5.2770582686993786,4.91277915885475,4.595980721927954,5.060983518084191,4.7204828949853574,5.73806988133868,4.412932083259122,4.878550909993256,4.498665127100178,4.348842034028517,4.947297552614537,5.678581271058922,5.515720766955093,4.268078906288591,4.750043857567829,5.912385499705782,5.080364338077318,5.1664999415253945,5.081215188966679,4.206714507864675,5.216775663979343,4.866188489302477,5.223203153737727,4.9988316360772,4.320061048344285,4.470561628438857,5.52066547855555,5.823012315540987,4.468921642251336,4.918172170572203,4.299622278546655,4.998153800558931,4.322963585913477,5.027553063209332,4.746502030767277,4.933580397550347,4.314333436570429,6.215092331238994,4.533087951578421,6.0636921658130225,4.877561689757166,4.821317780364217,6.163755602617263,5.192481052363397,4.8461043362133145,5.098518520438626,5.6859929393833015,4.089549807035911,4.74824730867603,4.960248179559022,4.613985257758768,5.454632030741296,4.790366692724348,6.055929674630891,4.523748422841247,5.549107595921008,5.317268256063853,4.105450264836973,4.250882852317107,5.554977919081223,4.886388693419578,5.9935547893502505,4.683742738695358,5.241417454260395,4.462234552677719,6.323451055732031,4.53704308969868,4.409517266548388,4.85321481772279,4.378496909809919,5.632430773425294,4.845079433722955,5.7426469123304384,5.80244687747319,5.655285335969813,4.202277535508552,5.693834510341992,4.355729147243454,4.869127450304326,4.613020912516853,4.187065794918185,4.872189808985895,5.8285438075067955,4.6029584684015745,5.324232661465499,4.6265661403262435,6.028624792848339,6.286330638013663,4.6342903347747795,4.129174090202297,5.57521391229279,4.509496258080762,4.329054872977181,3.9312924136137304,5.01432795810452,4.472750421415286,4.862090137311135,5.212462425861934,4.870682262735708,4.668109346671419,3.9687409586029556,4.309131924911206,4.620265327949326,4.210012184011375,5.109458520608831,4.936678011007513,5.739524394226751,4.689274028480735,4.820510123968917,4.2878775285477495,4.557517770904341,5.083403854231529,6.062471556677027,4.452423238662472,6.04977813985853,5.139458703806637,5.063821288700412,5.5415273481040765,5.691592437011273,5.706620244707334,4.9649600894385655,5.2381591336176685,5.6025426775068885,4.465742183503885,4.933596514414599,4.18652289624798,4.228677810561692,4.769139415593962,5.674413824012505,6.336216547457024,5.203534499458278,4.278205187139177,5.273209657190649,4.7517694718284185,5.225402553652224,4.44309141982897,4.772303965847674,4.4973850738432715,5.989624098960877,5.755735059968939,4.883570269445248,4.478547311515499,4.562399011277877,4.965395444369782,6.022343108348322,5.152938938067753,4.687878741386099,4.233190145707781,5.473575819343131,4.174367021202677,4.428832811820122,4.2444595565569365,4.284984231989205,5.857707335879957,5.008346662382978,4.532397809659244,6.185763971375379,3.9315792866996917,5.1874376627042,5.032221380378632,4.54209126989275,4.495177045324913,5.101486825708646,5.6494182824254855,5.56361032768242,4.753658630052507,4.7389955294505794,5.087525016654841,5.128242045840726,5.371023544753992,4.083324539997236,6.329878720534153,4.711077599828862,5.001118189887038,6.590514620065902,4.910000612261224,5.734819959078451,4.127668112984601,5.305360124117096,5.751835244056759,4.1380696133561115,5.309440328692163,4.843358163983444,4.1519268070394775,5.474484950528938,4.494816728529109,4.939230410841942,5.285950396090147,4.832244452494106,5.190801517356585,5.164612996255849,4.952414650753462,4.543060242901208,4.669629026562459,4.329166336030929,5.043947482958866,5.086034809939108,4.669157226581983,4.454846207180773,5.576879010231035,4.62203858377255,4.450852117916852,4.495722833884738,4.824721582751425,5.617459635162209,4.633387141637599,5.421468058882176,4.460543673954505,6.131352976809879,4.00209948481742,4.861815537214844,4.96406326049138,4.455778771710141,5.59335113739261,4.467038841721689,4.602495422296616,5.279412577165087,6.133038890579569,3.9249630662537047,4.471134081957545,4.167216867847711,4.944269581157093,5.436247889841063,5.056834694056722,5.2847822939073215,4.665237943786041,4.285992881435791,5.365104064097363,4.7260321651757575,6.193989616904459,5.578774982648344,5.324681340329694,4.876293486071341,4.768850195588431,4.010900635718123,5.0384318961540755,6.10816524329348,5.166516051157958,4.995489322849565,6.059733075972347,5.500923944369369,4.427259469232777,4.997011602180265,6.178066330682159,5.097559071188164,5.063064675405471,5.550228937978267,5.692724986849711,5.259873000161362,4.654259377022028,5.6822188066962465,5.143725675842034,4.463586837743368,5.20971845285571,5.163947391432375,5.65683341182982,4.5389693576179635,6.524201399568728,4.938822882595243,5.265039029079754,4.904485720694656,4.72542128015399,5.535330761021793,5.0336214879764976,4.716771645496132,6.704873282975442,4.747282579462979,5.188527341187275,4.605842225528902,5.135100359418884,5.051823180739788,4.882805755403515,5.289951666316864,5.291960980353,5.0276597065247115,4.804845680630951,4.660760426967102,5.1223250577400465,5.728667940467385,5.5593535190341905,4.655227874309301,5.609979025705818,5.526698112717988,4.348646892880869,5.495083775050429,5.778581198514269,5.168076986431771,5.247712033870791,4.499533300344742,4.977056726258301,4.593217702161916,4.594405541723163,3.4807591132843534,5.126588538128035,4.874716825500093,4.694236558133071,4.700263678655196,4.859916287981862,5.251046712768374,5.002100597213257,4.724291639845132,4.807871632997318,4.9246467450460925,5.2294990362746505,4.266366520918435,5.370784666262237,5.553459669854276,6.900532301923899,5.132154293475499,4.9084981293681,5.768334241097857,3.5679287105950066,5.008278389778542,4.415563222091433,5.803116511835047,5.078919746073415,5.177066235533331,4.643519504275331,4.941245022802384,4.496520981789674,5.819926885545912,6.334579583505584,4.902303613117933,4.89713589475266,4.640189595594833,5.273321929871115,5.276594394851802,5.05221225329151,4.493812919273745,5.489418420135404,5.002046285065687,4.902275000314606,5.807033705853658,5.101716416651701,5.753943939199728,5.310290517989423,5.066056078794187,5.526999206634046,4.403173004673764,5.072282794040464,3.9182471770236535,5.80028872971519,5.012444384043358,5.865856472326335,5.366797546510903,4.597498345524245,4.724422302418031,6.835782475842654,4.575152099444768,5.1483787343577205,5.172914601397814,5.94022478125342,3.7739343057674755,3.989799792748193,4.438225934767824,5.008409273886747,5.407157713302552,5.358730470888345,5.72710082602775,5.329192090357808,5.608747908684907,5.688835005537753,6.063297615429041,4.777547854886318,5.269561623902935,4.493133650823896,5.436597089701374,4.436485490376849,5.13397309041202,5.383635871249956,5.312379726154984,5.230459123047437,5.125076802385545,5.877851584922487,5.677135604904761,5.535584550910832,5.793845763150762,5.237754964578762,5.602807178558033,5.301181447986676,4.473660484664028,4.56819598255845,4.4535920713455255,5.1951768883628064,4.4897410311547885,4.776616663580367,4.312846425958241,5.419232322820335,5.313351041124936,4.022108985392353,5.144613239966912,5.474930057088197,4.727024592307862,5.085237143151603,4.984345219519961,4.871661221082033,5.241310826600946,5.052345326582892,4.808785046186408,4.582660096361173,5.41739347747799,4.537141492519364,5.174376338667277,4.888298045048253,4.8575865344284574,4.207344003673299,4.7208700832642325,5.065820911313128,4.220228400911619,4.699872451405615,5.213411477696195,5.7360889806015996,4.098010720005651,5.4094404538660505,4.3001970006837995,4.888764648937902,6.620696107385487,5.2080070931565645,5.077840465102655,4.387682071806323,5.179317534283583,4.720207845685977,4.902728599709846,4.987243628285719,5.383242640937582,5.577080178762061,5.228634201403616,4.393017048451191,5.269189631637966,4.246626404361019,4.2144464556010925,5.393257936244431,5.49999543432618,4.881899180405437,5.084951378112821,5.328082880444204,5.632066158723408,5.284389685494244,5.833479251021275,5.1094773317635696,4.716221480652095,5.341616942671999,4.894138534024395,5.2303704870534045,5.380595276638543,6.700883667285799,5.376866663965915,5.461324714830091,4.777806685021559,4.481155833744903,5.37945491266923,5.34609913165217,4.082924029479005,4.854358917146878,6.449640401700741,5.052318643762724,4.235428176498281,5.954671281038043,5.7661580074690875,5.695973972626137,5.929610547982353,4.839126597539171,5.121567655782217,4.664508630960151,5.42290834700112,4.171152052808239,6.246460784571402,5.039127874202649,4.322882279169017,4.959523639999055,4.791569537906126,4.933035582638024,4.474275744180018,5.712653256797238,5.290126960545622,4.79644190172746,4.890803262538595,5.588163272072101,5.131093573727897,5.73385135405368,5.745418631541307,4.836733139560621,4.585136078089985,4.99965158562745,5.2141251119729795,5.029869003051008,3.891728982875188,5.3029474189999855,4.974499468887474,5.267461654557677,5.323001704994098,5.63467749530583,4.698610051655466,4.595254121600862,5.148712026440606,5.003618061498502,4.8377834409111475,5.274435770227058,5.0705505652079,4.507530970870456,5.417884081659303,4.9643376410487345,5.4125281304288375,5.156671657286937,4.615352973133938,4.801178360337623,4.605656305064702,4.731211634487942,5.419943840991686,5.027249076304162,5.615886511295095,5.059265075511387,4.912955214291533,5.397643757717584,5.645442803510835,5.012547018453179,4.902560688904411,4.385876297011611,5.347084953170233,4.687269938903698,4.326670268685953,4.954254763586186,4.989421588985542,6.104777863586505,5.354754602090799,4.836359963158524,6.513386134700998
90,18.297294123213746,18.861776770381493,18.290296436972767,18.356490777720662,17.70958705772649,19.770243720514056,17.61909862804319,17.67855627687344,18.79615406127305,18.423547237518093,17.852617662799812,17.738800641952334,18.04790265833156,18.036232942891132,17.49673149301466,18.134173057487455,17.622626742704746,18.25002873573127,17.693369128570776,19.54775722338805,18.721519225140877,17.657204786279237,18.18352248296583,19.58930374245794,18.291452669112278,19.958635786836513,18.11211291122766,18.924223069311374,18.946327381250086,17.792279076969038,17.402137890626367,18.002135568885233,18.9553361933018,18.06376525403874,17.96804225001121,17.783540144463313,18.025940541102884,18.333391414392946,18.02102918262575,18.886304388422566,18.956324357440483,17.463457271534875,17.535859985032435,17.613694143128285,19.56398365447639,18.22308790706852,18.25340936038218,17.971301511428706,18.21557616226044,18.25848357820371,18.33996732650466,18.043534656867234,16.44391914858589,18.05870471165489,16.932953432848514,19.45585854941896,17.203365032725895,18.135549831198816,18.042279063974917,17.715421976996783,18.82248151574242,17.983696166704735,18.091650982407934,18.12270059465365,18.413145697489643,18.852070383801657,17.217367428115036,17.98067571555136,19.456871064771917,18.75018043056885,18.19610536411447,18.325757093313864,18.197616109876844,18.807130023393537,19.337987022918423,18.130181749279092,16.63579987530975,19.380503523257836,17.047919058884343,17.8343712274526,17.1016634648611,18.28330777630493,16.528555042756334,17.83513337074147,18.636373101982137,19.083510376577877,18.66567601174836,16.90628299795955,17.628661587300552,17.06168271854827,19.96378871437981,19.247080351295626,18.839779266957855,18.36661856615836,17.78196008314471,18.992704142937164,18.5576413556123,17.455653545933156,18.79428083146866,18.233343087651267,17.770657890517768,18.61883819334126,17.830391279198242,17.357556674311226,18.947503358298533,18.091844401712905,18.012858477278456,17.109737232456062,18.11638195570692,19.732677794045028,18.635544969758044,16.938094249655546,19.205115956522732,19.28923552515961,17.658488984241558,19.53633075516157,19.4442228251801,18.740695918440355,17.1975765060093,18.781046027603836,18.406190277286246,19.709254435042876,19.58286433248631,18.887013076391057,17.084594446771487,18.67472958549881,18.457458683123217,18.200982463990094,19.00512255848604,18.22812938160281,17.661833104554425,19.333358490091747,18.31042388224109,18.064805973702626,18.308971873410457,17.087233590407546,18.92613551720869,18.34390940920427,18.813867726505773,18.156999693902886,16.900910475778495,18.167100732494877,18.104312083614925,18.416497862528512,19.57491211816194,16.893655957949374,19.266316204259837,17.4258007224337,18.868695254862363,18.423744813523317,17.3581751101993,18.29449457364091,19.74290639609907,18.170587487921175,18.137211643811412,17.602039447941763,18.728267269114173,18.216830611408867,17.603458871542433,17.65582688946082,18.87513049122941,16.880201712119558,18.199690767824958,17.721762943132727,18.243169101280166,19.51131185391534,19.68789806634618,18.760391324532172,18.671133925858804,17.79366537418321,18.14602979924602,18.6783314195842,18.249879641351228,18.88495932165792,18.13858348516801,18.690539352787887,18.08177187467091,16.90464017491597,17.00567832928467,17.737350120669596,16.754666995223864,18.277477863445235,18.549542869155673,17.51970456904862,17.665747272651874,18.022705200402886,18.36194928715315,18.219172907126733,19.98421674934361,17.951064934392143,18.410060747156614,17.56061164749433,17.257072315969676,17.63199504667861,17.357131294151703,17.524217759735038,18.34750286524735,18.482750190778674,17.80730093339203,18.216620168476613,18.65691691967998,18.50280442014865,16.807421589307292,17.41881452513885,19.16902775399659,18.79650938626776,17.372532889503713,17.936397035762074,18.74850445590307,19.34909911127107,17.681755047429583,18.396936752024995,17.165022191639594,16.89427304526597,18.15857174847802,18.829125814257665,18.454395320884714,17.97137347469028,17.706057665831274,19.028568782314547,19.57894882891499,19.139354398374323,18.914105482654364,17.351802674399107,16.856332082632953,19.56678135116393,17.22961176573837,17.739630806963287,17.269542342747382,19.568811711236634,20.0846491721189,18.244581261387292,17.668403119688122,18.31120387333692,19.025721768620357,16.87480606285111,17.79979283655874,18.6880358517589,17.47285915455536,18.313232447792252,17.61016462526391,18.139452249763504,17.051570687145137,18.832748814918233,17.292371978978625,18.79020493845112,17.88395990147218,17.732051303169705,18.799741781266597,18.84106132066567,17.955873659292777,18.17221643533798,16.89475368013419,18.259439745208933,18.285129972394245,18.38617091982037,18.402904488529543,17.84071958388677,16.909929732266367,17.743449314886504,18.083334115500836,18.330596299263465,18.454791353767266,19.38791476219779,18.321450740368316,16.84851164057709,19.28306856365239,18.679937342384427,18.26062304032127,18.20677740305283,17.635303650522754,18.417693371092472,18.29540802037565,17.8373968903083,19.16520033787676,18.31084668747743,17.37044529251567,18.474415334523826,18.971989993459452,18.023915036223325,18.027764336315965,18.44897566041511,19.17031940261567,19.14041416766887,17.087175120342355,17.63451738355757,18.14823585524646,19.882275794528834,18.359303331436074,19.431006885270005,17.477096196316534,18.130672565524186,17.64949316373395,18.435525354420193,17.77404915068162,19.47951058678601,17.650175016213083,17.92702461903647,18.333758788371693,17.629258645413852,17.73399803391866,20.06012931292947,17.793473341323615,16.09450133921002,18.13931198094224,18.201851785481118,16.81244013795605,19.538451754895885,20.057060760738455,20.1370098459516,15.818938119595515,18.879870566809874,19.76269935445522,18.82801828354373,17.1805885649709,18.097215474535783,19.14790939045682,19.03375421497922,18.15283183224766,19.0992448149711,18.521348162635306,18.11578526566081,19.18914696215745,18.351056618053967,17.44909419434446,18.886573205273532,16.94094539665766,19.186292187072187,18.403436747462347,17.482919677283036,19.874295393633744,18.243596342780197,17.168366713917926,15.922104615607317,17.627922534405194,17.813448493569506,17.9722875373597,18.261101474725223,16.857647565918146,16.891553405023185,17.57857642271453,16.972933257631485,18.78974532955478,18.92634332876041,17.597079252269097,17.879342425280473,17.81294412264605,19.594584344434704,18.59501098541181,18.0932123852685,17.883112694144693,18.638995423730965,19.21961266313291,18.10757054929411,18.417080499300752,19.13941306460823,18.838407960867006,18.31821766332044,18.472391216748793,18.219139158457818,21.240910634288092,18.80821473594182,18.90908804285153,18.654548980177367,18.850885001557327,19.35873351470551,18.950254937246722,18.494461704144364,18.206064848126527,19.032669165357497,19.542233149807917,19.406115464802873,18.345247676723282,19.043272266870456,20.288616223582803,17.65324494485237,19.514695311650755,20.128012072724392,17.13766451271728,19.522615820070893,18.268615474077894,19.484042322017885,21.151122277777404,18.957102405063672,18.885583017490664,17.49885935889887,19.820188167583286,18.834551634463104,19.8900166373088,16.97019857756841,17.602551823809222,19.237935450224466,17.456344343648052,19.259672701561207,17.985019971302503,19.295911469204306,19.105591763093674,19.09983810869451,18.26036581175855,18.060504966725343,18.104309648946394,18.551469569133804,19.07491762208647,18.89777562475021,18.973043704786505,19.151417095206742,18.37584941200783,18.787484462963235,19.792219845903034,17.59127198304147,19.075570811393643,18.41731435031478,19.681966186182112,17.46630723947371,16.848600593480004,17.75017948340062,17.31515374094073,18.669054459381087,19.070612944949065,18.458651030854778,19.155169738105542,18.694683743325633,18.35152195693428,18.52906827960693,17.408843550828056,18.316541290917417,18.644653799170484,17.63517157229057,19.057512421906395,17.843508584613936,18.441638914954563,21.165451585270365,18.510373969386354,18.531680116743587,16.61360927120066,19.24022668822687,17.276604796530897,20.10601162369493,19.581984359556174,18.29164003806517,17.015414266193098,19.56500201046888,17.07174155150905,19.099467217630057,18.121064090090087,18.64788112910028,18.3838829657606,17.425732765627853,19.82441106659945,17.469249446026183,19.385559317498277,20.117798523322598,18.783117310595625,17.53470639478955,17.598230148016075,16.9995783937552,19.417682207167406,18.728444044870866,18.417867523733502,19.007824195649953,18.950478338810314,20.18524463486146,17.624714777223357,18.620026064133675,15.815475529865562,19.3543937314141,18.404080440107162,16.648373520792926,19.556430656214687,18.801171538891893,17.569576465153084,18.317505149900686,18.830373113107417,19.065916201536407,18.975860820251018,18.331517068037808,19.611096939295944,18.854518261753576,19.250986187710282,21.50490420974489,18.201350634812066,19.014296268929282,18.124518086752435,17.611921974745933,18.355238365921032,20.21682609911949,16.855040259421408,15.817700789631758,16.911336599916744,16.899475542750306,18.57987761918975,17.437730101618467,18.276714325698173,20.20028336240004,17.88870503186629,19.091256031337704,18.593193079971652,17.921526407538593,19.05716133570318,18.62661345497885,16.792179937794376,19.542586626969964,19.16104040820682,18.688721302656255,20.9843408702003,18.47935710060228,18.006321984278582,18.412654717463205,19.891538541394187,21.748727618254083,18.560486387059218,18.206736052127624,20.64468256768571,18.95671267041569,18.660171495069157,17.1447046439275,19.016657364156455,18.729275625259923,18.913488301358623,18.334400036574202,16.3037879259257,18.188998291370815,19.3410533111236,17.68907627550762,20.59326252026875,16.858555899633526,17.612393444781496,17.617953604777327,18.712168620167116,20.171464845682138,18.217694676081138,19.532949102433033,18.305422965163693,18.173409593909415,18.105001718765916,20.662284699837677,18.840026798414062,17.480633048096323,19.718499561963352,21.60678218627612,18.602878031605286,18.496787341474416,17.82908423754374,19.17155694645412,19.783358775722014,19.611797854937535,19.631540557315954,18.235820972435743,16.856232271388187,17.493953896469204,20.597484926358206,18.823034702843668,18.11206975780752,19.100463381874086,20.21134539038054,20.46519838965498,19.76519177924148,17.468447836427583,18.3968164159579,16.75890464006551,18.215615981433672,19.00673279042997,18.019341537906378,20.933414499313546,19.298386963377286,19.395358908583447,18.34298217624497,18.628659759698674,17.640316101158117,20.336839651772223,19.226266800873574,17.35352770084877,17.57229266178927,19.0966640522992,17.742569654702947,17.712016625623182,17.965045776906134,18.999476699666236,19.466790317046122,18.06454532005139,18.830575446429147,18.38933839593009,19.31928861713407,19.66821013390019,17.23207224379279,18.687795245628127,16.635382352931007,16.902912843134796,19.874808015199424,17.280428502685428,18.05621527593332,16.70955666310076,19.2214589377333,17.868048844485077,19.567791674118777,20.9803848649457,16.652533609556368,17.668736946500278,21.13246314350151,18.443573355451576,18.705773514806143,17.88897278132488,15.464055933112181,18.903106219106338,17.334256000360497,16.72182405888368,19.13275775149432,16.557892905716074,17.922100107410582,19.680061759187893,16.560072856380145,19.312411034905047,21.429331992210876,18.47979700891598,16.81963048418438,18.375851543049244,19.321285796202567,19.2941456710668,18.274374122672576,17.98605513986157,17.263694759511306,17.343087734531654,17.808640364984512,18.07252361617195,16.558192734071298,17.117469748287284,17.840023259629636,17.925458254942416,17.40443193907197,18.844202350425192,15.548183315058141,17.130081742788562,17.31185859222104,18.70908610254774,16.43450557494309,18.963819327409354,16.858854844913807,19.701275290744352,18.39880954959886,16.422945274025892,17.46272141407599,18.06845561211625,18.085294536273125,18.57431851685326,16.83453673388998,18.351261646007753,18.04005414574725,16.498512813475145,17.325222512774165,17.181165705671546,18.94709322812684,19.50764940598711,18.600171655824468,16.83091426125143,17.71705190363308,19.17631533115161,18.363568186064807,16.751677510436156,17.324925669868733,16.523587646584353,20.74470898434489,18.979255374746387,17.11158629366635,19.553226953029128,18.182656476436343,16.836333210137383,19.49227000065719,18.538247037722606,19.47352587495596,18.29945864376147,18.497408389932215,18.97753023617402,18.36196185183401,15.950313889510442,17.211604960825493,16.79795876706762,17.60181439963337,17.244549289930383,18.321755921783744,18.8841838991713,16.64405562473627,17.19658236876824,18.342092082646012,17.41490501019063,17.89967055804465,18.805435243255566,19.168894733078982,17.23053799996216,18.414035385047335,17.508673778131673,15.589191900500193,18.01044605416878,18.66158765519548,20.50597233755928,18.562552359478634,17.29091069301564,16.750092000962844,17.959292211760626,18.256568567481075,17.098627233741457,17.184300174668824,19.18461917439947,18.373379182952437,17.231793061063115,18.916341532295696,19.736519692389496,16.173519982278517,17.829181268805545,19.155649645487465,17.937370120562743,17.43873015417496,18.914393798232545,18.78406778825579,18.18909896277238,17.92780526854164,17.89156795360911,17.428720595554406,17.389610076373515,18.216893209365427,16.495917974593233,18.291045612752534,16.60429702757856,18.786337392726903,16.722410114328337,17.77031159082216,17.322945371888327,19.356503841443292,18.960916405026673,18.545448188973985,17.717755400427016,17.067566314555705,17.519218650872077,17.577873776336517,20.537681892450514,18.473579835500313,17.727069911378177,17.866310374948725,19.318085155754424,18.264247905858564,17.846515118826147,18.494935791807855,17.34385349791157,18.849592272677715,19.691251545225903,19.027413861758667,18.232568707650866,18.594683536375243,19.944778972707216,17.0970637101582,16.629625915430285,16.719817188417842,18.52313310452302,18.074377060297557,17.78719842200751,17.885056739131027,16.03869595982665,19.252377704615828,19.750561392395007,19.69866082595615,17.684143820728234,18.133156299887276,17.90208011805675,19.905253579999076,19.4340488546972,18.073216368858326,17.643437563512485,18.607334376066152,17.337324452244005,17.356453791586972,17.086455392726144,17.74885653316235,17.890439602915677,18.352039069708347,15.941830168230391,19.86845139407584,18.832470006601515,17.86458586620181,17.84781933180069,17.87306016903177,19.129720590168823,17.11533890009509,18.324679038046554,16.358745852582945,19.022578564478042,17.300987449354473,18.350627573142557,16.464052997402707,19.749903041348855,17.392036231342612,18.44971838671796,18.29523286920397,16.636406600289998,18.687875768620454,18.931518004954633,18.31325479529358,17.448063247580293,18.003614502956175,18.058632886999046,17.905759219739725,17.410670811389085,19.303346090684517,17.408309273127,16.13628298821091,17.39285865060225,17.927822395898627,18.576973745409322,17.565340296950385,17.280485894318417,18.52128077091108,17.67276028193898,16.900207059117456,18.726987869742967,17.203812880788274,19.809054572032093,18.742594263818834,19.330898430638896,16.422633019088796,19.27046494853571,18.48457299290182,17.976223594305846,18.93082502954332,18.519508410217007,18.202476977390457,17.531299202352614,18.902018939063407,17.58545054083976,17.886701738137333,17.860458994666107,15.767951913100578,18.046125295765908,18.0125432298591,17.301278991433588,18.28580432890107,18.65679894430401,18.630379182854547,16.36898450244714,16.4173480963037,16.96276598718403,18.061720078217046,19.489042104925314,18.49651676937911,18.446882050078383,18.89982307180446,20.352569641381333,17.959910255482427,18.057416189618152,19.305884788704166,20.43282817903557,18.625412511162565,19.32001778633506,17.001654807871887,18.35029577190867,17.55502872291056,17.332952887328368,17.891993760146136,18.22611287677585,18.628945191656957,18.455715397198368,17.91435267484009,16.502963359277253,17.731293059385898,19.665250826633137,17.828463856836585,20.298676737005316,19.045472539961096,16.488254595003678,20.315411274793902,17.29392734468577,18.514588890999743,18.99001546213296,17.210335198661074,16.74119172458702,19.09492790186641,18.437064852355725,18.269433656741445,18.57818300376039,16.513201197722093,17.069536762993717,17.259578718458425,18.311355232668266,18.157280554093273,17.89152445730769,16.138578584884943,17.33600814048862,20.9188378967629,17.268229935540536,17.673176980430895,17.406269227158763,17.716197645239852,18.116374056432758,18.083243109086418,19.305975204570935,17.416847425238196,18.3164760530578,18.65268356932,19.436374030173365,16.263844806374568,16.981003109206014,18.62232638981109,18.126529596095867,19.142769149028535,18.35810019088749,19.318257572919983,18.665768697568865,19.206089381280787,17.289686553713214,18.479259815207598,19.77758965057278,19.05537268886965,17.82918082303316,16.8590645277354,19.13432250941364,18.150023734498916,18.918564372558787,18.67559329156317,18.820569924425577,18.400999759490226,18.511309881077857,19.872077838026563,18.200098136544515,20.449847368401525,18.010649704229237,17.684594135535033,18.178079355909738,18.713219321547456,18.974013603403172,15.93832955496657,18.210051477012538,18.446649126549904,18.674391313128023,18.211711288373788,17.109507583055397,17.897330800636357,18.88289946379516,18.205812777279597,16.67357305520856,16.086861745228543,19.727024127560387,16.640612778897406,18.527068012104902,18.443940259205185,20.136633129474216,19.811940052898898,18.35767005204848,18.978807543394304,16.578512975178707,18.609944261907547,17.990480049384157,19.227507992877644,18.7830995533872,19.00881374453688,19.857314255650742,19.165446270894194,19.712984519277587,19.319276082847747,18.291999669015656,19.63895385841996,19.23369431706224,17.96530117823441,17.755579133145236,19.551748436666163,18.56404372550666,17.4443608577372,18.61240793308513,18.801145655838848,18.166703375007835,18.393044146857484,17.728521854659736,17.87822869068171,18.387978015213346,17.18943217966948,19.105222495626933,20.60227212262729,19.55770434619638,19.12197837386444,16.979064417239098,18.37322759031324,18.16679676444501,17.289260258028186,18.787856955979642,16.964979615854446,17.780285465790666,16.470324953346562,18.768868487690753,17.707397758460566,18.243462790389753,17.119832276441272,18.964658360190025,19.487687529274282,18.03320013903115,16.4174118563778,19.776075907453954,17.93479119030909,18.190678736057226,18.181670062736313,17.78337802160688,18.341798763355577,18.33942268392645,19.70613559990637,19.243683487034943,17.34580221354925,18.96553424489107,19.82594681356355,19.51020276901002,19.243937165643583,19.921120898368283,17.945428462261983,18.444356080412433,16.556096201211194,17.935311595596616,19.495467733540018,18.537891048297038,18.845369284787402,16.408694002319347,19.276966663576356,17.48071361677867,16.68341197790587,18.877850836433105,18.82802938422847,20.030959475073992,20.002358415934957,15.783500739261378,18.961103536508748,18.85092500231859,17.346164107324242,17.050086008587023,17.668406473183964,18.604378805026844,19.1077294417812,18.49710679768267,18.55432951253284,18.133735917166042,20.109929730325888,19.55620473052206,18.160320312210334,17.362341400487104,19.090515210546318,16.36142569009725,16.782476686780818,19.502138440168316,17.887941096698263,18.91667111926012,18.16686062743337,18.44266457598528,17.472716414726932,19.376785459905268,19.775493845239055,20.68101808644418,17.492323133849002,19.827019346593783,19.043279725034722,18.490355245640252,17.099644170906995,16.39632918521183,20.334490747293323,18.85310657910306,17.390808677475228,16.49307047335203,17.976419152741148,18.165605889135815,17.41050054925885,19.012536394141133,18.185074533125007,18.2778360284407,17.694430074882977,19.32861395788753,17.08291290926446,18.143349471369426,18.87235756765553,18.17686177078401,19.944967737512886,17.696392007735092,19.95041099651341,15.869838868579192,18.93659113326267,18.153470175964348,19.069096974054894,17.856355746862008,19.25879169548963,15.802513442410957,17.49711861647733,18.1597366677759,18.99959308570011,19.700496684824607,19.357650525917613,17.222254043683204,19.881015738120208,18.13505588065383,18.367529621202774,18.633609853325922,18.296959777268345,18.43525556364306,20.941655190323754,17.55039007794191,18.130510866390257,19.429318662853635,19.452503895752443,19.884894016371693,19.02811445722641,19.759643617195028,19.14923289053949,18.663938324850076,19.333437426459096,19.0350736982897,17.500343995076083,18.30679739571233,17.976544417957,18.542539137474968,17.31722352847981,16.651569471334234,20.942779471993404,20.192393533392785,18.487913125973083,18.528140865471546,18.690896896405917,20.510039318090158,18.28315582694544,17.50760711971311,17.78846922708606,20.353366684640097,19.29054056978497,19.04638062645497,17.41131306094076,18.557220920347515,19.94819321062466,16.580314255358783,20.383141418601447,15.939998187968845,18.301568584788786,18.359557428146413,18.61844149129887,21.493242103569507,17.561071369935487,18.09739962228527,16.506384237732483,17.299938648573022,16.91314019268324,17.61862584534204,16.47480527716488,19.399660023791373,18.463854866950655,18.544566808958887,17.812562918044087,18.65675806722028,19.529550137994125,18.08367720914037,18.158641553075757,18.35206709696311,17.640765946189504,19.090489657750243,18.7381267670178,19.08262115593685,18.444072013525908,18.955384394425288,19.99078255044245,16.58428282661163,19.751789919874334,16.445174213654234,17.40433652072676,18.857514394795366,17.975991887026467,18.686308462401474,17.85088539368498,16.72292159461819,18.643625719518113,17.246934837143353,17.049912085884106,18.614762508289818,17.647164945236135,18.219454228735334,18.158247191129654,18.710459652748714,18.223395773547452,17.955440186585946,17.515718660981975,16.741413012628254,18.05651333744502,19.2895900980691,20.384782606110225,19.421046302316697,17.725188332408038,18.11190837643044,17.67619564328844,18.41864557957256,19.93646066829645,19.104730980726885,17.805342442643333,18.19022837546929,16.604884249028444,18.23560310605495,17.78642422992284,19.529071435342555,18.371665419711913,17.859309335756166,17.7512922455593,18.1552654250027,17.998902281632102,18.074025548383556,16.21090221304582,17.691477184383334,17.232805445214932,17.30670882622803,16.443149502404243,16.763532645105375,18.952064721106055,17.227971837172447,19.468954281972376,17.64449383282289,19.37336752767231,15.888671735735876,16.525164035122646,18.718119348052948,16.611980845583567,17.996014996713193,18.12082249898412,17.68684231320494,19.901825415922907,17.65015345618125,19.09680990603933,17.378882330726075,17.808917743844088,17.522418495173774,18.57880480924929,14.86363669254824,17.285405303994605,16.662744232767096,17.204343039735235,16.883736233309147,17.115860210123802,17.436386243520708,17.600545152755206,18.674578228349276,17.084902235801792,17.557993596041584,16.69873182087858,16.85130183496221,19.0994586406731,18.455981964055088,20.599664071979813,16.825549141627175,19.417164964985297,16.620321963110857,15.937626729682242,18.218467465344666,16.6132989887472,20.34083604040499,17.428633667385245,18.83750790509684,18.151333436331445,15.173258133809853,18.16218919237171,16.08019865872673,18.78318452078503,20.72372407961492,18.7196439143872,19.86936119704268,18.510198106597645,18.75247507177161,20.710191461793617,18.742430929575622,16.64520975857481,18.599158977038517,17.536034498035598,19.399292790273822,17.13284491507783,16.386280068059623,17.544585305814874,16.89285335373281,17.99767940209545,17.978153392744737,18.891492277377818,17.749220855619026,18.95974505897439,17.390324708122908,18.36934775885643,19.721776177016668,20.036697868269663,14.82544156955304,19.166443103379724,20.71637367239303,16.59720141897951,16.92161331512692,17.716692741097887,17.64745185036128,17.941444966129705,17.92001284291236,18.099635985782363,18.731526157545478,19.260733021418357,18.803154336837103,17.97968535263465,19.94610124398063,18.311943982826453,16.13376494479965,20.686850670687793,15.380585553280886,17.89061713252417,16.799151400187764,17.840778436722065,16.497142679447684,20.331343318987983,18.054649175647587,15.870621640189778,17.39362429780354,17.306286026946747,17.709821990035802,17.427163648884292,18.550474471023506,17.37608321768447,17.47460008767228,17.610064528345575,20.07373509975043,17.666882134409803,15.751572774739065,18.79611188975904,19.543386815673163,16.539011033082854,17.888566752050355,16.376428183110487,20.185820515446935,17.076606739684635,18.756799470399468,18.402830127322414,17.637144747269065,18.607609248346165,18.548106044381406,16.467738659614316,17.511448205820912,17.99264584295713,18.183232803561257,16.873660670649414,18.75464857013089,16.688646749849056,20.01632728299154,20.196701667432908,17.740555739969356,18.551980479925586,17.52579281038736,16.972573643302,17.513910989171805,19.78045024332957,15.232588074842466,16.924034227806846,17.454232789359423,18.29488406091605,15.642462504539704,16.295851311516014,17.749884798644587,19.355934712271495,17.434125735823372,17.448203206653787,20.761164193454015,17.582366019963143,18.261062608741174,17.249065997217247,17.388703532944103,18.005140008216937,19.559342069021223,17.314442613955467,17.951208159495522,20.224000817480654,19.4561396816174,16.928256592030255,16.171018375760124,20.097505904848397,19.888101083093485,16.48885354339663,20.239672279876753,19.32044608330284,19.04113294245981,18.55467398509806,18.799845510374148,17.835750875474126,18.40326892464195,20.11365295123841,17.272389396887455,19.43516322292286,17.468117703198065,18.092527369234123,16.82686094069406,17.820211086581,17.57067448861907,17.30736809872967,19.01507420496448,20.634216662439833,17.990227005778934,18.617283082173635,17.346758810218084,17.3780165925194,17.847431695826955,18.289974257772723,17.544493224970402,17.84259888439643,17.611418660612806,17.819649172388427,20.19849342842619,17.486269333451276,18.488739530417412,19.0096843893793,18.171086590310598,18.57393391803587,16.12887525828352,19.672891429076586,16.496853636572364,17.65935123355728,17.763270605319743,17.686154460848464,18.784924834577915,16.369883159335984,17.832984156659553,16.89817700692028,20.559940072966967,20.404144658751495,15.290434884855456,20.233429184154264,14.706150198993885,17.981121673576602,17.89091373085935,17.647069366595286,18.112342689851207,19.29810520111649,20.616624143593054,17.899969020915613,17.020272047733606,17.616869322332224,17.17952969607838,16.062607144383485,17.05964052949481,18.956163548055905,17.16990092722796,16.440361929646542,17.298802944005494,19.050804870540972,17.464663608006116,16.018862920699593,16.02605901872357,18.265882786782896,17.709766164832423,19.301531530606724,18.696119522994394,16.926321433707887,16.918857575053487,17.629613221624982,18.50070629984299,20.7176875357862,16.59486930410543,16.973102178543765,16.21445147610612,17.1366747963102,16.534812227076735,18.492021961628947,19.243389548243997,18.29946896855411,19.871645759157815,15.358038316349218,16.748275674622263,17.25523431495791,19.51390346666101,16.81613106878588,16.149200389404896,16.446531150458277,19.85236110425906,18.95108767924656,17.213676324972553,17.04264379093962,19.327969963770983,16.054413212804434,17.506011732442843,16.67428541172314,18.360618475802774,17.08409406383894,19.016546223762475,17.56623340292386,18.897308746716785,17.474149314627017,17.94690996946496,16.507383676149484,18.182985159462064,18.28568331311987,17.396819379189523,18.394973098072605,19.589171673357914,15.435800346104724,16.096330164897807,17.361915514581945,15.135915283627714,17.33267896766436,18.155158655326012,18.283812519706178,17.713326969477546,17.64797595080714,18.510788035424927,19.192306515654643,17.823369214841065,16.74000360876055,18.499954642051918,17.92267025145819,18.39083610460473,18.40991365299586,18.013243890265453,15.832064505188873,16.09428020458931,15.082419559659229,16.50735000145924,16.406047018067838,16.208377473761388,15.822308000260763,16.761197512448927,17.537529724486575,17.631852050125566,15.742572007826197,18.201418612739985,17.3498931311655,16.371113384849323,16.595292692765245,17.982938322224896,16.95005287649569,16.643915884999615,17.512019765009367,16.14606373310139,15.761711102393864,17.74722982953485,16.387672556908427,15.283645636026964,15.126398269329279,16.229352014290768,16.851551729136954,16.17835891692707,15.765490977904507,15.132513881541243,16.813428043069575,15.841161134372758,17.67784286358067,17.151066340014715,15.787175977039405,17.531750629537406,17.485216019266854,15.251376888580667,17.12957422387743,16.15070104209209,16.57870451606789,17.674986552570108,16.454658446494623,15.94134422876888,14.72876785320115,16.115796416711227,14.553554485150404,16.791540914183955,14.97127183534816,15.123887588565866,16.93613119210617,17.806773497544146,16.557265195838134,17.223765133687454,17.350152013926028,16.115596229508718,16.889447130217242,15.325508779068773,17.299807857230213,16.733908346891724,16.637595315551575,15.91737152391301,16.445377388329824,16.474948576766625,15.603790730348535,15.736923379964539,16.065001832204963,17.58073343888674,17.950857711592914,13.961577352929309,16.65242816174441,16.624361858776766,16.62906720378972,14.829332321460319,16.46822851526267,15.128389608761312,16.656111413670452,16.938093168356414,18.44753075286027,17.219004417878757,15.63774229670521,15.037371615554692,17.15916418821418,16.059011727016088,16.96251903449896,14.971314378824308,16.878051144850833,13.875618801022789,15.483277662817292,15.52696243868517,16.58041887473511,17.05192533671215,14.800884751701604,15.982453709556104,16.651044486033157,16.076190033571976,16.91192991671017,17.117855267658605,16.390840770933085,14.761486090885779,15.46279907581713,18.27587088850715,16.09572083790533,15.906163260365117,16.542882264469977,15.696280446332569,17.381385556488492,15.535638963575254,16.4057701385066,16.835410046229814,16.719572269652048,15.821864428725384,18.184973759524762,18.086031040376902,15.901011681743155,15.874975750276928,16.61178592825098,17.245873112594893,16.9559626459412,16.25259278736472,16.589660851238175,16.022524654315763,16.50761861890011,17.410722383928405,15.659788143758089,16.66545812210355,15.455039948234194,17.540271477729814,18.17941187770765,16.73515112586431,15.77975840523521,18.072984302844006,18.420467684936096,16.280427592620043,16.29588838667443,15.395423519064165,18.94431817665915,15.542044217229392,16.995547337661666,17.404317741576648,16.341627738437168,15.505990196127206,15.930964386696598,16.06420091140279,15.777981905581798,15.487480161435194,17.431270338008208,16.525556592317244,16.9726575331295,17.162129868946174,16.685631471318384,16.21881304617292,16.655006803052462,16.95393374941314,17.40174417180233,16.034377046157296,15.847006091052034,16.289828401428014,15.622583273477053,18.071974613518734,16.988468865000097,15.875474456648531,17.049561460421394,16.26911862779098,15.109915557899933,15.988807728923321,17.49784688903738,16.55869411257103,17.0764420678743,16.061486002562674,16.776119820744285,17.70407382456094,17.529943805108882,17.459947341958877,16.74767885849849,17.109043977611353,14.801186989479636,16.501890879215132,16.067786443627348,18.110760241305652,16.3775194953309,17.378690433837882,17.469923456964587,17.135112133063988,17.521786759402566,13.995632806355523,15.28465614328157,14.113366002789542,16.70214098166096,16.67740764289125,16.170799433970227,17.62234870993764,17.558732792856922,16.41552982041437,15.731255779876898,18.301082892653003,16.55003669311433,16.24211538302108,16.533043342943387,17.071692696831576,16.60920607280549,16.01399882156802,15.978547572689674,18.927772207886875,15.98704305526868,16.47139799640075,16.945942672019854,16.32316145218447,16.924281217958004,16.734070501307674,18.016489608986788,16.638756630882153,17.19518862564192,16.3538488637548,16.89810672556678,17.34100245350379,17.164396780022177,16.217586460163176,17.618239959762143,17.2758314568024,16.153853241222855,17.792452974659135,17.459439564277677,16.774411370280355,16.286977184755127,18.222174453124403,18.86173388830997,15.369987305738462,16.6927021444205,16.202514458381685,16.07193104211752,17.99756908537375,14.523094631661323,16.74469507218535,16.58865841278033,16.302319555049042,16.384127921877713,15.75273347875297,14.813380455533542,16.56215946411937,17.233394880282066,17.21838518348586,17.57428122809768,16.67973953508828,15.438291996755325,16.956870391797473,16.23235137914304,14.977666850506253,17.80128239184778,17.190669907371536,16.390345997997613,15.31190614308514,17.119024872412847,15.734735593961204,15.773668288721357,16.775251297344624,16.275419733362373,15.712196435352109,14.488324524336134,16.436141491837297,16.2528149547368,14.124603094787549,15.110463854134887,17.451543322105092,16.164780673645442,16.868230706178238,15.596309395112794,15.810572408413,17.33098162892719,16.295843684942824,17.43966444927873,17.039783930125015,17.680882540752783,15.610733194063268,15.246791418816134,16.42297383243799,16.90473333121507,15.633571554451011,17.85997770638072,14.68783099077855,17.3437421523367,16.914081278658674,15.587110929523087,15.838620461097742,15.212420199228367,17.526509864962193,14.791289504167107,16.203956526597114,17.52602276550648,16.47619941525727,13.874082681035658,15.25201456360803,15.845665649865087,15.666378590507833,15.643259995366119,16.435061275289275,16.50915284942098,16.380113681001294,17.058930462722476,15.00648917351615,16.55436992312988,16.697705965618596,16.95784598089343,16.41518931840581,17.47619431560737,17.259293036846508,15.378741956032048,18.835529538652548,15.479364486030471,15.836263728463003,17.677860729796574,17.1854618495205,17.52123202870462,18.08751427909753,15.590173224530497,17.827722661665618,16.109706350979746,17.34213132751274,16.287565995658554,16.246475747908974,16.212433021849836,17.446668336352133,17.115360750563113,17.186376007570317,15.885347760753877,16.600246829037026,17.27554764965446,15.742699314861376,18.44435092166118,17.590756616838974,16.18273871724142,15.684231858438197,16.127148548597567,17.480668997682052,17.046485602249025,17.91153355146781,15.896711501854782,17.376059122934578,17.253216685776124,17.349772181787582,16.720730951401375,15.662732365819716,16.501588801731483,18.34557543388872,17.805083669492188,16.00202607388421,16.92614457347263,18.37056864111383,15.222173806986811,18.252250488635983,16.537830064935484,15.377318998494207,16.20022368227858,17.244378163611877,18.221906162538723,15.91500146722061,15.303231136568012,17.265775584501338,17.132338143333566,16.757962885218348,16.583430717816704,16.53609894040799,17.2437553222991,17.07657697918925,17.54204851528915,17.401015325658253,16.646645367548313,17.668707138845573,18.384800441050704,18.30721613719977,16.827191728095645,16.3660465766889,16.54802636508165,15.819015573390095,16.39788038599008,16.26576862075278,15.448213799417243,16.141623713046663,16.450818348134685,16.979050203381096,16.612759287535745,15.564245539070082,15.312279165694463,16.769172412192457,16.276161996012114,17.867353239149057,16.422969132180175,16.2245530835815,17.562182996331053,17.85851709912645,15.23836666569721,17.21698633165495,16.53118134184783,16.427887295904636,15.677261040632034,17.254657995067326,15.716749460870792,16.650807014857133,16.468962854504888,15.611586663677159,17.335975102651908,17.19342282233851,17.675755351315612,16.139138937492547,17.31641890386609,16.03027179272698,18.162210339860604,16.529141067747812,17.31566836056523,16.30748236716651,16.69591769992139,17.13067207288636,17.747270452230318,14.36907567555694,17.34040505430217,16.518021689615406,17.82218559594176,17.02859019735537,15.728631092523328,17.34717007251956,17.341846206127926,16.241142882033458,17.70492511305335,17.979397702516703,15.952913485157035,17.28471137457351,16.10230285968914,14.758913967348962,15.947645321576891,17.233538465720393,18.18487396395498,16.89978212926096,18.126228634294527,17.973296810213352,17.440137462366987,18.083927080327797,17.192347464966154,16.64615744473817,16.412082071817483,17.091276527686905,15.564042023733661,17.72048533503969,16.187951900101115,16.511076600273658,15.786237391277297,16.22241133989524,16.02010688994222,17.585991996804225,16.684282961400655,16.485406268942388,17.587860448001052,15.562135012795858,15.8073007644238,17.10868006979261,17.239929317836513,16.030489482114334,15.515545278283161,15.059451995838758,17.86283345930414,16.122810330484008,17.25698839081569,15.62121048396995,15.666798188964172,17.501196583054412,17.37811130211259,16.8496789342957,15.338082069886607,16.414045248431975,15.770094907465108,16.72037810646005,17.386608223495557,15.327985959410535,17.225220712423155,15.588533969913202,17.567232398531942,17.270409719040703,17.018722770389935,16.537701144098467,16.98911213200104,17.010706932682265,17.04027257213767,17.46420654195441,14.293953935362975,17.970268340306394,16.386315577722986,15.261067207752617,14.941404300582224,16.906732845307005,16.983612750801846,15.725837664132928,16.122975118088924,17.350620908184112,16.50568978957279,17.947091553433587,17.198027246050074,16.841899740948225,16.334355932781378,15.951560319216801,16.234836490513885,17.21261370648124,17.41313112715706,16.889379059253873,16.531161505969397,16.771303098105516,16.048308684966802,16.638376414911722,16.391948383016068,19.133039626250728,16.16514274117951,16.867913924371674,16.196027118118653,14.85586385795924,17.721535582625123,16.256756948005105,17.00182087903425,19.64986951798598,18.61695890326667,16.58025619364918,15.92430411532491,18.20968448160911,15.794818801446281,14.148873696180688,16.88621133335997,16.331803656562204,17.328729680860118,15.922285680975197,16.480816173801124,17.8673761140923,16.029109273296047,17.64924945870901,16.700216617412092,16.149397477008698,16.251658566602416,15.948691018807073,17.969971729455104,17.044137176103895,16.734465629634677,14.6938322511097,15.856284620698057,14.810401495930982,17.721203099632703,18.09097901799422,15.316839460816464,15.774689815566424,15.289401043665487,15.883416449119673,16.584103788993115,16.033137141049977,17.1028788788098,14.932289150351293,17.184929137770574,16.219173649179854,16.065139924540137,17.823167116039663,16.882022198060287,18.184348086886644,16.763292888733048,16.45057508987814,16.28813359509915,14.587686802444146,15.845843092975215,16.733936784093938,19.51561048401695,17.97541213024021,17.769949834553877,16.446577536235065,17.995477100279142,16.33554748210749,18.555982606883887,15.010312697971933,15.484086586580975,16.833570726425812,16.406484576477247,16.711771312852083,17.34894898899519,18.25197662144987,16.954847979893916,16.40783097719873,16.52968585796193,16.96649792708674,16.641822102807353,16.263388817316716,16.06430910357889,16.061015618793466,16.63684798553682,16.448501192800702,17.871064265323923,17.23860257934585,19.401430215262153,17.524887852545678,17.50138502054542,17.6272866193193,17.0908406190257,15.986160704542081,16.925984131593495,17.155580589548435,15.85602415969909,15.09910933008624,16.93535435112345,15.338216111263268
91,10.38520424069092,9.816463092342783,10.11562207258574,9.408624541144931,10.11657037003246,9.493301159937173,9.193698236503549,10.023580413787313,10.12494594873275,9.800795870303194,10.347344542689834,9.38643815646532,9.92402922018411,9.925064260382614,9.20494609321613,9.359293257018459,9.21185809888327,10.157989607840715,10.135994159955972,9.694569798534175,9.452495806821085,9.941821272870495,9.979437198359545,9.581854120634468,9.464245238004805,8.777516104481027,9.362515647552845,9.868971753694902,10.082177922542296,9.748026897286845,9.80317205361033,9.35355206207126,9.556641826500694,10.227037626102321,10.099062883367974,10.021178185555335,10.582157444363933,10.460135750113807,10.56860791643211,10.026002560626964,9.386758426099659,9.216864433805,9.581798940965335,10.046767976806175,10.29522159721426,9.425512751371606,10.048806072405336,10.074423082974965,9.931071633789768,10.235409986158576,10.325045447874484,10.19510924043382,10.307612191439626,9.15431697033009,10.13599270389614,9.366676776380272,10.156657764363464,10.072074994039115,9.965475747408586,10.034295147448448,9.466625869843224,9.346132480219508,10.003039453708396,9.446502959065745,9.803198441426686,9.591713763992535,9.64012673347152,10.15520829345607,9.269874514174795,9.763921647176515,10.531619483216655,9.85642008318636,10.151131067867203,9.722147806266847,9.589562349363067,10.173099004256676,10.34487297912591,9.380311111243776,9.404691394638443,9.453199737258979,9.943028610525225,9.317172629487935,10.124187312258362,9.454834967980753,9.752327930668645,9.668727346435672,9.310056054644123,10.057401525704167,9.451813536337733,9.527437355437803,9.503585830867516,9.50141357532215,9.58837619423493,9.054062351885232,8.561954239896943,9.727513599488185,10.1938399783182,9.310570011936822,9.52192394036205,9.431358660194501,10.144585771550348,10.348803606220578,10.093346024523731,9.237108787804988,9.402182300074822,9.91107447875862,10.577802312716832,9.752508711554498,10.433264561363531,9.60730615678519,9.033411329800886,9.954072174610758,9.438888185799048,10.134992842334777,9.783696622552347,9.829635719999333,9.394127031305764,9.534708434255704,9.296491595444662,10.150088963626713,9.224269816258609,8.969884575519115,9.743653377194601,9.371050900386624,9.214608975325962,9.458006576708378,9.359598899169722,10.002415359854353,9.536585464874976,9.935505623636496,9.70439792824735,9.43462834300087,9.064760473933477,9.368232185506674,9.388081453680929,9.983913296541658,9.995080970834557,9.252263984310748,9.925094428831317,10.409084311344856,9.461317688824352,9.012070191854477,10.003109252417193,8.82063055052646,9.752080364234635,10.058889291280629,9.357706766913063,9.202509798182094,9.918408783742919,10.354844495036932,9.764729956210447,9.974570544385514,9.550268263978296,10.124308207967394,9.394766510062658,9.772182083585339,9.714185701022176,9.417341536838753,10.03091329989996,9.196577121241383,9.849296703153238,9.950806211902831,10.54467986247589,8.844861014312306,9.569367277874344,9.658560249788822,9.579266418834615,10.076403426201093,9.321676026942496,8.545927610716472,9.465830669475492,9.317166449132076,9.832340132240716,10.064201443240572,10.468575471441735,9.509101627982607,9.675519767509918,10.096332559926129,9.418147420525276,9.150563637570732,9.725487700895417,9.332092266293479,10.110091387670945,9.531077620268183,10.029236332875486,9.147646350693131,9.42313576212876,10.475379713562349,9.517724348128734,10.177398302450365,8.811094636999096,10.138120993742653,9.670726245187446,8.65496321798687,8.910493680000645,9.388420977366808,9.42204558669049,10.365985712317993,9.102190677395752,8.79826762676029,9.300457026045525,9.12538195232612,9.969020627406676,9.804328279650527,10.094726383435214,9.750850667419565,9.276802939218063,10.255924335579827,9.445242401294534,9.847888179663718,9.97549623831951,9.883176128281432,9.318560247175078,9.925297214947523,10.478507435838111,9.405483966342063,9.787372314103806,9.353956649715204,9.416448991108226,10.08190730298375,10.296233477503538,10.02298987485176,9.576492709357986,8.941397361770639,9.4036618240164,9.668454141738636,9.279540490957903,8.777072077581991,10.250313940355412,9.683004308413155,8.56705062846265,9.384381920868535,10.222241569332681,9.840887021637185,10.067738748474325,9.660741022705247,10.158275973174808,9.48990246535017,8.91328666413966,9.58978173926069,9.920847325233142,9.500547249322041,9.847727532785829,9.822734988041852,9.25312653985427,9.356337895972827,10.12245089914854,10.158148335891516,10.270009781634064,10.001452355820525,10.21326142795761,10.507690826605499,10.064044792997985,8.828273916514686,9.498430216303799,9.479923491084891,9.368771820410851,9.109917949085093,10.053665919135117,9.617422154839524,10.013270430835574,10.021678351884024,10.384965142913101,9.452089245268539,9.436430082513118,9.39062018862745,9.505458863951082,9.031750910980666,10.171670184170113,9.05397713238046,8.626515938164957,10.353619427359714,9.621564630512736,9.151731733704318,10.027820293795846,9.497972675113026,9.244893180550317,8.840377621253937,10.02156343263113,10.141095652126895,9.350320690484697,10.21059158786039,10.098633932456377,10.19274082054469,9.729470309401853,9.19949834702739,10.080846849622551,9.590274266066166,10.438250734222745,9.541187036535737,9.23915429792703,8.796415542269393,8.806325790147513,9.065779636908342,10.21802944192004,9.65168645344466,8.575939996135164,10.264757141616727,10.21994373764198,9.760829084112714,9.915609007352442,9.764730539112476,10.34304490092207,9.29349500380851,9.321063852112319,9.137123350214924,9.089190957382987,9.159625313704952,10.518611878282165,9.289876014293897,8.853953419550924,9.907578335991387,9.309138465664965,10.475231269589123,9.247297405711231,9.304634233296612,9.501383391003644,10.174286876137188,9.157230326783104,12.176812539597377,10.748387091809095,9.983422718719371,10.731956993456757,10.641193696370268,7.756671724410654,11.776903024960088,9.890477542349302,10.793154836605968,11.177172178961653,9.7254889237524,9.804740715231052,9.212939706807116,9.52649538881095,9.17773595301609,9.689963928594828,9.367059991652797,9.194923037866499,9.79837543231285,9.075262389427477,8.350861693050703,10.408117074877328,9.582964291531367,10.466377575797862,12.04854434941978,9.679005867220628,9.185331921543026,10.830905903377145,9.629621087827235,9.532687475782204,8.910903431920362,9.304650866145078,9.05871892368922,9.848044809944836,9.439262600865279,10.60754013435575,10.81467694986388,9.612855321977959,9.114807708967872,11.043457810192898,9.511705008581528,11.227315886753555,9.490741497846953,10.079513650050465,11.639684292933245,9.696893686144751,9.48721611299438,9.529470409078272,9.281186435866578,9.34764428241332,9.591242889764628,9.725513380772508,9.481417841209426,9.38011641563883,10.439646843410681,9.282314247561828,8.267032187272125,11.261740479787207,9.827567202132633,10.732046541330188,9.740474912525222,9.126173045340806,10.973078782626892,10.691353116215618,9.36217086500804,9.728692214110678,10.338349657147699,9.62383992533518,10.89941052795495,10.475993649039449,8.133120621288576,9.749332838612785,9.888625047163144,10.192198055075199,8.574659401509505,10.634689737110014,9.702308472756037,8.009129158619325,8.34116180047235,9.617720152822745,9.279117602035413,9.381162672855881,9.686618530227038,10.841353119172481,10.026773194645713,9.542082496135704,10.978475169204232,9.288881248893102,9.194526732873502,9.099542173076278,10.597946194418569,9.6365763002358,9.104551591220051,9.096653184468869,10.2787943561852,9.510359964524493,9.871643733107627,7.6912688395068916,11.54804523205597,9.775134206905467,9.284299434896198,9.873275208551751,9.80394732678737,9.906748921772017,9.557756321355216,9.822256018515219,9.663392300273294,9.911526797872973,9.89548661031367,9.843919684284353,8.872171359822786,10.855634898516103,10.900574182530981,9.237147580081302,11.013600059996698,8.947311495106772,9.872796841730494,9.26482217642197,11.311885778066756,11.526627532118164,8.269417102881942,8.633587191174962,8.891194986992852,9.881080960342441,8.146502207262381,10.528417032356153,9.946985365878977,9.551572412003535,9.381111892733088,11.51626861336819,9.880784903784388,11.275093561119649,9.210003015518494,9.477466003001455,10.957581987603412,9.69413703254412,9.792819035139223,8.944958236643226,10.129627496528553,10.834427485628295,10.398474423142762,9.685526925202181,9.326523010971433,10.0523090909422,9.79569820366443,9.209264982263196,9.937111035264452,9.93054459927298,9.450082443333635,9.38802278994935,9.95897003380217,9.933191055608466,9.500439829316866,9.66149700732321,9.854827844629057,9.746901350926565,10.185194810039395,9.524107248243725,11.300657469020333,8.104305940089654,11.157570338776603,9.184621944409997,12.154933888956448,10.649311593828493,9.731280549225334,10.5291956194262,9.881719505715065,9.524070517204597,9.332094281588848,8.36486769500141,8.340555764854505,9.141424826972182,7.640391278844991,10.102795372187886,10.524945288350617,9.279760644537586,8.300443174663016,10.452692440090805,9.196643872074414,10.060564923788512,9.082648908212732,9.918587931638688,9.733415475886833,9.212307940690923,11.665714044958378,11.406888001284052,9.25029138225662,10.838880528987698,9.588985812214448,10.467707214355174,9.461852523510474,10.924362318784825,9.515896359597724,11.059373038728662,9.558567893420358,9.158887541821834,10.06841585611079,10.073395044392136,10.140923763720853,11.236018178049907,9.65947509946953,9.34245746004128,9.384409760483418,10.056067468100164,9.760694869595627,11.028004108464836,9.824219632718487,10.62265025941159,9.328688081461229,11.684858084165498,9.281059307635124,10.8127112209664,8.87084135499363,9.683715986221065,9.167150776388695,10.582479472134704,10.420392160948245,9.604325782968658,10.34040792801731,9.440011681643998,9.391501159236295,9.858893350830634,9.925002526402007,8.512181757027562,9.81919068537285,9.922437466841915,9.787037834333828,9.972696492983498,10.822982622622034,9.081277201605436,9.861936789987755,10.295268225978615,9.891804331844892,9.395572803482251,12.248219218390046,9.290662057011184,11.107837578269406,9.28341245080589,10.388810519147828,9.633466314162026,8.222811425804087,9.194025249277365,10.969311411892477,9.685246759603606,9.989445371350334,10.648381943376405,9.380357520889968,9.456383371692844,9.041876147093223,10.596024387018367,9.172924017871937,10.591468796686291,10.345070444636955,8.13359152088648,12.247367100493317,9.09988183445603,10.863892010003322,9.080131464276494,9.944655640894695,9.480222166303381,9.278409187627297,9.882492478136308,9.157548679736182,10.614689248717896,9.947137603940043,7.8708531148396315,9.98845630967178,9.342782432351697,8.936031063919797,9.344090276262724,8.486479864069233,9.332068884809672,9.161817515450632,10.10153051192912,8.96659568731761,9.405833167164069,9.363127444090784,9.364938680623942,10.417589674485889,11.573366207246101,9.420019729644416,8.958444983283618,9.237061188490069,11.082900055925059,10.151657601070605,9.986290614982762,10.239753110883955,9.798497481127448,10.384420982659636,10.296915454244393,10.23169284867598,10.403299928907414,10.32770304578456,9.683687504350518,10.459770287154642,9.216632833363153,9.54730056702089,11.102335506624133,10.809216294589735,9.292295608372076,9.15558805373309,9.624003743146764,9.626271135210217,11.034849160694387,8.126114278043488,9.05905786471004,9.757822681554968,8.953896083446562,9.657230764264673,9.72826122745848,10.708800060501957,10.97494317768204,10.356840343658487,9.005080180880293,10.18753679565591,9.263935260840794,9.397884093715247,9.306074741675477,9.698835205486823,9.958709931414997,9.50904779182599,10.140005063989204,9.676944051330771,9.313335639270468,8.77629915196427,10.55876075019865,9.035223617340513,9.715681278784778,9.108133170148822,9.834485320022754,8.191147377439153,9.787588091407756,9.21154281738807,10.328991181230938,10.904907163065749,9.52326324614229,10.87728224051105,8.901396982962233,9.550442928041711,8.5764948022305,9.14192259217474,7.550558664248291,9.530062057217858,9.65054293231297,9.201596499799942,11.494499950649658,8.433246350191968,10.988196993523452,10.152739829429514,9.064616402239672,12.192864761443891,9.50200472536522,9.248068575416637,9.17572973005746,9.813181553377722,9.711852002657087,9.475453171452271,7.8400745624242125,9.01673839372848,9.856354322015395,9.559359844712372,8.66477978100053,7.720594454772234,9.862816742781686,9.213369113138866,8.495163854488494,9.25163693119635,10.640821750597695,7.679791639398417,9.468557530809965,10.108192112591237,11.15797106969513,7.627756880243475,11.499255039416541,7.611268093719633,9.615233198696746,8.616492134967707,9.669044807708286,11.173967139650074,8.341720207818348,10.478444393648134,9.721027747360365,8.526400289988343,9.603932712542433,8.73208396004082,9.423426238542248,10.213817403529982,8.616529321973266,8.09478042612859,9.569402332491082,9.133767574033111,8.37506858526966,8.943073674365035,9.717607773994335,9.86998812161462,9.479766480528285,10.50005939389728,8.089577304065683,9.93020067315369,9.132391761184868,9.338602480834071,9.315977778094586,9.40493033925433,8.40418241588471,10.264676837987208,11.817099588797474,9.987261459505115,9.919064584995022,10.778701904892163,9.560301405285268,8.44679653693388,9.070902205735358,11.777899179978794,11.106162749994132,7.593978479773967,7.635576481116195,9.57509057957304,10.413505051564849,10.028781521411506,10.242649757936263,9.033700190680705,8.738671623120553,8.981044105642138,8.833347624696433,9.76803203374177,7.506138535788715,9.204136819125875,9.361449258185509,9.632739908662233,8.999620798927095,9.2852706792707,8.359931530857352,9.53817238467919,10.240493322036189,10.012311258592568,9.324254229966023,8.49653098831949,11.190982048273789,9.799141078828388,10.100405562927651,8.733940969788447,8.787462928367892,8.086554008658746,9.390353463213502,9.078542978667278,10.232426396842074,10.874783142179865,8.659359648272346,7.623800926887819,10.375146510827621,9.325557030205005,9.16177326132924,9.891694250514028,9.750133791106109,9.800505148298909,9.88079651005814,9.851524637600184,8.555795089738439,10.04188237055135,10.006646685072447,9.768570706069752,9.191096008242228,8.99867533886077,9.62997982023492,9.216481552241603,8.168535177665593,8.992275064935685,10.799556341653085,9.654977442184702,9.792397661276027,9.598440894050503,9.791625196582723,8.692609201048251,8.922610271246564,11.288620725231787,8.453752552070222,9.940434047878279,10.219951047401967,9.213867622265061,9.40534096722602,9.808247809193189,9.781387293435643,9.014171448688776,7.603474044244947,10.569008377609466,8.217086408127951,9.346236812973174,7.050777979719809,9.05552910722529,8.886939434157412,9.687049098934766,10.768271648915498,9.244886215051528,8.782452636581526,11.001360123023497,9.609796807154392,9.795773088308332,9.39942177935027,8.693692062500459,9.170401471098685,9.119818955398866,9.461132177592338,9.723952777075857,8.20774918509946,9.319612586545539,9.674632187108188,10.30803905595161,8.605030848626653,8.702277745225587,8.986742992099973,9.440381193139121,9.7240795811356,8.57839857473733,8.254512641453376,9.429623049804844,9.351836129243447,9.348184709543254,8.743958098099721,10.411431973760347,10.203020923777174,11.139620368934585,10.558530633254414,10.57390386892449,10.671940690262137,7.691556025709819,9.671288776204605,8.73699693327336,10.339529733091538,10.000763807636073,9.27596778501185,10.28517392469712,7.660193435901526,8.558449594088644,11.268574229048511,9.671495164806032,8.185339014816678,8.706127540332487,9.100966548092734,10.318893705341226,8.894431147701713,9.394603463422888,10.404516300929593,10.294562368444815,9.242566908324502,11.070132883345387,9.594734572119249,9.090051965007435,9.948115430483828,9.72040459700875,9.574040347908138,9.513740682737913,11.663964380289201,9.364620719069286,9.694006999121003,8.27211931094358,8.925994920992254,9.260696019066977,9.203089238625674,9.885057214538447,9.015201721056227,8.47240305012679,9.615441639665633,10.29722554640857,8.82304956613123,8.468219801373305,10.12532963559989,9.757625955072331,8.5196555051068,8.083315950711158,10.125492163556677,9.257699950145337,9.801258490730755,9.672101200675195,8.912477537099239,9.6866493284129,9.404126423513793,10.329015483195246,9.607549687620471,9.601131606218223,8.802011939555324,10.051296012163096,9.633607262959362,9.71221056930379,9.148563389689008,9.800707840170944,10.508729649771896,9.053652448358108,10.183145290202535,10.627090334476017,9.320141091783182,10.73851285970149,9.685090231824283,9.57667918702558,8.66710967668175,10.67893294020588,8.95500702600216,9.988334273375411,9.337001221084911,9.149560082689106,10.270968564358565,9.936053548460064,9.591830102572505,10.217564658732611,9.90652918362644,9.683339262870508,9.852220036196224,8.81798176617002,6.7041007068155665,9.192113764397464,10.125414056801587,10.244327844275716,9.393127345521835,9.69014761335272,9.624037468999928,9.820437703890876,10.1985448809323,8.681881172130796,10.246204464756929,9.378454536033006,9.689074036498896,8.510961884058963,8.157958715076797,10.67860227388106,9.482224289232224,10.28352302367915,10.068821174416648,8.852642358472316,9.073230724180622,8.955893591240738,10.490592709664208,8.74058085302729,10.723576920439505,8.337959638599873,9.164100870983773,10.15103596413229,9.182306873936446,9.454864167383818,9.61624523417763,10.988096914539755,8.775742346105803,10.017352672308604,10.412504187543183,10.047504032521363,10.09648636837176,8.923539767403021,7.898590288387187,10.498200124271438,10.089477983512207,9.991697774890788,9.794688114323666,9.379817733010485,10.230067040806972,9.878927267749338,11.412591337986274,9.852927525628019,9.767330983920735,8.93843996832564,9.860376152757153,8.764180426795349,8.981843869194098,10.78784334581026,8.8092039516045,10.04658223050973,8.754965366312645,10.468932077089917,9.359542766264186,9.021722196239972,11.534026197201078,9.849664888961989,10.185418037181792,8.717798662449724,8.898423971681485,9.400213900506712,10.376958591447492,10.276112814505947,10.542905036477862,9.3159801200366,9.774299151817607,9.742652690484984,9.82113445255264,9.29439762220628,9.244712546049435,10.06130112492046,9.616784793935292,9.605346244349839,9.735886321007358,10.427829448255482,9.928239084398218,10.083417301410615,9.241338426743045,8.794951081854258,10.610159146281473,9.514581880979298,9.865183859119401,8.995496709955672,8.70456246103176,8.947776575222226,9.338006094307385,9.935168762751012,9.929372466640558,9.504595653553443,10.313948926442434,10.097247385401984,10.930414394610844,10.963920257015625,8.129807984634613,9.481930880882867,9.577040938397166,8.27500764955204,10.155861240101379,10.210287978801164,9.326879215723743,9.413833728449099,9.558229702374447,9.834249830208611,10.077796640824726,9.942218795707857,8.493454266077906,8.812557294737855,10.097206667507885,9.46130944472481,11.574706809324795,9.215915717175111,8.482377163995626,9.114012868831168,9.730894288965812,10.16143475425423,9.12808754746642,9.839378819006466,10.294839125170027,9.585074877226319,9.701212403916745,10.308206926324255,9.746837105757018,9.204942317928873,10.047850246095889,9.606269739304025,9.195128290514534,8.926623915686896,10.691164366319116,9.894243936800732,8.511772240699116,9.580941752836562,9.88806593274607,8.423028113612203,8.512598014348436,9.751669016487998,9.959424775859162,10.947482216501925,10.483626859722085,9.242773263337954,10.28884047163586,8.819342298892153,10.153161323644392,8.273737383648074,10.065112135932882,10.112716842719243,10.449245271834297,10.12583812765775,8.751964061426806,10.238204384240355,9.048715301623451,9.303743473820235,9.386641194493409,10.581088499375097,10.946335788445838,9.988435987992732,10.524877351936768,9.378174625225336,10.223855191382787,10.143422672920735,8.723987569628843,9.357883048013916,9.87419302175296,10.572737823824118,9.932670957859319,10.17694459763212,8.793764631667628,10.201852281926065,9.745273705373327,10.109807688454204,10.453463244549397,10.714429711337162,8.442347257719339,9.317329717167823,8.842712975773948,9.487244541022207,8.569291285805198,8.723590856956246,7.922944302102664,9.413697502528581,10.091875462084843,10.497307534644637,7.9887671055796625,8.319756718143319,9.188308240255983,10.47428387535497,11.053327406720385,10.652335218741213,9.947266966193673,9.953612031517258,9.262573470587233,9.313320245810415,9.180645648277945,9.924951791906603,8.86918657393947,9.328176229863194,9.415736020646841,10.257722071540625,7.458101745624655,11.069256658079624,8.8854770969807,10.182388735260329,8.904952450444744,10.729913726191722,8.892258897320952,7.857769157847968,9.63213607276722,9.129011942872841,9.820128602901194,10.408507472223347,9.87724017623339,11.181128690368668,9.429175829517478,9.237767459747635,9.369088433343173,9.719182971373458,9.455024503076666,11.39778797087353,10.347293803721543,10.975793118131866,11.072658161871228,10.319250310412405,11.292738479923868,9.198547042391306,9.792246846408068,9.249644498128106,9.591241825781896,8.901814832064625,8.621887564626526,8.674812245628024,11.066507696472225,9.751167896173982,9.41607052796313,9.348006422360788,8.988245817078585,9.110209126530934,8.370618361731184,9.346903023984405,8.96813989806613,9.264883420633364,9.715612476782788,11.76497403798488,10.029276297052705,8.168001204093244,8.946373849960036,9.335998918190526,11.623060616022885,8.659404521288028,9.499317715792095,9.915037364374784,8.15841874865724,10.101843903453045,9.474650271925267,10.726859634870138,9.413911256050504,9.077194161056017,9.520728541694966,10.200869126371881,9.182099197336726,10.05697023893883,10.319608421627493,9.753314481609975,9.176364342163703,9.852525704004119,8.727116292481398,9.137050041495517,9.11060429132928,10.283959239676856,8.224906405746303,8.617656323603128,2.5948934684390843,3.8417887436598672,2.491456907861606,2.793168389543154,9.301536605907067,7.641446497641021,6.3297092718537105,5.229431284621578,6.050763913710832,1.8970516551370569,3.818526717686287,2.831709303538973,1.9245717278247199,2.0453208567580554,3.497762584861241,2.8583781007050693,2.8784307381119025,9.14323008711315,9.595366524132295,3.6674614809974364,8.481426066810812,3.457837588334199,7.610326052228289,2.4653732804571473,2.8870360692674586,2.5633428455305296,2.4126690959726695,2.1130279510797365,2.6638627321004127,2.6549284517144396,3.8964334329788475,2.5090222715531016,3.757718407819882,6.805159643909262,8.832305392515135,7.01464257579194,3.4323333675088876,10.412897716697497,8.226439543445741,2.179304905003187,6.290144108680451,4.283897350037723,1.9175346077062494,8.129619467835603,4.3224863308895465,9.186741895097882,1.58997931932757,9.107970420112663,4.777018045632194,2.778500297541703,8.3557528823991,3.0793929006327403,4.451136490906315,10.375285597886624,9.206735225898964,9.952284578405116,5.027370337058907,6.2179995404457875,10.119000754243741,4.808611546380158,2.284429548162246,7.593535392963378,7.218739105966602,6.577335778662787,5.609046098489234,2.757915904079617,3.4249643365323363,2.1094920550926592,2.7176975830570784,5.615472751219148,7.3883452764565325,5.305435893865258,2.38734591553412,2.2295597574234107,8.715803009140103,5.987104682221435,7.825935023320573,2.4451329468866736,3.4550314070197623,9.064162464286165,3.225100853802485,3.423466292998979,1.987506894276697,1.8155719368735974,5.203339268643266,3.622769799324475,2.2680207995285198,3.3158576132262003,5.425842668218199,8.226904560519523,7.101392318842092,3.721996249405713,1.976852488717275,2.2858718540570084,8.696889250053738,5.627752215755698,2.3489580996248174,5.206650682019077,7.569938835533618,2.5729717473762235,5.747519311014306,8.253097128867513,3.682421726054449,6.171780548538648,3.1415525321967626,4.763606041883589,3.9880514771463407,4.282428269239154,3.5383664701985396,4.168691618624297,1.5362769523579918,9.608126671849806,3.521956701380183,2.654669793313311,2.6357331742766967,1.9987909099212098,5.181233668095599,2.0736178360225535,4.007474562927599,9.638207828256302,2.6463927036733046,8.075658011497321,9.915300747892058,6.502393117714631,3.1722131729659644,7.486258142132403,3.2787425846161975,2.1766900632389135,3.7312579874782257,5.222966345490536,1.9481009560566784,6.207941677640505,4.053952359392269,7.716749922060005,8.073777276796493,8.583411256609537,4.252448905950472,2.5997948701527163,4.352669032393911,4.455895175664145,8.739227127626352,2.993389607133353,2.85092664586458,4.9129290366686424,7.927632966980926,4.533276773278345,2.234764799712772,4.76609335647578,2.571487421989069,3.2329228320038297,3.0620647901927525,6.189468821795542,7.55995516387406,8.238769329870658,2.4480132932259697,8.087890054920264,6.477105620312979,8.646042195081213,7.488370220103258,3.642916413179139,9.092759366410565,2.922424572677944,3.742091702409622,2.28259074660661,9.377245855880906,8.6020475050597,2.4606476028582485,9.724738592563893,7.7047791529614855,5.690059462241686,6.800130545638341,9.076426600480469,3.7842457594486523,4.909387194242144,7.264930150836105,2.7652551064598065,6.791367438942114,2.221931226007129,6.98082614222258,3.915048052099873,10.042409044699841,4.929842638902333,2.625578124638099,4.471996037474684,1.8581177487033154,6.313581933635339,7.3684287615326465,3.9003334989945526,1.3472477874720086,1.926778077680499,7.246917485771043,3.195197017254597,1.8154940653756413,1.7460092283930755,5.039863765130414,9.696057828925147,5.252127930792005,7.729807222975944,2.1899572788536057,7.233036052569453,2.658506784700096,2.7758755256648264,8.753426391620913,3.951745269336099,4.849152927673134,3.245179190499975,2.4976276921500187,2.6016905722767887,4.512577947086111,5.097192565346223,3.8018957134108855,1.7009512983687058,9.88004227393901,2.7168116539782137,7.384795993795929,3.750392909800103,2.8526025417690586,3.911747562035567,6.112945138389234,2.2910642831221795,9.771528950673503,1.7007819133863395,3.3737575101034567,6.039044076488481,2.8336414352319514,3.2467856293734023,1.9342874954299025,4.9386767246408505,9.763935080182538,4.148032829042959,3.7290015116242143,2.8040508047325763,9.401660162392384,2.142611570739449,3.1713501729377587,3.321898060195051,9.707900448765336,7.589214987361078,4.075501964315465,10.003779609051183,4.079471835307515,2.2879956210845593,1.9823253755488575,3.2645317424677867,8.910590376932314,7.1886465982141265,3.0813286640835047,3.8901549808976523,2.4987180655504466,2.9720188030079875,2.2181046407974887,4.330661343691874,7.271794775557613,10.064975507139891,5.046811362821269,5.51586514443167,6.388967000822781,10.001499837077294,1.906251268651925,3.4479435131348737,3.599221580433551,8.64262670345795,8.122189738419513,2.553599537211587,2.918231634731252,5.757316183508615,2.4657062348589376,2.885195864718845,3.1114508324169283,4.87146211364489,2.5291103827325148,8.743239729912615,4.916145067885836,7.583523221202226,2.6974335914124628,2.2135486906252315,2.6703308248032833,3.371401671126419,4.320006287533847,2.6222541044472316,7.521344122032073,1.8951993136473686,1.89186126438632,2.248486668527234,2.3237363117112078,2.091433071694671,5.044840495653458,5.325681829705278,6.176147494850888,1.9638914085481576,2.479429483737303,9.423895642567674,9.11918373116958,7.785185342448056,8.235126265058,4.580354257432993,2.1182835569565666,2.4617169997387762,7.049360068073839,4.096418653098319,6.880486830247875,9.1803689130073,9.47221285973352,8.817577223502255,7.832242167450223,9.190933666628595,8.794532792143677,7.161462609376567,9.496588997632726,7.594808761282179,8.126946100435182,9.357493894429872,8.456558323210578,7.401162100604845,9.620218602225721,8.844278611619627,7.806966841545219,8.596572281418569,9.013652904486083,9.154778518848888,8.919118969702781,8.925955587655455,9.523424624788099,7.094456100901251,7.4605423296246505,8.948506539950456,8.43739953781442,8.752897397303471,8.556079336033475,7.459147795826623,9.308357532333135,9.04192914375983,8.394357183738563,8.297605224885302,7.14537304549003,8.434645632222043,8.56488200954345,7.022761981724592,9.087980349777995,6.219587505648528,8.924892159505228,8.473909147586252,8.9841468071173,7.991522755727131,8.566232096403342,8.88900972693631,8.194572613445231,8.29948923994897,7.450350032999899,8.145736916640248,8.578974704147566,8.907294891971073,8.138588592189585,7.686816542041702,7.196233935427961,9.10217673237409,7.694615906585831,8.757523731895338,9.975484167995733,9.402616779254977,6.957474890664447,8.53621871825045,9.418804352484981,8.649347023767872,7.183166421970573,8.902514941570953,8.795705901297655,8.85735771353633,6.58975245207563,8.383849827699239,6.1651061804956635,9.07989111167949,8.985720259279677,7.628139646539655,9.48907761711779,8.146959071590462,10.35734514030256,8.144714712766525,9.410694915593382,8.427296833088464,8.828941665498961,8.09763874481826,7.922933541327127,8.916923829455955,9.8411330371343,8.975556331114161,9.397652686759532,8.368875262418959,7.5506805712187335,7.119828687721719,9.242819830284976,8.770482045961053,8.146969264631222,8.918504435345572,8.215026974809406,8.57512426804827,9.395753534506069,7.942634210085165,8.484976734527246,7.489848542213183,7.7703842898578275,7.18014540232359,9.17422528383513,9.606327736398251,6.914292077227954,7.581184865072537,8.789917168391694,8.564386146214856,9.754992789789963,9.254938048269842,6.7507464510723185,7.949390540004528,6.678099064923636,9.354499253910143,7.813297504731899,6.747756474359854,10.389435275950962,7.631242613993478,9.592494434329295,6.85693233293103,8.562553169023268,7.2109408697980735,9.00826965699599,9.129217091770446,9.299241927717418,7.728022454359647,8.150642631580087,8.387658617316866,8.609191166616206,7.159662508901274,7.221667367926542,7.242346396321838,8.491082624009675,8.982507085421682,8.780387146537132,8.995238705497135,8.770864001318301,8.164576318920208,7.777935778957767,8.37491969325542,9.868410039035727,8.784970933017348,8.086422791103633,7.196922048598908,9.242579244596191,6.733785176496549,6.8696293577251994,10.228329711813254,8.828130752550091,9.660593559391602,8.160437838801672,8.704125509706092,8.968135360695207,8.156557262748443,7.403769490484378,7.842568862777098,8.080156884522559,9.385712509298738,8.027909285660941,6.6045992399553235,7.77768880665023,7.163691728818254,7.582676607037513,8.38817894453711,7.435912185366431,8.550139659927964,8.4488417277501,8.88385270538194,9.283305089441592,8.807973701226581,8.062451546166185,8.854484793582547,8.414809865562969,8.480172521957172,8.20074048409308,9.190642659324318,8.157972970887622,9.050978470658329,8.857072732480537,7.217884636947417,7.718271904354318,7.5873268436496195,8.805930760770826,8.80401351004422,7.899437059544377,9.452638103838654,7.38180934171136,9.396637041874246,9.031407102349185,10.342479952257873,9.924935886693286,7.081877477301559,7.006104946628797,6.3400325248742,10.224780644232888,8.84732884161195,8.733170798627642,9.052596450530157,8.870388268956328,8.00880530843247,7.684048703642456,8.583497012578796,8.9785589419531,8.738491473957039,8.456627657748205,8.965242135417387,8.148372731511596,9.176904787425512,8.018076802667805,7.2093936119077595,8.835558872112685,7.684313225674557,9.569603401268992,9.104268536247933,8.179486122330989,8.996922289950714,9.086618112384599,8.965011836449431,7.201738662190779,7.2194403464838155,9.714809365553105,9.025378716283337,8.591371395524392,8.212047481328305,9.085117428181263,7.216406743030588,9.406239028789386,8.47397087098679,6.290386495038118,8.511027531257382,6.235151290919777,9.333636512490326,8.19348483614227,9.287712150177803,8.842112756761454,7.797457676501514,7.675739549453306,8.386894841362615,8.671487965990258,7.708263164165886,8.004985048017978,8.243531236688156,9.665722937669742,8.494492978082578,6.54653144086958,8.208536789980476,8.773887793566928,6.279455762709756,7.211089811107155,9.54658313444604,8.270278096854081,7.764780074965077,9.526323851376434,7.267037563267436,10.153170898511783,7.421829577060604,8.36100305618747,7.904869977699908,7.8481884088463625,10.817904605743351,7.389171423898241,8.377058285192636,10.382319375619348,7.6471256974968105,9.247396861211685,9.220706390719927,7.40906961960398,7.702685639976292,8.766417304566088,8.47459152242045,7.1294528063104785,8.38021054799556,7.551932693592938,9.521182330006898,7.3977240215516105,8.645603326178549,8.979965461162168,8.37645104775695,8.868327288891814,9.279782054340588,8.352065143558637,8.062875782423875,7.682427897151946,8.661752893889046,9.525613954387653,9.024676096111955,8.652722366702157,8.361042199873763,7.2750559162098005,9.39640246957754,9.495661304404049,8.225916680126494,7.1776985494470305,7.261388253155504,8.19400688389755,6.771082474367077,10.754934070973036,8.982425239894381,9.062253710580523,8.57901588167454,4.521220834077596,3.2248319296677805,5.23410858887097,2.5492229854928867,9.017165846186218,2.829574674971294,2.5470949137678964,3.3366708383711856,8.441696415925163,3.464463240468194,8.58320788201411,6.530531783689276,2.6255002982257434,9.638405694507696,2.3122124027207924,4.209046199024455,2.516729348814184,3.7602226186046064,2.5683339262239295,3.3830878463433725,4.374330912292684,3.9317252753868606,4.14613976734266,8.808903878018281,6.971451956251989,4.794056617391091,8.623408293121816,4.833611470520454,7.536374288480494,3.1748980664918993,3.8200886549563657,4.827636035222796,3.4871366894373534,2.4898332057764243,7.699828744635481,3.913957455146408,3.254997202233699,2.2056303439891205,3.971352708345093,2.066092029257471,8.733438438635318,5.295512884974469,8.217234181455481,3.3086997113201124,7.5944844898471,5.632931622859474,8.944617642185138,8.43839847908596,2.6291923837496918,4.56691478118626,9.164076123122284,9.3891499868015,3.3604985486609125,4.7692433683760145,6.300830829441296,3.3662798191898182,3.175239209633159,2.176675042391984,7.5999298246568525,3.365719113890703,3.068487743185773,2.026695379269104,8.387036329985545,3.2039948091842065,4.0717505263756895,2.4092987053492725,3.394751466086878,5.82752604633404,4.889135073551824,2.15689285308078,5.317470306382361,7.709891212338296,8.375396606736187,3.1557211580552122,8.452473124757926,7.8307661272815965,6.211642067146899,2.62733944716141,7.4170565542633975,1.8187719173275074,4.570424695413189,5.541960103101444,4.751921978966127,9.192212195749391,4.03311205931011,3.1370803179465003,6.954565738078016,9.097890618159836,4.375094674110468,4.718653904654582,3.5876932899445033,4.461696014190035,3.410795868137008,7.439575956938891,4.582333481983437,4.745773928332281,3.4442548993974555,8.063896986499822,3.2920036625052163,3.804775019993963,7.909617191455182,7.690889377251034,7.075976811366138,6.630854087378745,5.494540013339837,8.616667653692652,7.544010248446771,7.7653713213009254,3.6521766912113685,2.4151242905852937,3.4068880687005367,3.4821015312119066,6.340739639497516,3.8804807193745017,7.4401301151410015,5.00589155087826,4.5025826144912,4.167412753496498,6.154744734844116,2.3633862463316566,3.6200441058861417,7.15204848383054,8.965184511607813,8.845747816796989,3.6928956205569605,4.563407942681305,2.8092246185028382,2.8642408407227182,4.794586572850436,5.423441637392342,3.5585570647013673,5.678675712436213,8.696735469752461,7.458645716505632,2.9888769673874998,4.355063025854407,4.428217309411519,4.424037022701743,7.3983268974146,9.355795278331422,2.954050966310727,8.12772441835523,9.704187764168694,6.528321109662953,8.821574588514618,6.559503247679944,5.325213233736548,2.7470626517199617,7.145118111950414,6.467529937576197,3.0791742424797928,2.5961780634867804,3.853844280708276,2.8882964476053656,1.8735207024887015,2.7897771295576743,8.179826559637384,3.9311450016967897,7.679736077796361,3.0967460597246688,3.188581728388752,3.0983207215470157,2.7307583576271495,8.107446590535542,2.6936519570228525,8.86300913630258,7.249249300038478,8.506075646708979,5.24934920148931,7.752007267838612,2.8874652991966934,5.543604733547994,8.417187016840247,2.438062741054598,3.1407908827344904,7.6359435255037065,8.316751792233177,4.00383235338575,4.826447161938516,3.054857953059641,2.5705565722192287,6.2209375115629175,3.058593477897432,2.4081438171720406,6.944919195035337,2.866894686606647,5.3551064939277095,4.687392428741777,6.471080857212209,2.3710153658038418,3.5509513539195536,7.263804935246037,2.5804329721674617,5.318185479189835,9.014837973549964,8.48651454003373,7.37236012122195,3.036464626178169,8.93323430880591,3.074045757383014,3.984012363217327,9.248028072752005,2.8796172585174924,4.060759497038899,5.813312644553625,3.930617520945119,8.213467860359136,4.023809619767954,2.6921715683565504,8.448153168403733,8.513739905696639,5.488575164882391,5.847274083151312,3.8673084607314276,8.788506605337894,5.18634112538629,4.635796657757544,4.95196030414349,3.838734946182957,6.497232807123331,3.436354187745673,3.8660113274614964,5.466459099982182,8.727871531752712,3.178152932640026,5.420669492065168,2.585041800749045,5.837155205239875,2.909535582216873,6.529363971366267,3.1003031636744502,4.283350122053048,3.4554741487620033,3.789356312149912,8.377720589842896,2.62798850805997,3.959373738098229,4.383312898249285,3.7465518391132835,2.510758717723225,8.655442714479632,5.625510410024785,3.1392388655175543,6.693437908978034,4.3274537635872985,3.1835732849864855,5.703848067421234,3.3448992799017687,6.8772943539753335,2.663245805662456,3.8582030233676727,6.573875368578467,1.9319111775528903,2.7721264567172526,8.270030143674648,2.5647319080540534,8.384679832101563,8.752386438727852,6.300749202004099,4.091988293154715,7.940746575597332,2.7919574114017056,8.807013056835313,8.59493476477024,2.0804226846674174,6.749403714646551,5.069110402100861,7.119568435357066,6.84283285423493,5.104568285736176,4.238360580871407,7.344615233196587,2.8425990202227496,3.5124876353558068,4.12133967736569,3.727863255488749,2.721368486561423,6.690071739473295,6.73670812948644,4.404755997669942,8.25659386947224,2.064538000801922,3.728430544501735,5.354986225002381,7.9493311264012965,8.417291258475387,2.5142511222398065,8.72645989396889,9.238212393956719,8.919691155599669,3.6559668711832676,7.289975659804109,4.44071419649901,5.684423590802567,3.46344331542467,3.0355264313124675,2.8065309870864508,3.7714438642165957,9.718455859071065,4.292874061522119
92,5.337179713387352,5.541771804612875,4.949881521377381,5.585565842761352,5.439293933958192,5.361139248158287,5.403492176768069,5.679244649292418,5.649464470391973,5.4493225167441555,5.295286892144205,5.962447380315277,4.968148844647952,4.970803166156383,5.968500460105658,5.278747610253185,5.401090495477331,4.969302166011061,5.230555329823262,5.072532328278379,5.2370454678632115,5.240256048384592,5.207846211895036,4.743137319685499,5.4276405355206965,5.415374699155898,5.297601083355635,5.570628631708708,5.681386315764985,5.92127473944347,5.0796891865481895,5.963542611834375,4.8245510737293,4.944360116737709,5.715424296877722,5.199166550760872,5.458712024982228,5.397745678290166,5.349475825393134,5.61271591720984,5.241124344898062,5.963383116943169,5.140246088789855,5.50941827378514,5.099802887349473,5.552646644374443,5.178778793821262,5.109697587409561,5.216774076422547,5.121912092038546,5.387831536559207,5.197582666842798,5.821686543296747,5.348238812869081,5.366274189467915,5.038363049229416,4.572930431422764,5.243652165748225,4.973585359817851,5.6369614370028485,4.982548024221659,5.396552133158822,5.176556669881755,5.3276982612217605,5.463805196067745,5.278831220619334,5.133054306547447,5.300301606255015,5.447460101950718,5.572037615292841,5.387177323507886,5.58510581590196,5.1934492564100205,5.385958765039268,5.787327701065334,4.918241734392409,5.676575017930701,4.909085589309708,5.715427859952949,5.287169761041692,4.516389082185932,5.271514901844202,5.8118212843465615,5.299304072888258,5.544365273014425,5.520166884213473,5.094306997257662,5.726554986550023,5.226959737721169,4.999712269499569,4.751261498850886,5.162693533156009,5.283295153166761,5.298558486960931,5.3452943966290105,5.5064683347116885,5.038046243496498,4.964451223862414,4.884992325122357,5.507229060289785,5.523522277595179,5.210300934802983,5.165381080701578,5.702951148422684,5.246494207683451,4.95013134825465,5.447945260852246,4.671037810155274,5.346979489006049,5.326045188895862,5.46104054682706,5.666191572360136,4.757504706650433,4.996828894919425,5.138190735616639,5.289716422982918,4.934862556357996,5.229731745567859,5.568991023047227,5.634312158327936,5.260103289046031,5.380579561067244,4.9484761028700675,5.25480156779137,5.559747230090227,5.030062737283581,5.228908564943577,5.21286153509084,5.484266433023715,5.348792407422337,5.174499024456551,5.017938907139822,5.252454352594453,5.287755817283765,5.498354174624382,4.505225731389576,5.625193818925747,5.289398854720886,5.503452719991574,5.354722704432701,4.9670868614157895,5.182123145743377,5.371733011764445,5.42992444506865,4.986519328790226,5.741085851254885,5.739770926293766,6.037199269120349,5.580496465995515,5.072127314015556,5.075204123527568,5.784427518093539,5.326186150939562,5.24442422545801,5.333765223622202,5.136414906936559,5.3265953785610325,5.553856883321525,5.481809860846482,5.370305712188614,5.478013344845467,5.78498970806836,5.402315433879453,5.173113320546058,5.228205610674393,5.101175240014724,4.7363223082633805,5.60154325677971,5.083402656970729,5.332424261424922,5.459866814604016,5.1008674916292485,5.298354022669948,5.595650481755443,5.309451025815112,5.261586625557733,5.772753954282086,5.476453595971639,5.711110417910496,5.34849136218221,5.5144176145753105,5.342881714682545,5.104937371047575,5.0554477203330626,5.672401648126949,5.347461352258285,5.562646014701924,5.349337696379897,4.719668748164328,5.254388744060021,5.436052367194548,5.253767362306719,5.308907300095235,5.109138989999095,5.239485070144094,6.0209220717366065,5.572657324669492,5.265348957980753,5.110673293888369,5.520718587109095,5.114246475396988,5.382618366235507,5.647660732353495,5.070388040195484,5.40959019355688,5.415331467607809,5.991655686261647,5.191455957467572,5.184082585364368,5.275370370222288,5.631453043537321,5.56556552802029,5.6796706237002965,5.743313624199622,5.344328965066137,5.08102078001146,5.458593735083623,5.403633485571774,5.981611834523398,5.633389893883071,5.1223951563312715,5.103857993534888,5.388524568302128,5.243136650696419,5.08484670399904,5.035192690387229,5.577401454132797,5.307525633929474,4.540631680488143,5.039153809668293,5.38525976894083,5.226338157902976,4.79135926606079,5.423723571319424,5.670967454868831,5.484128924616429,5.551495235515863,5.251838025007493,5.18405931763514,5.524050345158592,5.252716497109572,5.439988609851942,4.619226270144917,5.45841200929807,5.62422287747695,5.012094992797104,5.200335505245602,5.365666197355246,5.465822596084875,5.318511101251527,5.700681264617514,5.33150541784241,5.737596344821095,5.487696393446812,5.398012428625439,5.458302538357319,5.2531508348091425,6.34008782504993,5.745169116201751,5.161172581524003,5.179278270852548,5.016860739895551,5.297556161750914,5.035347483049512,5.492474308635465,5.080918188126738,5.157816588213619,5.443745409466556,5.053186862881531,5.188040304552958,5.166950205942184,5.083338037926777,5.251825783824367,5.389766179843262,5.090562872126471,5.383528483362171,5.633161904139481,5.510624302403104,5.550317009295302,5.330025079208991,5.2883409853659655,5.234198956450606,5.378419946088325,5.485235197439075,5.728567679968216,5.3894549076641995,5.196466840897345,4.709413142075189,5.344134327110855,5.099016819869699,6.096982221108714,5.475833037207441,5.3099989979644695,5.282913577313789,5.214069289142472,5.092730495377854,5.163683912749145,5.191221988341688,5.128932458171827,5.1734468306914625,4.84403597004285,3.9067426856018503,3.2218252552793154,4.555302121751123,5.072991554473348,4.635734038108788,4.69183047186741,3.4169005792775757,3.1353938782363304,3.898616204547806,3.6839390030742867,5.74730265123963,3.9912980062634893,3.5020174645407183,5.396582376828031,3.8947629119245364,5.117280005908501,4.027116255220442,4.019470239042409,3.2342080758208356,4.9037980130910785,3.233050145258606,3.9042830589488196,4.146972555921723,3.6836609425740927,3.387062163073331,5.110961840182753,3.872322816281971,4.903010750654501,5.761821103697536,3.964983660426079,4.109615158327635,5.604861323492187,3.9780258092906013,3.3492931565844684,5.22677805845337,4.346031383955441,6.135437413087045,4.621658962881899,4.037971623366237,2.805543755674171,3.3747783126460367,3.531366330938574,3.253526695704991,3.381505433956274,4.412395845494142,3.4475165388054707,3.510142441545546,5.234934401436176,4.421132434059655,4.483246842543734,4.54655668686658,5.5710404812397964,5.524647760450881,5.027508899666249,3.950824355948719,5.042706425543397,3.401782287549768,2.7547582463531133,5.652315592863003,3.8807409563309814,5.082061522644983,4.277324633948884,3.611902190679643,4.636991203526219,5.018897669402662,5.403610469574408,4.861126223379904,3.104954386078053,5.030350158259241,5.056390014939731,3.492100188380207,3.0826810077189584,3.499843870374694,3.962731704717459,3.084317082928234,3.8897861138839507,3.925362604157566,3.8230334634979717,5.079358253488208,5.082645805156635,3.2266836185846874,4.59159253687747,4.793972386149719,4.661157296952511,3.0241806335055927,5.083659794587124,2.950627046488216,4.534282074060044,3.1073211498201063,3.371314148721532,4.36293875738298,3.3099840680612123,3.25155943370688,5.257767339857622,4.993705291950194,4.118830956268794,3.670735196569,5.3671658360839,4.927558781603323,5.16284707339299,3.726764867923017,3.976056588876447,3.4826850248350913,5.391000966613015,4.444440780186397,3.317290126031288,4.884323407443491,3.151812176309902,5.189036743186688,5.0130839566977246,3.409723759820948,3.7640299655412885,3.127697105292476,5.468184313209077,3.2811885713132147,2.921814528016632,3.6030765784742056,4.464138701149057,3.4788342593453545,3.755883321338819,4.404330350322189,5.161021540579854,5.232972622883404,3.412541920410957,3.7114705628205367,4.112476841727407,4.800311743444968,4.412689906749325,5.295865490574055,2.7012447944736464,4.490399043298146,3.799662396516331,2.7718608600286427,4.008925706424226,5.5505593415010175,3.269039702177478,3.3734122328268907,3.3740862959168054,2.9226137298642034,3.8757889468359625,2.932190339763564,3.248471461916275,4.313843406578894,5.31307717661487,5.548208037160284,5.3772806160893,3.6204655392548357,3.6240346006034656,3.518053997205382,3.2823041341683328,3.5736314713300765,5.081082256718132,5.214853546905658,5.2857115346298045,5.537497987395468,4.877966548024997,3.0946403237677464,2.7095397313149694,3.5168331190662543,5.125741623944539,3.913531016910132,4.456386836857698,4.305139485411335,4.030329116270085,4.347682373896228,4.260838289218122,5.371010321483636,4.954933980352718,4.388268443066731,3.654877610624451,5.478676459370743,4.938297655845807,4.475603840125078,5.3625407719233875,4.25232279504464,4.8758626698588525,4.2052132621769935,3.770081584199896,4.237900371703951,4.210918304625528,3.249992604564468,5.2789789155828455,3.3678126366028924,4.163641632898982,3.9476865188804893,5.444971039859424,4.212541225841804,4.046322306937051,4.035920892460827,3.3507030201463883,3.406357731356571,4.816888295067024,3.1357589190711477,3.6351032929100615,3.6821906349870104,4.866795985038817,4.5386562651053755,3.43302395053084,4.63957079927878,5.401382006539413,4.5981861259420915,4.941120845744446,3.6376667300832572,3.4649787732328763,3.9347895320825166,3.6258892212146114,3.203442900613004,4.522240856874694,4.956639178350531,2.8228226991429413,5.655528081716644,3.455167845911414,5.384606349045664,3.357613691990951,3.1385299388201524,4.271307876759899,3.228692359449113,4.131082133385784,4.819097370870723,4.731247818686514,3.0897387690724645,4.060558753494369,4.351203655091314,3.455812304406248,5.533381745366029,5.160006620044153,5.201439470930468,3.6190927147820053,3.9486867921857645,4.038500817896095,4.856354090035863,3.711746167957706,4.217394046915051,4.780554568187576,3.767892747916649,5.038890496108899,3.1700856103620323,3.303261163407139,5.0207654045082695,4.093041532275956,3.9942309616066756,4.3152237712509605,5.4492806591753284,3.3033964715531505,4.565440028177896,4.067778292746226,4.019680653511079,4.631211789509227,4.824022165787936,3.0606021514077097,3.2318981120639125,3.6068141279914414,3.181581089803558,3.9182047470232537,3.4739860002313034,3.9549081185877046,2.792766352112429,3.6965810007706295,4.088701597293993,4.654911598039167,2.9602427940646243,3.035017183283122,2.865098854447944,3.559511978269277,3.0517229717399816,3.2499380410286594,4.492151032101678,5.171395683405805,2.8408768038649796,3.2016812070253398,4.538306832953456,3.142074389050371,3.1916836299848956,3.6666213475763336,4.556573926079261,3.7483502029033318,3.323085333896695,4.937780238106691,4.729598125769507,3.3000713894631697,5.018815837729959,3.5152383445175968,3.4786403141636795,3.0229709409004095,5.126681002477967,5.262214765392049,4.174320268698978,3.460383199523701,3.685146590738375,3.8712786468352585,3.6103838239939408,3.297405239485686,4.99966577829954,3.2382872442894475,5.074049979496948,5.291857249029666,2.851618122311551,3.5996215473993773,3.5936904413033917,2.4659841742145208,2.6345362579501845,2.37001665051539,2.5007994152043476,2.161561437416786,2.144462690154232,2.624239268804769,2.7771489750015674,2.380921557930441,3.7195815511287593,2.7804721903704204,2.4307733420766477,2.3047770201777773,2.8081214804166823,3.1432560542549397,2.3013331050939043,2.7910714195547963,2.361306722285428,2.2877897835061414,1.8233754998167393,2.455168799231627,1.906720383014354,2.1801719091984704,2.5711391011061893,2.61168267556402,2.9587043299678,2.453243686088039,1.7118532868010252,2.4406605961595074,2.199165366955113,2.3523090366428487,1.8620022745221603,2.275016037719931,2.3903566520550177,2.360068559751729,2.4043541993676176,3.0244867674696043,2.41763709427099,2.5363495059536305,1.8164053701160547,2.8771921898412596,1.9694333106626714,2.0126288285408767,2.5972434439560512,3.061062035725764,2.316618466560047,2.640223211721848,2.618606772855651,1.800380688849822,2.4232422999606387,2.4417846317203202,2.4341718331362,3.0305559089746774,2.4652256123560266,2.5095709699741073,2.703047936040923,1.886885508886235,2.9725400670545827,2.509098006185642,2.881127060802311,2.003422415899442,2.6814106615498083,2.405924274129462,2.7553603847813033,3.0387151883829797,2.5993003595965787,2.575202982381741,2.6919086224708035,2.52105921001256,2.588858602377117,2.591239714271593,2.3265071606245984,1.8239091440976294,2.4352076781482537,2.4567732072201864,2.820646118636145,2.317733962691638,2.300152786192412,2.3514050509973172,3.0571555582817838,2.8870955797004227,2.1131469417787785,1.940947382114035,2.5331124088105588,2.7753507360513776,1.9942685775413496,2.7604102613832144,2.133377273837738,2.579577403985473,2.8676361682170364,2.5082733490801887,2.7978025667551867,2.6137580412540466,1.9737025782194209,2.4443584825396214,1.6007524244358529,2.3940140192178565,2.265687047832973,3.5211919269911323,2.21811812401983,2.3718106964301464,1.7390812716406638,2.4932494700980334,3.4394897345435083,1.9906756586972383,2.690422583848515,2.58050169977533,2.5343881723202784,2.63330643063918,1.810662303514875,2.521095430772685,2.0601520324594853,2.585675502652033,2.2744567332348824,2.429450902823203,2.305405712175859,2.500738519704497,1.8866291219945264,1.6137982874570809,2.923614136902658,2.2905580091753057,2.8673083654939573,2.9278292906200685,3.039926614208114,3.037353464681979,2.9944796109842953,2.7702213387413273,2.691715527427837,2.575104729254741,2.7617504530009773,2.2703003745337926,3.0110526461745613,3.3215260545848153,1.9731726398720506,2.813549340258133,2.7483067672196593,2.3315002204110695,2.8010737785167006,3.0271200669279468,2.2974528147204896,2.7648895779918736,2.6696789080036516,1.9852487633110383,2.070913767063548,2.5208502678089513,2.2849159937198524,2.944126649055915,2.7014721233430623,2.61794918495449,2.6290835116694353,2.490164271587437,2.52333578911026,2.5550761458496787,2.240135841561256,1.6043103933174205,2.4163343703586277,2.7045769331744034,2.814959078486399,2.4245405123852555,2.6846468660203153,2.2585939828869375,2.470540633966266,2.375185012911641,2.5454583987881327,2.343662414478525,2.1099370085789144,2.4258501446895817,2.1457728653865615,2.569641631662177,2.319173645341122,2.9125233278377363,2.2249273971417627,2.517591694613678,2.395478576209328,2.396605131247288,2.264120270911576,2.753033745843813,2.2448102773168452,2.3922168356050277,2.114229171950108,2.428627658209263,1.8722650292500358,2.292594809690148,2.344580766190997,2.4794627212253375,2.308756029783156,2.2773517173095383,3.118126624470773,2.365605718000166,2.2972367616650318,2.3319877642585713,2.630683720617017,2.7939977628417596,2.628349408874689,2.5054214582750043,1.9341069691635782,2.411152572072695,2.660640975744327,2.4150217391208884,2.304451759844663,3.3562773186175106,1.7818938028774374,2.623840375984004,2.2965801024976216,3.3962226548839998,1.67207741328993,3.109974942945328,2.930628698143924,2.7261580708832307,2.4681724959233104,2.9009707055161678,2.3753763770112157,3.4283522967434275,2.477194859631706,2.496121981624495,2.78426803617119,2.784946912510083,1.872213942163932,2.6063857584273507,2.37514531869393,2.6289381476010694,2.0789018095029825,2.7165247181931313,2.7017538456909618,2.544451422370148,2.895000957280447,2.7626531021682803,2.1069947082516842,2.5437064009698003,2.105275107286153,2.4734762795825977,2.4954407633537863,2.993200682131013,2.5661631917998347,2.8032229695177624,2.8734787143053926,2.5665010309898504,2.186372204975842,2.457395157651691,2.270951884139909,2.695662683799997,2.6939141511891025,2.2337448497387182,1.9630881338424262,1.7651604306585527,2.2030894700705033,2.8651608660682157,2.465284720513275,2.673964489734441,2.3913530776291294,2.7944643044491935,1.9515389373621514,3.3879614266082965,1.682283007157475,3.0292565865914596,2.3350247039867877,2.1504542283582073,2.62109543616335,2.7338877040626635,2.7738277700249205,2.139112444943441,2.7359837731533907,2.4437500652984188,2.5379579938499717,2.0054236622434436,2.7933325330362306,2.8860299359458548,1.699141639429364,2.6263364547779013,1.687364365394372,2.959930444768793,2.5366901780996525,2.7010948481845745,2.8046886623624547,2.23957355141012,2.3291784883975577,2.908143544627593,2.221440025782,2.309614397871219,2.5023488479870815,2.531985996027747,2.3709649888542272,2.720955218133148,2.480085391265747,2.588409291440898,2.6206054436690196,2.256384970993773,2.520099199181821,2.1880567614745776,2.6551281384427963,2.2555246739165034,2.8095809990545293,2.248898687108556,2.610087373883431,2.9200792013159615,3.857536523974767,1.7729982436665572,2.983784523116165,2.577749205277565,2.878506004613979,2.639624048036292,2.362959140081395,2.9582023630472976,2.557901360331497,2.739986937438367,2.9376349030047395,2.5587039585137066,2.3277296124322238,2.441465076949331,2.381591340925413,2.7408269899430104,3.262459383602926,3.282970412601782,2.789051564984669,2.58494075412769,2.579295678633341,2.8733980827848216,2.399889304494552,2.827729654933257,2.1695413624255244,1.880387043356562,2.8179674852400005,2.4529494973494206,2.142027017752245,2.0792261414492335,1.7156446057691543,3.329096692554818,2.4557321729309254,2.607218420547107,2.4895906435021007,3.322782022285568,3.118864345107808,2.53319394038451,2.571320491539127,2.291233613483581,2.3166865820231326,2.199915775786539,2.422453792366775,2.3264370055029087,2.6647210584731034,3.1697878340993326,2.1731146532362184,2.343129343123446,2.848112651464995,2.729758888768752,2.6819682559524316,2.399235077674946,2.480874262175629,2.489846677220701,1.8813291183269616,1.997638170463135,2.74957098635437,2.897962704051776,3.1060253026280344,2.989885387092208,2.2782432191350335,2.619873619856377,2.4655087104093596,2.5954809476272667,2.163120623405062,2.5723504759850617,2.9992425488212953,3.1421610654069845,2.2217490952644545,2.9027287486095807,2.6157882638727674,3.0708463058394453,2.973365456602175,1.732891303119772,2.80669989063197,2.518788444987619,3.2452060325527836,2.606851157863911,2.4678734994427263,3.01032275350886,3.0581420592467197,2.161259874444216,2.3923447273147875,3.3054066360651904,2.6854543328543734,2.274329652956628,2.569347631773943,2.6823375621495433,2.1597244847602135,2.306915824931257,2.4076148372921673,2.5948163694138717,2.513981122680864,2.435049007549282,2.5284959249134236,3.159102174280897,2.8824104105006634,2.978194799141073,2.2586146369592366,2.5118829260457582,2.350965250600757,2.256728056914676,2.3121758946842683,2.7458274007513452,3.1039948771333252,2.790731201249607,2.9957831604426994,2.9005654212252137,2.215409056350067,3.019182775544049,2.389223998682294,2.4339051067931363,3.020599479856212,2.412740755342562,2.641353442254798,2.4197493522307303,2.294154508772228,2.114899681630876,2.7153120388649,2.6000131112299933,2.741563938402165,2.2661395098987485,2.5369976994463217,2.7867213783142715,2.5834698657893136,2.669837467037538,2.1973187937618017,2.711227374219394,2.429553161457774,2.440119022170483,2.1915989987050053,2.8498826211533492,2.5481550633122736,2.3418945116115744,2.342458360699969,2.8730821410975684,2.508938452436614,2.724066753927215,2.8128101925751765,2.4545929648247506,2.6756527029981076,3.1139275315675046,2.6514084986786495,2.473415078176217,3.062967309933201,2.095346910117127,2.8229651003819143,2.328105628132966,2.5617515262619537,3.2846984360531644,2.0452738772724697,2.1041471749240634,2.445175152381178,2.860924663604011,2.1154752821931924,2.416473240360005,2.710053260344424,2.0932551631318064,3.0693847422645186,2.3832524859107083,2.232158816380986,2.7425486767598244,3.173136852226233,2.2266670828964887,2.508174875692903,2.3050716436415537,3.0036667689825896,2.2582101035943367,2.4164759294425604,2.1116088559954513,2.499695211926749,2.6914503642055436,2.3301907346083137,2.6147020034514443,2.423809854888761,2.7267192438547103,2.5059067457007895,2.911515289188994,2.3578499258350947,2.3241666460700476,2.6315592041214213,2.3991027648316146,2.207507316849507,2.0946639858134373,2.091431523594288,2.5152378682904044,3.030849188946574,2.0057937555332863,2.438554855502015,2.4762934010581192,2.108658897448146,2.29297706568288,2.5805154494957705,2.260171843983598,2.9683514720903403,2.479831013513852,3.1378535187534338,2.666987571176097,2.3359398543707934,2.2359594240308427,2.566213930622954,1.9601955645771176,2.692224461790171,2.707318878426713,2.445134405239734,1.8882921524448075,2.75877777268269,2.9624749414978635,2.7111536110723877,2.7958671921001828,2.936735636248791,2.4833382373788893,3.1080780467012685,2.658941007719965,2.2158150149573386,2.2139753724907716,2.436478171509997,2.756819037547671,2.7331655957792944,2.6972090153208477,2.139680088697546,2.1676308194144815,2.7681654603595884,2.6564401185414828,3.0046897611071985,2.866026816230279,2.1783069882734316,2.4124349941967567,2.5473008827901604,2.4869638129631633,2.3579316884632133,2.8595104445403927,2.9272593017966915,2.9253955911094236,2.2469011417713607,2.207424586751504,2.3894363751713255,1.9528638069768798,2.527050836499922,3.168545703987606,1.8161604695112512,2.27473248715123,2.541218300480253,3.8803275169490115,2.405530623190401,2.548347887406013,2.7090661395456546,2.3714874265699772,2.6907383181188806,2.406355375726049,2.064480329219774,2.4052383710969907,2.717715232514424,2.270104360460453,2.7442359716192413,2.447299489961517,2.1242903229155345,2.7968327707675034,2.680353704719182,2.9605302982289707,2.9049589020544446,2.425540059335409,3.155321819416178,2.2680290121776836,3.9339121846357887,2.883453325352608,2.6916016239100826,2.4432124876152552,2.9518570065755387,2.651549924575767,3.3562282400210037,2.7967695044831005,2.207972141777369,2.7843912226595107,2.4644257660000717,1.8406488318900023,2.4141508457059655,2.6900871897221657,2.565075320101706,2.7516919964890083,2.93628508424596,2.7008707991719914,2.3337559349211374,2.3771990543186012,2.6023559763216753,2.6017085701696696,2.645691647037031,2.7392846438941048,2.3676161676632272,2.6676433245667504,2.6266251096674695,2.647033409393668,2.513137119361392,2.213483536371869,2.6400194469054243,2.4300915511336196,2.648939520714285,3.356731588713356,3.0115073017172236,2.7746710001851467,2.428610176879997,3.741038435802394,2.0954547656154556,2.3407915447573737,2.629593448378904,2.6959913955602692,2.7699985966433127,2.3355100247634937,2.1091876290400995,2.7869099648035314,2.9226284159320848,2.59112373622747,2.3395319494189355,3.4370073178239475,2.717725868896557,2.735995741012156,1.8667806702397072,2.6122403393208846,2.5040347014168627,2.153253449385617,2.4291099987684572,2.1431480274063714,2.867826747545759,2.445632526146237,2.8184024549616504,2.6777121196239477,2.0675978435906788,2.6887858286282773,2.528194453632025,2.8752446556849702,2.7623531899725853,1.966326491665035,2.75476933084795,2.013531926186653,2.7086227289498517,3.5310578109545254,3.6090324225973003,2.570117150729743,2.8814609980431487,2.3789360130431736,2.9391130615864616,2.8626475542713203,2.598386868652789,2.6833178967600193,3.911089390878568,3.4457019454025364,2.5020144379981213,2.694496964143381,2.3826648676533373,2.4690105396579045,2.687275879492954,2.9760583389431705,2.4716266274249827,2.5117960871084724,2.8728273219734204,2.6950553450402293,2.033218071482569,2.0561994185063783,2.5520401576851626,2.335853030168115,2.3937561873407773,2.5145572975461183,2.7227465331912724,2.2513453003074284,3.0184162253369515,2.117649747412102,2.402883354346954,2.9092118904840927,3.571376163966266,2.746673377273014,2.74765418893687,2.8504815827608745,2.4664102840206796,3.313946732518247,2.3810549954347877,1.8814492051097713,2.365278511734643,2.1948974428792587,3.109034647373076,2.6943548070100953,1.9661993920964733,2.3833072848745225,2.5336030216830037,2.8502577121557633,2.5984084906464986,2.7540652073796146,2.6038876749923556,2.5923078446661387,2.5462617805732766,2.20359494308351,2.4800083822203747,2.3705167567701793,1.9324236980365737,3.2645646333762897,2.2864705729132075,2.076034417127725,2.98576604606648,2.9150537530917098,2.9675298611191563,2.7615172695282992,2.0008213127343955,2.4794540941731755,2.18084964390249,2.863875342123322,2.3845498000926244,2.169443469950469,2.659705767047944,2.5219046698717964,2.5516431565813322,2.730366163409174,2.356647998772385,2.5927615924176,1.9974661808060497,2.505674895050158,2.6297085488713035,2.447973720080769,2.377838419652356,2.0485646563948263,2.7973766818967207,1.9593954852948976,3.1212543561733597,2.6111438090395325,2.1997731160292853,1.9273339715291193,2.616391130682006,2.9586255488535254,2.7808196229723596,2.4557103057257508,2.1104923277080325,1.9394221483612484,2.7047724501717587,2.508852530223944,3.1363764809355597,2.0338509783495775,2.7882367846740874,2.5271487338430165,2.696759591272249,2.7885791184730713,2.5946072307861106,2.260083763013581,2.245993042324009,1.9799797227830367,2.3709944878934075,3.152263555037416,2.480414034852573,1.9909911128692974,2.7665262954674135,2.005918130319766,3.0220484565113748,2.453617549079407,1.8238379432319272,2.6132357912205735,2.6327322382198104,2.465061495345414,2.436129450245794,2.662403489742131,2.558101686085047,2.730726528936425,2.5431172879420965,2.4041988039221165,3.0008025158305784,2.587519545274591,3.0047290033986482,2.557576283101361,2.00961069682419,2.62227527482066,3.3238306876404224,2.591267108388824,3.0272869789495394,2.564670703077617,2.6122785378455844,2.7792290817768857,2.4065874638072713,2.672689355110088,2.676225199642351,2.2471608845253823,2.3576352776560774,2.290762234148748,3.012135930137983,2.2054253946673303,3.0032093222194574,3.669339724968475,3.1214046574936187,2.2634725616261804,2.6029968941673642,2.735126924260515,2.684777877719838,2.687983271647926,2.199525870246214,2.5389195291766105,2.747970009644283,2.6918248396696987,2.7583569408410775,1.9073468116900503,1.7293929924071214,2.298803412164723,2.1692258301134886,2.82197394136219,2.772866732375622,1.6640526218334097,2.4221507040406958,2.9715227451607698,2.293415443773012,2.782596732268367,2.599372455286901,2.116821296109443,2.030074255865527,2.4847051019423994,3.0839215984125277,2.6708402070597588,2.268463681623001,2.41676669838807,2.0823512562885385,2.5998918309108894,1.655268296907527,2.5376283647052857,2.612140217646584,2.4269612708238064,2.8501476209381846,2.564124844445421,2.630825100844817,3.3006420513890555,2.3012531929065205,2.9000953052358,2.455943167024847,2.5406540186774054,2.597583850547127,3.552749838774651,2.7005655931762496,2.8198339167737303,2.9072765969792713,2.553423820498126,2.60545256431517,2.492297250375035,2.3845758813063385,2.7292477083262794,1.6184958258714888,2.3151961629781677,2.3405842295696577,2.8113847749079133,2.8890373970919874,2.419702246744888,2.972460795364016,2.3131846433832517,2.679488626374142,2.719633798590469,3.6107701557358745,2.7428963960622985,1.551487121602668,2.6069184940215004,2.0962322232688617,2.0168872772227764,2.4959624893908288,2.8990315831084663,2.6053335333364434,2.7441970951207906,2.1810357547780455,2.1781073786583875,2.3851818400103038,1.8486946506731878,2.6335511314846527,2.857127221229151,2.5995225340523356,2.8070477206422573,2.862548203311088,2.748997227048937,2.6148595983432332,2.590794927989318,2.8501789560724085,2.1020457599041786,2.5572565296189587,2.298548081809386,2.7407346862461783,2.7983597546719543,2.540302877559385,2.8239371727118265,2.4030046420134137,2.686151211918644,2.5176307724251425,2.712650048157745,2.282512318719547,2.728738465246494,2.6395367724028564,2.2615968113086478,2.4229891504149736,2.289729397755154,3.2968782607290557,2.988673966875213,2.991019795518554,2.0742857926443308,2.801489189267736,2.987075014188407,2.4209313482645967,2.2808721646040673,2.6257971088122942,2.421790726708435,2.621137978621628,2.3352191398409907,2.675452770569495,2.334602987517639,2.953417714267628,2.1653434463039685,2.19818561896917,2.6560139149838737,2.4594075083923355,2.275670033004957,2.775373105330285,2.296907812996286,3.0410221101349006,2.894012328072978,2.737891232629175,2.9881252174445807,2.3558337157228717,2.7510379789024553,1.9885736605717013,2.159874375549876,2.5299171297395353,2.2994910895315845,2.011491199176301,2.6494499948482435,4.100182745458349,2.7558442363510416,2.2235345174994747,2.302004873070432,2.7760666787626973,2.562152219143572,2.589713355820114,2.706048073125239,2.5611841777994093,2.5373170730016765,2.7187002351933804,2.1525628489238553,2.0428503363134594,2.974974048904394,3.4075895909664897,2.562190231868429,2.742204505898967,2.92672922244181,2.5016417245200375,2.2826503711904027,2.9911590900423226,2.303784255746424,2.4283141473205365,2.5015210509425496,2.060454917053612,2.697255383029054,2.2394329948045653,2.5163065416027774,2.0580624433240544,2.6839286764633288,2.7463931377374977,2.706948523529931,2.2102143500489,3.225742732143415,2.8307653973505404,2.4020778636989992,2.6707230178367753,3.0986594394307665,2.2659190223862287,2.316111408558343,2.746490986753602,3.0977805862251055,2.9574871358926984,2.896958013959543,2.665109264757419,2.6660378391268305,2.713552822972633,2.3852706620364477,2.073681083599192,2.832028952347774,2.5560217504413187,2.792450589075399,2.8879707273928026,2.4645542996239884,1.6650748111449596,1.9957956091173763,3.471447945249474,2.129904973711018,2.4830127188691504,2.367775829271028,2.8334794051983656,2.5410224333037,2.482311951232124,3.4184041432117245,2.4071648996416615,2.4980721374035664,2.8327233059153274,3.0057283587428074,2.741834162114592,2.9085716854777868,2.737666561868828,2.4866082948065658,1.6428347777785686,3.1119112746294504,2.444773947763109,2.523147905280049,2.638896712506041,2.7467510123641317,2.6704356645240646,2.757431879821081,3.0138814685165305,3.3816177795891296,2.948550559359063,2.5882821623452292,2.6836567677448677,2.1865899068713253,2.4665676270338426,2.791660306865619,2.8557362854998285,2.6577102474963965,2.0674658039733744,2.887563136968829,2.7766474609816107,2.760987315865115,2.4003806611254004,1.842035965676785,2.2183609918685323,2.482338795957522,2.485676232240578,2.5607572139730603,2.2580598420181226,2.644517815498234,2.5577316918319046,3.2115474978758507,2.180034156968286,2.147822823190956,2.00177851346283,2.3063091881919324,2.7839263485755583,2.568878069095091,3.3505616911233203,2.5402131947128703,2.147474126994863,2.650908974813254,2.89803627702377,2.262697373652483,2.512559882484758,2.63363022314253,2.8906185535582134,2.63325217798975,2.099224951542589,2.3345730695704896,2.847212277948817,2.0957728197829257,2.3826595280021055,2.2679674069709352,2.5045680471069103,3.334260180749357,2.2600430820187225,2.6405203208789287,2.952672547785145,2.9222534461280034,2.6908618759798117,2.1360714593996954,2.877365950179831,2.9600658635131802,2.012213807882267,2.6991691709366012,2.971766485519733,3.051476826123194,2.62396327053099,2.137668615156182,2.5701739005170254,2.0568983907136644,2.4544709661861894,2.101764558933704,2.8062494492487984,2.242872796493772,2.124202228204118,3.3426612608467905,2.5086615814428583,2.2306258970448787,2.658290783468451,2.5715438720933244,2.0620711934457705,3.0689980425912773,2.6042217821284557,2.984004081471384,2.216315602907277,3.118010552639648,2.7083266612280257,2.735048639134441,2.790746750821067,2.7432314808813234,2.3880913186116297,3.3511951393104695,2.6928416569845854,2.1796077973755117,2.861259454394589,2.583910734881182,2.8204331742927837,2.3432726835897144,2.7846657548610305,2.4445457128601484,2.5587600528109107,2.795162298849397,2.125729147302199,2.129997435634377,2.1193714046580485,2.123394336446867,2.628609557215784,2.7301291168208977,2.820895085460595,2.0220600933142947,3.0366193167022173,3.368013108696895,1.9668564877088672,2.793971478544388,2.3478099635694605,2.5143753965569386,2.4135354261855775,2.4612060168393093,3.5864665160866025,1.7214043371786223,2.3648476739588653,2.1771383020599187,2.6289318729239626,2.689147751239213,2.54030651106879,2.496869060626657,2.341757375939689,2.877129930736756,2.538906039320415,2.3709659904980382,2.3708200354101017,2.707731707015142,3.1000853988372947,2.335935003839856,2.2052099860794763,2.6165280242357234,2.5181134351833285,3.4716260347328123,3.537829011331888,1.980932910059203,2.724332992896475,2.0531299374111196,2.5847647527182906,2.706857436000325,2.476658328006555,2.741931114178333,2.831574292398347,2.858801785545378,2.4662499965721083,1.809064164116407,3.339480314029536,2.64942177932425,3.0676070492346907,3.449597410147908,2.758915839966559,2.2074840800542086,2.399489134340634,2.6116286705361436,2.1560791182272947,2.173434604583232,2.6880470247889106,2.844453236704993,2.2802457483029865,2.73807196295603,2.248735834539075,2.5569922116507886,2.4760573377164197,2.487602539117681,2.403796638244996,2.4558873865751396,2.2347896306053197,2.9649824179148387,1.6741401375423268,2.395020172637651,2.820915225130849,2.9147554116000887,2.5256064401516656,2.38943325564129,2.141577211647466,3.017550659659483,2.7859617817480404,2.311787141280351,2.309984672583461,2.0393215210163738,2.38187394630895,2.345012789644647,2.717691572004163,2.7321633188765198,2.3809211679261293,2.2566915413535593,2.2047184375554547,2.493001762928195,2.1061584573049634,2.265989789362197,1.945965476830262,2.3044847622026796,2.3193742447167045,2.0794054219636626,3.017326088249252,2.396787637631234,2.5249893083700496,2.8337403678780047,2.1613855011976093,2.746721524882695,2.2471509764117417,3.287852227378981,2.196673886450167,2.184124532444879,2.411737120589148,2.496500785969041,2.646331307030542,3.1744946713932123,2.695842538865036,2.793821784913383,2.689854812843376,2.781568804735406,2.511975326554949,2.69419654866877,2.4376675174485354,2.324533300154798,2.700580530382331,2.644140205125542,2.7670513978139515,2.227712198778444,2.4548006190527722,2.4679411528864166,2.8765142655880327,2.827669219658121,2.6282381897843545,2.9764772624376863,2.014887338561813,2.910482981838413,3.5785788025168768,2.2249262690254636,2.892124828730978,2.3960449397148205,2.491067374772214,2.8625830643616847,2.1327524388733456,2.4497201751982853,2.9335047749040557,3.217570424422569,3.344202246122517,2.969302221664415,2.565385855210098,2.976520206510079,3.421977366211141,3.3103159773014927,2.566794875304047,2.812967307319012,1.988681823433354,2.5749083003731994,2.3190540496926997,2.5612909876385674,1.788590318976428,2.8641314659505714,3.1697688759078426,2.6254675206175824,2.689263480676985,3.0106720361320205,2.671139189997078,2.751503780846477,2.7118067821278378,2.6800171693515025,2.6716131242904333,2.9052935894839576,3.4126872057781803,2.149882115068271,2.57625628603464,2.514739846740478,2.14692785927211,2.9399272029813486,2.206733309105085,2.7708275358726757,2.2251077107707222,2.9427548877226273,2.5024915501526213,2.2945273039825005,2.592685927378317,2.6882314548014055,2.5496161597909186,3.110689584162948,3.211769025740541,2.927768231359503,2.417505212059052,2.9438557648055927,3.1754492934491036,2.495671014546591,2.798436738836183,2.6043611178066235,2.1990486018315596,2.3208322732153066,3.0387709448641544,2.335087184777325,2.8928864493615976,2.420387925638871,1.6054457998578398,2.436922673375526,2.8891020615380008,3.040731189088545,3.2226712049686452,2.598474601198969,2.7078870917562967,2.8319067495280685,2.422475648019321,2.41769958493562,3.458275819205705,2.268128028963805,2.8733573034886954,2.331836456362824,2.968201110644749,2.792064063134764,2.953984771914086,2.861999513497245,3.3348581360301566,2.698825403601301,2.6472631435143814,3.1354103380163414,2.5340597499397592,2.9464672568993744,3.000380709850627,3.1217996010572193,2.430946877028112,2.42576223565641,2.115398427237818,2.8438582538838397,2.26084306950412,2.6343093657351617,3.0527735568542296,2.575279070130065,2.4118234346295813,2.9091915357540206,2.0052169805360385,2.7335202968045937,2.7029017339106036,3.0036106993319467,2.0726904185933677,2.5072327912188968,2.7791067730742394,2.7738801136757196,2.5172656460153915,2.643945560893317,3.488113511536018,2.8040239500710435,2.5741263888535606,2.291662953948957,3.110623599551917,3.5739358387183264,3.5741365701423975,2.2433144785159804,2.803567640952545,2.6619089540491094,2.769158004213101,2.901798551834516,2.4369875718297704,2.7194728313511276,2.4658081551075117,3.422426497858342,2.836881483454043,2.704630611995113,1.8011144468035414,2.426234805684328,3.271688385194971,3.3429752323831328,2.0667976567801647,2.7578870893314043,2.4010379456844655,2.822578054199756,2.8873168044679987,2.558190278593618,2.4498129692670068,3.939061573581334,2.7093591313166288,2.7529156460307838,2.7308542699715326,3.3536242437689876,2.943985383953466,2.319501708960098,2.918185522816655,2.489228168862047,2.584788572863393,2.6626726687837086,2.1997852416514605,2.531910719862674,3.4384774284281248,2.77923419850878,2.694081997915357,2.730834625598386,1.8055433756033807,2.8870039706634185,3.107758394250073,3.0805684643332034,3.3411732283149247,2.639407135004457,2.248482143139511,2.4517214571557955,2.0630040925617137,3.386726130231486,2.433578965542675,2.324891230332665,2.0341309999508135,2.0349312581160195,2.6958535304277076,2.4944538567024175,3.4380151542996704,2.5658576010666523,2.6653291533846617,3.0027547045726846,2.1989309683332476,2.6971201272125387,3.0512232199241573,3.0647218756635026,2.7430327025560066,2.0864292863437743,2.8939244455806747,3.46447233895492,3.3235366897974976,2.846830569204188,2.548422457866686,2.9647805013061994,2.6230151243673085,2.886190885715835,2.6575216683228815,3.0070511624541862,2.253820227303987,2.921244096879942,2.970282151277775,2.396976557453764,2.8774078272538968,2.623229098428898,3.680687643903717,3.3790289135549365,2.861981245688045,2.563521982744135,2.5853355386993853,2.571637959015785,1.897580115178219,2.863408208368531,3.175577698331752,3.512600043811352,3.2628299038891027,3.829569738439313,2.9124363511122504,2.2772115623178943,3.2781417812591966,2.816518888134389,3.183044621049808,2.548048430391737,3.359396014089581,3.0713363853657576,3.067943705918816,2.6706024934884,2.592714790044457,3.0660136597423104,2.6658987526835882,2.777125732851929,3.4877999893037375,3.0062512107039656,2.7713399604692985,2.355972349611318,3.717717475127556,2.8798183838132525,2.471479858897839,2.600189764461611,3.1868920679150143,2.6912969154363404,1.8149523001554155,2.9757326661074694,2.3534846201945814,2.7529812382332364,2.82268467106768,2.8261205222107653,2.970412812865173,2.716764710121252,2.3750760396347275,3.666130759525047,2.7417446185358414,2.74413257202203,2.5175115403383916,2.336849210151829,2.1700103194333282,3.5089577821116653,3.1060028171541556,2.5934265114041737,2.8695264302314314,3.1409117218446077,2.6889222743044034,2.114976946343416,3.0444586266619966,2.761121267218608,2.279159907690299,2.7836413240483693,2.7600201208422352,2.600909939565392,2.52236195369779,2.7390566250353525,2.890940514603953,1.9869675667478341,2.9158900285675653,2.589156520887855,2.584970209366721,2.5635690098521353,2.877324165072722,3.6336627409078868,3.180286960124544,3.026801763993425,2.9772461900898057,2.8169827260521267,2.6385505437330616,2.7455575393540204,2.825174502774899
93,19.60408437131597,17.659404292005135,19.237720211913405,18.76356793054206,19.04736180367709,18.37268370390023,17.080448318074748,18.442143770522286,18.74716407780375,18.70742781574143,19.345838869016063,18.688185935225356,20.291567676646007,20.28837454089368,18.942228823686456,18.258735313138477,17.083965798003085,19.22622125579414,19.083801008839814,17.870772898896742,19.206221491765763,17.53154457009225,19.109523252278674,19.46942028304127,18.845486116028802,17.047639305746433,18.298095044417234,17.541518281521885,17.773937650532403,18.780841402637442,17.56066949749563,18.866742781710435,17.653819054847897,19.28342513806369,18.3672886118178,17.80620298563092,19.348139017574653,19.267827944966353,19.028652506271147,18.3517624418218,19.49293881561592,19.005356644003726,16.871054933483514,19.025392457214974,16.55277632610521,18.843637148610515,19.15575270184532,18.073835852811428,18.96359803781973,18.395743388964608,19.298639895248666,20.122505203684423,19.319581449343367,17.118069744438078,19.020473204944548,19.11983110118764,17.07741383055455,18.356623233607742,20.172008832068045,18.40243041800884,17.913720066528793,19.320922066270857,18.175559648882924,17.27532470852643,18.709154575125194,17.729122026284564,17.518568127978977,17.84165143204057,17.474343552289398,17.18025218933591,19.366936924486183,18.753525990534005,18.50005177549118,18.99220862467995,17.96302015950201,19.181577225423652,19.267707137831522,18.8217062465889,17.6464374700994,17.226857065093746,16.966933851039666,18.25279559810729,19.556194228903585,17.207782118912537,17.25176976351435,17.72400340100679,17.29720203139806,17.92328235511227,17.453621760162743,17.710074217445992,19.26222416226943,17.961683812810765,17.725119054958242,17.173780068908723,16.90623906682719,17.8115240969297,19.666642507473096,16.915204432629007,17.899876158516754,18.739416380089388,19.06414025260534,19.69502661491505,17.825287096946976,17.64388121632079,19.461576790474325,20.283234314753525,19.36725725992311,16.9171574248657,17.604153536171207,18.242128480300977,17.12885756893261,19.824947812884695,18.94640707212749,16.783836933537618,17.21085168939545,18.321123974872364,18.815072965412103,19.664362650960243,17.570884517556422,18.733226098165062,17.943238696831898,17.17162174883488,17.76048199349046,19.461966687905726,17.647556146564618,17.971531150871286,17.877142081517338,19.039905544990212,17.837173575404844,17.591011941300447,16.857561058951188,19.37638805239978,17.110147473812802,18.274926784497573,18.776901209171807,16.973587236699398,18.25389386077871,18.05536950268438,18.47573817104617,17.593901214175567,17.72736547858332,16.963702945674775,17.757351819840085,17.473197252543063,17.899267784894267,17.918318196602524,18.00177096397472,19.099467137218276,17.73800132316462,18.453762958718332,17.531020985016486,19.028674789664542,18.2986771549671,18.40826373776322,17.24945632776824,17.202163210923484,19.153888532753683,18.86282819649313,18.98320074490888,17.220349042062953,18.696262182950985,17.853503760913345,19.38075126345632,16.90551218159311,17.81005745543126,17.88379791789785,19.463157593722652,18.558897916714233,17.31916013134406,16.931575949589874,19.30862345381693,17.29987855550531,17.698735152185055,18.40565238791448,17.582139117842658,19.593595404669685,18.756111532648237,19.092233046267264,17.56205747143545,17.10229945040037,18.41330161331245,17.257518119507047,19.863872128422877,17.006913204452538,18.453830136626255,17.09256041861665,18.840411621524517,17.582916851593414,19.20702881320501,19.993567472850366,17.45016761105282,18.93662381871152,17.726738633991953,17.033602657746187,16.643722639266105,18.68864702633482,18.802711684627198,19.730895336803325,18.347776318270718,17.694148915330736,17.306617626074306,18.293575271272466,19.88107885752213,17.524207702652866,18.427186937346413,18.96160995495561,18.80254158071489,19.90824032410447,19.594398586133735,18.37013245897044,18.56194502540944,18.743700578035995,17.602776875447105,17.822410977934375,17.660464766887333,17.975224956640734,18.72020833779313,19.338581827618754,18.689494964543407,17.872192045620913,16.59302324462136,17.008219668786907,17.79488074098417,16.64055114210977,17.929742044870498,17.938870302583627,17.54507913818129,16.637168501034104,17.02770977646002,17.934200257953044,17.07753521776523,17.652149780659826,19.23394736644995,18.755967320676998,17.873007499464617,18.33576290195223,19.063778403947538,19.588223428272702,16.64285332975458,18.673029388547775,17.533238026314695,19.27389278044611,16.996591827368878,18.759645370914786,17.503502428424035,17.993899034990406,17.881103280893413,19.153504477777133,18.2684755886115,17.15126691200522,18.358871906393087,17.588171068557777,17.895780857338583,17.483726189485385,19.045409329787606,18.710971871723025,17.774839042132495,19.432341322352695,17.905846462676966,17.317199794507765,18.267176236058674,20.002610500885158,19.676306838197053,19.314885823964232,18.81106398306004,17.91323228151956,17.981949851938133,17.092971895489534,19.243900872838687,17.022062458444918,17.038460194748474,18.440985665276127,17.7974928325139,17.139034732411076,17.005398228958835,18.929009258107303,17.560205128640796,17.375494769104833,18.050499941308374,17.8843739315269,18.311984071839316,17.795595551357167,18.346438352248,18.310528675997922,17.768617503143226,17.098349586241902,18.20885974963227,19.402556008951453,19.617785893197116,17.852476677024406,19.18893340206747,17.52543879474364,16.599231357265612,17.308689957449925,19.179513142388487,17.84142160648523,17.10511413822202,19.537899051430212,18.466879319740492,16.82748813954183,18.18974749632058,18.012279550029294,17.229095250073104,17.042908199820147,18.9229144576903,17.472328672742716,19.22575704592019,18.008887236223643,18.42378543447297,17.12637724565314,21.40273761139288,17.38890221924246,21.213017960328116,18.162547826052094,16.75772862337283,19.008519857759563,19.132323869048133,18.421191640837367,17.59039047418512,20.396990312851976,17.625693022970363,20.384422633747377,17.464013514520246,19.36025728803909,18.82216511061217,20.513778436175986,17.108891303846757,17.394860092955234,18.723075897421722,18.722687999939296,17.92583824919398,18.701856144031698,19.026216958593604,16.821433323690457,20.059518950256507,19.00762329175297,18.102775243320114,18.099832068672708,19.254278774712787,17.230755299304064,17.914552493052653,17.25132805571316,18.181531630553003,20.43281813484208,20.048553994359324,18.167394359685694,18.37102388469532,18.041067453915492,18.840962676824372,18.008268293419874,17.938810804074116,17.387073785050877,17.094735485571736,18.62122511817815,17.7167583867192,17.419048854565524,16.561068098349256,16.520664028884873,17.381773319189016,19.096314544988402,16.739465107060905,18.504683589140505,18.010442438423627,20.277308870554645,18.131905117792044,18.833492063767753,19.825864041395146,19.129013722711402,18.906321379203483,17.17397776769862,18.001143326955972,18.031164570475266,18.307045308818847,17.63014042158968,17.002496760814775,19.674113106368743,18.86493474114721,17.96134674826717,19.749101812918614,17.998841597826086,19.19383998686514,19.296077123567688,16.725507112208167,17.338651807191987,18.110098330503998,17.731495132884294,17.834970150426294,18.261453765252526,18.03796338688656,19.06704702344607,20.051123188554126,18.73964620079723,17.353836425213434,17.870683540299943,17.767746910349555,17.847702209750235,17.78399693582575,18.046597062385313,18.754936132271002,17.597537435467405,19.097424086411724,16.428221391363895,17.38146547869662,18.993535715537394,19.50898500719977,17.144315759853114,17.266281159970116,19.16449079613261,18.06658521965815,17.9010726731162,17.899005824429704,16.390403485464734,20.803791441572752,17.745610862480763,18.977750960311035,20.340005038961557,19.47464478887272,20.255809050563883,18.78506370195422,15.827496708750491,19.337273461787003,18.46461773277363,17.81655019290861,18.849645497321422,19.085909948569793,15.881925509356558,19.273449166877803,19.170399225294563,17.88282380318977,19.34038715609625,17.264597938270107,16.67263860443794,15.282560103853285,17.533171675317227,16.416020029598467,17.073204552212385,18.623860599124452,19.752658100171526,19.402004581251447,17.940837915236884,17.56622547392766,17.899298771250887,17.36800109109747,17.520744753861305,19.149389285675745,17.473996145733608,18.736567888877882,17.24689503704065,19.432514274377745,20.281669381115915,19.579195354195654,17.60692187747031,18.488176932099417,17.453181238078606,17.583985739353693,17.542948746742205,16.337514769096078,19.23532767161931,17.28683854450483,17.67286310554226,17.653597437691886,17.334095564822356,17.182241972782393,17.240792247911152,16.91303488067042,19.965526739729984,18.63121267770013,17.72299827740011,18.53779062703992,18.004297123172577,20.233286323354992,19.18606846023846,16.318497055815445,17.88227281614418,16.737804896490612,18.984863569399106,18.35782939023282,18.70443674308816,18.132094636859588,16.59512392611551,18.53041964064322,20.522779202972707,19.44186084123839,20.047321164163094,19.30650016765489,17.985822855987564,18.991393884511726,16.968427047048266,17.23847921838659,17.235575274998638,15.98112571556546,19.006063588557105,18.247019500015035,18.447618191215195,19.58748329722781,18.07594716028411,18.965798214103366,17.735303733277505,18.882199294193498,17.271441179853696,17.55406563394066,19.753605364555252,18.834296004342033,20.324708277197587,16.51805267320275,17.46182283731193,18.420788815767246,20.234423618248908,18.02142937261128,16.490180172235462,17.495923252816443,19.061917689969082,16.181088972596253,19.511963646615648,15.912300438288186,17.42783989368672,18.08650430260508,18.160799944682427,18.656299709714308,18.54865476470031,16.749286279138527,18.88640883483936,18.563358146661187,18.871204366993776,16.168256106731686,17.56417253570964,17.82238352811269,18.865237533714375,20.30048803351951,17.017145394138726,19.595066019981797,16.29992222927487,15.880557590696233,18.50286293399023,18.775625810431713,18.719848808075646,16.598173111456685,17.67689691849091,17.884405670633008,16.726857173708613,19.208508260215364,15.919089037273885,18.81762053879061,16.98793759948275,18.61812504626308,19.73394241623975,18.008611533310745,19.638536934097317,19.21204382738261,19.12558103545892,19.482709675070083,18.28579724759511,19.131705232695285,20.267462128705024,17.103697865557983,16.097365808972896,21.153014926036185,17.879184215635192,16.02255198748604,17.492525691163955,17.41036882313616,18.253840628930753,17.588982301992694,18.652569479857984,18.682076632451857,17.93941075548209,16.06862121589838,17.41088051854408,17.889994303814632,17.95809073549567,18.989042639515684,17.438667271676543,19.636226833997004,20.282957571073553,18.435604403775585,18.49313167671166,18.506496943714232,20.03749070625658,18.5626244498302,18.718042681229626,20.19736380797602,19.269562440688233,18.487020789321246,18.975264503362403,18.686371666928792,18.88239684377063,19.17181883306799,16.32773291122731,17.747562548567355,18.74215357550333,18.976510635677723,21.262300890678063,17.874146744770748,17.310422870196227,17.849839335649087,17.33444709026902,19.184213755579037,17.77194334022828,16.803508854188273,17.545501733487935,19.492843013243206,17.25832760263715,20.253033912128444,17.324165205130157,20.812334499637267,18.746064896512078,17.519896530125624,18.60090137798259,21.90556232308528,17.26846194863615,18.543863298384483,18.77573601413213,16.979918874999477,17.979756092013208,20.4113024673301,18.893043190830756,18.225587101296803,17.35775449187672,18.166066600348163,18.406805660057866,17.51468041121726,18.976957805312278,19.526621511659837,18.514262034142323,19.83667033230547,19.729565078280352,19.307704097017083,18.50527503955264,17.566938021000116,17.454123727035984,20.31601717686025,20.84162953965133,19.33274313968881,16.7701854794687,17.413528386291464,18.176543142638135,18.945697916406164,18.890250106170402,17.327860895590323,20.135204582703402,17.389423716668418,18.293424498573454,19.07143369717324,18.874286118100123,17.451315603648275,16.533599615357975,18.09170615107153,19.859170733338175,18.443435383826458,20.31759902761333,17.684092507188936,18.264810707253066,19.052230585156995,17.541343835558287,17.471903325414424,18.457598725813156,18.02109590017976,19.293217524873338,17.342263925712434,19.24749136733339,18.604725564095514,15.811321323285693,17.518289446023484,18.258898198161468,16.461943004331626,17.27380568587423,15.85046054612729,18.251762856626527,18.249410260688286,18.754893122973463,16.786488058002195,18.14223642824539,18.452672724882,18.58538532719885,17.54319222351367,16.17482236086385,17.43597547178068,19.601028223667115,17.689250443907692,18.36247007543019,17.746533466887104,18.06755502274767,20.184424577074893,18.271725033789707,18.40405507273648,18.974045296016882,16.84810418563347,18.003070897158878,16.851868983061685,17.37785606663814,19.97206662127328,18.44459744622524,18.264921172132585,18.71264685895287,19.61166558017807,18.091585883889405,18.45103741860479,19.601964233426177,19.113579294510796,21.42059735340262,17.31555927494247,18.52895461823864,18.531422089403414,19.95800957361682,20.158789676252766,17.762714988154944,20.32284323269601,21.029630289306446,17.53466989000199,18.344022848096305,17.466372686336694,18.91903583408201,17.133336979533436,17.760840524858757,21.248602290768332,21.944400109903153,17.164975040296113,18.481106810752117,17.625500187176296,19.364019880350522,18.188503640812343,20.686665043375093,17.088297825199668,16.609350585202485,16.89112823883073,20.120264246992264,18.78754030922757,18.054762674537706,18.17134439011882,18.8575468318952,19.058216142559793,17.08264710713001,18.34157456833244,18.74511537653408,17.926753132746548,17.7543309216125,21.864348721133258,18.48793476697511,18.676726963217742,19.71798400203241,16.89236490140965,17.6879787092531,19.64658991454867,17.092178947808403,17.599388762243976,18.675228817902884,18.573321579728464,16.492211427456766,18.647533720872232,16.145351451606942,20.08691056220861,18.305503680145048,19.973186571097642,17.91023744436883,18.453071679658613,20.137148453046162,15.863569106029365,16.65814454012257,18.842446627129995,17.011043188419677,18.313823803544306,21.032161436909817,17.81445367833055,18.071310585594127,19.432788917627892,19.493817365417126,19.21573234904176,17.92187790567697,18.28176858002472,18.802234480270137,16.19314680960912,18.747251222335574,17.242580561371284,18.617248586651954,16.51565019499706,16.506544015806792,18.422362154675742,17.56840094350776,21.69138744663963,17.53168471835818,18.297549880678293,18.080065663322255,18.50238904195905,18.047103157791753,17.0655363369884,16.634818018648495,17.69109620898844,19.47945106648239,18.6187435964903,17.028859105621542,18.527612589162,16.80483289972745,16.97156654931784,18.515947035662222,18.653197422528002,19.640692010827653,18.552814576249926,18.27921104422755,20.9574724328093,19.6732835265985,18.83495147481928,19.686251590786288,19.4744123023677,21.633620349142333,19.746244848831516,17.538838483873175,18.725956743815846,19.032560755143653,16.978240363482236,17.640108303863332,18.603742469526168,18.33421804241393,19.8695130165887,15.200378631070382,18.043547292270254,19.033500300305647,19.019682047309754,18.438985887646908,20.051697469976116,20.252117454389495,18.758746735000106,17.782142500875793,18.037044856473326,17.683331258664715,17.403569906019523,20.36477473738471,18.429641151321544,18.715215237155437,19.725614780690904,18.892301317839923,21.403710280567594,17.371952711192186,16.97471687314613,16.06978153465683,17.11810329840062,18.0997782794338,16.328489191703145,21.33755923750105,18.518789558731292,14.910697952302964,18.08325239358807,18.07648372938606,17.30203438319352,18.86895202847256,18.541301968625795,17.600782267453,18.704817951240752,17.922516048854902,17.706072184986585,18.75734597962693,17.91540341473204,17.807285306734336,18.380981360387487,18.937894371093392,19.346113270798366,17.274094607454703,18.73773674533675,18.565803523896058,18.563047998446933,19.35010232364492,18.399688538302314,17.10406617652333,17.5023871380721,17.669908018941467,20.27782469018051,19.199841636297858,16.733924614992386,19.12271025754122,16.79494768103578,17.62363997727436,17.22376573765542,19.4621169745826,15.653550462075607,17.250734887734094,18.324150026447768,18.148515856586336,19.23617263417353,17.391148221098856,19.5646841139523,18.512572459606144,20.152835395269573,21.879905086457608,17.616307024662845,17.39122866125302,17.60758482865811,17.27597081598738,17.82345974228424,21.337852988150587,17.42670079064795,17.8293180217787,17.73519122811101,19.435019201820218,19.481930448141988,18.002580766011054,18.660374817509236,17.772517294276998,20.115399296908482,19.664371483322885,18.879349055170305,17.752462340822355,19.56882344069796,17.24471608508146,16.612350367853484,17.473748521367675,17.362682399673876,18.17856281597476,16.521412052650987,17.330698618511597,19.14279574952472,17.584674353235883,16.999436360479013,15.686954690545189,17.63011279030352,17.7157660951123,17.123813281275122,16.88576339197686,18.338227377860466,18.674230921165233,18.30946192463268,18.154066998886393,16.748470404180175,18.714041112393527,17.36014584377787,18.12917019960812,18.24132095996337,17.593879167989407,20.12782632410164,18.003233380867435,18.45577626896372,17.802234157761333,18.578788413342146,19.986539415667334,16.47667680631383,18.816428823429643,17.179913346694974,17.356642429636025,21.989565982418988,17.739743519158754,18.654696283821178,16.89847146890437,17.91455963804865,17.382974899278405,18.329889083930734,18.070589676699516,18.007698860626004,19.949616971867766,17.490976395383544,17.63976564782982,17.61094520335017,18.826820246725422,18.104282800160433,17.35379856940122,16.611408655977648,18.002141360838664,15.31028219002282,18.725476997618212,16.635533894577495,19.041475494807077,16.740993441746944,19.489493658350867,16.341816089067027,16.61407715854731,18.411510058800253,19.65904345659654,18.000721102138616,18.399631684180033,16.100430910507484,19.409398374170184,19.464599344435282,18.19575532053198,19.15922894647611,16.380113085678268,17.75020023256723,17.80053983093286,17.17254572103411,16.193602836538677,17.532844098244006,18.73810159441102,17.11915558679987,17.966496006131276,17.542724441033332,19.268227560689688,19.73973376160629,18.112663778013772,17.01858268843392,16.71170698349651,18.807223633424986,19.195903485875885,17.20677292000127,17.598298582462423,16.561974043574256,18.56341818802898,18.502741505704773,17.556422398617368,17.812760113294306,18.011024586885053,17.787068942197923,17.126055494397683,17.505063949097146,17.986230130131325,18.024343736803193,17.99064275962475,17.703833369744356,19.607891778015606,16.43809186462599,20.272658474869008,18.076094404621045,16.60760680659332,17.26183092794938,16.730014456472883,17.422682532184247,17.131708563586987,17.586798406966025,16.365401681589024,17.613048471867124,19.073015196631328,18.91462091827386,16.441334747188233,17.557051793155054,17.337127367000623,18.282138182353247,19.54676921091903,18.116685080864368,19.261984954967758,18.77988679836711,17.36451749810697,16.949750570349448,17.706139971700374,16.926805512497726,19.08920978904241,18.21549003816999,16.921696248170253,17.127956398109216,17.6377863156473,17.18023884357446,18.9799243905418,19.002480849927302,19.7618675360135,17.97672369643268,18.064455837199084,18.00758101111107,16.307967303769598,18.55414871675456,17.273320825198496,17.122112375631733,17.698930311747795,17.19110035306834,16.357628132328028,18.901947391401183,18.166725667564698,17.399813590682204,18.13786305335798,18.974868756775262,16.48687562058202,17.800468889597244,17.86240282873216,17.674088116385683,18.75476128514227,17.91940002952846,17.159636346730796,17.683393652117566,18.437069656885292,17.69910899973424,18.683004207055607,18.137513403668663,18.248002649510404,19.841509485476436,16.685018640643534,17.84487652146126,18.636723068966518,18.27091716017662,17.453392869842602,17.892816370818068,18.010849610056383,17.913856380781993,17.050031386632636,18.626841518824442,18.461833448436614,16.878784073096966,19.57782560650355,19.58637298428189,18.317551047472055,19.22162556052998,18.908724769065714,16.584672362560266,19.22042344534111,18.121655178770585,16.97981750110673,17.248766755383002,18.77336885048656,17.9289198997358,19.17771373334298,17.585446431073816,18.192795690009397,16.404010126309153,18.692162133811475,17.751865006441594,17.594731405306327,16.71368520280831,18.673485448863875,16.89908061216839,20.006237443082405,18.565409966615913,17.348028203124922,16.71116756933795,17.995602815429777,17.72174852218455,17.272133377784762,17.455158898526065,18.733944143749106,16.74512885969372,17.36937277364349,17.449606315002097,16.935373977869745,17.954159475992338,17.764044127369562,17.569827262149044,19.58357706970373,17.011912558806056,16.201059138942547,18.308339158952528,17.17871909444199,16.911497192831753,17.546314820775528,18.438282836040905,18.1946996764131,17.33261397825193,18.950822432369776,18.239005187335138,19.455788227437452,18.06791722799789,16.826995434076665,19.4632725918453,16.735135407276477,18.718427004794286,14.93550310526521,18.734561526727155,20.37667004073756,19.297487663000645,18.54473831785982,17.62004225478533,18.31139746973565,17.666727255887352,17.911572472348823,17.490751759757455,17.777976107742813,17.945730568971832,15.297955592679891,18.23571467950533,19.185408388276795,16.38258497248664,18.8926820670489,18.01081840399671,16.58248959718188,16.17058045409552,16.40834429097607,19.037493973937337,16.61591968717071,16.265063099679402,16.935114199617942,18.52233280639265,17.820566688999232,16.955205075931044,17.625926838322755,16.363247521770028,17.249259263799484,18.78583665038119,17.26221155679555,17.864869435930597,17.935482267839667,18.636209967609275,17.15690067354257,17.742843233149255,18.431979458616482,17.92445299178073,17.64665369835822,17.843655935547105,17.5956920422104,17.55034128546042,18.597633433358034,18.471588148593447,17.00919750177193,19.365289726124963,16.906135792552977,17.97603245873424,18.715301898694353,17.42361348973254,17.074677383750902,19.57672895241206,18.25642851901692,19.16915113534555,18.5303434602922,17.283321273906715,18.49104343833638,18.508462741541592,18.384528329711834,19.252416619809363,18.3285857125928,17.77997449630079,16.43565755338982,12.203799995500903,11.660481501776006,10.681974614470068,11.017154923172862,17.26916691880616,15.516393023785218,16.16646257243802,14.584395376646851,15.136195150085397,11.581291334669247,12.948392044217758,11.950748553993389,11.403294935311111,11.606460989168468,10.854640114795144,12.816289991788528,12.601781374388036,16.99400755437173,16.261301077439192,11.329613860561912,16.166723229555277,12.395585422941485,14.414397535487895,10.56654815295654,10.656547179772675,13.00678138710284,12.685024789316879,11.851382499342026,13.781923802765508,12.259062487903186,13.777030090582196,11.839283229553494,15.915385991095762,14.557094182455028,15.849604557159283,15.163128844145097,11.317458081057364,17.52208147163294,16.738645025845308,12.117453914660812,15.191761065592578,12.760965490954964,11.625095653735409,16.759963725575037,12.763552054153275,18.189335704557326,10.134660414280093,17.077005879021296,12.577412780499696,10.928692002295211,16.218403189184812,13.848519497708248,13.18456870208201,17.204119310472045,17.23638342301788,17.850591821551877,12.627597242538059,14.034734050327318,17.637987547117476,14.040542768761863,10.352644989419803,15.680977139702991,15.37797250377626,15.219348366291454,14.456289686433129,11.112671116981689,11.241783443802053,12.45995184429508,12.901838664077417,15.455345402161775,15.551239793297311,14.892080157436906,11.251191114305273,12.07014737763653,15.635326006368683,14.719375617722637,14.284447921434378,10.563509413551092,11.302181258374462,17.43797896643645,11.886924537283598,12.313669756447283,11.480333599942783,11.97989804749102,15.022085747115689,13.204569626543304,10.142952236407709,12.306186452824042,14.625214884335579,16.765163574615464,15.583531291971939,13.96111313567475,11.799140136859435,10.377406454857336,16.73714620115699,15.267544331495298,10.497651915551248,14.28495545270302,16.425319605516016,11.26929652109338,14.153220333427232,16.142502881306214,12.309427976371147,14.423844704227301,11.139822873340867,11.562637458756617,13.005743903654498,13.056000679955035,13.57202198180586,13.10029590457637,13.39646374971002,14.904085864789597,12.373045800937847,10.96908476171355,11.84207529760757,10.79063046150995,14.431527140402409,13.442010035045227,13.600279401783249,17.421795528244484,12.92417415858913,14.902655052215872,17.668579925366085,14.852645360691959,12.507896887073935,14.301634804759194,12.021927537129594,11.896792890816055,12.50146116115341,15.10608724776783,12.206896510289928,14.031934433408253,12.961868099550243,15.959711502881758,13.538674302087458,16.538214543410408,12.907826963049962,11.183632145619791,12.036045775889688,12.853275729696218,16.57243580408901,11.948726855830401,12.04931931325591,13.713135337248655,16.5994132717605,14.553643321458233,12.744550824577622,14.24755921944655,13.019162969882908,13.483099898842333,10.83263435237559,13.424823911278022,15.199673763339486,16.010849024319743,10.353677904044295,15.918562126668531,13.363165291378698,15.765806939164234,16.208909271521154,12.4586157799667,17.95398311941569,12.923671857858208,10.975512380467807,10.708371841818927,17.132782878115503,16.681163375040143,10.678340986540826,15.329518785634985,14.686857418898715,12.704332304003783,16.798199962830203,17.143005902927467,11.327354268442386,12.043896009219656,13.106709968781983,11.31544463061032,15.404935521868856,11.999688444033831,15.069581614913512,15.973565787422377,18.037261153656623,14.357451337886387,10.831690203884246,13.49231734247649,8.591185049056358,15.550165598452622,14.134439330643357,11.717333015668553,10.936755082269404,9.464862426309246,15.435506653795553,10.47321816086782,11.69798418732242,11.906698946929223,12.92590751288773,17.317006529872913,14.26392870408684,16.408728711326173,11.369795275626151,15.740944523875422,10.151466590995444,13.699827268217042,17.594496282671575,11.750518501592603,14.308015625336813,11.064344648837688,10.627108645463315,9.927586275560953,14.346704012637451,12.94130932344302,15.638529013951809,8.339434253376027,17.08476502847793,10.867290089994507,16.32786758157066,13.88668864708231,12.911473028374282,11.373975135066509,14.619991837604015,11.517586157369736,17.58023025204327,8.343684807778388,13.09844019040526,14.481618927653859,13.51003544139045,13.07358691687781,9.902461418676547,16.74748031426869,16.691279804385715,12.927653842179339,12.741301309974128,12.021822621005288,18.073935453645348,12.01059487836126,11.317550911920701,13.2462672528287,17.474703140370927,14.976908998679225,13.021848848130187,17.80310894771788,15.669078427225589,11.85328900480837,11.996455966890162,11.30066605071626,17.423613213697664,16.208156039346118,12.046777240159713,12.402108962198183,10.906690696827049,10.45850637645287,11.575371787249091,14.43520176330921,17.17331880257641,17.716149493075093,15.082432547135015,13.615221882493351,14.574400010914632,17.965221945623064,9.773528023849511,12.941732941173733,12.78301391689637,16.745924731334284,16.091846206312635,12.026108755972043,10.850072622682232,15.673795561828994,12.579568382180243,13.762549689001723,11.610526878033237,12.629529899340213,12.0371033719427,15.995197802397795,14.342915062753011,15.938516833355271,12.44703519546386,13.292598474728624,10.954531315172561,10.636514276867135,12.88884179344729,11.090898034555007,16.123848673041856,10.46964137641166,11.199962443269257,10.738276437105645,12.321873364216884,11.012280413069528,12.692928135374675,12.897938754737215,16.336646770139833,11.499270766662697,10.569851080985739,16.34743791686613,17.361165272417498,15.628234651830914,15.069268264762124,13.749101672374746,11.325199127809448,13.328494401684027,14.118754653511091,14.785336957245809,16.95675566242066,18.387631362479866,16.915379199810744,19.41822120572654,19.528821669981067,18.367248827694443,17.596032469008954,16.316110149668113,17.59756327278138,17.60293288783514,18.013499034639835,17.56380007838492,17.336185659059172,15.727157201275084,15.87596147432129,17.569136950358505,17.757133738342773,18.138660855391077,17.952533044929577,18.387143302070783,18.14475296982026,17.16306336892691,17.887151893220892,17.153502975830772,16.822113340898344,19.023023372150934,17.455867287335877,17.63364498609459,19.063027748137248,17.099771803229412,17.12266273077218,19.050584930841236,16.986696337236328,14.720016506957482,16.76741186940421,17.145746173899088,15.51603065386164,17.58999949502679,17.540580944812376,16.347420810168945,20.32272462817758,17.417550504931075,17.88102328175832,16.674146543032446,18.321136743755602,19.031029078526522,17.522208308234955,18.30986268804665,16.22077807661575,18.10337176537973,17.37094690124173,18.02445216444016,19.029928751134992,18.365544513080064,16.120483117339433,18.385616889115134,16.917578810552435,18.576530728301904,16.298237822570947,18.223820432573664,17.475959261010786,18.51241058407987,17.138459621001623,16.095452640198378,17.210211855212993,18.155870759049662,17.743854391632098,18.397669412544065,17.502840686652537,18.4600423566413,16.007023473939153,17.45814766667584,15.850872722333316,18.15462470106687,16.945062213365173,18.122586135848074,18.74812036936305,14.558865644297187,16.802524019746585,16.76604405726901,18.09267209732687,18.248265625338494,18.615227984913453,18.916557949319564,17.158851683031486,18.568386559592945,18.366355305397782,18.426655360864682,16.44221885739486,18.18539716690054,18.991633704975314,18.163003149329857,18.582466097159088,18.351595803111596,20.707106663391084,17.733851742966415,17.243112798667802,18.68436376372824,20.911984880426836,18.065153106527347,17.867929899226617,15.072975582687437,18.3829483380139,17.842842129089398,17.187588546190938,16.52302612562919,18.033487948685135,17.24906623776752,18.092875356830284,18.387006035212,15.007374161077566,15.743706206944914,17.14342989300314,17.67850234214336,19.546226873151777,16.91409362355403,18.152768665431644,17.630295838322194,16.94462424585894,17.748378582906852,17.62390195908954,16.85939559738995,18.620915596295077,17.654153586492928,18.77892732146381,18.14470464302476,16.462621676014017,17.3129971278914,17.777165281145972,17.160050353328746,16.749030131485146,14.800294513461244,17.88973259709679,19.08889038037702,18.412768463994425,18.40472128449923,17.40830314670159,16.947112707939297,16.613024335282255,15.150999766150491,19.631965448634315,18.0805578797366,15.817080975228858,17.693175249573752,17.642949217179808,18.382074086538328,17.451440490312617,16.692736266110686,17.40201309172916,17.31422823285401,16.196343112079678,17.605544110791072,20.018782894905623,18.931178228260674,18.189483285054592,17.120891745929917,18.023797832798383,18.121812448283798,18.058231633952133,17.415903862613888,16.57883055260561,17.330189559442285,15.11159488376634,17.73532075958199,16.754884900596277,17.7697759350076,16.4858553323305,17.9111491935175,18.059953598081908,17.719275371909962,18.760513993153253,17.08026642956138,17.149096279013516,16.56780282462827,19.284330546604806,15.969567834292011,18.62413331659052,17.989101054263987,18.89166494313556,18.083939137272846,18.08306201345683,18.172105339528898,17.40640338699412,17.025233959665165,16.908581485176942,16.782616399379748,19.33839504061541,17.011619357293416,18.471291524063364,18.766554508965395,17.99664379966549,17.075257440993383,17.12188081251786,16.470798055570658,17.786282967241707,17.839504238879815,20.32583937267278,18.669987129783298,15.877765633232112,18.84743859881549,18.180485312026228,16.972008317834728,17.205407344224888,17.59239180657702,17.697927910307424,18.06407351491413,14.610981438969148,17.720966109036258,15.590768944006506,16.351538751251795,17.819724384902138,16.97899908612732,17.673181469145433,17.654975069132114,17.261286360689823,17.892872945713382,17.72987435257206,18.41401079772705,17.256255207274563,16.036937291159102,18.006434250901936,16.674155651492356,16.988827289015894,18.4625839733348,17.853660295241976,14.854729131687128,16.46657640392267,18.151109132416728,15.76187648327589,18.644403790676915,15.243517246386459,16.370996054593853,17.5123411331223,18.94108792509132,20.31343907189688,19.460749792867507,17.040861262199755,18.03578557484953,18.28967112609273,18.19978472742928,16.794292333980433,18.658923534588286,17.62693161830893,16.784237258581143,16.977446861154583,14.47163025332826,17.84800292493428,16.970772294882583,16.835636138824878,17.676514939782557,16.34966436589965,16.944075198779107,17.48853952803237,16.604443843426175,16.679661180372484,16.64556666624898,17.680117941395093,17.931505126932887,16.21665154737503,17.780735797525416,15.910506728582043,18.525969510369897,18.387610347461877,17.32515095848098,18.437521626812615,18.948404118921875,19.349432859395897,16.27845205768594,18.31228735871122,18.348291053213494,16.304050398740333,17.33797906016293,16.609874828499645,17.613588000295767,19.279909351307733,20.74677640000108,18.172939496191933,17.792160915784574,16.10045685714853,16.462524298069347,16.80883515265112,18.182970452577607,18.902228992368794,17.831292185273334,16.916885611393763,18.03145775274058,16.35307723902857,15.645763790046956,16.91374553491048,18.115592954000803,16.47809950622028,19.04849219600767,17.12151042612412,16.66283421090482,18.644399056991872,17.14097711655388,17.479233050344572,18.043618833763883,17.54363654379419,18.60303031813167,14.013516740543684,13.197290691617447,14.337809964798641,11.344155474932204,17.480979899880435,12.993962961833725,14.020694157518182,10.76750964048414,18.014977185651816,11.05512947093756,18.551141079492705,14.71171464272471,11.335184789749228,18.216721775244803,13.13870763153863,13.223415933263688,12.033044919256,14.130539083596389,12.568441771768118,12.438116915322361,13.457703215121407,13.072606576571578,14.441997796259377,17.57518670689155,15.148361856441992,13.497744327563147,17.284620916898,13.458487244322992,17.20373743573346,12.640056448581278,12.800807874924253,13.409012630696234,12.606730940480373,10.588086697747299,16.326951201137703,12.300921938695408,13.159214524546217,13.277880907484503,12.857831941778215,11.806165140019981,18.73371130821449,17.329149184859745,19.29977350032512,12.166666709838587,17.19645846300189,13.342178055165903,17.581717789457436,18.30139193425626,11.306487181117028,13.969293273208924,16.776029818628707,17.907006839932993,13.573448252143315,14.156212372177045,16.872664388207564,11.184467941386346,13.471516306906,11.50344987638479,17.591414519955304,10.921199418628005,13.303087237805109,11.138794767833899,19.651729527939484,13.124441091321481,13.147655795802235,12.53596571660292,14.183858574939704,13.224714303707973,14.670113175804255,11.206555019515042,14.221062412749953,15.799020514272575,16.76843563393689,12.81655053212168,19.094752525612837,17.626503589733467,15.851474494401657,11.800899670550269,17.03693773797878,11.335966312579725,12.335026945772661,16.77086801063507,14.219178832116672,17.81535733261406,14.495968609748914,13.184707639068018,15.005839990061592,16.464794226638634,14.638578431582808,12.824865815795466,13.436116470730177,12.54611995984024,14.79238045833257,17.072372405862293,13.929441192277386,15.033207500122009,14.909939550008529,16.842162464167085,11.996510640702216,14.018260467253318,16.400039870304283,15.49211174609314,15.734824692407491,16.28778488758558,14.114800127035991,18.098395040308624,16.41106439187943,17.129188353542844,13.373332198258357,12.600692541766087,13.211837341733197,12.64441719452884,14.910271434708106,13.855054656199835,15.546375948879037,13.752123189636938,13.479755355932719,13.081314015728903,14.667038317823236,10.224949977842227,12.775885007051164,14.877091476702455,18.70061119748188,18.951698515799645,13.11023634475711,14.346434044949396,14.817646086677073,12.846995278503845,14.039299341703442,13.57871093777737,13.096953745366264,15.753965574205575,17.337825741024098,17.21666638113449,12.357440238400574,12.940461026620943,13.89018380545478,13.779285079886916,18.860986262234817,18.011242623580053,13.774624867940535,18.06415823426067,18.439641633375967,15.280154635909478,19.998299384477612,17.479616556881584,15.103426752108549,11.526990007289706,15.409130733382774,16.074475161462537,11.349069199800782,12.16735440590341,13.365273752876787,13.447839403534317,9.981213238317526,13.0276527431117,17.386762732016823,13.213755766125134,16.63295030041428,12.75181370953962,13.373864866139604,13.556778481448914,11.486485162913754,16.722242446053322,11.222045839296324,17.00274418158228,16.63126536465793,16.887341542195824,15.629311833291542,16.578825252240993,11.40637892665051,15.90284303975902,17.19789993605274,11.09273059315281,13.653294952064359,15.724833225910807,17.737390223338533,12.67706318783924,14.504331682527027,12.17975359037265,11.161804100862897,14.099846835485184,14.370373614711902,10.389596952658458,15.7013064782603,12.834648887974739,15.095312415787811,12.427446642324398,15.578915167593294,12.260652953983005,13.234222709931409,15.689890906218997,13.296789537036133,14.258340598062032,18.524208058353498,17.659292758690256,14.938235359955423,13.745497975938234,18.197483648882095,13.462770465553909,11.987812600473733,18.06277043414698,11.451611249393206,12.846328492643444,14.68143465593755,13.743561435613351,17.541658555698735,11.533072325695882,13.519488612128683,17.88859131293791,16.506351953355395,15.277316590897632,15.262770066993134,14.256711711074962,17.445377140579087,13.527984824199557,14.183857689462,14.282069009347895,11.977976093414464,13.642010658273776,11.261161146658402,14.38346908496556,15.074174792073684,18.13096936841307,13.191986270579358,14.695699437274302,12.86803372419365,14.92657257479585,12.9208127502291,14.372890479473542,12.279824228286802,13.410568308967333,14.13192314870245,13.681970305809143,17.15807181016365,11.547072570827867,14.986991051902198,14.595634217763383,11.939304173340727,15.174582328822664,18.859564728624452,15.127930433908963,11.717943098726321,16.02516935180435,14.225041115582952,13.160905714785285,15.066847451270517,12.84128969596031,16.176915262408098,12.92106098725903,13.535194267893923,17.515385678284396,11.318565378830577,11.894171428081693,17.630844467494246,11.924667813833794,17.356026048709452,19.81749061849749,13.651973803571025,13.375003905579813,18.059204301417118,12.345901352563803,17.810626680421933,16.04487876086874,13.095154799738912,16.728247423427867,13.119263152185884,15.281601139676376,16.208795487861195,14.144182685253414,13.70841847583253,17.239721748654247,11.624901210981012,16.348342922548245,13.999477491926504,13.175301574979919,11.492178745444365,15.973635449676122,14.413457103944591,11.898993889658126,18.2558441542069,11.300633598235079,12.640044856245156,15.779612690127973,18.910493291197405,19.161087662218698,11.788414336406412,17.564847718733965,17.36698752135648,17.73420641417378,11.537231745587663,15.97442472954684,15.548035788203002,12.573501565222989,13.02765220102017,12.413257760925026,13.024572637345651,14.00129218148738,16.014819334230776,14.562696472819738
94,17.265423293985403,16.09396199355972,17.619257499157094,16.14113399810701,16.13382712875129,16.377439307653773,15.900471518519884,16.38324022206414,17.34296991867453,17.232921942920797,16.28869033765328,16.03846978398249,17.584858350153674,17.605194454348158,15.953424876701984,17.66071377845656,15.905725379661309,17.608927404527034,15.963939554700545,18.51778689512711,16.611457910457577,15.896786252574218,17.472390881295688,18.601304192774535,16.450607645290663,15.754716976182339,17.6052132290568,16.09697055965826,17.550260201762907,15.691510274095165,16.497947890502815,16.03429684465365,18.47016674444619,17.791537162621445,16.36794804733555,16.085721702040725,17.261563297143567,17.3662607468063,16.777936413416693,17.03387093764179,16.41261875044711,15.97790564667623,16.793090775644174,16.17578714975945,18.450899434507345,16.307264917672587,17.45138077640848,16.37458451653979,17.38075426750255,16.93052404542168,17.37570939483708,16.414162878489147,16.107649446661306,16.115492164495812,16.140400436523393,18.22103542157506,17.21412491274916,16.58922170368318,17.682277770531122,16.40580236984427,18.52597295822629,17.022554679756634,16.53610880442767,16.1279331724309,17.31304623995152,15.904907359214743,16.43588255687209,16.63994603042203,16.06882834210674,18.401949443473242,17.378471207358135,17.351340127281212,16.734130053485757,16.649785224380192,15.9349365447589,17.616687730614153,16.171404506245022,18.102902053583602,16.775935610454397,16.11195781885539,17.224496103207265,17.61120601080727,15.904970694024726,16.13221401148467,18.322151652282187,15.960538022082114,18.02246908923592,17.476322630343365,15.70988371205791,16.27704175785258,18.83478723781011,18.139552203440896,15.898342172248388,17.052587442955147,15.99931352020957,15.93360055052852,17.76086114889203,16.9339219008986,18.517719480773323,16.286830839353268,16.171210098651205,17.59444870748372,16.71147608202339,16.697358232235747,16.44573481847054,17.61684997948972,17.238593074038025,17.345054552939978,16.161389521325567,16.62545779780489,16.264912874336254,16.04540388121783,17.841942564253998,18.302658178142785,15.65798097311562,16.679075678287195,18.077787599321603,16.371173177142673,16.949871814003615,17.335214571881863,17.754803943257336,15.976847962882575,18.529943982590847,16.39850049127248,17.058765722633428,18.483489329175747,17.86003442272133,17.425685631463864,15.87594561695892,16.505205461168988,16.836290622813774,18.389561918233344,16.92376302721575,17.676343083774245,16.127920855486717,17.203313534241936,17.093334450848342,17.71799584879887,17.051805996235714,16.12734781034645,16.330835163026734,16.881098561626594,16.573825849486443,16.75936028976064,18.520488841502747,17.50194374010581,15.971710538288146,16.011310688037565,16.20766425475623,17.077249809995784,16.48202503392513,17.27076893758467,16.584279534660904,16.58896633891545,16.061608621376323,15.699219217099317,16.610100701333995,16.28105103193596,16.146032292162854,15.868668491406586,16.90651863145708,17.46608136894166,17.386981031354768,16.6609589854559,16.40751298409237,18.454442793711586,18.659070636064726,17.34522618931394,18.02407648299631,16.000884570546784,16.960585714955734,18.02595765995509,16.39758017734282,17.1037682782698,16.330763168774556,16.613032920235653,15.704563530492244,16.12180928852377,16.901164680529075,15.949629312107202,15.746613790369322,16.026366299014146,17.76040922173066,16.69229964173541,16.383528607157643,16.13295013096689,16.450344080698518,16.263621500679925,18.857989684917584,16.467788277248058,16.749115521731778,15.95326624438035,16.383587881325116,16.386491428758553,15.724740917435696,15.910703379972226,16.099295522480364,17.49393457733933,17.210230454876392,17.10267413828963,18.022428135168255,17.528690279255724,16.074186706522493,16.5063400896343,16.93409096433795,16.67641491440291,15.879097022775882,16.395683976576404,16.368384191182454,16.770073414393174,16.330292088185917,17.339070999170236,16.753757994885067,17.493980204850537,16.3405651048575,18.214820890486166,17.289864336896017,16.98709470711638,16.01930518848933,17.279883186373155,18.50184247386296,18.214099814024436,15.869217349415663,15.755521649359844,16.755480558148463,18.555227286127423,16.89688595838206,15.854803710834918,17.253435348923023,18.514070187254056,15.649818286252925,16.403447315505375,17.6791408013624,17.197092616788474,17.287838253435446,15.817075055906384,16.198503764156285,16.649033337114535,15.812654071988474,16.752561254136634,15.854250397316596,16.944924814238632,17.323040059606814,16.81959272270705,16.85791146050866,18.278337725337316,16.746279310392676,16.15712555546199,17.04255875229529,18.223635511453075,16.460667289509153,16.385583278396645,17.50710562319753,16.852559785319972,16.819547256743743,16.83355292581074,16.47315744620231,16.177990803280487,17.49284643774323,15.656950253975348,16.62210846150235,17.775715463677614,17.39244259399407,18.39163807246771,16.170744009814413,16.758442417909805,18.242452958146487,16.286224918368337,17.513917803340536,16.88912384047817,16.310109694447284,17.03740963261331,16.41674727052243,16.10032547847585,18.213253705746414,16.821208562545383,16.78488051247236,16.509646634034404,17.259557898124577,16.612990875119703,17.672892896682594,15.852455538191272,16.921240725280462,16.887966254972284,17.136429436122594,15.86556794857228,16.6445389511094,18.68832732404115,17.332534413067243,18.44325001172987,16.008341344800893,17.010493630278045,15.85212867901258,16.99068145985934,15.864871218988092,18.48980836157793,16.184021827501844,16.34887015265569,17.016230786741804,16.8124982593753,17.640653624493105,12.295282563155526,11.952750745839722,14.35252823862559,16.84993467347788,15.739556567895816,13.679200208687915,11.229927683747237,9.554408344447918,12.40709963349942,10.520553535143772,14.62842488941736,13.393192191615011,13.299000901561705,17.495531529086485,14.607356352388171,16.263328082505208,14.761533729514218,13.45431209249869,11.512524418822846,14.353977216357299,12.240043597784771,13.375638575545654,14.16474773128728,13.25502414143962,12.59309718339893,15.989226365925155,13.26044208496249,17.248876988546854,16.850960171624553,12.520576030575471,15.08171059010996,16.154445075266082,12.657090030900116,13.764263057355372,17.587181160489724,13.971788549403778,17.33456064627849,13.457892431460664,11.29533116169723,9.663686354036653,11.135504399368314,13.347180990905462,12.508961416573987,13.5580568807107,14.16075881743067,11.63277805782021,12.142106687940167,17.594656793447573,16.621694181608376,14.64395777094647,16.915976543859255,13.577397824642786,17.568015606935518,14.675693027391931,13.407452259514313,17.02888198687106,12.68462496996481,11.62547463607014,17.639033739193252,11.615600333553594,17.056878914395355,15.749478249579889,13.174297049210212,16.726361585890544,15.869112420832945,17.035179358629733,16.653027812876378,12.071117184989902,17.14795918644931,16.092169452667502,11.921962078812472,12.280390849246162,12.60621911498927,12.972544772957658,10.818731244144987,14.743334366005906,12.231315434491298,15.75308423162723,16.100417961429006,16.827489738964253,12.317250614440592,12.357830956270334,17.0886589390935,16.745822359685445,11.435688636230958,16.021518617652053,10.358548799602147,13.336403320736727,9.749449459174398,13.780606167603825,15.801810803090357,11.708501048910282,11.59210593095553,15.695402546493192,15.99346689381022,10.140956922098137,9.344355227166734,17.453091183657634,17.057232831609955,16.99518747595462,12.11993673641499,13.435550215318461,12.469923606066788,16.141937638942547,13.68850467334542,12.498811891096697,16.953794613757033,10.434491423010225,16.173294836217696,16.085862041253883,12.720929582433657,13.095891197083702,11.509446706308525,15.676808126365199,12.996957021517147,11.32847889775377,13.264072939206558,16.021678314440567,13.205590636417885,12.677626937563794,14.562053063585184,15.882607796822855,17.556180512532382,12.24464381870908,10.601666206799317,13.462549088529608,17.345800379176556,13.442902189719815,16.452987741846783,11.476945048884149,12.111628632009317,13.400549101506854,11.677267931121598,14.05477408112071,13.588189977797997,11.568749858196023,13.256855283840881,13.480166408966195,10.069992702188358,11.209583493371875,10.1878725941667,10.833382117935008,10.342973848939408,17.615753914086472,15.523082409649804,17.434671277542307,11.004110621371286,13.930774857142266,14.41355960739681,12.745776342471235,11.69148411521816,17.052676710568377,15.994895840073603,18.0480358078425,17.244325755785393,12.092890668132112,11.326324312887099,11.44972288752788,12.643723234251391,15.973712909683519,13.751145398421357,15.589289107237136,17.474547884878504,12.78230056522061,15.536994795036648,14.20397532665171,16.348867423407523,16.286450057363414,16.122845033415853,14.51955144140169,17.755641942246555,17.057321152481435,13.718967061883333,17.15252091609469,14.083558079281167,15.422497649856501,16.277053550424842,9.77471878793619,12.019017024957787,15.480910357771899,11.667952222807632,17.48505232196864,13.70501673294067,14.038823883063047,12.071582822683316,15.272337378278957,13.172269183012126,11.29154766637504,11.262332633578383,12.792180173157176,12.571819572631469,15.235349967473555,9.508573963549011,13.311661642244964,9.34097956873738,16.681849825245326,14.68467938543925,12.4816224277651,16.926430173361503,16.271630009728003,16.102202826863238,16.780931289365245,13.162743133229501,10.537422320371695,13.094635378008478,12.14899564446929,11.536209379139768,13.356984981629516,13.66153435598625,11.746727219763153,17.66314468755083,9.858730978790359,16.15291392884812,12.92620933258083,10.727436431014022,15.70449698439378,9.860457783046636,15.870633197861002,14.948945252841675,15.187871471380294,12.028360318711977,15.672721105057247,15.231684801617467,9.900004345875786,17.239665025723294,16.092692510004962,17.71830512851153,13.164834127437624,12.67513566113513,14.118281322170972,11.990839275851622,10.561148290395638,15.477073193980447,17.17718072054167,10.619479683433955,17.023547350329494,11.537947562398482,11.242157839495892,14.083135154461782,13.584163571082085,16.248217328002962,14.487848428729905,13.457319711028578,11.469348073428495,16.01855979572057,12.669818340367593,14.123859549877764,13.392739873034689,17.37077803872791,11.983447585017679,12.307211672922389,12.520151697346781,11.510245878802014,13.375045380385052,9.747879383114219,13.285426088764344,9.74091490045497,10.757269427329126,11.400671230583566,15.92420886348168,10.268258045836149,12.25346836630782,11.017612172623112,11.371415971741865,10.674340089133722,9.118735835607408,16.977200187267787,16.28291537405866,10.82898747397088,11.7519346751901,16.09905695175977,10.808728342855355,11.533153406746923,11.653544313541294,17.080419653591818,11.865281347547244,10.908894830401339,15.585995820049602,15.870300028396068,11.04629136668864,16.80253823739277,11.219664897358845,11.866071959225412,9.365115532408977,15.946327861476806,14.594944176567063,14.856439419440571,11.469431444504115,11.13028715791508,14.292902897103414,11.746363401325866,9.889431626066582,17.203202985393816,10.96974919066128,14.93312955444109,14.710974889334341,9.881674062208019,10.785888181368314,12.092733037444791,6.839564989627573,8.608305888609943,8.271717457523545,8.020921616396606,8.90131037141916,7.300724199942065,8.331158903026495,6.596673989965874,7.940201935408147,8.435840428199494,6.599782986601074,7.9017983151987385,8.381346879172847,8.026561369618948,8.446616193589689,7.969928082465904,7.931432456508321,8.41395817558854,7.623598185239529,8.164674676377945,7.067801981152045,6.595761141773359,7.236011221911516,8.38009152871201,8.642700336054185,8.869523016553757,7.743891260324794,8.61297510567809,8.09741886120462,7.613958422307295,8.092414364201021,8.22007885467439,8.26167317167197,7.661335765322518,7.774471973967909,6.822071906503525,8.067205984592897,8.03958014180563,8.212678046960988,7.657944713803531,6.16121882112685,7.991558773325593,8.076313999181188,7.544079091232544,9.1009966786788,7.158968364918521,7.574542041789298,8.760359389415877,5.976737102529862,9.102534284430535,8.363195297540265,8.093528910467501,8.117971582550135,7.928645045329111,6.920661182943193,7.842722269164048,8.743606277424478,8.580557909494162,7.134046587702714,7.774185381299819,7.831353883560785,8.336975117325863,8.137736154594137,8.408114971625817,8.027314691441962,6.619014374227842,7.806442481723968,7.958752902533802,7.97668761771255,7.35562941245161,7.270212182078421,7.7679989107884335,8.673866867331974,8.748054744124904,7.434543021360951,8.155591529198471,6.6865619208119975,8.207958491319621,8.190503541161931,7.750076665742006,8.54000064459028,6.854403339369955,8.380477733752173,7.234677621466147,8.02672730598158,8.226324178987083,8.470321624775032,6.795816224421211,7.240579771907836,6.148612289020281,8.119406146108227,7.619447116467043,7.662411060349528,8.023488707536954,6.872520798543332,8.170449125925531,6.578495125980831,7.26067562298189,9.148578989807827,8.097437591346582,7.274026247723918,8.324161917977884,7.764513999952468,8.743335907583429,8.611933701819327,7.4567335235248065,8.584111143795962,8.650568891100107,8.35475496883436,8.693198951354173,7.065528508201383,8.341258483292894,7.744843676369518,8.127161064345927,8.054727082807103,7.8412058096488915,6.8004423432045575,6.18750227502787,6.716312178176545,7.606310982089791,7.53648834203948,8.068508979073636,7.970062682847043,6.759369768598682,8.530416095364304,8.864216289042492,7.151586961332396,7.979984038302044,8.184625570649978,8.325713878484166,8.2797092774284,8.625476826994625,8.909050198357447,7.996338528775202,7.579779189524791,6.310728106703529,7.838755887660099,7.0211145841252245,9.357941103070848,7.5289879969764675,8.056004501255089,6.524562773074217,8.70119475432628,6.626845075464618,7.416006699989559,7.359524020772271,8.06074082718265,6.922083814238579,7.601880269143176,7.996390525863797,9.062224428710737,8.187593625021904,7.463807643015463,7.195406458252147,6.690108841235933,7.479207655053373,7.453024197040638,6.954205790493037,8.136040970816605,6.660609225814769,7.371789252986955,8.389292080557086,7.759475985908327,8.549327507053771,7.1460515643982205,7.3375049860003365,8.178089055648408,6.794356099680712,7.645894386271207,8.089267804221198,9.950723053230334,7.019231887257278,8.25149581386536,8.843464527060055,6.957024759371104,7.55438387046917,7.940655437490241,7.470792146588457,8.21272405812149,6.497431822894396,7.3185576127871945,8.801676980409828,7.473862554088493,7.9003630323205725,6.7793695465198045,7.182110518779907,7.73697043086744,8.847753168198762,6.449350459456991,7.158711610874775,7.678707697252237,7.840455213618448,7.8788286422988145,7.699379315495312,6.744410886452894,7.890287109961739,8.597880144211484,8.580627916670286,7.860300381353058,8.491413314686584,8.30761631662894,7.797978630127072,7.093539564458455,7.935700661687575,8.753448554337396,6.713398031431886,9.579335007422012,7.996390244518735,8.168592121044847,6.880220634626152,6.663853294307616,7.475572019846662,8.735923843733715,7.494765581713406,8.612188749188189,7.326020399222938,7.532974763287563,8.45740640547839,8.226071217710942,7.720260711205553,8.705652712703309,7.870126863912141,7.112893871383195,7.355674462083388,7.691829134440483,9.030244753428777,7.94593767132871,6.658088671179232,6.885196765204757,8.045694946517068,7.9817552385087485,7.130568988343203,8.120410091758199,7.436578418443186,7.367725471391226,8.14807932867321,8.034521775945066,8.044436165463038,8.831623123132632,7.747641759656837,7.850813344384131,7.8644482413739665,7.61691530892676,8.070447093159787,8.562977273992143,6.970782913398959,7.755727066327817,8.114027488485675,8.045292900976182,7.865016388735067,7.887948300208301,8.536100699841805,8.910483230435556,6.496427563045537,7.751749859168309,6.830974549083826,8.420248037418547,7.803480036288384,8.072032863674666,9.067201525072452,6.994012334950473,8.000761843379774,8.040177347954543,8.638060088093072,8.531748442192225,7.73076797193467,7.075176805569812,6.503227225276722,7.23952815832529,6.884724736770179,8.636289225293561,6.750453439505156,8.308929833237466,7.937357819373229,7.473240310188117,7.529066695020774,7.688654790744078,7.075079306222354,8.2292155787304,6.849310323311141,7.295333445551337,7.90738110070856,6.714914508311935,7.1573651894547545,7.799859385825044,8.147375902899958,7.276018788530314,7.853945183663438,7.578292566041883,6.611587402970487,8.207680549500685,7.476743658224916,8.114977026417526,7.566540496238309,8.048818001221656,8.554644848454927,7.579766143083252,8.740857219063619,7.601028073877794,7.7677557510155095,6.416217769036741,9.49795284810078,8.878528186456593,7.863369971243799,6.93212234022144,7.040800569690121,8.556823060596466,8.707698952010643,8.475121292002376,8.062125593279195,7.668093128618984,9.865465816688678,8.085746395048478,8.031484788457858,9.808604200157305,8.081977106706328,7.585534875661997,8.22233514737976,8.669649755421005,8.383600258530928,6.533020741297823,8.342649641089753,6.983361026672232,8.336873623170282,11.154076261817472,9.768211749327037,8.04477435510031,7.385341422947644,8.129205829616657,8.138943186451423,9.117614387634536,8.713269992732299,8.687900581105874,8.815980122869231,8.038241491630277,8.172985024818587,8.242157092418244,7.856965219568139,7.9124017754311655,8.844163575480891,6.677928270366823,8.495827946295291,7.251043889272166,7.5975191205667345,7.949904476625293,8.166838618993932,7.980202988606257,7.55804245196263,7.82120427570507,7.511520398146502,8.851660225848779,8.617777542432544,7.6905612245379595,7.297902119195585,8.741727869597243,8.493460385053213,7.5972003950346805,8.02510790849634,9.416124165774091,7.859124757861346,8.036098104229932,8.331159367265393,8.63682917248767,5.845530151467444,8.593301027826334,7.608453631991131,8.079962735906506,8.970287081756428,8.027623901471916,8.929968083030925,7.266305966970373,9.187257997993079,7.763702709017634,8.655638943799195,8.38545155603361,8.636485045722607,7.590240861166476,8.048333335879379,8.894936299133091,8.282947383756968,6.9615727034407335,8.489720745283716,8.591956657082681,7.177150646203592,8.275857205511484,8.473516390636581,7.740293115109951,7.881951510708441,7.73234936839068,7.8459591496612715,8.423170283219783,8.977060431989209,9.572910920770616,9.922100934733429,7.479301898381858,9.02454543432558,8.600432763257064,8.679325710988019,7.717423514797533,9.296551162193296,9.631251056352935,8.561473077971707,8.650937819771718,8.419679108564477,8.32639371357613,7.556846221815483,7.799296951055746,8.237085020257881,9.533416096198028,9.29311680406692,7.630831771379196,8.948070827218825,8.53442474776742,7.288141758252317,8.763538279305859,7.5984377551332525,8.359393063520749,8.88828665335167,8.265971742403275,8.635696103796391,7.445632980031525,9.473250900180467,7.664139933697321,7.88135351731367,9.004844345915096,7.70565963497249,8.903238971106772,8.941272433056906,7.636779966809129,7.7955031907827115,8.921792087598325,9.357138683973805,8.541321330153352,7.79464309335465,7.510897098270389,9.020132915075111,8.410271859506915,8.480426268019938,8.291226286050215,9.125482269081699,6.865180433413812,8.72195200720362,7.92038378669904,8.585442726906134,8.92565904391799,7.981470706332889,8.973922558909722,8.0259734464166,7.547102783304472,7.63173407157753,8.137957706904771,7.678768398171755,9.24634724812561,9.245473588974729,8.859204835128427,6.939926542505756,7.48137116276383,8.055315386428326,7.786257825414747,7.778141201178173,8.348267320555026,8.122907276853965,9.302961403852185,9.065056948604488,9.314217703608866,8.156512191322935,8.194636256324369,8.34192140243614,7.9104296801369784,7.615666532983414,8.09862967047938,8.620483005052485,7.362962102208623,8.29658005611887,8.249016641062596,8.67151003330798,7.700501835942665,7.842451961390794,9.391086981663832,9.753039800735733,7.965833748984013,8.28460438159298,7.609151725735853,8.549640597026094,7.424463727094971,7.331788413607273,7.33632048818056,8.517985823652198,7.728455840118059,9.27152652013529,9.476685735453614,7.252216650978377,8.519366036561244,8.207794831045378,7.682480015546326,7.156139388026508,9.77381780563317,7.769713528616545,9.811232241410561,9.07452904357614,8.322915575462725,7.570740212662104,8.564761667405445,8.137878026926334,9.471287816669255,8.820643154600353,8.29397398942834,8.586117131214385,6.981414654959177,8.296535798628582,8.534826992385394,9.078061886534526,9.387229865521252,8.707045030615399,9.428698555421924,8.079889314432057,8.234787257106486,9.4793419160408,8.534482897561405,8.088199568613257,7.345426678009806,7.191046478283644,9.36881672903372,9.231705775781384,7.822959181202238,7.031166650700426,8.242474929113818,8.626891007105261,8.27438272853705,8.317024596295735,8.037621050091435,8.56246902976006,8.098210086746905,8.176815080073228,8.072990270863622,8.236664406884744,7.8667390313482315,8.355488737242897,10.34021347022657,8.678146924890434,7.558623150207461,8.915937317318853,7.611486126826093,9.386081026612931,7.984058569841891,7.527865430882556,8.549396751672612,9.074857423830945,7.630230108144818,7.838002666598063,8.210728352344667,8.17949705696037,9.158275996106907,8.06585781666308,8.339105174713536,8.273108050435177,8.62804148212992,8.330831734763708,7.981697772500557,8.666008095801837,8.589440273128158,8.226127395194752,7.957472428852488,8.18728876893008,8.253985374713608,8.950273070992576,8.359655507728935,8.293142453058481,8.019960863626755,7.377703590665857,7.020485359564865,7.732873878031157,8.195071458219376,9.540588521456883,9.322209250864464,8.172819752557407,9.133622266100867,8.090762056352316,8.030055201671932,8.338048692671043,8.943845747176397,8.687953552624375,7.770941092882672,8.129143888251667,7.8706057007567685,8.082827071262775,6.766243834093528,7.972530489942176,7.10679229747913,8.448885885143422,7.993585572481544,8.470112233673651,8.776507395083902,9.139875500453682,7.755464354635194,8.340943166115242,7.992216829504287,8.497375355942905,8.420724244735286,7.46899235077838,8.266171077127337,9.235896179029984,8.132081184426957,8.284214561093574,8.0785332451065,7.686501134778511,8.73854173138699,8.416759148851703,8.592424789913807,10.717941324053893,8.387223398349443,9.330472146616957,8.587103044252673,7.498421474393896,9.517269666835174,9.13729788384756,9.276017395818956,7.6371580928087965,8.27528498035725,9.077185939892724,8.219897345785892,8.671100773600243,7.7324308404035245,8.242904496648253,8.484740245868817,8.195076643796453,9.06494675582371,8.000040434850606,6.565268218110271,8.006015903490331,9.667660852833912,8.439715584939107,9.674026354400791,7.6244116168606375,8.317351971247094,8.880941578353161,7.758488703245082,7.8288246720122165,7.746411962967395,7.722313598046754,8.447066607641329,9.885140505646135,10.665223943564362,7.584999089893808,9.843802289178665,8.603622701031995,7.787648866014728,7.5919691220683525,8.816120223144415,7.809496933097624,7.210518104389087,9.032869400982015,8.766092673262674,7.963154145417845,7.548238643934809,8.05978943078178,8.74780394887687,8.61647564124978,7.991197089218361,9.242232927138504,8.728890367625263,7.792899042186621,8.394097170906294,8.39828761414741,7.910548790973284,6.814930360076674,8.913404710916247,8.470499418503515,9.185581637587468,8.418287440185537,7.867574121176603,8.297217188930565,8.790737457646594,9.072835226712497,8.388260391360191,7.665306460915683,8.700798781219483,8.258125136324567,7.794589047376132,7.845885190808108,9.220689723507018,9.200727575541404,7.906614657876218,10.107683981145525,8.575783022500474,9.149240443484837,8.646343179272154,8.815570746497379,9.101016460626138,8.252452754872307,8.136427567932625,8.881990766073319,8.200389392929923,9.541895924131776,7.643069373929133,8.67024129936528,8.73594062896288,8.653401479296372,6.734505112861694,7.590201513220505,7.247354202059941,7.20910374085317,9.495524405721213,6.271401243501549,8.871494352369266,8.414774008856128,6.445581947237227,8.949576318551639,5.884553707750366,6.362259018629556,11.87267296931101,7.645833402561301,8.65480746977904,7.955979732701392,8.512849512624607,10.35730090924231,8.34521057442016,10.7257890054216,8.531605785452156,8.060223100380188,10.581690609978493,7.532135499162141,8.3582801647094,7.86284534376341,9.088127480602907,7.6885015223424835,6.986542687310222,8.904711963359965,8.742375134065806,6.489250473088494,8.61781144550707,8.585146379377518,8.350101399041996,8.732837844218748,7.421141130808632,8.462134959665088,8.984984689931423,7.638792427923717,8.689546828374846,8.732299971506302,7.675660347845434,7.789922495979979,8.720627294938444,7.838474458418671,7.588631209870244,8.88227625755307,8.747865771432345,7.970193040285044,9.091032935423083,6.121305337064808,8.533075690878814,7.734431450230383,9.608849909583741,8.653730516739008,7.4065973718934375,7.6925818445516105,7.995536419549556,7.941640414310429,8.078334256718088,8.710623216305619,7.427046783984278,8.463842425809016,8.786958042429303,7.533474603627776,8.027692808897188,8.699292788780584,6.936803564159705,7.7494976732730665,7.933166880136963,8.505155445593362,8.38150066256408,7.555958089594449,8.562408503682935,8.37617316171578,7.464961553992925,8.56860323172482,8.429154583127344,8.914051838689891,7.999393232100943,9.794233876201154,8.205200844466297,7.879087548049586,10.190468580182433,8.267616344723503,8.133343409941908,6.75139162219693,7.670146678346765,9.21926016824991,8.56352576280231,8.376736726204395,7.957077584446728,9.28459243683833,7.858115030731677,10.29495082155297,9.37731857181905,7.967840926186543,7.53615473571589,8.195942800029512,10.74581202527367,7.62802685037953,8.393327270153227,9.099794705153116,8.513572807815672,8.941711688589539,7.9517173704799555,8.467391707210687,7.401062724675717,8.343724297814422,8.321825758404508,9.293436907287992,9.56017976956441,8.541933260122773,8.02601470966858,7.826963003727483,7.6285861499212215,8.741536310897429,9.309270978520502,8.58880215781806,7.491786927588162,7.353417634904065,8.170574484999113,8.515384340792592,9.3457534125751,8.763096466190728,7.8448490887029925,7.882499144577118,7.503920320000467,8.51372449751074,8.276384164617099,8.753112864787047,8.381772452022824,8.499901229519718,8.295422599278137,8.446481075834201,9.133635456016718,8.76937089703066,8.591151785401099,8.935369302021048,8.2484715150825,8.26754448811389,9.660163195975029,8.106540133335844,7.818807594312057,7.693919212335308,7.798426208923285,8.134916776188883,8.556476301334046,9.477467824851226,8.660672003754502,8.976013326403697,8.500764092178024,8.925114866416457,8.334155834888104,8.02481165076644,8.78691759415814,10.529502347870451,8.120105245420419,7.682470141401404,9.091551685770021,8.664243812922553,8.4128941633502,8.67898198345311,7.67633612415661,8.47513925925675,8.747374471757762,8.563091421029204,8.5508285787417,7.937892840533943,9.226661046263835,8.81888230796647,7.9392774112995586,7.411920202333098,7.930563851921999,7.490205185534818,8.002890219613453,10.411628195887904,6.822075154735555,7.796501762908615,8.557195337114228,7.609243359351549,8.256147220915972,10.015089603021453,10.532168076059165,7.547825177374014,8.808741517367787,7.8860291879533735,8.53986231435915,9.310173213115895,8.216719942443698,7.963091688582791,7.363595178394392,8.299227107848191,7.8878081677998715,7.019166873987842,8.280034127028463,9.219233371371857,10.244337522218935,10.042614891487961,8.00836605921529,9.347321165817409,8.47061409267998,8.386345880218242,7.857815906969193,9.091760356581348,7.62013666884024,8.025179083783753,7.730328763654737,7.3871120011614,7.838486266949054,8.615396286914299,6.832516453707812,9.119414528171905,7.741199730702609,9.018712902588904,8.937603553698183,8.560133818324934,7.691550344284117,7.5681401900049865,8.525070663115876,8.398107752724883,7.656359533276923,8.404461403991581,9.51272697322817,9.997983756810447,7.077658377906063,8.961859805792628,8.313746918831164,6.231636042591345,8.92384731780753,7.22094210738877,8.483975256453254,8.557817926412593,8.962136269857492,8.947493256382678,7.472371311865959,8.839853066564189,8.958464444569065,9.759720669377039,8.278053329880008,9.140519805190484,9.366486702765794,7.118754309422126,8.095515206973142,7.805695952281438,9.16114425377557,8.996675450706274,7.928602872574297,7.096985970152399,8.321179746062231,8.655153564729098,8.20880505631693,8.858894021491196,7.94493861443792,8.055029012550687,7.275310168891163,8.370305417577208,9.043656081758728,9.929737324090004,10.077307909864423,8.880275861622241,7.538570507891614,9.957839728434248,8.19171833731685,8.921384215977296,5.72134891012888,7.658292659078235,7.355208495583653,8.28220654328539,6.884920063395904,7.7122440733342925,8.204886760510602,8.36826882580862,8.370921916944647,7.7585497524226765,8.331277758810765,8.630967114406802,8.709740313630101,8.813704043583561,8.508121446075116,8.996850431298087,7.47963206762662,8.537734252027063,8.058773016272733,8.950182272049954,9.096842373321953,9.654101872632177,7.907935136498674,7.690177698921134,8.471625058567838,9.345748127290802,9.089452164864975,8.50680425518155,8.300637836088654,8.694004393307926,8.763271771292764,8.450417747847835,8.394167461597572,8.110885021875523,9.087941384251389,8.104925961086746,8.049542760908336,6.839840540246758,8.362535465989396,9.256459282736374,7.949645606681283,7.41497104467894,9.058832201749468,6.875868290653429,8.767922314551795,7.6772225159161955,8.539717265063523,7.600263603169817,6.815157909702609,9.101087006714824,7.934698301339992,8.984485308979222,8.190260197266758,7.553820871233891,8.326421577443233,8.710706996854183,6.563578672130189,7.7586844602074425,8.465566846447718,7.829184655912016,7.848049648774567,8.891815814295159,8.255234204397217,6.406366555853203,8.408108890935704,6.663009201475051,7.288238944787877,6.733879400118915,8.564641233828258,8.94253637291693,9.593365693844449,7.886925049991945,8.642368192587496,5.9850315195376345,8.829817959285604,8.913611112594712,8.643172013949753,7.441957121823037,8.157531335372752,8.908936706634567,7.856735057013029,8.385400045085786,6.641340211293371,8.170111430984239,6.610025383906198,9.30337600775271,8.352626062976283,6.264384625566026,9.439677803582551,8.037296436047756,10.180775872456579,9.221440322588085,6.846371939552677,8.752657103492167,6.889071717003799,6.826747567552621,8.824306175818428,6.79215464795004,8.049674430167682,8.552338884145966,7.515763579406813,6.940137420779846,8.20556763814631,8.966484499035596,8.037999432416475,6.267731606488658,8.224458528400719,8.400003906088063,8.8384075239089,8.225307359264743,7.955824198413495,8.965013678338348,8.31201116028293,9.108806871924953,8.970390191424958,7.080543408743661,8.763562943033557,9.927649687015595,8.25503116544633,8.909094485504697,9.340265852120224,8.836788545237445,8.86444775350207,8.658811557305052,9.244365474752476,8.700737110449046,8.421474823440157,7.867644099406309,7.940306682425097,8.316809703447872,8.65886625545385,8.530168933915768,9.334820978964572,8.68200493505083,8.781305184965923,8.129949039303508,8.849054410869359,8.45333506536167,10.152740632947381,8.67170288617137,6.990764993889617,8.833910793085222,8.843298151564365,8.973062128593348,8.395612017861321,7.459781376938173,8.671421540733673,9.414163486927603,9.15619192461677,8.097162834132343,6.824876924893935,8.69393354070003,8.5380961780404,9.436879022558328,7.947720797989418,7.223094461514981,9.421721297524819,7.687324077768246,7.913488257918935,7.090810130564389,9.807254703818476,6.689833297168828,8.791828226020728,9.622089780955044,8.078428736401795,9.790376736807605,8.120156668986596,8.533186462299946,7.893673249896197,7.807627496707215,9.36101036507423,7.6669181113121905,9.38565717010557,8.417726128523817,7.580943472091668,8.74292542688256,7.901501931835775,8.526896644150241,7.941554140045086,7.8246904869944185,8.923961878243563,8.607909126434517,8.817187588744149,9.365640703249191,7.836552329165096,9.134584311660529,8.136254232951494,8.480898304225509,9.237441951254542,7.302222563491905,8.239746352888966,7.743109233809904,6.865928409410175,8.48320412777819,6.628155187620687,9.161927339893545,8.578122890632873,7.694409880645305,8.539892076441472,8.961029090079066,9.071054428948644,7.834247084072022,8.353640773605978,7.55566421177595,8.900931801091359,9.245080196812577,7.340778112728415,8.134870201260364,8.119901240549906,8.441552520740899,8.875486124178684,9.059407828556646,8.366655595732622,8.439804298604493,8.964753070683358,8.57836496119348,9.004434140887433,7.5985610894884505,8.963989237991587,6.895893329124635,7.841612435590249,8.55826381541324,8.594662297434978,8.56165076122416,7.38432092712499,8.510043265700451,8.981308691366204,9.291295827063465,6.897004269867671,7.275103877267579,9.777195493744394,8.619357785836266,9.129660438439663,8.900015641360834,8.185326142640156,8.268129030257434,8.718535532059002,7.964078659675708,8.372218738857466,8.295512976898896,9.505392117089665,6.454070598155351,9.572472317356207,8.49762359869895,8.238889136116727,9.200899867111396,8.63721570570408,9.113585656362435,6.49624122863438,8.891331800827004,8.492285116040472,8.17779479563098,8.390093318396204,8.216990341919855,8.836007335530578,11.142864464170435,8.445617211521023,9.556259684154474,7.740942842293601,8.392371331258563,9.040917614564915,6.848991154421454,9.368276523274993,8.716973778976211,7.916259462884437,7.67256699710291,9.434723578891418,8.618774927685346,8.029451525246227,8.182705342268953,8.536588160047788,7.242532519092642,9.419594356107861,8.814772929320052,8.46785054999933,8.196989152804104,8.298105982259836,8.141858325395024,9.201785715755534,8.618275090779626,10.076490688286306,7.810554103404611,7.933567701205591,9.64588987314691,8.682689291321593,8.570294892465881,8.259184603775129,8.942910102240877,7.6581029788215105,8.015947048691917,8.13336850607621,8.424865489547573,8.84171774064163,7.011221288968222,8.90949921449395,7.367764552316125,7.584704054827143,5.77965582575636,8.42597621070829,8.401619142078605,9.61721320810763,7.995876948224191,7.984392849054496,8.418324330929755,8.471703092180753,7.9983573056181845,7.806593011001032,8.703460307955979,8.22123980680964,7.917872480742083,8.589437625528708,8.838082874086753,7.716817484175301,8.228802473842636,8.293747073102224,7.161117882048894,9.795696511157958,8.241661289328189,6.880347966868559,8.481990383967098,8.763831930004882,9.061539982869782,8.317482923297442,8.142761322971097,8.202906272026501,8.075919473683374,10.514096886424616,8.958323468886709,8.362049084343754,8.336880315106454,8.389838110633935,7.914772847368504,8.094495779930408,8.413446327178884,9.399792577232532,8.502956180383377,9.072940438839394,7.749319853706793,7.944867126285178,7.8844902966231105,8.190541480434353,8.439674743382302,8.47555528857163,8.370677804424323,7.989237068566866,9.764250670943333,9.10118025050039,8.224209617214933,7.979623680343446,8.045145706161442,9.517974536576448,8.643415251941011,10.01354841293049,9.437031779943016,10.099025530847008,8.040988436925192,8.507171009492128,9.34434406174316,9.090018666640045,8.394001689108757,8.71204048281183,6.171218898323185,8.234356417485152,7.240584080356065,8.312498141966334,7.844220893973325,7.787352142623959,9.457269071972728,9.349934289923755,8.685210995610461,7.656862707319622,11.62959317421751,8.924578996268991,9.711597484691099,8.31463902918298,8.792054002465878,9.21788371088664,8.015051646735232,8.599074062009896,8.60695896684338,8.694196824513979,7.937897444548001,8.917715223960352,8.253883144910887,7.485266889591822,8.27318667108041,8.341211044858813,10.263133674225438,9.275467545601648,8.093971208546332,9.3141056219285,9.45107916907785,9.131927539325229,8.192998983318143,8.821458236918977,8.330554893697437,9.35480614642997,9.300619050741574,8.563698044156848,8.191022196454774,7.890158559089018,7.814089551813369,8.890260012300278,8.181459372232434,7.927864704872133,8.416363014811772,8.217138451020963,8.661557283320297,9.098449682192975,10.12799481719733,8.25049790707389,9.80040756834474,8.646250166099769,9.246500158467859,8.54322846030509,7.694497038382854,9.408486130569509,7.878892751338671,11.2168983482397,8.316797978013764,8.940999486794787,7.14856200348591,8.870768023140519,9.199958594812761,8.656573337484595,8.996703363457547,8.553335705082084,9.691658913159467,8.05763183162256,7.425715975887619,8.813258887500805,8.917359530897675,9.383949813237034,7.959006505651156,8.354797124455269,9.084387687771134,7.281697584914391,8.564602676420057,7.518267596075166,7.516331563030132,7.88017882166529,7.742521282169401,8.914392503513794,7.224652200729812,9.030611982571111,8.781245923282395,8.982873625334747,9.188085282134699,9.324227420110637,9.387849914017332,8.189311645589953,9.703080373759592,7.876096173752094,7.516866292237252,8.596901162018586,9.118962673811646,8.429883075626853,10.628472815964699,7.144686663631216,9.184780525614645,8.62831126107341,9.402344965040864,8.879689196664378,8.478605735958528,9.58644109744223,8.012676447664333,9.077266601558073,8.505814952191665,8.434749729782238,9.418632773619018,7.595086759359736,9.669014330375242,11.131640771969773,9.393815271054928,9.72041613037758,9.377072504844781,8.655485717161543,8.87077834381971,7.331720463018689,7.556087869443323,9.561877332144528,8.442522795306546,8.894631067763179,10.740829030555494,8.192417465147482,8.567494810758932,7.940059534228519,7.926248515409643,8.978592227730493,9.371978661001448,8.405958357967124,7.844200803649157,8.913447789540106,9.220271167999647,8.221043419078349,6.522996909967055,8.37925682609835,8.987692750847808,8.791313790364851,8.550977440325722,9.978466303559546,8.913902918566835,8.535713024354322,7.847473651195901,8.432281509487026,7.952572622364809,10.002720797478075,8.222436558495207,8.56470734178574,9.399741201640644,9.413988177750715,7.574057100544939,10.658819255419365,9.000706655169715,7.997098640973037,8.244999410150905,8.386960608341633,9.57121043858249,9.304343948496756,8.843764788980947,9.456054405168707,8.688905890731382,8.553818775462831,8.390285041649843,8.928706647325699,8.596678961541134,7.71771211565305,7.93145280609935,9.677190934104765,8.835688460968749,9.613341843365044,8.750217747218992,9.432781240071364,10.4725197320061,9.191233782810732,8.369049490866463
95,8.415972517081837,9.181136180845197,8.811345659953918,8.983308859614159,8.773387713258076,8.85252746913587,8.882800793421671,9.236342747315847,8.933892747514696,8.744929100717863,8.816683215309038,9.425404613813916,8.399589656987429,8.3839244457358,9.693877091883648,9.458734776866892,8.891864859077758,8.852573950947209,8.79118695173797,8.901894120320595,9.183465672437414,9.27207903615897,8.752433731945647,9.266763309223467,8.989641162256166,9.216419965254227,9.357397570359275,9.191194502599792,9.439789052764581,9.198455155661637,8.831234013278817,9.33331437518498,8.389404134569208,8.766886262907505,9.39173684262519,9.318746019404276,9.192036694621919,9.263973161154205,9.309336858863722,9.538289388163285,9.16965337774279,9.702994696997601,8.303090892955128,8.940203368466584,8.547870435653046,9.005951994686697,8.760005624401817,9.272194092081689,8.766331886011162,9.2722052662655,9.300953544907772,8.876063351088662,8.751941503425625,9.230982318265127,8.702774172567098,9.13240660558722,9.404946913796579,9.369478256931655,8.619224456465478,9.236960748958342,8.378117062906478,9.080577185142918,9.297108897834157,9.222305253498428,8.747684221663592,8.844993271458707,8.68575507463372,9.467795704147301,9.270815858196423,8.887707563131201,9.156223223477756,8.808275194139686,9.366905022638859,9.206719916973068,8.973944684220092,8.857631554072231,8.667080786674758,9.214441134012914,9.064669896245736,9.251680281914178,9.451464244003754,9.464198000058152,8.823014958591617,9.246611057882832,8.93102849165591,9.28152286798018,9.805115990855471,9.100986512889905,9.508420599563188,8.594285938988374,9.329949432866448,8.62386198017801,8.819701406499979,9.372150408388798,9.131409624812752,9.223095973237344,8.733210972285,8.924682856753517,8.358501087847575,9.044795003343223,8.816302079900698,8.628089426433679,9.343737580131688,8.994338915446713,9.182029238225443,8.423931429944812,9.206370698278487,9.517186465015511,8.642414672951697,8.840008688114773,8.597880437307127,8.81736076527563,9.183128020962435,8.449731074208557,9.185517145090659,8.829221012258854,9.24720810616937,9.309796506670859,9.029025105984093,8.923576961678553,9.49208214643445,9.069371139483895,8.821286903543333,9.180608408920817,8.989504931712101,8.372672396860903,9.607542054988846,8.782696570503527,8.83515506387719,10.122725923192332,8.35247593668188,9.185487770593875,9.347720445896465,9.403480426384846,8.980579819305365,9.469095461868678,9.496300573101745,9.460548598741227,9.400449274962709,8.70629148451034,8.538136171610182,9.320659097211443,10.100954797163753,8.303691151556624,8.888525852209495,9.129736418338911,8.818668775269177,9.682127566264096,9.214926896572775,9.175046683175092,8.765554728007436,8.959989716596933,8.864859834889296,9.367463448821216,9.250634044867523,9.23565668970819,9.157521889107663,9.015998224584942,8.956273715483198,8.950780889170506,9.44709243717254,9.097474397276953,9.152437091637399,9.263775827194058,10.418596557397366,8.861352590945637,9.301728151125738,9.000767233095338,9.806570705636691,9.129555771509311,9.020774263401176,9.774216724950652,10.16916381536496,9.50247047177011,8.600672043618559,9.236400692237853,9.385397765041848,8.618832699731668,9.101697544680443,9.075186167403878,9.359481976038708,9.30020634174107,8.715527463955885,8.564883323736472,9.237906242734887,9.21227761810958,8.970181328872929,8.68363986396386,9.322925593049748,8.956679965510084,8.310874862697784,8.803815102128581,8.883279932541717,9.248419531474248,9.131349727373294,9.445517877346598,8.96677430949763,8.602173849003027,8.492000183799263,8.294720002460387,9.84787871655537,8.981011107637512,8.808796427916233,8.831551389204567,9.10322182210194,9.205764063210616,9.615602983276627,8.881264581862315,9.281500187742097,8.943998514822171,9.163937268656747,8.805240975448502,9.092533481473906,9.106438129914263,8.63885005963282,8.38712304766555,8.755434657332906,9.064952498043896,9.435445408658786,9.482987621421834,8.578075991107829,8.555868438351064,8.794762310607279,9.127581603967162,8.21435804355802,8.923498999482792,8.947573256331188,9.13677283926189,9.385343136076205,8.932000380495985,9.35041080435928,10.344812570801627,8.729287961951385,8.714783268924894,9.507730166075735,9.302539174888917,8.814476417796316,9.252599688869866,9.113616875813866,8.919463613077316,9.257019509799303,9.02525592341966,9.527712311095055,9.44993916412063,8.978675439244162,8.38199247268826,9.373547038952818,8.864425061812556,9.20649826260281,9.000591995661328,9.323796667729267,8.680775515291671,9.111479482550575,8.303717835851192,9.014801431640695,8.900411089921269,10.275430497398487,9.815390985983045,9.128817807860639,9.10821351227076,9.295194138379147,8.665889403105416,8.448574005440255,9.200744907429042,9.032188786288296,8.216435468498593,8.660675755762687,8.5988925440159,8.781216101210598,9.28957176108704,9.238197380145412,9.203439679213513,10.36959660784143,9.180699144721826,8.543962471537167,8.95656684252413,8.94488044137014,8.447423880065385,9.511529491397832,9.717050901272348,9.391676705907619,8.719382783761366,9.110801727627901,9.120348376675995,9.142236354583128,8.878037139810218,9.36551713354489,9.274420591399478,8.41051670384201,8.772815182159155,9.70222059322853,8.269013869272559,9.15508571839046,9.326216666738864,8.992214884522472,8.844743044712853,9.197480924159269,8.855755959537035,9.272615797927843,8.430959294072775,8.264505388238744,7.249933942553386,5.17521844198211,9.1479467573104,8.60286399608951,8.283583384246832,6.212331247760449,5.196842457149475,5.637129523656804,7.588391745248175,7.522659572897015,7.6745936345874,7.29753371664024,6.306701618720693,9.052920571475765,7.470877235252525,8.881094925394166,6.736258110962625,7.182760488253184,6.414819137720785,7.754748152812227,6.289999297438031,6.352456621470363,7.235162469190046,6.531575077891094,6.576820248489432,9.598239812516315,6.303016668040652,9.187609117954104,8.215188676231325,7.457330858085869,7.489647040146866,7.772538424848765,8.276187915483124,6.584146684473496,9.202213253248074,7.4075863337319205,8.788909374626678,6.069249527563261,5.843814966976041,6.09732512113443,7.385412454565488,6.293488757239963,6.4759782775530015,6.487836344374677,7.5433144471909905,6.182335274418681,5.464096684579093,8.739521822187134,8.055468485307236,7.920993481209695,8.43475925684389,7.283350006159051,8.978816378693912,8.046250125830435,6.395351170350315,8.318895129810079,5.735781447762817,6.340804039282394,9.00075359349211,5.973582499221808,8.282319692202963,7.192319296416628,6.876078552775233,7.7209955668761125,9.074360405914206,9.218275740561298,9.231805997243494,5.132488366369049,8.791870464791629,8.061717799141894,5.359526571610485,5.328041138305621,5.6458795411836125,7.738472373762764,5.9137386188605285,9.155521942327958,7.153062676609403,8.342826144811207,8.044217231830034,9.211608802089287,5.857211710780397,6.780875496480089,8.483814627315748,7.6972717810005795,4.6220261038877375,8.015178761367107,5.9826538637058695,7.02150594923782,4.507849177610811,6.555387478421441,8.748444340947401,5.100325249412241,5.388124175238543,8.626538576788322,9.012338972985146,4.940048118858451,4.794827343001552,9.05737978930363,8.782072710577097,8.702811277494463,6.455793348943756,6.434080253150979,5.805819253430428,8.529693400035216,6.947278488135698,5.582248750088883,8.584562028399038,5.09814212251407,9.272249657168004,9.07568869472996,5.7555415932952165,6.915439969996744,4.782303267444069,7.421264810095547,6.399212137927985,5.850806367313669,6.888297463673996,8.965551064863051,5.915633201437481,6.5280126215982435,8.247178564122263,9.219066850001791,8.76856876545848,6.19977636347856,5.789600220919997,7.773864934502675,9.375896003887116,7.977677335019395,9.122927900628538,6.316050599654623,6.636260179875282,6.0055017056015965,6.37003565606556,7.52705162803996,7.279669696026519,5.457439879810933,8.79561673956139,6.5730110376057045,4.904170077957872,5.695882620851215,6.43448769173026,7.09280542175141,4.963054446739529,9.39821253165129,8.300294953987258,9.022569060140114,5.393767216956332,9.006719796446312,6.80849939513874,6.116107881208731,6.819601273125835,8.275214687640235,9.051966598774827,9.451443277484788,8.939150350154982,5.72159154912341,5.5302056728806335,6.319722536143317,5.6836836274289535,9.073282773642944,8.161687313742485,8.389363872222638,8.301203646586584,8.331109715524816,7.472587600255737,7.491701066754885,9.487669791174287,8.549476551076468,7.343930275933512,6.990223096405689,8.840068888624529,8.428313579623385,8.075048607606563,8.917080926963607,7.327260202529138,9.016062334775755,9.221367568966583,4.788174945851653,6.329731148412122,7.8170918284193895,6.482921500354366,9.38643001850315,6.513490573872159,7.227169017269092,7.085796249616164,7.255526062543578,8.362443648504978,5.846120771836049,5.8382520636385244,5.871552649339026,6.202940670225048,8.98171002214636,5.6245781835842745,7.001627763188928,4.775200234139194,9.642372526906602,7.9357090103332215,5.727681669170365,8.39073950169019,9.42374065866274,7.870317655840417,8.644906852466299,6.817527702160626,5.142362907090362,6.962894080664419,6.676852017433421,6.003864036995514,7.0276907042937085,7.69734354802205,6.411381884968676,8.943837101582382,4.701369572090919,8.498075179588838,5.954425082255014,6.991646187824494,7.185806295458499,4.919675959387227,9.185853351969913,7.489744197652052,9.258446057238844,5.121415919565126,8.238796935391193,7.719376040742769,4.753835416493088,8.944771727678251,9.247994585339736,9.139948687007077,6.805751747888376,7.655924138986904,7.222477851131722,5.687529638108667,5.792630638306655,7.837895559772419,9.763467592880467,5.8477994100475685,8.345965468456777,4.785052211449883,6.689014901169815,7.6406305594480655,7.73336494918789,7.726256849609408,7.049002751156602,7.107445986208319,6.153839041820955,7.740501421062079,7.673051785299373,7.212448216561121,6.041307897678791,9.4037234073932,8.008859010866203,5.422796855954778,6.512559607313506,6.3766846357640645,8.006577205238246,4.599842265480954,7.254149765342591,6.164295703055646,5.911716931716908,5.962992309218672,8.438872184806458,5.882356639101353,5.303915638296231,7.475656202758719,6.81504802935179,6.546446983885358,5.276019147449777,8.40733211039003,9.31967662889384,4.865391273064786,5.744498245152721,8.4482480031001,5.903122574319496,6.391849745904245,5.92792082877047,9.621364051414547,5.911809933610369,5.8149117880133785,9.084009833914042,7.662030285813546,5.882118639216939,9.283177873835845,6.388548632523786,6.208069663823666,4.415585660479495,7.98514512978754,7.060850780013774,7.919762799961233,6.7258211874691805,5.048345589838279,7.32488138674362,7.606589104744126,5.155700923476939,9.219172820211043,6.574354612693315,7.821490277305348,7.085220313762207,6.306707728208111,5.317722141519673,6.431057404940997,4.271093184206375,5.141849045765691,3.672022895932263,4.471691324105637,4.946577174476953,3.374398175931445,4.1486355470667196,4.08131968040261,4.53994446849457,4.677605165351854,4.074140771250133,4.456218912658712,4.266507464486513,4.131239137250594,3.473220386230036,4.430095842102456,4.232015075679521,4.414993973234905,4.252836855825569,5.193762056174395,3.8554364539806785,3.2750925763632375,3.8880403879626413,4.46695009734397,4.815586072343118,5.3781946210014775,3.661012480821675,5.224332987166719,4.195680733816936,2.741952426319567,3.9755406444368395,4.505286723285762,3.5405009061660926,3.1259117276504127,4.016367107674762,3.7000094768030505,5.025071975452515,4.337249678210212,4.375550968595208,4.559578443542139,3.465990470955686,4.542680919474596,4.01584180209837,3.9204910822650687,5.173815114828588,3.0149781397976865,4.416527211977291,4.857275640610339,2.8232780803819977,4.3962534822918125,4.111490307467318,4.592370289531226,3.9611782400101316,3.5784899485394,3.7926069432015432,4.159125566813242,4.4684138716383295,5.170602645463657,4.33027929971756,4.88547990073935,4.4465508313001045,5.172968301134218,4.09245557174202,4.0877424669972715,4.141392492533024,3.070378708958982,4.4678577085477,4.020264755590237,4.4383777307322925,3.641719964721038,3.8507228591481932,4.574764394665299,4.6286032520844245,3.9308369986373637,3.3262253526461025,4.1138568915617695,3.365352503491084,3.626716994960321,4.673627903720228,4.528425691536542,4.97357368052114,3.4693211369463963,4.086858528414142,4.253766846140959,4.2355576432749755,3.978457950973358,3.798849251867485,3.472147155782927,3.893251502431261,3.451973888822237,3.3821804360451515,4.15010629415499,3.9981380979703425,4.422932300031901,3.3173899631258768,4.8925760540594085,4.617538493080988,3.89320049341079,3.8678102462558566,4.653743378936041,3.23245051740295,3.893023146188568,3.558907675690383,3.538720149406576,3.9753843301988114,4.615272096205258,4.823918554726237,4.235421086277107,4.253150170483476,4.764276558637333,4.430305558187454,3.465535650194144,4.071520473122151,4.555887024790262,4.826659800296355,4.455407264551113,3.1373386015775573,2.82370899048731,3.781506816922443,5.05105957177844,4.242634215640641,3.3127662590806537,3.6457389900411847,3.957009004496235,3.9996879135016976,5.301324945822267,4.452977789301187,4.143505224120463,3.254575699911281,4.1919121640376025,3.4162649982019566,3.843684166460462,4.553018925680646,4.430436048431484,4.201031927040997,3.093419088718887,4.447404172762293,4.6605114000223855,4.119696514472446,4.89438519281313,3.6443054139401014,3.5196165785599245,4.063413403165756,3.674273723874401,4.16224326494716,3.883251436252321,4.385933989821678,3.852898946870664,4.697899369664865,4.132885813387247,4.540247518310155,3.2099853135856686,3.634198382497071,4.234282094080041,3.5885307496182146,3.8794425390757485,4.527198672327742,3.680322374198145,4.212032029797991,3.115535466285001,4.5690127824865305,4.343728128030865,3.3297894396651664,3.856619230051826,3.4278589170087352,3.9287664318224462,3.675880406069735,3.4100946618083543,3.709645144579424,3.407360498565522,5.57868289062982,4.671044094721108,3.995833475072096,3.966878365651558,3.6460853662239345,3.017590216805278,4.258016855257504,3.083445655713483,4.541188935139523,4.157254322677721,4.26990534065287,4.511867328701879,3.4416366879954308,4.555178408204143,3.1759711796034686,3.0243022037063994,3.723905051727247,3.7609002967408407,4.555218938862886,3.086406604414736,4.469460027104779,4.163585046002144,4.416673447120881,4.0349981485328845,4.256047095860347,4.059269012432358,4.271858152444127,3.780782817426684,4.856169313476718,4.3081720397171805,4.132487787467923,4.277536797255131,4.096871603644305,4.622203070432277,3.82565713400132,3.9220784768284873,3.349461036748465,5.112598812960669,3.5526259971084433,3.8660920538358776,4.0085639774224315,4.33656227411317,3.5339382329760096,4.655511836163117,3.9874071121096013,4.344918771724483,5.27340280404474,3.7810870755489194,3.6216825710663354,4.812523222446569,4.226276857223639,3.0359087775128906,4.3116586716781224,4.233688695227262,4.009851633722255,5.181455229653951,4.316166551286303,3.8216479299826336,3.6198886899646974,3.969611423385805,4.658284428074198,4.333645157922322,4.105174735878393,4.023693485429852,4.385637368318269,5.278854985196978,4.140309186443083,4.594292820771532,4.397027628076024,4.795622322321963,4.120276365159783,4.112081258649944,2.759746474292792,4.39849609491234,5.17164991213789,3.086240877957185,4.060719568583214,4.378786584870707,3.5844011991055185,4.423251769391236,3.3171001558638897,4.104445310169388,4.629890691801192,3.294225962974356,4.041920807507203,3.1691096306227955,3.283406803651017,3.9954473350862436,4.44836014174784,4.623116232236052,2.899982634743779,4.699598643855543,3.329677397497343,4.068973274806736,3.980115529036951,4.731709918803889,3.3782937275896368,3.257007398919806,3.8035762739767316,3.969159819422261,3.701725857984354,3.8413182228412186,5.1050275137765215,3.628763906428247,4.566752250540982,4.329140667220572,4.976410195131718,3.133841108052979,3.626459806550932,4.298393230830863,3.420446992894541,4.514072548235382,3.250462206523555,4.44083459077911,4.58074676808768,3.381604534876204,4.4606445039945175,4.457837413246371,3.069598640353116,3.10169238989261,4.509127527522,4.422488267980868,3.677649365265357,4.502192613017128,4.395972599794298,4.694482303614025,4.595290047639409,5.319709059190707,3.9035691142308053,3.9453002145391327,3.709736374069049,4.488740223545347,4.3590936841646375,4.910779889839014,4.643528446490235,4.359421483869871,4.810046651623068,3.6726592069412436,4.114078975622775,4.625023943070969,3.276120276526889,5.24395030183186,3.7952006896828823,4.681755620040482,4.181564851070607,4.18370200795201,3.7793643620281756,4.402278668323206,5.024754255559898,4.443476598704612,4.9913236443880225,4.619404478129009,4.750845395095344,4.2326449334692535,4.646160121359429,4.753744932040204,4.876845547756191,4.8442757803029775,4.2751989781968085,4.312280637447957,4.3671935458063675,4.5918755762260455,5.087671639724813,3.9471991057707565,3.886662439407947,3.1007450811302766,4.559895397446989,4.318866025972157,4.836430802823095,4.550725643983363,3.85053616296809,4.463934214880721,4.522981239408396,4.71175730615804,4.280664740176172,4.043492677518363,4.496481151234758,4.06693179764182,4.266753716025333,4.107512811633192,4.739225038913578,5.579248262616199,4.734613660690654,4.629965929601803,4.164427695640043,4.372013183752564,4.453715638091618,4.189801966290975,4.555926556486254,4.7366852071920125,4.661652699600531,4.251664034266426,4.685696656641274,4.926307244619985,4.658613936540388,3.958409922553088,4.163443137534252,3.5994184924801034,3.95008971834766,4.936774509701999,4.416144932081076,5.6269363146972555,3.9695299256545336,4.847740004589982,5.482254092692242,4.2543406323921715,5.405591969898011,3.8960055138402288,4.151801757576844,4.0996645130939395,4.621275319138751,3.7132811656772517,4.35085335369646,4.327500331868155,3.8102691207875,4.6618630371386205,4.678236659504605,5.510106170174958,4.804900661433554,3.931492101116779,4.470612381366352,5.0220204472428165,4.347080734463621,4.453792855030973,3.702108721293428,4.444456912288589,4.065525328741043,4.586943302974136,3.92506512872559,4.514359163570094,4.943969767699396,4.649898108305712,5.046404473471255,4.0238855796759445,4.515203540378801,3.924500960208751,4.671204946032876,4.2067082395753665,6.250019618827126,4.636204180085559,4.289551003787374,4.651290699942573,4.054715430284833,4.5766917928299,4.208447247550941,4.1603910915110704,4.923360013585413,5.190517023227206,3.8610589044964216,3.6778600084643607,4.135320476548742,3.8583147288518513,4.555171176027175,3.948080646940394,5.0163457500209985,4.522093164923537,3.731581114224715,4.77684300775028,4.563816100628977,4.393745502687992,5.780807494604161,5.28022780834613,3.905061548500749,4.2960119702986965,4.487591621009392,5.630112165942376,4.260639396722035,4.253348331494587,4.163396161874831,4.697123217438937,4.506601274290695,4.321239700446763,4.619950784611906,4.391695710908774,4.489740644486629,4.443300271952168,5.718632916422348,3.9915732681234624,3.5136278180734313,4.430661009838312,4.626838607714066,4.720310817882065,6.467306172458018,4.353698184724316,3.946756077065391,4.149586347944638,3.576528089733306,4.335797590779139,4.690389408636343,3.9948482976196162,4.952225685452848,4.291012991775988,4.226439002888452,4.47807893022894,5.3178215351202525,4.526886097200872,4.007320761659543,4.747174534670225,4.174634312206735,3.9310671102261585,4.3008112161587935,4.403265674538826,4.478928193238967,4.241997626792092,4.68183072090242,3.808969704397668,4.3019871379132635,4.7086476627001295,5.943075165725791,3.903534114926661,4.309586405840523,5.22063617452551,4.152435131012074,4.894142915733891,4.457985513852114,4.883592283386397,4.151568070863807,4.091342373525771,4.925764227973046,4.477990529211591,4.849815413521677,4.479085318312792,4.672453969650577,4.718889683594923,3.47401182410599,4.663137244224515,4.734284661702666,4.125988586340517,4.681265364116836,4.542721645082201,5.046918575315692,3.7962929016616367,4.86763371872963,4.167492929783253,4.72770691984684,4.6644860216649064,4.240724972543444,4.141416327245187,5.2638786199082785,4.925645022405797,4.370124983260343,4.327194594464781,4.312902638781481,4.222230894729325,5.160802785508156,3.243120495810338,4.529893868715717,4.226268410774114,3.7888811026550147,4.500815768807393,4.28525739958797,4.799191212499343,4.3859591801644795,3.947561548416542,4.074731818307971,4.912373001063634,4.598361218614263,5.427016040438513,5.10683153572156,4.334869367787328,3.7891507603239067,4.136539658009168,3.943081657366623,4.234203168586732,4.262151422319851,4.48050106660736,3.9038283938653824,4.8114569074873454,4.613281639120605,4.384380398226208,4.060948718753373,5.111520644829982,4.725954837511551,5.171247850512598,4.332309174204204,5.668357129165906,4.765389752603072,4.983918890583152,4.463005852231799,4.275458466108883,4.2040814970281835,4.880876703120856,5.36241034095376,4.330367772892898,4.387670869358367,3.492802006969421,3.986057496074554,4.477952231344285,2.9092071840311715,3.9220554513313726,5.264307598556735,4.487160892421898,4.755719215407551,4.214147058853346,4.665994039704326,5.026334679247796,5.057820972825117,4.550558985179335,4.563632770803379,4.873888673287216,4.6530334469855115,4.518681785833793,4.420576032553206,4.481686045261323,3.9981086157979244,4.206768606838365,5.4265390543993774,4.299323715721561,4.122025741322235,5.282146753928726,4.686447479849521,3.7931356243424026,3.9150503787354505,4.715939088067186,3.85661808445788,4.794993465737563,5.357671602495622,3.893057479288766,4.996615391534346,4.582330907179228,4.41159585016906,5.238918156763359,4.985368511052195,4.390083913496868,4.337066278802013,4.493672893656178,5.957213822228489,4.774210852205673,4.196852733025549,5.354834671957554,4.380731572112422,3.7254485037547607,5.4499043964169624,4.5099519977439595,4.692504486846812,5.158535228794231,4.779151107089587,4.598684667146075,4.507243888940333,5.324924909616086,4.597545573763713,3.6515649958408822,4.888319683557971,3.546658494042085,4.700686904913227,4.694573006902318,4.723165551188257,4.747459800463561,4.211017532462118,3.778342133106984,4.182308081777447,4.030955451192312,4.8436633178235775,4.745938606935696,4.527762062641395,5.287435135719499,4.7626543965450825,4.882707219141405,3.7378398108674817,4.414437358520161,4.612128633634441,4.079337091347297,4.63704200093194,5.311878595147484,3.959923636489972,4.640297299212526,3.867782486349274,4.575601243080659,4.151762699574703,4.009268283914253,4.559134637999716,4.292596581130328,5.320482702886381,3.9597425084614652,4.245118948117225,3.876182757897742,4.814365292786992,4.026510499920006,4.078445611960082,5.313078995412856,4.273999996521117,4.212058695240732,3.7797978323758037,4.546676642802969,4.105618219194853,4.531440591349672,3.9965193403612846,3.881004772875523,4.1458182727851085,4.491807026390915,5.400199086228603,4.253382583124198,5.024500184277989,4.544175411297169,4.9413068414273855,3.3444171105708023,3.845979065147641,4.152054072750998,4.004143325119523,4.516899822041256,3.824258637884601,4.530466106308302,4.811942413863251,5.043563810124504,3.7348581879634852,4.217655665881244,4.15524073553844,4.752628764998384,3.873378998136883,4.500743249931284,4.8391872770023845,4.413401429140476,3.3441244652450366,5.2693146460959674,5.4510446195366375,4.543495120310461,5.076573670432595,3.8530231898138183,4.643474948633965,4.643339915663405,5.175830330417079,4.041885423892474,3.211818117791259,4.959052694480939,4.188010445844721,5.560149406704805,5.120256504752568,4.701978018334341,4.131754008317495,4.650149760183652,3.7996673957422935,4.276766589780121,4.50925079653219,4.090743871854155,3.9323965526150793,3.743466314747375,3.569092947205451,3.747902206420528,4.383970094931308,3.6797008280017978,4.834081684477251,4.157119062279552,3.9913431161415445,5.565156185275084,4.762380144096926,6.204283448099259,4.75304365264695,4.9463699613983305,4.906426581090012,3.6994383073453903,4.09380423412275,4.846900235345275,4.2354223453644675,5.466054575693756,3.839846163571394,4.813592459923776,3.583323721291159,4.9370901058707295,3.9027333516525538,4.150545389225736,4.104988652071086,3.8802711218744266,4.642660866916607,4.591571554785195,4.229204188090259,4.1590442441227475,3.783948910634479,4.831402302635059,5.34254844730515,4.1671770251320766,3.7891188421258524,5.285495867662754,4.065899506454118,4.332289703587058,3.90619563947549,5.1954785682543,5.304017333420182,4.785226769129149,4.45040018797891,4.219590563147301,4.496719585072958,4.644248618527342,4.321561352464086,4.230521309075676,4.66773151870148,5.084174742944701,3.941145275699596,3.608203795077637,4.182679024146215,3.9251901848710085,4.215764894028789,4.238158753297822,4.611254301421894,2.9389429554762883,3.6258491454610957,4.470624321234617,3.0912093019479636,4.083909749342454,3.554711069996264,4.218442591345604,3.892908595723243,4.077229658433179,4.484169826588133,4.258175826765918,4.228996055560478,4.937149389612352,4.477306993491464,4.966499463434685,4.408396631549732,4.609353823289288,4.364645006789843,4.756231382419956,5.6503203845310495,4.356174981932909,4.470665794931976,4.223512068052387,4.827062521718144,3.7459149289333467,6.00008968756519,5.669688694546987,4.297915418182953,4.885277554669699,2.9959336466083037,5.390094043168825,4.725096994744923,4.566780729548649,3.9572698904163515,4.751339832033083,6.202090515721594,3.7264618387647426,4.54577986037582,4.28866202232225,4.373414066031119,5.1776618586830185,4.729518478059021,4.429337257318454,4.680419392225006,4.6265260190187965,4.392008079023592,4.707441176307114,4.436827119342592,4.2764170807985655,4.427593983717103,5.4194927424779955,4.1289585478218624,4.438337075741234,4.171556398869425,4.528882009790091,3.924858537554803,3.7525257507793266,4.506288500354675,4.287406389411343,4.573446271253104,4.743113288645644,4.609627294268677,4.989404170957236,4.754239911345246,3.788114522528517,4.148660196496413,4.261267255014328,4.688968358331587,4.224655783671094,4.345836266163934,4.515006933321708,4.929958594745572,5.242109551302571,4.08561301327105,3.528463248052248,4.17706724138454,4.767383739325738,4.596488543059682,3.9512215328018083,4.159858518609098,4.337322032541405,4.4254339923306105,4.767400020407821,4.142672447891339,4.50982754622214,5.514685033176419,4.25062280315947,4.44030797292122,5.340020991646266,3.766216470150574,4.567569267457352,5.34077936096215,4.111985901910771,5.169562314519347,3.8220144701576584,4.3898405517391295,5.103922303484975,4.737980788742216,4.471068314883064,4.006007306222236,4.400869717189351,4.722396915172068,4.776065802769646,3.98688015419117,4.6807374405626145,4.897944643764625,4.091681707456181,4.591518428069135,4.791080244169865,4.746916696595637,4.924262531198926,4.459295432852317,4.894677667794432,3.165482458055716,4.601524348721132,4.588430014117321,4.77487433908237,4.8709348608001966,6.12410000442249,5.293648052636158,2.913920900530994,4.7217249148278615,3.1567248291194705,5.52457159834361,4.128654348006489,4.2025477068024,3.306935412924558,4.680425943460041,3.9150606606722023,4.693222061104634,4.087915908573195,3.763082925481079,4.392250022152871,4.634006199958103,4.822288700712884,3.8720686450536257,5.427836424760269,3.5505139329579567,5.057774325854491,5.190849794574992,4.801732430170067,4.563034266633006,4.338294105679618,4.727495608120119,4.911592117416205,4.596989245210133,4.916128552956845,5.092589812102831,4.499225477073257,4.213407538522003,4.476444850302257,4.495614499187239,4.441931673176127,4.035836575704068,5.607410495969483,5.199336771643083,5.080233143011594,4.632438614103408,4.8604702137158124,5.40441570037993,4.743908586858217,5.4841071711164275,5.392042060704607,4.65918163280485,5.061438231508157,4.259055551516681,3.3803551906095852,5.102340084673531,4.806054225401557,4.31485430301157,3.472517306151374,3.549923535217521,4.4697248683406015,3.3890045643375197,5.280740911414833,4.896841461079933,3.971871430679944,4.126925315546427,4.2436709869474685,3.519985648475937,4.976777571230887,3.4889705098099597,5.245252195423772,4.47604039783368,3.996392370814697,3.1212511454707053,4.37950994666465,4.325990550419563,4.742753565653148,3.8447906846981468,3.9507610720433344,3.704023525156404,5.094338357226057,4.556769174662328,3.864183619930582,4.815715327706615,4.9211596276425045,3.831752032715237,5.25448601393155,3.909215034914132,3.8243411133486527,2.9589320685239455,4.62647709523854,3.558669272116175,4.344044371812455,4.687279130120133,4.353711436436865,4.1403350608445395,4.961658460095691,4.506377798652005,4.902652901526285,4.050523056562785,4.3664144095770645,5.262325436555833,3.4421984139540736,3.658713139225035,4.030999555658343,4.677618539648133,4.29599818884375,3.7415740573230876,5.316501685811345,4.557113011951565,3.6925815888311035,4.251799948243893,4.356334300062703,3.1055233295904427,5.286721927358799,5.551245260014677,4.588938758750683,4.3999997056147455,4.452365379782963,3.747885402143234,4.578445792690834,5.096210916076159,3.8140391072195534,3.9018052237528935,5.2271383206279625,3.6035210362777725,3.522075188887692,5.046781074186677,5.264105038550987,3.950291516648647,3.5835744224033004,4.972198922322925,3.3546127797553855,4.627711173037443,4.252688653821678,4.204467768677162,3.6973359675991646,4.386102386566618,4.547512307181797,4.635063301643352,3.5044300137798583,4.82206534445959,3.813929328353298,5.1158486319435355,4.189807007116824,3.8583282130912675,4.855657522995932,5.4687215979771135,4.612836728050817,3.9734626184793975,3.7555475607510536,5.327192981224427,4.2237070348550585,4.730832932430788,2.779809095180651,3.5342203390530553,3.768887345375278,4.8031147352208095,4.857323319112886,5.313976989315983,3.845535826677574,4.793339827906581,3.1374584756658,4.671451306533758,3.403943802863047,4.122241368731947,4.650777404923848,3.7450613592975373,4.379307847384509,3.849587410688346,3.3680328750378816,3.002491666320969,4.708334015941617,4.163983961304676,4.595869740738047,4.128128732031329,5.099615207651675,4.4333209242864875,4.015069432524778,4.0829564335123765,4.515314124093118,5.114271302969912,4.061090388846372,5.091200986425866,4.587060627229265,4.667548702269198,2.7690703041173257,4.375181000848678,4.75371564689409,3.501130391077397,4.1431485641403,4.738951978502206,3.8678948644614457,4.409271694951175,5.048412601324645,4.8999140329402975,4.821306221428179,4.4539394723088375,4.737695139809888,3.9659698427358623,4.491662604250881,4.397695896375185,4.14482681343759,5.296038131361069,4.900286159839822,3.750159997093965,3.9573220762412844,5.001472038493138,4.434547368267958,4.500478105456451,4.951586169083394,6.918901950675961,4.904187870579479,5.018961079568332,5.268134833666862,4.952874511893802,4.334161803621389,4.210886571937753,4.07751041553295,4.386682817603559,4.741393611444149,3.829999205472804,5.012168963452512,3.928895188987814,3.8862027776784505,3.7490886158875947,3.847690150249474,5.056201225887708,4.756776912580297,4.0201361985693245,4.439481229608514,3.419426390724586,4.621702348651372,4.603506566878887,4.861356350425366,3.746655756699018,4.3721920084015995,4.568990732053414,3.616443193568734,3.897320694184895,3.4683187431149785,4.725142459945945,5.290425949532734,3.577094741594687,3.7320574259397685,5.490291122645527,3.891637359542066,3.9006495201238818,4.050294887962851,5.764699911649361,3.6323358879662355,3.740501898956077,4.367540705647691,4.113121774724301,5.268605587856067,4.087354537282649,4.635115476490137,4.472725282958535,4.7588483820965,4.012832551936425,4.463640355639356,4.463968362133951,3.4406132854585927,4.8069139456727275,3.757782242819799,3.738580150638007,4.883836760103284,4.581047558899244,3.9414864443534734,3.373188695100344,3.4061169253225057,3.7837226867550138,3.316686153322205,3.716368149666293,4.552093640160936,4.001959073592025,4.500675848200856,4.647753205326583,3.5705597054145675,4.991459990161301,5.025367566528885,3.812467316877718,5.548568539107618,5.630508529713901,4.217317935453509,3.3697619759025295,4.454896574756199,4.174350488842034,4.2375251382459185,4.161323810549761,4.792225708611046,7.072709211653489,3.5323203504844685,4.8981264078957985,4.591530359954834,3.657379666372247,3.952667936031853,4.147556652457446,4.493485410679775,6.934009959893961,3.859018670013784,4.107575675549645,3.4664714350933425,3.5786303717706263,5.061434025912524,4.043743856368983,5.608810355462383,6.672621014590997,4.93785277254408,5.0886592742533905,5.2390456209750385,5.072487897786934,4.070556714315872,3.79742635540964,4.124171545155478,5.048462649162953,6.425618634429298,5.3922630475199265,3.547688820678006,3.9605231741294387,4.154182034722166,4.250413476678065,4.5155928011683875,4.829853381670778,4.555838519582153,5.304142682559698,3.986304315184217,4.370740683438401,5.154398271049228,4.776407146140241,4.375001796332436,3.8179479641919385,4.05633051334435,4.538300794161367,4.196087711013782,4.832404331640003,4.654664853768652,3.434921454887693,5.047359441589455,4.362472327889911,5.72892248290365,4.4684789962900044,5.361044302327664,5.044310688555891,4.689318834109757,4.268470580952393,4.63779791188262,4.0511069286759405,4.75090130871224,3.7453629309746606,3.345651878162947,4.569861083786368,4.48355102911641,4.417545280781056,4.923618941088026,4.869777643027406,5.471507308289415,3.8769920294562508,4.6449160308820225,4.722672169615206,4.761777154921584,4.564117568043566,4.3612146610730305,4.846058144642511,5.597485945834076,5.019377357975673,4.5679381662833975,4.870308828001454,4.244585472061017,5.039528020239163,5.32154790170941,4.824685976670468,4.541362517646881,5.062681720688413,4.530316629029765,4.7194675673890565,4.863378789775018,4.097330485922588,3.591057682292205,5.144431224915149,4.5669544477611845,4.222613730366097,4.214933834328011,5.247807840174228,4.132702536618013,5.138226704131091,4.338339412355635,4.68234329495409,3.6471421831068565,4.088074441393397,4.276193000619737,4.563231356853214,4.634254073027333,4.640239235258437,4.381399141435677,5.646847456049198,4.458255650967355,4.864560217729691,4.186874761036165,4.761841707482185,4.880357328957734,4.549121331374039,3.842521243092678,4.43783426644339,4.782456092857043,5.564271826705989,4.140926104395354,4.716698302986331,4.68779432491964,4.043749098307989,3.9495568654866338,4.099676689340134,5.018183483953998,3.7189604540610666,3.856404784606404,5.476099158082015,5.304057458484213,4.767517682905438,4.311346561770873,4.934283276438509,4.113284154157898,4.322103349975279,4.867268166881603,4.578279070565595,4.356722822705477,4.4577861592259564,5.1037635869424305,4.182658014168741,3.766940608239456,5.6465405713706724,4.982422644026182,4.176725068817561,4.287319042006344,4.644203862907449,5.702202875360541,4.093657838669328,4.201245943291981,4.697795150627428,4.074938762811088,4.592434814039924,3.7852950943956634,3.6096682078991273,5.52480272019323,5.285371635679628,4.6002531358389955,5.055451324115689,5.126409567549931,4.61741178663861,4.415978093907351,4.555965503511293,3.324186655703634,5.226621892616035,4.3185565975835045,4.593026346928194,4.26870213533239,3.6938749931917902,5.3270077446164805,4.585329446538524,4.222801051994694,4.093326679666468,6.3252345956401355,5.108322071259315,4.080684162166463,4.082258059089544,4.869007950572212,5.0334365076182985,4.838038968428543,4.619669225095832,3.943114279774255,4.6759766208464075,4.277453480727447,4.9438128568539,3.864337914632395,4.067614292981361,5.061073891755697,3.21285410099284,4.395942383927469,4.924300588549208,4.570130170090388,3.2763395796302657,4.977249035574079,4.925753836274624,4.169396063633272,4.864560524262451,5.152822278829963,5.047923293998222,4.818245009760823,5.289803146168527,4.24672067450703,4.766274653798305,4.755389134649298,4.187365627393525,4.915932648581363,4.217731698956244,3.863035874106807,3.7217148774151463,3.71419673894834,4.81876621262885,3.5771820503738896,4.703978720829227,4.993672563445083,4.577864563493403,5.772777294157695,4.739279592592773,3.5134965132804785,4.378908243827376,4.4005327667010095,4.949624736405136,4.996142109898799,4.358938191931199,3.4499593480820585,4.837332006773333,3.7982948380822674,3.8313535137558903,3.8216656729113123,5.0629126004651805,4.403509547040184,3.3300572637282784,5.650291116881955,4.547966663989848,4.985689755834971,4.0231997788873,4.811522787180465,4.9581689209212305,5.43469922368781,4.055154853415435,4.834091819970459,3.80682492805452,3.5955929556982587,3.876902448156359,5.294306278512529,4.715243270479902,5.2264957645670815,5.438253171333463,4.907797651904527,4.410929041662852,4.652157051152732,4.789370021255191,4.609654469469303,4.996459157500387,4.397802980150712,4.820970188055486,4.296037928410642,4.829134022051789,4.658343881644679,4.535568540311544,4.849760121625541,4.4856809495323455,4.703753153621707,5.519956182966786,5.928518958122638,5.488687359576796,4.60991902553948,4.354165890148464,4.531147387287585,4.996146147424118,4.259847024466039,4.324408118363733,4.276865688284892,4.861961372292045,5.656156647967316,4.107119676503803,4.5280032832340416,5.193220988683112,4.224662251969315,4.392000627316601,4.116920455069315,3.928139882637719,4.739618559777798,5.895405503087982,4.907696850690691,5.340518341424244,3.796414412194723,4.138800993829016,4.481058009065859,4.733566370393344,4.296368608902478,4.769603088938084,4.556864209880765,4.759650334827294,3.6773332941237826,4.699409001194104,4.060992341165311,4.859824371480911,3.7762600537551663,4.400753410683573,4.8950086343487555,4.440326760929826,4.950409841994315,4.658551527726196,3.948332927444766,5.133004863851533,4.628591870869114,4.886249282757234,3.549791031057327,4.456062684466224,4.839850633920414,4.719176507716645,5.100061206845734,5.246722121366904,3.562002909312842,5.14942700671835,4.183866571612319,3.797987274239335,3.618974668380627,4.743008793737727,4.9083400843352125,4.3828693143080235,4.27157853060618,4.865932386009944,4.75287247088188,3.321265919173164,4.688098835425003,4.45327673567844,4.629746327621965,3.5568388286226744,4.195010934850781,5.466806982193212,5.9910440630302855,4.863459471086831,4.689974239381964,5.184185659357627,4.693973433508806,4.433378184069623,4.42919545211488
96,16.454021925071547,15.58512249809978,17.13872997970667,16.292714724042128,16.35957762043748,16.483816299508444,15.83614210672649,15.904028028134697,16.72375746913434,16.707398264323267,16.179221856168436,15.125173723682119,16.075487740647322,16.09066415327592,15.102092091684412,16.438333322153525,15.828990346236262,17.15786553001984,16.230436576709636,15.64654518859016,18.06734672628837,16.76156247902434,16.836045041227162,16.93765263442685,16.48510539069213,14.962554291442343,16.647733021970907,15.63264003875146,18.077963001687618,15.377069747210864,16.859343959202345,15.188143759963928,15.8604776820219,17.15120815286527,15.976298131699517,16.642026189786918,17.16043917506438,16.67409167739199,16.618518638932468,18.195875286784204,18.007677301701758,15.081979335625668,15.328037428540464,16.175037726536356,17.683221300772388,16.19600568591824,16.817506494761705,16.433877375223467,16.709341124523412,16.692016859176274,16.701456656089768,16.082162190051683,16.867371931305918,15.759792394039708,16.529685739666792,16.298852513054545,15.524502090072984,16.26029932192257,16.103135347297304,15.88927805145896,16.065073513641195,16.02295158526694,16.280433339447654,15.76428837854112,16.665893553029708,16.46051452312384,16.68838790593439,15.304162833558456,15.182066901667866,17.396701160095937,16.868857150588017,16.342761339671647,16.529968753517263,18.475341443407334,15.800940668738441,17.07415335744509,16.660904617050207,15.891397100719686,14.630932225747458,15.966699528888082,15.502641200573237,16.212465644892216,16.686087144397323,15.988993239532029,17.31546674822388,15.460737399325973,15.382454512161695,14.812261648863105,16.190274263649933,16.365801374694563,17.36063080808144,16.046860122724468,16.424322588092902,16.198699719842985,16.2278439624117,15.566026097305258,16.065296786566723,15.522271613226566,15.952217842252137,16.483088367117432,16.442707142411013,16.316252560318723,15.427767151495802,14.229370946059069,18.053817499664614,16.03583067375154,17.172503479551985,15.672468566527671,16.878001303151247,16.422061090479843,15.89764809485991,16.316609659141196,15.92189666464513,17.566662545459472,16.9915993961786,16.269117607054117,16.048648139540248,17.317112252921273,14.104506368121559,16.732787991441313,15.8283505694636,15.03611568466205,15.513120164694799,17.96182481196107,14.156962955318463,16.14345141455486,15.636798517797548,16.830943338437944,16.189245235542266,14.65256178027824,15.120426711317092,16.467597834586748,16.208465861498805,16.45270358595389,16.29773796914251,15.468694098508943,18.255065872259816,15.901754672564289,18.328311442609422,16.897139449861946,16.22773049013767,16.2064195109198,14.837517853638838,16.12218865021492,15.462882230090457,14.834629047233525,15.883043387884344,15.059646933273317,15.817538798808028,16.930028934897166,16.709437844441016,15.57370821661982,16.40312541152138,16.32220123029196,15.731271819771758,16.94383172428035,18.278834556702105,16.193996994445733,16.21631711208258,15.874723970758652,18.330768906044824,14.966828653713819,16.85508482592226,16.357412796394158,14.11794450670816,15.733761335190641,16.95506397521939,16.71636998562627,15.406150502335198,16.221729652846996,15.909040335855172,15.433284850678227,14.399988497363761,18.25304668373792,16.92380185408523,17.069243126383018,15.439222859708225,16.61785804494246,14.720705630256036,15.757966327022174,17.682177622000008,15.818690722297948,16.059561288717035,15.475779917066777,15.902499011265785,15.740414325400005,16.036571333245668,16.927683174302455,17.362219141382432,16.129524741529266,16.137963487345516,16.223456221545447,17.190201797047205,16.454005226030787,16.50411963134541,15.094234681554719,16.310663962050818,16.35661678988778,16.814731304774927,16.225807267534105,15.376621246794796,17.13421423182535,16.361466661269077,16.84011015767876,16.016680526019897,18.515497283124603,15.052275031053597,16.05138191547631,17.39069828437826,16.145021799134703,15.967770543377707,16.38049561631433,14.619797410400652,14.950874391292846,16.974994206115813,16.20021240377374,16.673980328326333,16.04736806916733,15.140042490208721,18.257906599581762,17.67745140455776,17.445973784929695,16.322514423837617,16.547664075961134,15.7297287633987,15.606255522230743,14.215503152789273,16.35680781988703,15.615376456996172,15.62441672558135,14.993057301561581,13.916285985911633,17.319873638663257,16.85503720675051,18.191343927037476,17.53575991576683,16.39241230532883,17.076858423766836,16.580427664122013,15.621414795150356,16.79553887224305,15.894375240090813,15.638076780550929,18.36301046925934,14.228310047790433,16.192980851734234,15.375730503283933,16.323070540526594,16.60526101100632,17.435850727689107,16.167533687851808,16.988187767928107,14.8175770328967,16.13138709138773,15.662706622996653,15.571794520299749,13.668791950539813,15.30560096564778,14.83519546847017,16.782877277592167,16.289858322477716,16.08245879880218,16.3709245962551,16.436878153815478,16.380986669381606,15.730549885403436,15.991233590133382,15.895630815608051,17.007412430186243,16.18961643526669,16.42176008302215,16.88215579598551,14.095370637781643,15.697254497266917,17.439956170515465,15.7188952922411,14.110555530104184,16.18145258619332,18.240508141439996,15.104763189534752,16.578269865316273,16.675521430506862,16.008772154374533,16.16527409188551,14.878579018890264,15.840634432793617,16.29514082069745,17.082457176551046,16.40829741779815,15.901674423290647,15.046566522325504,16.226769464002743,16.381610734659755,16.213925112633916,16.203336354071116,15.816869022670186,16.348303085247757,16.123945265723634,16.69551337840658,14.991707142668547,16.869214520033733,17.364530198634757,14.892613201303453,16.58890826846176,16.8240468610115,14.85810593440899,17.067629651525625,14.171008902972238,15.039735671417596,16.249659624549583,15.203730096762792,16.39305423586954,14.370117187456982,13.799076916572195,17.001005612575426,16.001268746405017,16.5832786936149,13.90042279207785,13.98423298282649,16.035379891110924,15.694306533060969,16.229523726717623,14.968174473652725,14.580106061350987,17.42799018199981,16.252642654528902,16.334058143697522,14.996852912613688,15.831659918913937,16.734553601203416,17.0022963993544,17.06999301631288,16.41176117063109,17.002229644455934,16.219969030825897,16.652829671726867,14.070320152474894,16.81894567241012,17.15808077218625,14.89629843799415,16.8437719714293,17.640043940795096,13.8398146239319,16.170500185831248,16.341100969173233,14.208937743328192,16.41469524654275,14.057246686750448,15.987473398195979,14.948223838250405,14.32915188884374,14.771251884513578,16.054016829469248,16.976323584647083,15.6731391387795,14.935999482825258,15.268451271984699,16.078435636699044,14.523388249660425,16.831287962964968,15.919972116058139,15.577517500401115,14.122293336535618,16.082182548723246,14.798918872095049,16.707458871346503,16.465862315204802,16.49189829274724,15.952884514380061,15.633577590327112,15.709030370277073,14.00742402126577,15.908975329201356,15.333585027058705,16.180328750308338,16.98969179869664,15.920954333081678,17.2504746809808,14.96776606989921,15.714500535212345,16.38590315693234,14.652838160163382,16.018982291566314,15.261852641908181,14.820517339323061,14.136544207781924,15.501717830277885,16.235660787710085,15.299848616694216,17.695741339566627,16.230090676820907,16.200265790715708,14.346162961510407,14.111070974497045,15.790517619283403,16.58590281422084,16.553533884148823,16.05212680762198,16.17691312158385,17.18946895615739,16.85751782086277,15.909824844201081,14.873227070188166,14.665905937252674,16.154988088848118,15.24356662190583,15.859665399482182,15.911137685036259,14.456336504121653,15.993292077922579,16.489872057149913,16.097147646497636,14.70413100801875,14.006587498267145,16.567630682109154,16.222139672960775,17.35666518301024,16.07260631675252,16.043875899068933,16.456928010111426,16.17986321410331,17.301262530824882,15.74058627033045,15.985506537802054,16.831459771968465,15.844927887496745,17.280515440745056,15.230179269331051,16.93916888591314,16.84367288191434,14.346503279738949,15.983946283108143,16.47427592789773,14.339936402104831,15.258253543548456,16.072249594364656,16.745826527277256,16.171401735164583,14.68599795567126,15.996458067120136,15.023146906347403,15.537245568376045,17.40408927875872,16.345041040362513,16.416870290403747,16.431440718007288,15.999754144420876,14.79197632876499,15.899297559722875,16.097408598725973,14.720541282212226,15.822540010200314,15.614013967360663,15.847079375113545,16.52429216536582,15.94382906917977,15.748855273965255,15.093015200157552,14.31962832810544,15.368302786683232,16.64418577900518,16.035625960120576,17.070115560333917,17.15678200304616,16.99226591022958,16.71929481791056,14.539093277453205,17.197503458413042,15.91287564598835,14.251455123152956,15.996213831122535,16.84815784194908,15.827785385756231,16.895954133314515,15.782536265736349,14.539402190504678,16.82644691520514,15.935420172844948,16.211808015500363,15.85213365077725,16.813931829180195,16.03635966361831,16.341987456295275,16.27660333941215,14.526914165441863,17.33808750493945,16.73748084158524,16.8145564285333,14.911293374934786,14.846125297445028,16.292852179900727,17.490760114117545,15.585763125362222,14.953258195821157,16.512191169492755,16.094797048171802,15.17032950719782,14.335460994757502,14.706094762966062,14.968562064386461,16.87662751728183,16.644904187009562,15.898693789950968,16.13080656434012,15.446933246549523,13.976010139916305,15.820561802971525,16.505729836749467,15.284759217412315,14.697066828009039,14.190511699627455,16.793799370200134,14.66694793075627,16.14749217433606,16.43631075977587,17.354201628101844,14.111668481947166,17.023426646327447,15.805125656434761,15.194484707366087,16.67113728130737,15.985029621246182,16.205069944507795,15.36794242688726,14.667376717964899,15.928342454704802,16.095410121852474,16.74449368639664,16.10951794511651,16.266717566530563,14.845990057107004,15.76127378273938,15.843639771351098,16.796683062771056,15.33210707946138,17.0993397320537,15.36480356362958,13.939270240865849,15.619089280026634,14.831010666377402,17.28739412806203,17.194884614618367,16.955999290426952,15.978902787498146,15.377884826287085,16.589183960452463,17.019415969375522,14.913456507512633,17.20521812062552,15.221329134351343,16.24389459734307,14.685928499704735,16.973438633745307,16.284918158823718,15.995338237658,14.65379697585144,14.478440435108144,16.825089291951876,15.98075516060486,15.043625042547884,15.042521063447928,16.330083508574184,14.630676168257828,16.289530818855997,16.903380704054822,15.098769635472598,15.612487863324338,14.80737828050261,16.01383557341757,14.176033850478815,14.898141711929904,17.71216091833614,16.888210364544673,16.246678310023192,17.12721444402685,15.284767406156366,17.093818563680493,16.658684866541318,16.756895354129288,16.66642140473936,16.610169784405056,16.341239520357338,16.877677751710102,15.527247225602661,17.77461307371916,16.189880777807257,16.640873656904475,15.24313612120497,15.706291600446752,17.47751598881589,16.097588507468927,14.875298491776721,17.063147920037306,16.237053739211483,15.459173526977294,15.144410597114772,16.73120556565146,16.925587813612356,15.646825032594956,13.992809739532614,15.774299610234761,16.849773070059076,15.570029611244388,17.126402158985613,18.951078910053702,13.394678086496539,17.968111715692814,16.323498161963837,16.462230264336327,18.21559074529622,16.30830515357642,17.439634403861593,16.810152142410086,16.705642247911772,16.131748032523983,14.704627662742617,15.944952914635605,17.10411694637378,15.975452684347472,14.26788456605336,14.5173873348399,14.961216611522666,17.314460509132594,14.61121355952339,15.642405718250288,17.906552153375628,16.825202115659216,14.88484115533026,16.75432905793803,16.165901262988946,15.743673566273857,18.91017322028902,18.01933146762772,15.453052678931666,13.400120549954478,14.701820012456693,14.219658325004314,16.308143297076647,16.57221595108369,16.821606848081647,18.0824247369212,16.003656873502283,14.584263617349716,15.802976335800377,15.200797838760487,13.706757266656174,14.82628080674675,15.539977080996056,15.016125755811608,16.476880915255773,18.129993839653665,16.740636524912883,16.621000847774155,16.362909663317176,14.186458221808918,15.887669217608725,15.691574692417666,17.249501804682815,16.349302622351367,15.011542071629407,16.321842612812954,16.11393402535635,16.596840424112308,15.181498541556811,16.44772985813367,14.291922848401919,14.92095171750511,15.540659697797642,16.66934764996041,17.531243193398844,15.432893573954997,16.480012354907558,15.202270282330806,16.177579684894003,14.311904559622821,16.322087905599698,15.140378294716974,17.80795101181355,16.501307239025145,16.957808393936688,14.990917691612658,15.20466101644208,17.308117567881524,14.390851594905348,16.181858172811793,15.166008237026865,15.840234640425395,15.225874905525831,15.489551761967157,18.101552936745904,15.431830854572784,16.082983974146494,17.35488061766753,16.403625930098123,14.982626962568476,14.455659011316945,15.45913749803981,17.376130880132305,17.207949727382974,16.766700348081184,13.985590179248641,15.848255008102727,17.031625624939064,15.949045199875146,17.081810298902912,16.05903351679819,16.56325074173564,16.674224815779702,17.812670442084897,15.118592823720418,16.604938268686492,15.92196703143728,16.7453914694206,16.349824678342777,16.819680186802938,16.665256611714373,14.5172233648645,15.232299565927388,15.905408836935397,14.965276162113883,15.916188700104373,16.322994584179238,17.274135164821736,17.954343689381435,16.091531285622946,18.086810842655122,15.802095726535521,17.04881971733709,15.83639031321911,15.49569611658606,18.058857576340273,15.917065032128187,15.871377027638381,16.42980878686916,15.76248877105209,18.69484065011607,16.595575523598505,15.809600631194861,15.307708374437853,16.688307873952596,17.289352284811258,15.513674263853053,16.974362084840738,14.968209365195746,15.636837520312302,15.416024188011827,16.880378062935215,13.849839569190861,14.325454322140935,16.054756055296277,16.558991372435127,15.768923805084148,16.59177591029421,16.36579421420744,15.349737677216936,17.67390959476631,14.690915091066135,14.114161479876646,15.720498373117657,15.415134042148903,16.765359873032782,16.514308577148025,16.59337415923365,16.218036288912,16.243717333692558,17.099401302018425,16.545341322271135,15.189206492693692,15.10169809014446,18.45833131045155,14.753349069367802,16.611864705253208,15.626688704726043,16.20071415183885,12.922718990713172,15.173043524821628,16.276872225369356,17.4115899588952,16.76589778476712,15.253209587282985,17.73654493945514,15.594755553118668,13.021156744251329,16.453488772173884,14.568991369656652,13.738003440280124,16.037379757143054,16.38600089269152,15.074106397588826,14.281917661193654,15.945060141445918,15.312488189604718,17.144088070434023,17.215861000336027,15.387429518095143,17.5418952794683,16.023225667255247,17.711348739869766,16.93164442406804,16.321362349034644,16.642333560683685,17.282797209879433,14.821881596025905,17.0155863213643,16.520897199473765,16.11145651874213,17.04770189460989,15.817524084025042,17.2826516447402,14.5028009425296,16.414864387651836,16.189482976877386,15.974191613467719,14.896736437262883,17.74488536798449,15.76443214418763,14.70628383100624,15.852133184382442,14.955671774657306,16.917938314421804,17.570477095468462,15.852088946969996,15.026569283514956,14.987556160968932,16.35466910335458,18.084516487114104,16.340198751531567,17.070443432306394,17.317703332362452,14.449426316067502,16.695327549739552,16.34783962689637,16.19895579709102,16.50598727159313,17.02336962306615,14.607926880881301,15.20692838077765,16.626005139172804,15.687736683842997,15.11381966486483,17.10699477586608,17.113268977742415,16.053495682327554,16.37555221411379,14.99398352450903,18.41916064540719,15.668745948950914,17.393946168291194,16.59666508487828,17.39687563113508,15.010748290212634,16.071912044982078,15.85880804374476,14.839466453328077,16.505244413832614,18.64146042143372,16.044741840104965,15.67124335862458,16.425306969733224,15.073858189648707,15.556486087094674,17.239596646533027,17.597180274951857,16.471387496331033,17.069487223368288,15.314714863059114,14.326687860492363,14.720194015367351,15.398389606573948,16.279900943306927,15.802438141804215,16.24579168385198,15.690942760930708,17.44359768208833,16.767288308747926,16.10473899443423,15.004958462639012,14.126377026909948,17.805398632919225,15.313706171773198,14.813820578206226,16.4716092975059,14.121953570310025,16.517298986384187,16.462108307340362,15.183380524268724,16.78788292637768,16.293438307257677,17.65857908403973,18.647794238412644,16.337460496698846,15.895072156885174,17.73685036093906,14.78599923034096,16.882335009551284,17.997769577666954,17.14587955027058,17.758214986205495,15.82478111986793,15.035057137525557,17.43176921955232,15.792450269464736,15.027638943320811,15.885299220402016,16.304674516064917,13.383722056635836,15.796727569468741,16.940334251517818,15.915095404021411,14.191481081334851,15.31513967428506,15.214975640617402,18.18180071162759,14.386017642901374,14.979285061827872,15.763579006933504,16.3314437247455,16.529196531471964,15.26627326891103,15.738644329829814,17.08087997391885,15.946511754083986,15.335956586531317,15.08817333382107,15.57532381405036,15.35718560744626,14.672730881594086,17.092863624581746,15.790617899660585,19.333160578301054,14.75056538101932,17.249821472933114,16.252290410464727,16.1399415822199,16.542228073627832,14.03200038974087,15.443053648837985,16.869610082132255,16.229012089868146,12.352301337554596,15.239406278649504,16.873067431872823,15.249216445942178,16.052113223967137,17.610090517167354,15.307948268360866,17.177941511191246,16.815791629442327,17.268138858217156,14.204621102716176,16.83276493741774,16.276395293202402,16.119685153997867,16.52601298517012,14.307946354974893,15.386941936665329,16.44866405076951,15.776493041238448,16.229416507945764,17.227996604422763,15.203924248120298,14.645332632272584,13.956869469283887,15.27369948660548,14.386616966402482,17.493866710523985,14.504243739832988,13.927854280694813,16.733351575947413,15.310757534283354,16.91026297639114,15.406486368799865,15.829961408511723,17.134828776672364,14.690470489515405,15.874585816442789,16.858722127182368,15.966670124080101,15.331723363253042,16.132981636485802,15.154797034370652,14.61579363892905,15.353445069274146,14.83839366631828,15.571672949777579,16.986366558680594,13.8247185572292,16.688174308054943,17.949735735304852,17.211474908124075,14.141020018692595,18.89290120695248,15.440772625283456,15.169341204123732,16.164508635043923,14.862352616807051,16.09666331841115,15.976412935871355,15.196061244078306,17.34793639001531,16.64488682294988,15.60973916421092,17.73130632101176,15.802180142505701,14.702567376667618,17.214514870531183,15.449241982635128,14.345320772750119,15.926374555528367,16.229123416691273,16.31654801692975,15.720525128836485,14.89077477637481,14.597986919055808,15.271097660108099,14.714103324953099,14.89204310388938,15.523537498535802,15.203347178992635,14.975573274456805,17.053299303949167,13.632276501802,14.784834243935716,16.119727855576595,14.624186602830614,15.400379635094517,15.048981961203348,14.854893959506873,18.284418039639256,16.4305393757932,14.700965991031364,15.754867571905459,17.29231488206252,17.0068318887411,15.704560279002587,13.981772616986207,18.13402511561847,15.40327748777479,14.486851459649673,17.70283020314115,16.55805939897425,15.592673745842893,16.78954970551315,16.041127662387204,13.437066906762105,16.030934208789418,16.267327343272516,16.34591901021496,16.754290779475074,16.49925498119598,17.16574229949085,15.799131200393711,16.353789633500337,15.345234434696636,15.111600056077249,17.42249623591925,16.416607410499164,13.24322497392917,16.63644101663489,16.576676029426896,16.90974901367478,14.927250928006087,15.293911347825869,16.164277384212614,14.922258907672301,15.857992921646554,17.236458074618092,15.961144267917378,17.08439373479685,15.49116080606911,16.985833928716644,16.028643828178257,16.802092270787412,13.769173293145272,16.81832353865154,16.05535618736206,15.803429277079681,15.069393481606467,16.4380142015218,13.696382714353742,17.88553890652189,16.41060653176281,14.873959699693987,15.782586664874394,16.45206737887362,16.298223117542513,16.32057323722866,16.064099388053716,17.632406759174444,18.052573917456087,14.411276459642734,14.98750151586114,14.818338973779651,17.545107448749835,16.38291557639787,16.378560199203292,15.43200410458929,16.377188307362566,15.593002762112496,15.664916756095927,15.726725395571494,16.993605454945634,15.673723912937554,17.323854430752807,16.232508450229464,15.35463957418088,14.55755527162262,14.475254596388433,15.800282020655208,14.983968167889191,16.956636662356885,17.18654469812637,15.541596421843465,15.488321114246038,16.798875500904185,16.6304729244941,15.846849203665643,17.762451196121344,15.819457889533664,15.1264264012259,15.81545919079545,15.716543105802588,17.188048640123267,16.67562475327516,16.19968174385933,15.900712725986821,16.138055587223256,15.643861706105085,13.702632225397558,16.888526056301068,15.640719926360806,16.218191422868784,16.45221165132924,16.06120985180318,13.16635673445982,13.975093053074511,15.162912281971975,15.724344483861342,15.522519889189173,18.270083577719877,15.904402063867927,16.908092099950068,16.0677910985104,16.755912712805372,16.061807222568458,16.59275948203005,15.542028515040974,15.61662903689927,15.57477606424452,16.16011524614285,16.054279046991077,17.23843977482411,17.19344973416739,15.8715058497679,15.247657885779,15.289093272092972,16.36530731926126,14.116968430495882,15.35899663250125,14.594117636678439,15.710282164820134,18.412293522693442,16.58655736998311,16.47347483409192,15.54306410440613,14.638831477698556,15.234251315560398,16.203242709274633,17.23165746843208,17.137497688505647,14.881056534213835,16.679892561874126,15.35247510371173,14.255158558987649,14.779707463265002,16.51218218967443,17.6307819009474,15.434940504368276,15.612071115877,15.885749442826256,13.827362989259953,16.087887302704917,15.550105199848108,16.3817784543614,16.88332018413865,15.654903822479229,15.410332195512009,15.810856250690797,16.60360062540593,17.460505523985773,15.888859384216188,15.8745371338966,14.654418332380148,15.333823468475616,15.883081596637096,15.899241576292768,15.721163968299336,15.804747369801342,15.318311447443746,16.57532634547861,5.397131911754153,5.718604873884515,3.213369744623334,4.594402339139925,12.778400170323625,11.698777056522074,11.571045125126606,8.527639228487267,10.672085644522031,3.6439143071215376,4.208268339979703,4.476024234250586,3.500060816386836,3.9277431413746786,6.62342127994421,5.563047879923253,5.423877561710906,14.007023187325416,13.55280842321146,5.453106855585902,13.94601626024771,4.048446638588112,12.578590174528038,2.914549513656425,4.762371032269963,4.034599682535406,4.023659627926058,4.011281185150144,4.370276563990086,5.441580997757109,5.80241581223644,4.0400891736173925,4.929473854358387,10.615848997306372,14.604382985177896,11.658632645340285,5.376657214855229,16.736888413281402,11.649764580704508,3.096727437883929,11.068984933162366,7.1526262962987195,3.637938093466781,12.729843723308356,7.272443471365653,16.885986511815595,3.0617152984254163,13.961106271814945,6.081718412714194,4.1303838758399465,13.563729339034657,4.019090047219975,5.279476169806226,16.83913074391243,14.554830372950413,17.167548640986638,6.491424961750001,9.06817080255167,18.251027835826903,8.481522440054704,2.7190888027625166,13.137206033091458,10.69471554260575,11.58246432164814,7.642626865806292,4.8720221132156905,5.084671360234932,2.974443033888415,5.080062080051031,9.35497042424181,12.69040465879756,8.925824969102305,4.102112615619979,2.986900144083863,14.61408329332936,9.603991907956688,9.950816989097733,2.9286070017338512,5.3531979104794924,12.943215988625939,5.579358581199777,4.360621793302568,3.541423239165581,4.332493941555785,7.584204955428961,6.270872685472475,3.286926937624934,5.135162636456981,9.527806904458265,13.590411756123947,11.403055721749762,6.123896824244857,4.291456510476591,3.2454621826872376,16.10418206249822,7.6110944850022655,3.4652716497845755,9.716479544507258,11.869741635673533,4.094651049839893,7.409903252684286,13.397195799561649,6.2708056797899685,9.541448620929947,4.757562380415613,7.942360769285199,6.84411713759276,5.106028243567122,5.434457695155219,7.0734847390183875,3.5532388139746294,14.76383825802262,4.155339196928864,3.738395723603678,4.243253409817164,3.273493501535717,8.658518862340683,4.106083696743506,5.450005033483004,16.06169686866195,3.619586775647256,13.232867544691715,17.04664623439703,9.915832236737877,4.908761350844546,12.47760350304224,5.703844664403559,2.9576025410194013,4.312302630335698,8.103393685138746,2.7929976643684316,8.914132174257956,4.4673379307763685,13.061142386298158,12.211633079367546,12.36447891898477,5.032658307636365,4.474459495096231,7.058549150205393,5.578654587917216,15.092478489251834,4.759102314391139,3.886614841413866,5.97077373955903,12.404022749191814,6.073260726839535,3.8023623160009175,6.543547800060764,4.597453795701922,5.240365743910341,5.058395417449901,11.96676783382052,12.390157702763894,12.383101901614634,3.9043313757042437,12.370155603115583,9.371417540954306,12.375040831442384,12.35060322333845,4.2841377046484075,16.969748419324624,4.766191382631081,6.2816912256616595,4.036505084930234,15.666460949735242,14.890848849725254,4.368151958212702,14.842422892512902,10.895980567860882,7.262828629138425,11.2542016178203,14.309236966897668,5.190402312335265,7.363410986953992,10.794305349063597,4.825069865951916,11.980315636133462,3.0044549813084758,12.104966704303127,5.445475503886006,15.259440351332817,6.834193822361239,3.5194540530079244,6.832331196804732,3.302509620064182,10.010922554901184,12.382717131310208,5.748207939328909,3.0800452947953607,3.558490033878919,12.502251496372866,5.473207066576694,4.140261812050496,4.049617694987327,8.891959378522651,15.986776902438663,7.0080249410116995,13.002787178444626,3.3768449917853944,10.953744578515973,4.140737394211688,4.160643501446966,15.899275757269418,6.3316961482054674,6.686342920953121,4.553146491222534,3.975780601089286,4.162685021538862,7.742858847953414,9.046448233508707,4.724546679621867,3.108047184098199,16.477820178858423,4.024151462280272,10.947507127021828,6.600237313491699,5.087290715118055,5.376020532034852,8.405329992793407,4.223105197986234,16.807903837008375,3.1193105767403986,5.313369455903739,10.006318617808983,5.572042931088298,4.79269403527644,3.5062845031141108,7.805433092378903,14.002357701685732,5.1293162267713255,3.9645331947347375,4.815788277493132,16.66405480627914,3.8145595616414942,5.531303560333765,3.744778933520065,16.478682125672716,12.592615667646543,6.368968704803632,16.387588147315732,5.799558103860552,3.377370269564765,3.6000621900720358,6.122366853325266,12.681332142623399,10.310806359987644,4.004361585798195,6.453298621538013,4.3404527068428,4.051284416246813,3.536469772978512,7.620434873371616,12.150925137788175,17.159794106137138,6.798349001235787,9.03573058417434,9.114297606652128,16.338428170856375,3.201517776889806,3.7210515847456325,3.87983686157803,15.028156777878007,14.032039901729515,5.409419616386846,4.809050170435555,10.517629186597265,3.5148150504919986,5.661046079644916,5.4041108819655115,6.191903119143967,4.7669245455817615,14.04324947936159,6.808338721030335,10.78069420190902,5.3884927985862685,4.095073826327803,4.745545465876688,5.126357693435499,6.769986602424578,4.310362656352753,12.450800500687805,3.2870885259647715,3.2873735748166797,3.980307328259122,3.9396290578621733,3.5755694298120004,8.11238912837342,7.570598563134747,10.23770878201247,3.5033455650106355,3.9522220826648558,15.360999396887754,15.09321651633694,12.565470606744242,13.43593020369155,8.029580466579661,4.832494653656408,4.175277519941312,10.32081427824565,5.9292603189994235,12.848668008327822,14.339121842056935,14.039030168776733,14.813293501517608,12.37189262178246,14.645921518146118,11.482145129799868,12.606672894958399,14.40561231163644,13.925091063719455,15.81393014506505,15.701092426447184,15.370526526614734,13.182053807867998,15.191339941387302,15.731249708546674,13.47969474637566,14.254420565283423,14.470972649504008,14.270958436228401,13.22268867407121,15.15826143988154,14.568689518538726,13.369415453995535,12.670018208460164,14.949821117349057,15.199246120150777,15.863386027477308,15.02852624449894,12.742393741606158,14.60974015067238,15.171852840194564,11.384514927189624,14.66656532761807,14.383974990899274,11.341031855249938,14.526955461599833,14.010484579116039,13.489625554558309,11.038824148181204,14.271274464607313,15.240405826972681,14.485264394583082,10.900076307932734,16.45021999165481,14.967402055900282,11.969265246898736,14.192249876500169,10.943195772388282,13.173025737206684,15.286481066262787,13.554280503850396,14.571915678594648,14.369910836244369,12.5399045205987,14.247853986476331,11.959992324561632,16.599749273780205,16.22267501608716,13.944275500517668,13.077401910131654,15.35420833154089,14.144222759198877,11.820502344659715,12.718524525033155,13.20469793383116,13.030362819503745,14.104818126269102,12.927114386091104,14.854904585395118,10.590919596789487,15.21182372734674,11.630536563394317,14.694924545886721,14.134198830462031,13.192270322159107,14.909476234828327,14.899060628808309,14.609773343147461,11.38485768673649,13.293325495549087,13.26593867512441,14.804766407390284,14.861214324322013,14.78731931651348,16.32817495856872,13.272433101960075,14.805436131235144,10.883551256905358,14.022658350369268,14.791998331902183,15.9746978477784,13.551357180995897,13.96630431632852,14.438120309313033,14.051297590982262,14.998979341043498,14.751633873283334,14.630198600053648,14.833735439061055,15.328279233300481,12.744817334004527,14.321713035058046,13.99917098928517,13.118571654198211,15.201432793309115,12.871022498678004,13.285461363956628,14.996505303107284,13.500942102949955,13.031987301485918,15.353440675800101,13.201569573259135,15.723274967214596,12.732901122101625,12.807213497937973,15.09734361125593,13.387222977110401,14.71353101678085,11.496851292626731,14.656072949251577,10.645012069872726,14.093400802757873,14.466225236735754,13.768383366499773,14.214182419398075,14.39895474699961,15.09329644095324,14.770082363460707,14.335232959399862,14.657375183061976,12.24112943533212,14.608064505151306,14.455393350621685,15.191423881399164,13.425373694678349,15.414014186985174,12.961765921525862,13.462831722499686,14.724815519414726,15.925196247846852,13.298181589362565,13.478488303110025,11.616892206715402,13.406228957039525,12.512624944131888,14.126791773520802,14.687462614448767,15.067307982752506,14.811755495785437,14.51087058777984,15.852918673524572,14.183423841064243,14.920923142178534,13.756131071196291,11.030700459948989,15.86040139439891,14.458009704964091,15.512366659224645,13.064201594408507,13.496683716529313,13.578884155817256,12.13608573187658,14.989661790755575,12.883658409531138,13.613662310844875,14.5386947329543,15.26701149309088,12.98725798418881,15.850561413552452,12.847558564690798,15.122709530096213,11.332300248608917,14.536282115939223,14.912867414687566,14.326114472937975,13.567967035073517,15.626545774201862,14.84718804515662,13.002681139141865,14.17975040116081,13.755369894980022,14.526310133939484,14.292681315455017,16.24660217865157,14.339357671109697,14.675758443774502,14.382188639334684,13.794026050310064,14.909634514689008,14.837586606027067,13.529345758042504,13.613678570954264,10.857180390685283,16.71237478095354,14.86683685322524,14.356070425543708,14.335235881889178,11.998735647897469,14.818976897031087,14.304868848220691,13.808830451995162,15.650729843970577,15.419168296408918,13.570397224515052,13.417665450837616,15.022928828757228,15.242755460502691,12.968997471855019,12.5974654626566,13.205890937326505,10.962459191771014,14.956176284302522,14.418115391290272,13.886558066570457,13.048364301319305,13.443434045835332,15.342349865771643,13.415046733714783,12.55431979952768,14.42819977719592,14.548905321751887,12.920487167066845,14.138003222941025,14.435159858643482,12.477629207450805,14.791253496759236,15.703552896777323,10.363663574036368,15.260957455512493,10.81182163890333,14.827475367216655,11.944670329501921,13.523436757474123,14.308079257522266,12.354284286264674,11.144553110437077,14.689846175205945,15.396321594444224,14.25731816289743,12.879074471977592,12.838456261296463,15.651995911495707,15.035557923431746,12.598164747465022,15.159315340021429,15.359692889478962,12.258632163971994,13.143264256108502,14.932282354663851,14.66388503661714,12.694316210223251,14.975136641388264,14.770759788554388,14.244973218272163,12.626693185091478,13.415958774104373,14.480638108691167,13.315517577366805,16.739319559438886,11.146448909980329,15.008450031406275,15.821898099411749,13.450668104826802,15.856959373804854,13.351120896295884,14.906344426815343,15.40390768859561,12.9072464501447,15.356924250013815,12.591639213539546,13.188141100269478,13.260033421928535,14.442159503021685,14.699056591169521,14.562372497068884,14.323506080376479,14.21796365354513,14.629092140529881,13.70570334933211,11.458005257596167,14.197750843471177,14.441001371754023,15.97031490996417,14.110105965805497,14.476577250827203,13.565915989759285,13.822358632766402,13.023630918374652,14.338131359539949,14.193842620196516,14.236434546598396,12.233358281347897,14.77668011137311,16.286343726627727,10.828933611496595,17.11112178599685,13.44294024504086,13.373992198902434,13.713270141034881,8.117977559463318,6.167355301444306,7.316314266684921,3.0558383065805175,13.99021756995345,5.149765423984857,4.660785908360098,4.559819984628122,14.64293483290479,4.965677815589086,13.927433560338212,10.52528594885612,4.858512163759314,15.099621234963141,4.501410796968839,7.006737656259169,3.4531965434763285,5.225180454142584,4.099826531101245,5.431930054771822,6.02512398566911,7.925415547272356,7.514581486813955,13.759916882965713,10.898912431569151,7.726583353988871,14.932774697239953,8.24315395984502,11.47986467591199,5.919431233311271,6.332975626384843,7.777911123125668,4.434340301179442,4.207960105362226,11.718868327101056,6.417011397515546,5.089383606177082,4.313029342211602,7.508385964233818,3.7738948043059573,15.113544997425477,10.055169992757687,15.505135748676983,5.358325164283157,10.641788693387221,9.93123826010703,14.896802293426234,14.204811464737702,3.2756130751769215,6.726081080358595,14.861364150218373,14.784368929294958,5.816698332063806,8.985801315878343,12.37460029301344,5.331414454472631,6.685077301572835,4.352816834277812,12.763158192080734,4.1516148680954785,4.171029312911959,3.1350140717870016,15.351002068688715,4.879067671301277,6.47947335521602,4.472952633135098,7.2067555236678,9.134136042787361,7.120553567463965,4.054380661666853,8.980779563352225,12.68393339877049,13.950019875150085,5.043574137912198,14.846353878481132,14.04200521032805,9.740689378550666,4.346875950426296,12.558901907995297,4.186105853223457,8.502955385245963,10.221927696697612,7.4086423935795995,13.456927178854905,8.04020334046282,7.47582997750325,10.040902291617872,14.701714063686453,7.974104608914146,8.757832843688895,5.113509961665426,7.989835210439159,7.350942967981881,13.168536041279992,6.463686157955624,7.504908991868196,6.330104121772804,14.822614835489759,5.040240249511873,6.874619170220011,12.965561130571158,11.331807190962317,11.647659305709647,8.519952843438018,9.247098128951592,14.165569864699684,12.119608964522255,13.600312974515747,5.462681641248416,4.586951112242374,7.1474720182403715,5.845912499954117,10.362608765399143,6.940136793021159,12.479525255147452,7.635269298759749,7.920327020323181,5.853865186087361,10.023036842786608,3.902136583163593,7.047760210546619,9.959818598797614,15.516714869007728,13.034702367471978,4.195702495261124,6.906487812462905,3.434303157129284,4.548814408773715,9.970942527938282,8.255629424567745,5.3905963511681625,9.141159441685618,14.317119518879633,13.576334453560758,4.302088575091263,7.487523514720767,5.841689265713921,7.284399489379688,13.07732826921994,14.18907568946965,5.562641382065304,13.967657277008586,15.231123706616172,11.224150251013944,14.082510054300363,12.89715073632864,8.86668686990605,4.0909170067632274,12.91907943075926,11.21386895409816,4.9407620142308035,4.437681856858393,7.0908405836216675,5.419868578293642,4.502859948452188,4.7599122831550496,14.882761718507444,5.952466551490515,12.872356974069522,5.317093441648664,5.291485411118467,5.8888110172864225,5.647678005108354,14.374011069143176,4.10510515010118,13.257010692028441,11.854339595949591,14.387099428079134,11.069913038663211,13.29990598368934,4.36878683084179,9.402386871169792,13.696551169949721,3.5632116684224306,5.694112289719985,12.076653485642876,15.519247038079286,7.1866346775073175,8.430735951296194,4.325006646526823,4.14195960180922,10.380090343578876,5.220698868561981,4.376267499936503,9.633789789611363,5.017737643704882,7.708820398858761,6.322136685360314,10.636289417415364,3.7175895367739287,5.743900846101208,10.657427526723412,5.207215409000196,9.249653464293042,15.768172511413585,13.661419321925,10.712771581626821,5.4467490298884345,14.603972928049703,4.197271778336767,6.097922802277646,14.23444979511134,4.115167546541323,6.377084413353801,8.71118108117889,4.607097656638743,14.165666627669934,5.563343566764381,3.792917889946171,15.178506919669774,13.897752905772592,6.206387944789596,10.468649493364266,6.788941661620251,14.225207949207446,8.63411537803833,6.989890461579153,9.913477403003778,6.17365102786159,8.661274612565476,5.381633593979705,6.8875319263821835,8.176015174719526,15.395964467595515,4.519201652057022,7.620509858088618,3.3875685477043462,9.285073439249075,4.3787735358331155,10.931536930704674,6.226241982102217,5.886444467631069,5.096132233727748,5.941445740693745,14.16704220755882,4.029708897800163,8.209916698426278,6.857050720609597,6.8762255071999645,4.5843075375638795,15.148293495912494,11.536134314344498,4.7874286889019935,12.026407437552143,6.542209338932915,6.298749710353322,9.802220351540265,5.165174896099614,11.826450676993094,5.217499077470421,6.0509061265254465,12.95494919903321,4.180560762804255,5.360801405331724,15.033026819427816,3.810781182484921,14.972209897371222,14.365324452139483,7.587415698009241,7.560497339801654,14.598837592789469,4.318670254342134,15.336356631246817,14.208382704365528,3.7769897047225776,10.094719491494095,8.334131660758143,12.45840994926033,11.57870200389342,7.832638040855444,6.880186987159203,13.180517377715335,4.883123731097009,6.225617575330596,7.2655798675886905,5.9260626466074156,4.78520064770944,10.436932406056693,10.448647891744868,5.8276317687588035,14.968899319008678,3.607688295628109,6.039310019348539,10.030308831146412,15.311875994021197,14.822398193104238,4.1640413454493785,13.64590562899772,15.064760275805227,13.254792033615589,6.7179543275301725,12.01220107311524,8.526866491645494,9.306515160548445,4.878299941855398,4.475010608388131,3.615630055457133,6.741782456205485,13.81402923986568,7.286706102769954
97,19.57735146596151,19.391185542637725,20.70571614763402,19.96493412549894,20.024791666770284,18.221223261907255,19.357890888895522,19.69653544598596,17.832699756470447,20.358147529168082,20.29382007392225,20.652667072688327,19.474733634925894,19.540673531535745,20.613765196801804,17.47910078678052,19.34585959724183,20.72807401095659,18.986409722919763,18.15025702394136,19.61980239975054,19.771438629875078,20.55899565486203,19.691736429874386,20.155304619112115,19.73550018180671,17.411378701284615,19.439554704360535,19.374674453548522,20.627163458896046,20.18754209698902,20.70896395491566,19.31042763444086,20.899450690921896,16.4796123864438,19.783708682837815,18.568850421720956,18.183432796264746,17.529535649871946,19.42742253891014,19.46110725047586,20.641531219184387,21.010040510941305,19.903708196180926,18.22369673018033,19.809673486329512,20.66446883670072,19.803836558652392,20.451687691252374,19.70628758221951,18.149401412381984,20.65668557772168,19.191682481096013,19.00997237032435,19.186419949035745,19.76344053400027,19.985802499946416,19.67271219064469,19.654416365075413,19.67566849543649,19.157427333642204,19.085585659522096,19.749609966231546,18.97058435538326,20.382697204096146,18.824971499109548,20.3763565581865,19.405582833934105,19.206894845737885,18.124289407721502,18.469199496281334,20.277554938774642,19.628612950174116,19.329684800540072,18.636631750278426,20.73551723930764,19.291776267843385,19.570461741063585,19.11072049264788,19.13539002278141,20.072310544602164,17.3623304629891,19.06162653918633,19.123550082415385,18.128288593360875,19.5123535121261,16.569929429002137,19.589704467035393,19.048180429138437,20.535187625697834,19.761731681340237,18.58943049706354,18.82742160972582,19.11190407960819,18.170250324164417,19.394277903602415,19.534295548838394,20.73339892288079,19.21941959210971,20.14477903016578,19.942443222892667,19.52362820277616,19.422144064163458,19.063262515561917,19.513504947432754,19.528694880473846,18.575093676884393,20.229568611076523,18.4402429354016,18.02675822670668,19.41508047136564,19.24892058935838,19.13449510201537,18.241117988520784,19.846882243019746,17.77607995430734,19.613598720301653,19.191862772811298,18.77805948338288,17.846242544923943,17.351703854025565,19.616304781238338,18.02128106028394,19.379572944612107,18.670976747770528,19.15056154223595,17.264913217564093,20.559917080829955,18.917724552175656,19.913896522065624,21.010053129406675,19.737154296876326,19.0380398007846,17.45035800821616,20.065619484734857,20.053587341045784,19.46217797757753,17.398517437710186,19.452702020211856,18.48336898331581,20.419699331007543,18.964496287778847,19.937059683412706,19.749060094056667,18.101013579577728,19.551049828984066,18.65066568817863,20.6826527060329,19.557191459277625,19.87983375279916,20.33415420632512,19.901044849065244,18.040147150587984,19.699184362904425,18.900417957210646,19.876076771721895,19.46144794182788,19.813253081933663,19.912852624525275,19.366251659266947,19.39306054421469,19.476487751981864,18.47836082302581,18.73301310272794,19.315802071143207,18.306189198708072,19.690779302741532,17.67971557609888,16.546462331236008,18.210656592152045,19.027009131098154,16.52940735668668,19.742675765176518,19.442011120054925,18.514460349809028,19.16597577951159,20.702872658586564,19.251856739271123,19.231825504489425,19.205245419799688,19.422126931786533,18.927929085416984,19.592054237239775,20.877767728256096,19.71431151604065,19.032574187699574,19.603756376245123,18.442171289003042,19.7827991923249,20.55826136081609,19.72130948728573,19.109899170177787,19.820891217855404,18.515388160939516,18.261592789841007,20.65417839477672,19.982394358823218,19.53321571231235,20.051141873088753,19.686354949125345,16.582860717396596,17.622534846979125,19.262271813129495,20.173597308446936,17.966044940635634,19.393191164216972,20.61776931975327,20.44461713670407,19.18272690317632,17.847977073865376,19.694915418475116,20.251581066000707,19.127218885909063,19.528373188883503,18.460885699226143,18.778244689436026,20.39211156870496,19.044340568096597,20.616673308051613,19.451427386883704,18.219937820165175,18.0604442899214,18.877399495002106,18.238179942696977,20.126071150271937,18.106439109185644,19.017152378173737,18.242438529915916,20.03442980171516,18.114405005803924,19.67332929902204,19.23310562447129,21.27997580014979,20.37878854801911,19.397238528103074,19.372341664810282,19.8807812535643,19.196197316154922,18.303981756866325,19.291880063477844,19.742587612422305,19.010702112924,20.18239760815076,19.354638855921483,19.07021519447213,18.8643569356342,19.383368311767377,20.146916509607454,17.800302534860702,17.977258899300484,16.538327704649596,18.462555021560405,19.601286177649495,19.640626117018552,18.944200502921632,19.08773993070299,19.24215586377273,20.526982305565337,19.56536042892087,19.85904500685621,19.73474774569828,19.6117048690961,19.618228847787027,19.75172229300527,20.15895010125995,20.13146088406666,18.596583001771613,19.439043612541077,20.631106012704226,18.96079600926909,18.27868082479542,19.845391915010133,19.44698662493271,19.218707675620617,18.062426033121945,19.055399703267838,19.059175736734744,19.639984734258373,19.448646191720012,19.63468452382652,17.442307474884423,18.38286622629895,17.9744838966491,17.929293853571934,19.129538992264802,19.355463543702427,19.694669533645268,19.765926762095315,19.511967413332798,18.515935917838718,20.775628572111604,19.63611555183024,18.199248644957493,19.0547958433325,19.011080691183405,18.4967301945974,18.191897009811363,20.424265145149693,19.684272693602708,20.986729610957862,18.546241303507788,20.66030540917196,19.92970801247345,18.7706391409646,19.85107122703052,20.075734149917754,18.595890718869846,18.332180596224394,18.667907180207795,19.68559936262871,18.12026419520021,19.02053272600193,19.944756689404493,18.490513358790587,19.03541595259216,19.516209350701416,19.925760771925795,18.404930165926956,19.836901103082226,20.915309391870615,20.151167308178298,19.45046590703306,20.28704484889423,20.019819521461592,18.394636106005866,20.043976041313805,18.591309059027502,20.333948967241366,19.609167104828735,19.528349156190128,20.629526862486312,22.06446692946537,19.252570800948313,18.55671907841028,19.191540172520906,19.564864083964004,19.296737782931338,19.547594984053994,18.496934316545207,20.83469976863432,18.41317574287764,18.339954703012566,18.44856907250563,20.17890618148427,19.119077439991894,19.16415484554807,20.100509190092897,18.357454711228854,18.5101776841214,19.066339452572777,19.746091988748656,18.908434232827826,19.331467569275883,19.17916990884064,19.82541340631,20.25249696235433,20.990914698986565,20.92059971248835,17.63527572942587,19.036976763787713,22.347714597474322,18.53204981293355,18.360248290265325,20.233064090940328,18.82706978509069,20.084039127465605,18.485854519813856,19.640828089904293,20.250624535195577,18.90327179957166,21.393547220278226,18.274101063842107,20.55530003434761,20.49091606664692,19.62018404051838,20.381273454501727,19.69824198595571,20.490564748009614,18.318927343239885,21.373463062509444,19.472443030738244,20.404933623490983,22.245981807551306,18.899946379873857,18.84320213740254,20.101158232287926,21.192582208435184,20.962186929952157,18.4066282612011,19.03011647662265,19.143146850148852,19.6605001769894,20.145783305415513,21.44737209939967,19.558679044392502,18.757640868802334,22.069428241904248,22.170133616189343,18.55350955045263,20.557485418700654,19.72388627210637,18.592075497390447,20.22341669784754,19.17587266933885,19.343759065030497,20.032039839589597,20.66996614840873,17.383371291061874,18.50458326456966,19.260444191071713,18.836737445636842,20.949349024921162,20.403874040546864,20.300883129458573,18.99842710234108,19.265758020469494,19.27481322173687,20.2545835085857,19.692351179880777,20.80867236773476,18.381258878390863,18.10608098489001,19.325087489257854,18.52196516961326,22.683301968955327,18.6554893342705,18.43632808880507,17.773067511859185,19.673779834206194,19.736712118995662,17.465406885914973,22.140985137752505,19.5862559207662,17.94023726086319,19.000429736223005,19.330754587255417,23.29799038236611,19.417219481434564,20.488310097376495,23.774749341250168,21.04970041139372,20.353991997697022,18.441528018703103,22.10589298884166,19.872447997196677,19.372919130642043,18.712827329247844,21.03126620412143,19.563494574047336,19.502962931284877,20.76628381989831,19.235188075928722,18.50716396971674,19.223515258041225,19.024958686631297,19.972857276522102,21.305979500106307,19.912290788336218,17.425195571332395,20.390060572795228,19.146522716146197,19.566791588453583,18.53810608243485,18.744606965142417,18.55833620594014,18.457945300010834,19.81778520651276,19.16460006864026,17.42195805108977,18.57709759968371,19.622201847369244,18.894169546771103,20.8534045749535,19.574795170627773,18.892487615999286,19.991203630303964,20.290658599878775,19.429556496914994,21.837015027975905,22.20159912266621,22.059387336673854,20.896092066064266,20.02767078872236,19.126016078529275,20.018064609627828,20.324295695297184,18.90750206729494,18.693614936027878,20.7953659306809,20.981828544192947,20.96685833343294,18.790956261823066,19.512213541124687,18.787611966747725,18.91199435634994,22.11669381222031,20.164146261562433,19.936021353700344,18.860557048061505,18.917037995141825,18.856866410933495,18.760096093482403,17.385769850010814,20.1950812501991,22.060341280753878,20.161553854083728,19.393062760366014,20.174810035042167,18.370439683621047,21.371012518666376,17.93314517345404,18.992441320401934,21.105279677818668,19.312177208875084,20.91719853610021,18.39361306619876,18.361975032065825,19.483933064493254,19.47165411352188,19.35291175218284,18.560699688148386,20.19869922071206,19.649467474963398,20.65131337520102,21.123338859914483,20.02646485663262,19.300984380919303,19.68619488145806,20.13451794714534,19.444979541602663,20.114043871046825,21.292445648339296,18.62230034301921,22.063198489078694,19.93590475728241,19.70685910903485,20.96437395048751,20.30219239291282,19.484776536988583,21.282189703935348,18.50553829374342,19.142571951142948,19.23428719480153,19.30486287903826,18.023771152528436,18.652703653565833,20.430414019662646,20.085950107121334,18.50975278364835,17.877768889085473,19.753654532814856,18.614577358029987,19.399883001206014,21.13602220331199,19.40896494379581,21.111476177493362,19.91031247036944,18.418812991908087,18.80809606488827,20.43437581402116,20.095793857402505,20.73980446481599,18.576415371635882,20.174465811114704,18.80331519121545,19.91226359533592,18.87454492389009,18.920553184339887,19.373102826398586,19.813659834652253,20.045970430451618,18.300444545269684,20.6783985136493,21.140080483146768,18.99536488589697,19.254663430486215,19.127954283973075,20.392224163445686,20.27782342487763,18.996014149105935,20.334713720755882,19.609418153572282,18.87825467888733,18.160007565211504,19.46800746723883,19.626462225553677,18.975530926382092,19.218083239211317,19.356524304182248,18.713305967055593,19.23963527017446,18.288389656032624,19.449835360094266,19.1063239135045,19.578688571199265,21.213046670554288,19.03588551623731,18.530658450567987,22.50408139723974,20.66980173874884,19.823126810510193,20.529023552743755,18.22119366715049,20.37265364100583,19.79709445208471,16.66708462647297,21.29165559400378,18.130706271345463,18.393311977317815,20.437243956978,18.149259322900008,19.56708958817971,18.645914369671114,18.66608822048704,18.307944495182436,18.44013225667042,19.984131642547684,17.141551777653007,19.970886455879736,18.543165626190614,18.538414415428598,20.296713786129065,18.745951065504773,18.8643455431421,17.204430423589454,18.274294780463997,18.674988428985092,18.06405078786845,21.057409544365044,20.621794235038877,18.15539154825635,19.768386666568198,19.09935566829463,18.912746706818254,17.457470277657663,19.239690547745887,19.840062354335394,19.444436849443584,18.757544905029896,20.4415381250569,19.940249494702535,20.25266268920644,18.311061480718013,18.157369838932965,16.565216365367533,16.539878289058866,20.001388078127054,17.179889880281646,20.335099372771936,17.575899354719592,21.10199857990157,18.474049851928026,19.013608454525126,19.38739818392523,19.034421159828902,19.635058686850286,19.120929373840685,18.49874388235443,17.84705468318663,18.481871479071522,18.108963371225805,20.646831552073337,21.122120375960776,19.94394522821799,17.903079951139134,17.445575559904764,18.464532757940027,19.870362001594987,19.90812951107813,20.530633427883206,18.538031885833007,19.387398422131795,18.818399785112224,20.82332649087919,19.41656741301678,19.14596523235395,17.99422884206206,19.051718413741217,19.43854177807365,20.203865988088225,17.838235894955442,18.00670964560167,20.06587764290568,19.300943833739275,19.557185882688906,17.34517137928496,18.379391995783557,18.01075420348523,18.500796673319687,19.986566855143273,18.24974626119537,17.39768246014733,19.66715420915138,18.229330938138304,19.38667043983108,18.634715281071717,17.8809259605592,19.125202191267313,17.772038422430096,18.279666911096008,19.319239106428398,18.131948733535154,18.448219557058312,18.158457451737952,21.317390751392526,17.447773167646137,17.528373126437316,17.92915539468876,21.347267228442384,18.804764634207153,18.116758636741665,18.35809318665815,20.013688496469968,19.36225325137491,17.684346676127447,18.121010055289137,17.178526820364837,20.26300750693491,18.67754011636808,18.635171687932882,20.022643159393844,18.558121852898477,17.33482583653767,20.21773255008633,17.795045523991256,18.343220081267372,17.759499133711465,18.29944041589028,18.8514447595669,19.274587924820477,19.037269712281642,17.991933471454704,17.256024576513017,18.232220952632726,17.25089188695726,19.225257088121403,18.10505564989136,17.746782870439805,18.782879265839014,17.738495857773064,18.454360748574093,18.912035541095655,21.56232920098319,19.580209463068933,17.1906506710822,19.87245135295883,20.68353421177262,17.624303561990647,19.706849567823326,18.71344321425294,17.642651011791514,18.763041341121465,20.38029572286103,20.672124413781965,19.296654527704547,20.1764347506093,18.749645070570562,17.740103045496976,20.397551458041715,18.55303072836267,19.06206841525611,18.171935299321888,20.214945596081066,19.189646510133198,20.477211176983268,18.31368159648112,18.030246204697885,18.027963339588513,19.064448881606754,19.499276413449028,16.09913084928021,20.501522089137996,19.431200782589507,20.9958104289122,17.310560538291178,18.412741745075532,19.72192639133196,21.254639635405688,18.43338331539461,19.46546381591385,20.226093905046497,18.98090649025399,16.876162960105766,19.456113312897536,17.173218398696857,16.744594986001108,19.67616096130391,19.828228865056428,17.534376879437485,17.424068383668313,19.29229941709963,19.07451839077146,19.671480405003013,19.72111859580009,20.264623961715674,16.534764070903467,17.69588514264005,19.575028388159517,17.374321663833218,19.042722175977875,20.01654015258903,16.1078750290374,18.783806709038345,18.10982090682019,18.081220598341957,18.32214364299051,16.663744132780003,21.12509948323789,18.519289657468146,19.251732597818847,18.138923147816286,19.75285922294794,18.13921672364831,18.221747442755365,20.95487244528615,17.830765920677813,18.600358339638255,18.12914595968653,19.9001744487687,17.50350347914587,20.477480192068803,18.770075945094774,20.37561069778401,19.398369176308393,19.85924381872636,18.45540513937177,19.724012183878692,19.095541287397,19.031427886919314,18.34409538048246,18.011050674657454,17.797581859230668,17.941624430041365,20.408584980222688,19.789966366450944,18.479241542347342,19.06637467170032,18.272081619840602,17.7123465245713,17.976702362588515,18.70997793411067,18.684876667813725,20.573948914380125,18.32087057210579,18.17693547106112,18.464069548598218,18.919120909117247,19.106956052265698,18.547135044718168,19.611835932086066,17.170563596661797,19.749583501600917,17.32283127575657,19.97916312019897,17.294282560758493,18.424430711499205,18.262827497949136,19.93361205290338,20.49534426865518,17.47838793387599,20.466043888325718,20.412054878386538,21.07505609682832,19.798744553167506,21.09712817896747,18.23997634236503,18.096534106320533,20.194283165401476,18.583706230161965,18.081215201976338,17.796154152018435,18.896046609706936,20.84983228041833,17.804290434003462,19.13959815513735,19.843478009895755,18.540349972470302,19.722921336935833,19.044157821137038,20.295975718378397,19.18453226615741,18.371186234728683,17.17966611685242,18.1044114485365,17.406992597304043,19.843983324333973,18.777932355202065,17.90294070904292,21.142425777844014,18.665204752532976,19.427709534952243,17.65238330570771,19.211434167833872,19.988308553846352,20.68023732355675,20.297659873511314,20.59504677577017,18.277508564910715,18.14487444792084,19.120136372056642,17.889564690703594,16.86139265564647,19.94762101459664,20.606715036356555,20.21583998039742,20.135955387912002,19.808260613841167,17.51672476737246,20.998991274259478,19.20926119896408,19.826649058488627,14.63972759731539,19.451175142039045,18.846074502592543,19.22855455077175,19.63036177887581,20.9659863762537,17.23287328387581,19.43919929633111,21.22194735655398,20.257727997719698,20.32109269979934,18.381048319596392,18.380634206199446,17.85101326272907,17.433157999652998,18.506588178175633,18.4531317029762,20.96588706763026,20.40338880838951,18.50270476830139,17.207477502705004,17.515108584497764,21.90661768065701,18.86762359111351,17.590164818940377,20.295797357677202,18.572116864523863,19.67702965146722,16.671260289575844,19.220902845730965,18.44745737873068,18.407576916375817,18.44556456745454,20.60357155593679,19.711849179503865,19.999590029294087,18.382559717115207,19.224842325271194,18.626615300370766,18.120211703877338,16.72868097830711,21.440830087640098,21.669221193227916,18.976326035132963,20.04076686459166,19.099737741655233,20.57418836183284,18.59938512717688,20.72057533085823,16.308265993002525,17.859333521275953,15.741107824487214,17.358807645189735,16.915263954198064,20.956059020109187,17.841634997394788,18.611978954552313,19.112351486304206,17.846626463972807,19.346550131469073,14.934119108711148,19.327890618792434,21.17168878087731,15.298730114074797,19.766696743817736,18.801553114568517,19.3922464178141,17.46838537442476,19.84457031194557,18.87648181781901,17.906066589361984,18.926556827793288,19.52581551099454,17.182701860502988,18.545632439823294,18.40669254339739,19.668421885492137,18.952810469139745,18.620588508119987,17.438343231440935,19.689102192804135,17.82490195444582,18.671769509722083,19.52505126441051,18.08583609711138,18.943071744592206,19.302722913760004,20.392191058926727,16.674276133938374,19.812085989016293,18.951584723495728,19.117515342984444,20.45024687543106,18.736855502449504,21.554543154418788,17.24025174705664,17.905817007376275,17.668168362114137,18.672391917009236,18.876562459535915,19.13167634693529,21.547632685884,18.23781334207864,20.826906213260223,18.836960815680023,17.53866582785528,17.154086987321566,18.998509480463607,18.600026573008645,20.518899437230314,21.249183033898195,18.98336541361047,20.374304445423952,18.370471037979826,20.94285234239251,20.074010146585614,18.485454755907966,20.7392435546673,20.03960291292761,22.354259788554323,20.27876541358143,19.392142929468882,18.869692987099178,18.428722767769745,19.16528718649348,18.086142409653434,19.0221762653995,20.772910398369955,16.778488926543048,19.630799359285795,19.62525588003468,18.955558297583508,20.056548710893736,19.608284180960545,20.887179275013327,18.798253600792147,18.657811764890027,19.527151321571672,18.8197696424945,20.33775162338352,19.251607583778654,18.45569544172122,18.427718924645937,18.362455538344676,19.41557058037786,17.955687933212587,18.185664912989328,19.80130539483823,21.112179063528686,17.150362061436947,19.14834001826617,16.29164413408542,19.38759239001959,20.04442271769728,20.16796013202174,20.026595903618404,19.97488961108297,20.700534524568173,20.074858701392788,19.7737048329541,20.412237802110013,21.510841038943518,18.90302539471493,18.519602993906975,19.92005470820741,19.04322613159249,16.997460690090286,18.084564241085925,20.98848092530933,20.18748652192899,19.23346801246644,19.171856737151256,18.628994834457092,18.79549911535804,19.27751202359049,19.004071381034073,17.76212554360181,19.71521970193335,19.924721762452613,17.958084230127305,22.111980958669378,19.88746011392284,19.557239776620165,20.840176717954087,17.40505917228348,18.325782985926043,20.36216089832724,17.609708423164257,19.315965673545808,20.96876870549247,20.620312081567917,16.492670358874935,17.791375113690215,19.16986877929248,19.974162275494443,18.572440342532737,19.623572379885793,18.981812317501173,17.5909164669634,18.930951586833135,21.905761258514115,18.037417536293898,19.169394931946346,20.541818666776717,19.203011350683937,19.37747065510831,19.039240861604704,19.61459482515037,16.76745091572091,21.162261217027314,17.688230270291683,19.17980453209187,19.816963082918353,19.777391914478056,17.257270254704476,21.065917931944064,20.67848767570183,17.475512824233515,20.568621545637956,19.597987882143943,20.76894954971406,18.04980965895945,20.041520156109932,18.22650873192001,14.421715765730399,18.823582744280113,16.488956804547005,18.139502381712035,19.76106569226969,18.594053407005713,20.405708179237344,18.728928799306697,20.508797255769974,16.354207159977566,18.52950498389207,17.434052044421065,20.488689874383162,18.678141794173584,19.808354371642046,19.30047111491542,21.200560078203534,20.270478728739352,19.664225006569374,16.809631648524906,19.815458664081735,18.8087043831042,17.425521122575223,18.36296725735025,18.03517652101697,18.772658871542824,20.574944303382818,19.221220669284776,16.884387425082437,20.53788785549316,19.544559502527957,18.22503902494932,19.618029979345685,20.41453241303202,18.527968739663883,18.865836706167386,19.57871574913992,18.958325391237892,19.463283082700688,17.768846602365265,16.785780905364142,19.350804323485505,18.302986490097386,20.41559295817376,17.87341861520895,17.2989693600549,19.928933221953134,18.996181917799596,19.779721482211922,20.557389556245877,18.35094793100324,18.30948292687436,19.418886927147756,18.44324992902826,18.948620762024696,19.678002497124076,17.877276125890692,18.899760238556855,18.631760520302677,20.687063472660263,17.74923048108694,19.256282318324534,17.949157524204338,19.84669290629791,20.134714660655067,5.038223353132294,6.040828908484727,4.155129124642171,6.253725423673029,18.818077591878062,14.811341803600273,16.160877438197783,10.42283680420019,12.42469774664368,3.254770801291699,5.460622027852142,5.0369051406240795,3.2825160069503094,4.622661455262973,7.48469867681818,6.787478936995719,8.450060295911394,17.773932561872968,17.734443727434382,5.725046434013685,17.904553262461178,7.203520216785992,14.182101536490629,4.294603099023998,5.059152939541587,4.4464204949333705,4.729868141333474,3.910476123975347,4.623076901668065,5.183597422240781,5.923395058727304,4.821059703467573,7.127144780491396,13.463566795438911,15.27275573451469,13.23459301938975,7.088801089756183,18.98616295466194,14.7734941621599,4.512873498770859,12.729745391151027,8.588270959159303,3.315183902649536,15.098043574986484,8.756589002654573,18.947645744104914,3.6024845366180687,17.829859473655226,8.685014453967963,4.791880661058989,16.538375754677933,5.290137090419732,8.867595148050217,19.161604965259823,16.957921402660734,21.558651405064197,9.332933178596956,10.710980193689096,20.37717233802709,10.450059622792915,3.5208136938970784,13.275409301486764,12.181248328670518,13.402126169540688,8.260365988177806,5.358560364953583,5.241094575491598,4.674247968607976,4.04538973167557,11.465895831102316,14.87234172850139,10.881524674187462,5.9763118364919965,4.523050775242265,16.627676968044742,11.481627031966651,14.567187408510716,4.296693566919704,7.115457473413586,16.4749557416455,5.917723908262299,5.703898454419559,4.049764920458991,4.490198326596877,7.3527960012252205,7.825549295214474,3.335535008207548,5.79555695579946,11.413700023148479,13.787761493929562,10.98875384784392,8.892738199376105,3.3928863511073617,2.897530783317528,18.210488016232162,9.885770026139431,3.440595075466312,9.136039991854139,14.46251220804333,5.524476427924171,10.882242459155025,16.286725602649526,7.321533523020014,11.579608548965693,4.521821047973552,7.872498852632835,7.762297245488855,8.480158554525627,7.285084042634303,7.937798912300072,4.2946420318773155,19.762352672309007,7.271441289662712,4.625027391269519,6.009632678597231,3.483318166130086,9.22282276073179,4.820759623941726,6.830550593723473,17.569167234829337,4.893768879354945,14.810228439726023,18.81500465116501,9.425358029477346,5.539713556277373,13.98058810101239,6.290251069697607,4.767897643798359,7.596101656294549,10.761699261266216,4.424256182528865,10.583195049795886,5.662766723425034,15.488566320367147,17.058967750264827,16.591266278631615,8.356646640584312,4.430706926940401,8.588350664287438,7.909514537072597,18.007411109512233,5.229019010301414,6.243017998060695,7.9228973349515375,14.682212541344056,7.8379619576674155,4.268663876420998,7.3447559345934685,6.607643954658589,6.802904408889322,5.522548395901648,13.536552218335645,15.025563799370556,13.790669426205106,3.7635873627439604,15.827633784931034,12.052629640680172,14.745988094270789,16.62235743582034,7.477622609713955,18.97080396520216,6.249272041436425,6.49434985751038,4.529452615091389,17.054458176900017,17.344484342389585,4.939059316791024,19.884053447489624,13.207776523144908,10.577274831504136,14.179919521818615,16.751709395582232,7.486971405889682,9.565743484928602,15.312564162182463,4.855838115236792,13.814425140803355,4.655345105400231,11.957749079640843,7.983226153055187,18.881390083617877,7.5710697220192555,3.7384616304318605,8.224746689574005,3.2525315613198273,12.736520034509219,13.841540394195349,6.097934098124042,3.8543466015751338,4.196877358464922,12.601557092337636,6.746234858145021,3.284062261451846,4.338821164153329,9.959641467367153,17.506543137577705,9.229462892049092,12.72855266374438,3.4369228837908237,13.201668631857387,5.56156506051277,5.12165966034927,20.57159301974805,7.786438374460819,7.441436483561499,6.537230470132901,3.8547454564390478,5.446783265289891,8.298020426696532,10.081487969429626,6.792997114015163,2.9892933023776567,18.178403396583786,4.74526581856485,13.600036986815907,6.230380033136902,4.221123956156435,7.674668261104729,10.847786439913262,5.1651954319806554,19.925124482286837,2.9976387410791068,4.8157864236147105,10.93664456073074,5.637750658965404,5.118271742182272,3.302871759571955,11.010281758183442,18.260887364296593,7.065264113362739,5.201069347732967,5.498074510262476,18.929761782697657,4.2666133146321314,5.991471473798795,4.533354338013971,17.877329716076165,14.34867969813468,7.379253757813452,20.64053621759978,8.340625080853592,4.540367086644282,4.191096044183123,6.66490559769133,16.17175210078271,13.947682756101175,6.660672880891095,7.696995415029255,4.1805365860798025,3.807608923562409,4.245004462593818,11.323366759999711,15.137136422079482,21.67145459872594,8.753884612622294,10.954874518163331,9.944510915386509,19.016319173020154,5.262779073876551,4.709524795188397,5.0690505263909875,17.505508531437638,14.610037101593344,4.905137628114431,6.403274099786694,15.016395634901535,5.608423850163435,5.717135262006233,5.677692837223107,8.923602095366629,4.116929912026611,16.49132997016044,7.555434012233484,15.06831891287202,5.296128863557726,4.990566323304171,5.245649331860085,6.0808636386781405,8.42342305014151,4.271018695639974,12.188655775640473,3.1809517568685552,2.842709428748853,4.469735885942656,4.5495644486104325,4.092373527577475,9.926935603938006,8.876281302206186,12.70603146115874,3.984968523559408,3.818180343946332,18.044976008168135,16.064417971767732,15.275575237887018,14.008069561599434,10.018470967372904,5.441712870342937,5.358869531670433,13.097220502689016,5.980596259753089,15.923954232854019,17.60446282410168,15.489381540197224,16.626334411645413,14.69413925287822,17.61501539238191,17.38683372661142,14.338566652227927,15.916111546767004,15.75138095318108,17.903363439159712,17.827222797619093,17.269192286339266,15.033606462577445,17.59738260610666,17.44595871955219,16.001175621383503,15.892226719384343,16.490668118134653,17.67047828221242,15.113802052878029,16.32586210464866,17.786028765312913,14.359882461144597,15.713230092159746,17.98619076146346,16.952980520163496,19.537216461714024,17.682627138559432,15.706003035683686,17.232953746107963,16.526870156155287,16.301685418269912,17.67830265520772,15.261350339114545,16.464251100343475,18.454924157723134,15.119837313797419,19.373298073709382,14.581775479492503,15.904954411877107,17.381912817726974,17.942236129201376,15.710608033174044,15.756969846053611,18.096628994749352,15.177862588388612,17.889464423107697,13.860977494883935,17.840183020953127,17.443055052168912,17.800866572890893,17.742564310155437,17.139677238285422,13.530308212450175,17.59855431243428,15.309242411957513,15.679477490108154,18.477550638266248,18.908850025311597,15.518755584779596,16.060934225431822,17.801819026218364,16.044195905890337,16.317747538491094,15.11609647741091,15.529572308880327,17.087120926778088,18.11445135472068,18.647423758244646,12.265751950210866,18.803720719394704,15.968458653893022,15.658073122410645,17.684387219423073,17.848438723601916,16.857931012156993,17.314404770415567,16.667537772719868,16.274437270517875,14.943372416897274,18.02795812214494,16.709627894347054,18.104543365234647,18.278893645646264,15.566685854749094,18.95837778720022,18.587288659636634,14.0695857417461,15.103741135971603,17.839688434341884,17.850020956154438,18.18190575815307,18.44398608395205,16.35168014909685,18.119260839417176,18.701758036559816,16.695386085714983,16.428523078393958,15.827421088333658,15.449016288062348,12.978848537837449,17.60190689724976,17.566722389852764,15.791150539742578,15.310263534606303,14.509747157446794,15.716361831241851,17.938015037588908,18.81069844657306,14.327025610740343,15.728455138538992,18.22272621225202,17.742861264811904,15.797353632167328,16.01747673583184,16.8603539160251,16.258388105891022,18.66685657844367,13.585202131497246,17.809620052821824,15.718357590176142,16.434546495164163,15.782763113734235,16.079572465138217,16.85964012776462,15.862330404113155,17.510555014909393,18.2408000106012,18.496302194248102,15.393947818307785,13.149098791577496,18.113123487177127,17.189481652875635,15.863450615976072,15.837760938229568,17.589925059764802,16.001619789037473,15.31076275111853,18.009445449329576,18.97769480816768,14.810394962106022,17.834374138323287,13.491730103720418,15.709162553838572,15.29830614652782,18.467513368910677,15.84527315013877,17.295544551512215,18.218619037825505,16.029336016897606,19.489856164100328,15.873719241830743,17.23636245534814,16.975744514430115,14.055645493826699,17.86462602272232,18.513343827397026,18.251716691130945,18.236479834423054,15.314390574607755,18.80424809372651,14.224381398906525,17.074009409525264,15.940709811161982,15.029359876450744,17.68732879238202,16.05715695103901,19.213978928874837,19.515123287819364,14.015500148239743,16.22639481112588,16.448266577247782,17.605669543606993,17.551899074038598,17.864642121804216,18.195673799231567,16.214798124042463,18.08669946946097,17.816784282734883,17.039630655435694,15.915593732469606,16.893818023382106,17.12516714107102,18.41025551024833,16.232229366357878,15.546789457323841,16.144296659548093,14.95326953683971,16.861905011507417,16.3429203360235,15.7467913094638,15.882615472141508,12.551722131672364,18.151729625336692,18.715592757020616,16.351276546563195,17.332888497794336,16.31360057556112,16.772155936282775,16.951708570087668,16.864461510326326,16.72317647135265,17.560095491619197,15.023034713877196,18.14075207997399,17.142406932569777,13.806044042574069,16.030192935270357,14.545764290892441,16.235694612953594,14.664839787292244,17.75965133408853,17.912813879905883,15.658522232150448,16.506886953037714,17.270511551588704,15.708767713896881,15.255693012718401,13.52304748128019,17.672002760282727,16.532660050606577,16.301296214574357,17.74857428226058,18.38247130200133,13.141638479932537,16.884734788308716,14.029252151177419,12.192852310520992,16.13562833783281,11.929323654039159,17.481447042480152,15.113967524939447,18.020348016295088,16.099627923320952,14.744996761495548,14.952612335912972,15.756285441388119,19.437069185561146,16.95241407199788,16.267645730269027,14.130857097469315,16.95575184974555,15.645565686300525,15.667524616901401,16.762419333602022,15.977281415999226,15.771223080691698,15.519296647670453,17.79633176276191,15.767867083403363,14.74170710382256,17.94033969941519,15.433891646558894,15.804226462695688,14.77274661126624,14.90469503770319,17.28340439751244,15.710421748268669,19.253565483571876,14.64874886007799,18.832310096110074,17.85441390215557,16.33575450477579,16.415901707452342,17.911915359917224,15.112302993456327,15.228195870101846,14.300236977554988,17.676810447372397,13.714643034719925,16.606519370882552,15.412497481644952,16.672060828190222,15.53130354946793,16.331339391281656,17.95609212825261,15.962598780343837,18.55618080073687,15.263020061603834,16.23447782904772,15.867867135854897,15.86049157664392,19.660409213483867,15.573716662874336,16.46590580448099,14.987706931739778,18.45135920505477,14.792372984314643,18.56332599997121,16.326923673324455,16.588896129408926,15.595726353368565,15.42789378651082,15.361610242070132,13.012723780859556,19.250079997932765,18.298682876435613,19.303468782169308,18.21177559696647,10.154355161661965,6.708015977371283,9.202923739880214,3.4201533003922604,17.737552740702675,6.172023264926653,4.910048467946899,4.696092008487183,17.744970579822585,5.957195672567234,16.097854225725936,12.282562554893786,5.4919411943819805,18.880626565704734,4.544430863204144,8.680039455273521,4.299697745837159,6.499930425321754,5.146537119025645,7.176488166961709,7.873012991568276,8.541151192623527,9.25593676102709,14.25098678460762,12.634800220879233,9.178221898667786,16.320385897355216,10.243229747323872,14.744878289160294,6.456757909110623,7.828728870486722,9.879921100964626,6.479731640976789,5.986785879374315,13.356643588034377,6.963655885047852,5.763787595154687,4.796841094977559,8.574608328036398,5.001468055292267,17.41835172030182,11.32332684359591,18.709026865727544,5.749953441247009,14.7919171815076,10.996165873521779,16.5107387374246,19.123093300876626,3.5148364362551794,7.0810478833337624,17.19471377651364,17.792629684706046,6.221398882745987,10.667039076947582,13.43710519431676,6.132277906569452,7.64979766790618,4.876488949073832,15.661345192933666,4.602232108796074,4.82415954221023,4.081015166640906,17.709890014716255,6.965036041623448,7.925576792036519,5.150304911018187,7.270224365340396,10.137386976503086,7.650125070117744,5.601507621101783,10.02473678877355,17.366468763603812,16.668119299332158,7.080044352588437,16.95968118589405,16.89159975396513,11.218969676425347,6.176473282686565,16.373280393800826,4.957627112805914,9.172621171617765,12.527570750923717,8.523172171811767,17.022015085900332,10.17848620140207,5.665978006704622,12.72175275644711,16.832624818307558,9.001726524879112,9.329620704465322,6.149775656782928,9.944034209971964,8.393168533442477,14.836296803098216,8.842171689177233,9.113866115060155,8.636646649336292,18.199672248142384,6.6580980154105545,7.619809166033991,16.784852545408206,13.664094501547744,14.215687125208916,13.185520051224108,10.10686662062342,16.897428099508012,12.45139881713404,15.378887074351457,6.157330841482262,5.683669375221911,7.8773893603694765,7.175022951843378,12.52576661462554,10.455905626313285,13.497538272762766,9.015722671574173,9.303762367766748,7.434515200666672,11.163590260417267,5.66880292488704,8.200688447364914,14.449246479908057,18.05591143244428,15.710994709456449,6.358021425967745,9.123460173720938,4.579797071679172,5.927758792284405,10.284617631640653,10.940827055525437,5.976424469070175,9.688375986073135,16.902253706550237,16.297272191008737,6.104511853769989,9.175027711110511,6.8787462586653785,9.970652556910334,14.714124943342227,18.30911731891104,7.057056880531204,16.936176553903802,18.685631358442663,13.932410864630718,17.930421376655335,14.404483041655446,9.846571115182071,6.192523332482836,13.66174930971325,12.614865306661505,5.313753604481943,4.136981748464831,9.628385535888533,8.314829027237874,4.6899655477598685,5.774196359512165,17.295392678523097,7.872623583812874,16.02686451281142,5.452426548998936,6.4834748901979316,4.87248166296544,5.629128480987618,16.849349381391818,4.9856758372427015,16.09269394758111,14.601044799104262,17.017044989175766,12.064178670502077,17.065570053363068,4.6263993310407665,11.406406300925418,15.567801404983197,4.194867918648651,7.442266396231598,14.837255116893738,17.214757734106048,7.459672993224968,9.481388908171352,4.90387786468014,5.626219902479183,10.654426312795856,5.92630510813492,4.28481947523409,11.49369144787235,6.393729000330446,9.891225896793264,8.132538021016726,11.871951260856319,5.464117854461566,7.598226668973721,14.210599734023395,5.0214396573147555,10.375826455911369,17.910441921476345,17.714590967847307,13.29612742894384,6.952538428414518,17.287915484354613,5.749751921674731,9.77558207251812,17.582007719951672,4.8742229710763425,8.002260694489538,9.430865822753068,4.998143199684396,16.76028017887236,7.7624332642224,6.254489359880311,18.035295161647873,16.73787492281068,8.988952377938315,13.792469404259837,9.826063313256777,17.89047007317923,10.80679165516234,8.71919895363518,9.76905099860292,7.2175518634370714,12.092455402447262,6.186536020837513,7.307313639285103,9.37710743669284,17.914052494422208,5.725609644492531,8.911477569549854,6.152217156850881,10.184979095371368,5.616582189992778,11.33466233596249,7.473373544380741,7.627210916725571,7.397142604629723,7.398125552262506,17.123761663513246,4.993050517006527,8.818432751817362,8.146113909408163,6.807037105753569,4.3777175302463975,18.08025363546608,11.581659628512854,6.170766426311662,14.513485380045992,7.116226829877326,7.67173551851015,12.449854677866357,5.908548747424131,15.539013043725431,4.744182423878487,6.789064367642539,14.427480944595528,4.810240122445838,5.254181163775777,19.755193059693255,4.467231794075639,14.654228548740928,17.057881263483228,9.181737426092608,7.621863823406343,16.23343854766566,5.418703662889716,17.39688738542793,18.583162336419495,4.895539930032206,11.46879732075323,10.439613441201116,15.151228459179718,15.050558556727342,8.647941896687138,7.516711799958088,15.152621475224265,5.5882828802143125,7.9367697868204825,8.32628470868122,6.468056156026126,5.528732822869442,11.68853606343765,12.084209093636414,7.274315495422221,15.207197626993782,4.974436871882332,7.626430306269467,12.999032952945004,18.045233579793514,17.087478442816934,5.594793537317886,14.084563321916436,18.05568701914688,18.5901053157211,7.419403908755312,14.688031700617055,11.04988225284434,9.220416093862806,6.593879850695508,5.2417569911609405,5.419973928945178,7.235169400216293,16.004532047960975,8.351305149718478
98,1.4801042399827529,1.2699293919213475,1.3519604849777944,1.3814114858603546,1.2905926265215388,1.3732835062004927,1.2371440390125734,1.6151996590118145,1.4378591033424142,1.3485490389751154,1.3196393767066337,1.5787358378029193,1.3894545507585743,1.3882184090103482,1.5275966740043077,1.1818617577831931,1.237359167451233,1.342272439641911,1.4030321415118854,1.4479653685916993,1.2274565102240287,1.1719484481442566,1.3577366376013427,1.1122746516909658,1.4126211684692516,1.4006412209535952,1.1896989737601291,1.2669074487880914,0.9381064799072619,1.406379285315206,1.3776772548687104,1.5748885865526194,1.4840020367873785,1.3317093558956388,1.808480924920477,1.2181199819399138,1.2827874655002833,1.366627836633778,1.5295012158002566,1.0235712115456919,1.2405037981487126,1.5242545223103934,1.379991698556223,1.4556568684558644,1.3429871193987026,1.3559928539652497,1.3487796700213939,1.245262983353446,1.3632491532709516,1.3332707388195475,1.3659879668362132,1.436315563499718,1.5363928437138796,1.5732374271463352,1.5471768609584065,1.2614279508410193,1.6725452544968933,1.3654750424903492,1.3950322069683645,1.6186493840413578,1.4076504229023472,1.3090518580750472,1.2794213226805655,1.7326116324492926,1.3589554478752994,1.3158156303144324,1.330982290944109,1.2148907933258275,1.3571065036058887,1.205155889354433,1.3414782069522024,1.342280944822096,1.3975178936427595,1.1546988200480017,1.4066014466348804,1.349090229132398,1.529123726127926,1.271341183129786,1.2426246699452672,1.7762507750232637,1.603122818785001,1.163605662404599,1.5674520950184345,1.7710165206782387,1.2308791125531533,1.3059729145836554,1.29358078957996,1.3304535279629401,1.7068885074668534,1.2579449232857827,1.0745682033270096,1.457679907068163,1.316548009390567,1.3315014316504687,1.4945720508842355,1.288231959895055,1.3860724060410017,1.4513882304778023,1.436925266393043,1.389687855068319,1.3285664051579877,1.498512755994075,1.247137601620002,1.145624763704715,1.2377707492029322,1.3858240591285749,1.2815288674492062,1.5830344503996179,1.1462288711277346,1.361443346049358,1.3044571292668088,1.5621716407764925,1.3314185430575987,1.3484626690610093,1.0960028446625978,1.3766148917918668,1.2645587531635913,1.3073993997734699,1.042529515447174,1.4365102318961571,1.199213979910587,1.3770225206157363,1.487791873597676,1.2331738563739696,1.029107893359789,1.3912073053829779,1.1990548882353447,1.3659205768521256,1.360784373786173,1.24294916881978,1.3649137925670376,1.1807398119423425,1.2812403641132037,1.1710879638408043,1.3862616293265515,1.6015453491493645,1.00946634617747,1.1716435919722947,1.0610261222361237,1.1571547627548437,1.223791556451154,1.2900146434827677,1.2358741751674285,1.3275259656103418,1.5102129743737491,1.3235880185183975,1.397027154234268,1.524676486573385,1.2841253789032563,1.3329637111061423,1.3501061971851005,1.2786019429348154,1.3777468804204982,1.3639452762328077,1.7092198177556401,1.0962298479175485,1.1783198746599308,1.3618981471758773,1.463968988709999,1.2439360605710752,1.0771456964075272,1.352713710264599,1.3385343385155943,1.2964901963340933,1.3359856436340374,1.4392909831547547,1.0970705535242404,1.4160252668115056,1.2882018061022151,1.4899678708366266,1.3214485925398547,1.2982332227508604,1.2855565026452107,1.0266999064682547,1.1418305809221931,1.3200603173606866,1.4403751792475312,1.571716079103475,1.2549020349778643,1.3392214519175654,1.3389190783603766,1.6826515847577712,1.3666542892628832,1.4307223193745942,1.6176263854992645,1.5698277746679092,1.3626556616627281,1.1293339333704497,1.084890680493994,1.415578895416216,1.3122435513789243,1.4325203054011133,1.3657221340618395,1.3698217300608104,1.4940375826932535,1.5873605337866237,1.3893752990599089,1.5347623822041365,1.3137219171963088,1.4047010611348623,1.2855167349027772,1.2885207275919666,1.5765367281049498,1.3750774646709616,1.4065718260804891,1.1376906270012106,1.5676930260577864,1.3805103600037683,1.2959272361391267,1.361024709503473,1.5610354482374986,1.3482584346865727,1.2329337354453862,1.3326491507460556,1.135846358685034,1.4797067832498947,1.3552659390939965,1.3007532967079607,1.5772838385799226,0.9725102705367108,1.3590884442805398,1.3516955757723574,1.3355417568153238,1.499380786420558,1.1317596887856873,1.4710291115139993,1.1059951142035171,1.4683574178413359,1.712632181708242,1.452233047990541,1.3730936699093639,1.3054856599333908,1.3064001000657186,1.359061344236546,0.9692858887450881,1.3053537707760605,1.322241523266255,1.313443015458075,1.5073086247809746,1.4287182041884268,1.166830035656,1.3285758361412792,1.6053344436423145,1.0918869767607369,1.1179831478293216,1.4760649295863193,1.2297219310816578,1.3005821308611045,1.4121136155335232,1.2789553662682176,1.8019915627133445,1.1389683490866664,1.3295755856525768,1.3358790467937471,1.3739495898242606,1.3941634047002545,1.258365052709946,1.4252547392896957,1.3296555250491622,1.1048481644244033,1.2983181771619583,1.36812528624782,1.539247514689605,1.1843206404776578,1.3731313829047607,1.1390044803278,1.4555173421272294,1.3060948625059936,1.3558145821116296,1.3053422881007464,1.4566391088798525,1.334155662361689,1.3280695935813753,1.4172203482802315,1.3523346720466154,1.374282190196705,1.1168684155044186,1.3087682845089543,0.9876147190314343,1.206532854584724,1.1879968585430163,1.2298907605031557,1.4024532101882214,1.3783490947964658,1.2916598408443294,1.2424584090983737,1.3211769935812312,1.082848341681892,1.5286715446092554,1.4267584326708698,1.5073933067383811,1.3674017998062187,1.4732153337571443,1.3086774322137233,1.345575648983146,1.4456313766385842,1.4399175522150474,1.3685703919774057,1.3311241105154328,1.3201883797737672,1.2839308333125188,1.9664630680581021,1.5557731517631483,1.235598386969064,1.4714145715477176,1.5471831920821029,1.5070174055706391,1.883479849451471,1.6579386960562692,2.5777793305823864,0.9930566926720531,1.385923616445096,1.6211555425158866,1.995018899665835,1.276449236962055,2.0590241466214416,1.296506387192344,2.115918551418208,1.5241236034383923,1.3187819000033527,1.2461978443526784,2.127744517542084,1.168313231266575,1.5895328143949887,1.2556397523670662,1.405713501945264,1.3073742853260948,1.1831393642163455,2.112202170771605,1.4122422603949936,1.871782932124064,1.5052635443889788,1.6124521826804876,1.1881720424949775,2.3551204862674764,1.3247378859663237,1.6699998308166717,1.2603820146814106,1.4950865725970848,2.532403178762557,1.185612495636831,1.1912609082488705,1.9989757776224473,1.3355566368744844,2.3444939031349503,1.6742875801314445,2.0176702542612492,1.8232578247515276,1.3325923163582336,1.667949496131621,1.612835871550801,1.486297431029164,1.6807135630038081,1.3188243080665578,1.28781718537748,1.173054053825746,1.7026931382898916,2.8119594275012845,1.9163645356470087,1.4002152637728835,1.745021483978227,1.5870682674477155,2.000116962641062,1.5790475751968316,1.8082403859195286,1.2857842424582968,1.3667633306960592,1.5234788427360182,2.4811112937751045,1.3735941417979163,1.3737348662696554,1.7865286989693119,2.534288401345033,1.187339361596624,2.5622661157730966,1.52204846360308,2.4227088398014014,1.9561620626541756,1.224320526551998,1.387051150660045,1.4493576383654851,2.1744764163533157,1.3539591089543068,1.4068512143185647,1.802075226994799,2.017557251430428,1.3024735789094695,2.0520630412594296,1.5865223965612802,1.556839140853975,2.343672532270309,1.4819518413906128,1.8388979821917903,1.9974517263151554,1.3517759509064,1.4901035200140602,3.989266168167542,4.020589497895481,1.3982154204074169,1.2341009060494634,1.4291562211504625,1.8926578424157539,1.1620478544862456,1.8933363355632002,1.4229907764009169,1.1196876018639488,2.731289961928431,1.7197619676441784,2.11107136626584,1.3644606088602018,1.471991768389222,2.84100519735963,1.61670405219699,2.0035307741629387,1.6092668609954406,2.191147826656197,1.2374320965412267,1.5887641341292242,1.4984772948370706,2.901291812499437,1.3603683336294392,1.505302033413014,1.617488962104015,1.3415804534225269,1.7105403331264442,1.9637534332275102,1.4683514468158894,1.4079188534003748,1.5642583718253005,1.3558737850269102,1.8986634803582314,1.4095401079121619,2.870403215263708,1.910256385994907,1.9631190695763643,1.674951396459138,1.7237998493883837,2.50273150792738,2.1985924007757522,1.9603416637833795,2.5559050567580277,2.957135780055652,1.2012740896604561,3.7368855291973517,1.3595493996971437,1.2946039611511266,1.4251114195362047,2.529290757077659,2.4813052004470486,2.50061318893149,2.2541439868037663,2.7361472432323897,1.5987078894935154,1.3244332593854262,1.3904278011123699,1.3613601879105577,2.8773038582981885,2.025907185977814,1.9075772196747987,1.190469544946229,1.4199473542342866,2.2484447339375353,1.9164306697392703,1.308867706005564,1.1810622545350298,1.2608597957594052,1.6107494113379952,1.4836872997895725,1.6926790811264143,1.9639746232653152,2.4783121251423053,1.434852008718594,1.5601031650289607,1.528184243330297,1.3732393127453761,1.6254215819278284,1.409960892923402,2.3746821214679956,4.110904146918384,1.5200609584669529,1.439915219705639,1.3021055680920368,1.3932472598291663,2.337432046669801,1.5806929470655922,1.9463517451175179,1.6332843852402952,1.1895695025017032,2.5249159510317796,2.570038055905939,2.866481852469023,1.24235102064758,1.7724003615029833,1.6983062201902976,2.241026606524624,4.029773173395647,1.3972791114279377,1.558738771980759,1.9122400626175615,1.4044547768004336,1.4512263224257325,1.265761744198551,1.7394022879692057,1.5648385296115688,2.0365611513643556,1.474287406628182,2.059661968505062,1.9186832216832488,1.5847905786646548,1.186341038541064,1.8769529606616195,1.4106466593204638,2.0517660919251752,1.4183512532827325,2.865311219747548,1.2073834891048614,2.0139169021635572,1.3730709904800804,2.372805416472772,1.474123807785162,1.2294440679478296,2.472232477454794,1.525410737823096,2.310902010318418,2.0480995191794045,1.3444817102972633,1.3919670282895502,1.2776619006379668,1.5302664338762346,2.560826196622452,1.6114060115343036,2.9202519556528284,1.9578173780234862,1.4471019637966638,1.2584073297506508,2.0158625728736275,1.677936912293376,1.9873695265521898,3.012487046445172,1.1932657147115373,1.479932342061652,1.839486604583028,1.3112317945968361,1.7365374180408057,1.5206502756464029,1.27239684515717,1.8360282700967023,1.618031031763917,1.5009382878280053,1.3701340783810751,2.6815858218154123,1.9025758179040209,2.307547436911704,1.35949949961158,2.428616370964043,2.039750371630382,1.6289325013646296,1.149168063488813,1.9717249470681495,2.5059932610970335,1.5675998797630317,2.1142690729488813,1.8774341345905168,2.647591852020184,1.5417594000924355,2.8715865016224766,1.765440821840316,1.5242389516293608,1.3730620219580947,2.1428425417273322,2.1357174261147636,1.5796474185890022,1.5333472277686044,1.3436436294421596,2.1650563130195035,1.2273028522344553,2.1739861008628543,1.7358741343460222,1.3671931069015963,1.4943885956474008,1.766042736958657,1.4653031622187123,1.6320031577527185,1.5258426297418413,1.5134704088511588,1.3542647867988615,1.606163770487462,1.7846180112904424,2.852246554930292,1.5053279449263888,2.1279638745430707,1.075858741044738,1.3496919970761083,1.4781092200707786,2.9290248662279743,1.2050882854147067,1.635528524886915,1.1741579573138594,1.9244554332346304,1.583198727390017,1.3859522620136504,1.484676593904153,2.3305024785622352,2.4176803123237653,1.709112842850253,1.1092761305436707,1.964976090321815,2.5514044863777046,1.3549000640095985,2.0851679273135018,2.5258015128021856,1.8987658101042328,2.3645853868329634,2.3393477521113475,1.7973836821880682,0.8531608220199476,2.003561061845657,2.3878110037638356,1.357792405129461,1.0990257030585082,2.5452677828595336,1.7337538501123098,0.93295571780241,1.4429185013973869,1.1872127347907488,1.552781221381539,0.9136864655379923,0.8630145561488336,2.425994806845927,1.2926490312330303,2.3053837298467985,1.8801202460451407,1.5692477974742352,1.5998464809217294,1.5740515009406026,1.3319634036454289,2.595628520099135,2.3636540664343433,2.2739947230199453,2.411861329029534,1.9262845571480083,2.1394713656002238,1.2127055230784565,2.268586146982872,2.1004029669848676,1.7216592604531014,2.3244783321048232,1.243201658899194,2.3566588957993613,1.376657216128628,1.965798083982761,2.223131362336224,1.2685180715522844,2.0594734203570537,2.699005098859885,1.9935615586116955,1.1136403669776378,1.5830198209386896,2.65653283923148,1.0271429792714029,1.3810781389801599,2.404042468744176,2.322626822439649,2.215833155688569,1.1232385677505965,0.6554219939091661,1.4779518898007664,2.3365440603163883,2.5688793748440997,1.3079073376357133,2.1456866311239096,2.680569193959623,1.1257944098838142,2.019752752715401,1.9426776978595648,2.4864824672861787,1.8817401495993515,1.6552061466955,2.204371851308389,2.1853226355024082,0.994328961516163,1.7226661933779217,1.6871750503641465,2.8056338960372154,1.5677392676631705,1.295753252103488,1.9679425203486764,1.7230457894431974,2.14819222369302,1.9088568420297036,2.3569907881907497,2.1280550422971993,1.6733389346352325,1.4727578062424345,1.3491982885740845,1.1969347533403585,2.2325747346544094,0.9115535642095463,1.388050754801596,1.5727595567790067,1.993931044266668,1.6779544027734223,1.2883753627880146,1.857733286771197,1.62113588753328,2.2939742908775416,1.073475071398988,1.2959665368817213,2.0710601459743114,1.0383691180709635,2.5230278373016386,1.7584094071002347,2.4437586264924525,2.227111055540295,1.1560625685279684,1.3690921144051706,0.6266034658885963,2.256837127719864,1.350373688011631,1.0401233941499606,1.3161818645106733,1.7438867785980696,1.3321511592062603,2.0565966600966803,1.0023208780798436,1.535627908526766,2.242169406337671,2.5110140286707767,1.7758722902815403,1.4925420017960422,1.5536105488866812,0.9867720307620398,1.751376924971372,1.4573662281912887,2.286497906804097,1.661596291187391,1.379747908572868,2.2864141911491096,1.2238410284497598,1.0853779524192244,1.2588762449393518,2.486548964244526,1.5042329355345898,1.8580939870502278,2.520232881565718,1.836076591869791,1.9404092629710503,1.1136777622561913,2.7241351384343715,2.5646974064557817,1.292798513829855,1.7770063204464643,2.08177869289428,2.584214771810421,1.5787287631652012,2.7704673801274247,1.802717592430441,1.1443289319856997,2.1837401797283746,2.3869505080160383,2.7800134508566994,1.2513890720736385,1.9874853674895405,2.1377992516304185,1.8114207263596973,0.9500214299072282,1.9891109215993257,1.7351573381921812,2.657162487841745,1.581346812494517,2.4228125767190303,2.2266013466937755,2.538496546048258,1.9371833805167322,1.0237410890132028,1.6722981269754513,1.5648666904451185,1.4708755827094124,1.2114085809848218,2.0276924579698017,2.510618077649892,1.092551384776055,1.1667275573926563,2.620576678761126,0.6327608956299847,1.7475977284807127,2.0864240987847413,1.591613725782471,2.14372783882439,1.8117553912891748,2.7620439468876765,2.3175986923885428,1.3770600421716317,1.794683068649635,1.5263996081741598,1.091299469626897,2.1652514419827615,1.8307541684422817,1.1457872378328513,2.937997835828862,1.8799140863114052,1.2484083394940937,1.4261900438311035,1.5206875580913564,2.0300030382945575,1.3253059700560001,0.9313838044285211,1.010354657455929,1.2936441064332682,2.7421975035751145,2.5130312107721435,1.4969827393486832,1.8683713431565867,1.3797263785869784,2.373265168975745,2.1373727494094625,0.9797755227527164,1.6876140293206856,1.2677248787461866,1.140697031973636,2.321323333625332,0.9327596532560299,1.5282574790400536,2.2310934184058637,2.4081343806406137,1.5941427515114313,1.553746322667144,1.2683855368811665,3.04475767076073,1.0316902687112963,1.2001134719144693,2.659757991252169,1.7411179882578547,2.460006804103974,1.561344967416841,0.9386217822982651,2.446676966028688,1.5710057295297397,2.192930678656284,1.2967335769539852,2.462224860594908,2.456708976861131,1.3036037509569631,1.5206324880125965,0.8477383255417928,1.4063393371046173,2.10921577301897,2.0818636360905125,1.1816866734725753,1.9032818409907397,0.702437222165919,1.199461031806878,1.6883264788438055,1.6587890373255927,2.022105440220746,1.412789335067171,1.7962594856063159,2.3066030705203713,1.4313084225873958,1.436144832593995,1.4725412816264194,2.2986191763350976,1.7192020312066605,2.351295919659889,1.6675751453079029,0.9747771201350991,1.239927871668348,1.6506006390063763,2.1105473451565673,1.233772985073431,1.0038874028223501,3.002777384296677,2.413143756921961,1.30217713811645,2.764210588127902,1.4369964409858935,1.0274867440768531,2.11200604174359,1.6532387490446716,1.5173205713686295,1.1453351215388041,1.3664676793167392,0.5998998107512015,2.5295670751142803,2.4135384689717942,1.9420637300224062,2.652993706761695,1.3048497063384588,1.4636437477234345,1.5024765049627693,2.202119577893538,2.062086792057939,1.6428182478839255,2.3208007794759515,1.9780746915638678,2.1765823272664027,2.4482822743606882,1.5630829011515865,2.2867362930742305,2.4638665254231484,5.862908406593248,6.215102398551202,3.5168901071650565,2.905321176629965,3.3064496024389687,3.4175120819690408,5.764912184436965,3.32083356047767,3.1070032534183296,4.043489180585176,4.705623711611577,7.577226706587676,5.029454120788349,3.8235418678243316,3.986935996601926,2.1145903962705797,3.2340603256376252,2.955038559514304,3.661733170491826,2.6339608899813505,3.996509405143232,5.677587547887941,3.3284599385936104,3.651874178259253,6.17944419398468,6.048618258100614,6.757743273585638,4.110235680576181,2.849395399991206,2.2244980471392592,5.3487541909442555,6.223553479098395,5.342952581946152,6.617768946252895,2.8811828876691683,7.0367087834262945,7.2492497319901235,2.846629158214012,3.4435773511701613,6.681372594379532,7.351637114907015,3.722164720061851,5.26183149023458,2.543235808177397,2.5672977967612063,5.888690921449056,3.0592321376839102,6.423695234286445,3.7018905799935906,6.5652669133958605,3.9035928235774224,6.686206992520938,3.8769073819110518,3.1840449942202116,5.848405222715659,3.8442025480658426,2.358028411514527,3.462092829680199,6.976481216330843,4.765423028533111,2.5664267883040175,4.934975434055706,6.32425834278127,6.5096518378745545,5.545798148723394,2.989916632934101,5.667111429420452,7.2877443620590965,4.806461383968279,6.5115710387232735,6.902454205758142,6.6449930283209415,3.3517523709908525,3.1418882371352126,5.567961562203942,7.1594254800986,4.3618190814293545,6.868342738072446,7.80832219624308,3.877388662773311,4.879318075060165,6.291214031169189,6.373298882606469,6.586225682137246,4.743620461854045,5.407162311015681,4.522793528902344,4.539744123992424,2.2803742290973092,5.60250083146834,6.234881294554402,2.6155187298277602,6.6687473144580025,4.979066292389329,6.283032382163827,4.2874489848137864,2.4100112914725957,3.562448684638229,4.09210652780182,5.898299901105266,6.352174263989185,3.2969667287805686,4.413428506730207,4.520824137202614,4.562489911213048,2.338557573131619,2.2072657702591227,5.188489841855901,6.733495192313837,7.19796222230539,4.05801721315156,3.9177639152061023,3.5729033976748745,5.121584192209438,2.4628884236585358,6.43882086104035,6.297844425742546,7.237688907141108,2.8824773832402153,6.075815188336142,2.383416775628498,7.343839600108668,3.2559753292635385,2.5330535280433546,6.506466880827348,5.476681309409749,3.667121338546469,4.6320149275573455,2.7704148382734655,2.8415128914571124,7.227437561712727,4.517357114226782,2.509980753393589,2.5229370133228923,2.513455567056617,6.315112437740762,4.527095327892487,6.213842018776083,5.120344339709075,5.51885427597158,3.014022142192964,2.612440295678728,3.96228767759778,3.0469882692212744,6.42298007258771,2.184825802680109,4.297938429771715,2.3990599882480454,3.558689502642991,4.333289484048663,2.4129910643919317,3.5861545367842225,6.481161840798402,6.824464933093637,2.376450850306604,4.851934729267099,6.810748273251121,6.559365034986889,2.882479423290947,2.6123998809972004,4.407167020945849,4.6679306886736756,6.862581590384805,6.7406431084981175,6.846998333466366,2.5645141871150896,3.034427287614048,3.363384406949126,3.1624253065421963,4.821772485366244,2.3115291248243213,4.0028799321520765,2.932636774934485,5.12449152813847,2.3310209247120826,3.3707911137541338,2.457816183174264,6.819235245173973,4.849463365653066,7.574322840101063,2.872352543628272,3.9442547779429615,6.025880521699812,2.1857703468273866,2.300235483328878,6.164724666987785,3.6603358629127793,2.676677367612187,3.685484425854758,3.178246477020339,4.77403467074351,4.916854385670213,2.293456503506275,2.7130106818172774,4.855013330527645,4.755765289532054,4.898728787360451,2.844067769175055,5.342757610401221,2.4972943746890737,6.828180380546429,3.900914610612685,5.803454384255639,2.297738817245535,5.474082122986842,5.086437769857921,5.916909284104307,4.8586760143402765,6.470250240097005,6.239172179275951,2.83650585261025,2.3265864103666885,6.403122487665198,3.4100286106127706,4.026343725567146,4.943386284555351,4.346607708468338,5.8771849240222975,3.7382643319230757,4.569561349552066,4.768438651094681,5.69196024774587,4.271854305460105,3.0200911066993243,2.48791235577204,6.8612077565801775,2.3981651666875305,4.499502772238494,6.685267782846854,4.430517342018469,6.0075413024809095,2.3877581495555327,5.223147283200412,2.5134734245230783,6.57116798940895,6.848029226996386,6.226153369922578,7.875061600923131,5.143235958407699,2.620483540634609,2.2506242830935435,3.6385338305396004,2.3964529481743826,4.0790496592280565,3.1843742225819813,4.717005960026258,3.6547861049682284,4.73913244853036,5.273066068463958,2.42287810345689,2.3141992675742054,3.047633507149353,4.382521809517028,2.549992158200217,5.147880626039724,5.111191814254796,6.497941264541426,6.217795169858361,5.964511491930878,4.729856691037991,4.272605608801284,2.616982440012649,4.970481408033744,7.712331555013007,4.662272106858295,4.689319365528041,6.417416089368087,3.3088694691930884,4.3845848062469885,4.285868733945606,7.405005820076578,2.7189725535873093,2.5475013985113346,4.20707585954031,7.134827379977302,7.703050230319185,5.513727533799533,3.3258558503394515,2.462125914014775,4.743897570886337,6.1622638453417355,3.3176902337040457,4.41259925317951,2.8210156472057464,2.6790138286883893,3.3661020323667468,5.622091202621701,5.456008954173793,3.594715117291616,2.4000287720491147,6.292030378711586,4.881793048261211,4.995412992302843,5.679369459680255,3.484728611226473,6.220030732620881,5.383662402809284,3.7064702304188457,5.72420814211716,4.441844358969056,2.816716124674001,2.362956489990185,2.45080616402337,1.693330162413107,2.2652968850435626,2.819186695232458,1.9207755503561563,2.473181827984848,2.476950165551145,2.860262803251791,2.348188799968476,2.830797665139386,1.9430076909456298,2.958311264418072,2.0848746277710015,2.5045352676519474,1.6509527566728797,2.6175011997086406,2.453020979721344,2.2556006092234306,2.4132061407833594,3.211169994810985,1.7483439207327802,1.6429879031648378,2.5812555948467715,2.60116146441088,1.8675913192149431,2.153913153054494,1.1929172189894997,2.7371775468464117,2.3232425736508513,2.1327037873587926,2.484456771766294,2.9117253555269187,2.1023014611781368,2.5785097369678898,2.8318987536977307,2.4567534598502534,2.3011059281760926,1.7555657573269556,2.4665293198260763,2.070914274250877,2.9037455375147485,2.9937892941092796,2.0672896680595567,2.389828110694646,2.7833749796729665,2.6432481801654646,1.8969023061238677,2.960212492224035,2.736679218648868,2.280101618425166,2.6640752475253313,2.6234727467900214,3.0858008320205763,2.423155339973317,1.8496189998597754,2.3566979197075106,2.3080607128150454,2.7383659307089263,2.26034336714828,2.483468032916357,2.9218406346603736,2.502623089684024,3.021462253665573,3.0809725393404963,2.092829936439391,2.475640016052747,1.9798430898011996,2.302247888269458,1.9886512532931853,2.372480381499296,2.4447730846672218,2.7736103220159305,2.4868716173674974,1.4601121707568558,2.3889562440793624,1.6555695484938555,2.831670272936721,2.4676639103359452,2.064160093653224,2.257866829057469,3.1299116075777302,2.5115267153102154,1.9199624812099494,2.878394747433621,1.4030710590821354,2.58580371396064,2.570985561375173,2.763758936632933,2.274803517125437,2.052841884854094,1.4903223097132405,1.621200410648059,2.2404540040625402,2.1741166804126033,1.431277149703992,3.2155643170357386,3.1301401196192846,1.5420300499097268,2.4457019591124833,2.7077179312406883,2.1267870479190445,2.829164362848201,1.8906615425632571,2.2913111432179534,3.531532712242779,2.6840556523731474,2.262900361288483,3.4873618351267983,1.8105576661849827,2.2515151607509174,3.2010770254824106,2.7495921878387626,2.776002229202388,2.0723189403795055,2.4740069778620057,2.0284347681160795,3.3055770362685504,2.3505829058217076,2.1019976103969733,1.8363580991639477,2.2026123588429978,2.145363208430361,2.627746488926244,1.718069137414589,3.495586915709602,2.8254469038967636,3.206497966362792,3.420005634278819,2.605356706844409,2.3269942094072538,2.2912426337611027,2.062166895759256,2.0236754184139096,2.4438714080512405,2.7307473516336436,2.00397454689389,2.583110322225494,2.067825299971642,2.1165133339732325,3.1124629540695485,3.1232013645020467,2.556129194749966,2.9617900743358745,3.0055186270501055,2.6022200084672216,2.954198253909174,1.5571362056770761,2.001826596075157,2.535184822920826,2.0088077579617405,1.985468284996962,1.9069542145584573,2.2487145130288617,2.742590015022381,2.849854979475341,3.049579527684848,2.395460254054813,3.211240419351651,2.2807190086263995,1.7167390503947735,2.18344491446163,3.2000345505836654,2.2591392698682395,2.1724404561133186,3.0582516043524373,2.262387608442689,2.7756671321241475,1.85976125668486,2.103716249772899,3.118594677550297,2.0709780136354285,2.796870827513429,1.9731038897550846,1.8383703482605651,2.513146325485809,2.778456730524376,2.7603082843655833,2.599079166998684,2.438180755471979,2.9661474359617928,2.0439419145923887,1.6952006652060172,1.6455810533401853,3.3703513880492166,1.6896607805609192,2.391849188105991,1.5923058320442622,1.9139795574013105,2.631314311109115,1.9271987805736537,1.471782060414779,2.5642635887008964,2.1564359829633224,2.5962283952908107,2.887872587948947,2.6210575468610346,2.2419552403665284,2.955268574119501,1.9509172428265602,2.18506900983753,2.3303306735282843,2.4726864781553597,2.9676936676262273,1.979012640452196,2.2515556087249746,1.9380532512911701,2.330302216541748,2.1864772127113823,2.5002880735139756,1.8649696298879863,2.5560360256129533,2.971906198097095,2.318254167975168,3.692745252883806,2.0111126045311853,2.138279490075351,2.8944832423270483,2.7423561192493433,2.2432533510010684,1.8446746806783239,2.202246168429948,2.5070062698106925,2.641190555713245,2.671607969932886,2.3060271697091066,2.5798877618291525,2.382178539789044,2.1201368023223184,2.362481161722818,2.039855902979842,2.4588380319141816,1.7893643737265303,2.016896229774813,2.6196040890820416,2.054834200727634,2.4832248977787788,1.8312492209902038,2.3413685104895,2.568815656068271,1.848931221152764,1.2482275745842635,1.695720355974053,2.414457198853655,2.100931345373663,3.260639150151755,2.1564540388032816,1.764866690604315,1.703821770283431,1.2429263948990052,1.8174625008395704,2.209678897493388,2.3856708048116873,2.622489047644443,1.7773855798172382,3.1607566329194805,2.4201183401375257,2.2441388962281548,2.5847371166884026,2.4108314789833227,2.155992058277128,2.396597097787375,2.7838554909436843,1.7750881310362718,1.9074920606791121,2.7364033651326904,2.5940369303842306,2.0136831681028076,1.8477438687404244,2.3652542685780005,2.9015728619753496,2.9513525654091817,2.221597486349216,2.705606769672192,1.96876055392799,3.046730273707925,1.6610665474836186,2.019616506411727,2.0712825488929187,2.470344202755713,2.1077995993733345,2.653696865585496,3.2469911712389923,1.7625992044989267,3.2266744482774996,2.632645778173367,2.6300531890417194,2.1685172593310567,3.1448415803172387,2.2333486075775353,2.3550274551133783,2.671379328837376,2.7123080317708266,2.0944719951673836,2.7994278466418283,2.463779632989479,1.7228739961598352,2.918881237119696,1.7106608927886877,9.170790209235031,9.731317179505982,9.652716003455337,9.392127523794803,7.7430792407579805,9.766704159965743,9.8003054533502,8.631144266956367,9.876991267690512,9.196690776088975,9.858167810073857,9.748787030348035,9.680846602597924,8.283036117780497,9.441667246991026,10.720102456149572,9.5429705988776,9.413919004080416,10.170334355360035,9.788669796867005,9.425240478046415,9.317772553123499,10.096779226711963,8.84481144419051,10.171905556018464,10.059763830084492,9.306497426019295,9.621316178455256,10.835652920148204,9.270455974377155,9.553000142189166,9.975366325691997,9.481027430699926,10.157744054492593,9.655093811775211,9.614211939992801,9.952690449759556,7.929200477938956,9.720806050391191,9.39892254472008,9.193939592489837,9.536144636124028,9.02096532469417,7.378895908526115,10.038255283516836,10.316950545035873,9.775918946109178,7.854864794651123,8.7603195962468,9.294692485675435,9.863880695723017,8.727215565845679,9.809130672583544,9.234047433354432,8.34034699443094,9.749281932764417,9.849138052923584,11.299446789832855,10.13215205466582,10.022736776713707,10.388039748811147,9.300617432940122,9.058701097544438,8.543825381535102,9.972197398876476,9.43801254920812,9.809407910911087,9.546828065316436,9.993719072879488,9.399956202476792,9.772187256927369,8.380737091528992,8.16682010391969,8.939099153910243,9.171297043909878,9.308608000581064,9.271424083712462,10.121208884859362,8.64165080064028,8.797454398916276,9.228262681695858,9.291515849226542,10.017849150781089,10.420320983170258,9.819760619186797,10.823478358454466,10.150925432311695,9.383343790611848,8.988678610703404,7.943624980042661,9.494169381955924,10.234090342923228,9.344259061969048,9.462902784091074,8.909335897304128,9.057114712528447,8.371928524701545,10.032035277934282,8.960378083250552,8.928367303551678,10.304055093515863,8.096241154284975,9.738060705497523,9.540884687621878,10.304629107844669,9.679101296508518,9.224736105334681,9.777845639417746,9.112594175539035,10.113181007754115,8.63681270048818,9.985698037407174,10.177737751950133,9.723110588374198,7.754947160000693,9.24377958816401,9.341732165443075,8.631906473140539,8.43371069587872,10.639838194773073,8.08579506344074,7.362314941921622,9.393039998337487,9.806473183562705,10.82377038172619,8.54328721227936,8.88007096906961,8.738080949746541,9.332448982994705,10.46226435112633,9.698713803973849,8.228987962332278,9.519825274468781,9.692591970624823,9.42525129133542,11.294058111565658,9.592481737636417,9.468363714259226,8.427433525212674,10.298365032665604,7.955505504621671,9.153235212345175,9.83654231925745,10.911861446598845,9.490766264322552,9.890757291049287,10.691475726120151,10.258425505616064,8.429637250113096,9.8773371604728,9.909531059499368,9.71545355971969,9.179525076313846,9.901302873044077,8.828026185777501,10.963520594717549,9.882917627373956,9.588988363783198,9.672367162466157,10.03877838443688,8.334344853577974,10.51918802811729,8.24482558260034,9.041094907003568,9.365148727025309,9.20197595712205,10.048587395686026,10.765242520144298,10.132988153453606,9.618081619443746,8.499094886445507,9.309755424344248,9.621229603815415,9.990959617980835,9.740333911491236,9.589035807514152,9.333276816985556,10.508485580194236,10.427681480528012,9.77334521873358,8.620940572035135,9.558972212765722,10.031081355531523,10.210959644179308,9.860715082131776,9.181516331511357,10.422509646492616,9.104621246157011,9.494318979668712,9.265000370656347,9.15619265467157,9.090605830436258,9.14402254723431,10.111365248965193,8.690140591952243,9.61943335246816,9.111961820996356,9.920989977125162,8.356609892659895,9.997927346805707,8.585775034429066,8.480574294860554,9.423532785618107,9.698008253861543,9.421796322918691,10.163598155381672,10.223574993094717,10.70074673775364,8.732946356937898,8.63579029504276,8.875171622624732,10.270221959407912,9.711155177677108,9.110408060632578,10.209053501032686,8.917718122771463,8.312711490151543,9.381990397624582,8.575992314475728,8.305344703836571,9.834935653647008,8.795887828037863,10.944797172327402,7.901117445425509,10.136949345867967,8.265740261216987,8.633744760429064,11.140938018187393,9.784999325622083,9.5592485796697,9.627736378888892,9.223694535578419,9.79168870080697,8.009311917633356,9.125222048565831,7.684548083242031,9.752233335959806,9.163315602078844,9.613420518567501,8.6088932642143,9.577246474190945,8.67659789632634,9.591827818110914,9.793009461495076,9.585719066110151,10.141520861360405,10.786923738230055,9.965445064647625,8.763328471790667,9.702521078862963,9.837665992956321,10.51614739862609,9.752906055536238,9.65248884133169,10.195004892366178,8.676137150980516,9.564616478218326,7.5244887352336,9.859374241725707,8.303806041066212,9.594924289714585,9.343301954363918,9.064344398431647,9.66940406756594,10.141238904595095,8.065398290228467,10.778001888601622,9.888569587467586,8.981102319734795,9.791828169983997,8.268503744940721,10.825381590863083,9.227187127082303,9.635163343264379,10.445463360482096,9.121315180158915,9.656311780674919,9.274928694465713,9.758106197143954,9.404202203911765,8.878492957842884,9.265642941941756,10.725709475209722,9.590926954420231,9.786887065506543,10.096798275162742,9.394499687557929,10.112175567462636,8.506674610542207,9.678730126508409,9.12923810958834,10.559472791021594,9.84612271283586,9.676345389680048,11.166912699786932,10.179617945472758,8.2981789853168,10.242093662493117,9.807714680323071,9.472785276690887,9.939489194324018,9.142608502607912,9.072978386907291,9.26677929442006,9.135662522821322,9.230761193541243,9.33830424344567,10.732633432985493,9.911936922080189,8.711353884267325,9.367945060494018,9.25767768657969,10.488570851101313,9.129221862597928,8.461265266843466,8.943377477975778,7.597290835357803,9.596723486246518,10.036938687389886,8.221046057130161,7.304769495709005,8.514248809439964,9.479700808994568,8.773973067077874,8.142526032273013,9.366946287072393,10.199362723745244,9.863412564361326,10.75525519759906,8.677335076411076,9.238286489994236,9.421619046128452,10.248094440225898,8.707878955424864,9.463031678938334,8.557246061979642,9.012701514121016,10.250843443231318,10.06577076288883,8.509980464797,9.672585189990748,9.02187231181661,9.239670063045173,9.027804465542319,10.044173743668079,9.706365630681963,9.437911754387132,9.032600212297744,8.739848424039385,9.870729090724861,9.166020676445346,9.935978621066724,9.271575381937438,9.0577837315444,9.429869717933245,10.218765820832866,10.287520069923218,11.576964606493975,9.163236216651416,8.772917454061902,9.425673442387211,9.151314855364385,9.059961575635208,9.442769957228467,10.19440883122951,9.065466521437225,9.643459015514232,10.900541064510067,10.139164554944287,9.920552184848878,9.184465971489084,8.780702352317745,9.453290333185187,7.920859010126875,9.2998793342996,10.0761038470972,9.340530940626012,9.669889969802934,10.004973790137667,8.682209859738814,10.066059044186083,10.215670583698293,9.11406217839288,9.00469020481461,9.978410748234925,8.672395413209571,10.140479275140985,10.072503247776362,10.866523937971202,9.196962470340193,10.113090809828542,9.324940077244278,8.596125251897307,9.463551847244783,8.488962312409384,9.709405936684727,9.356436779562525,8.954330341839555,9.007873417225975,8.372357231890925,9.055406653264908,9.968750857478414,9.874603878551104,8.774347787935993,10.805306539615032,9.466736939141702,10.201125338964536,9.527887232531713,7.671522040000114,9.976129341266603,10.607219461745583,8.924451427838692,8.892558121405894,9.450554496807257,8.815211586771273,9.62575621711482,8.227712498907094,9.358688947885575,9.981030125265757,8.691362795616957,10.041535039420763,10.44236408341271,9.998895146587762,10.129494473322493,9.62532343265488,7.271881477690018,9.574184238967874,9.25102706892655,8.803370831395505,9.183801443111577,9.685470200040683,11.86018012638926,9.249939493207227,9.488707952210026,11.220541362343887,9.098708247312556,10.152985112892319,9.40386085075279,8.973424110603437,9.90495622416649,7.5133217973487945,10.16261845789395,9.85506553225846,9.999895808637069,9.876816754981599,9.678369204962015,11.094348755081503,9.875747358428145,8.399425575407678,9.66745047040134,9.78928268930566,7.900055685519901,9.17315161559154,9.838801150868349,9.358729406779968,8.563563360953818,9.560647735700702,9.649568184292471,9.708631477975604,8.482420292441144,9.822007467665808,10.222529585336034,9.577437257954992,9.351542894943295,9.674579768429771,10.173102087662901,9.911052598671523,9.358023366303746,9.492078636268898,9.728572785497938,10.618536128595771,9.870160602500293,9.18877816194263,7.997583525897281,9.349930254705567,9.91514149895129,9.911438861868419,9.783877889109196,9.26145070886656,9.050706395302143,8.367444858842854,9.254145385496997,7.674438976724769,8.356437449313832,8.437701826802163,8.529161164840144,10.71102277451731,9.530322769897966,9.264292710009094,10.057305585487475,9.771948898144938,10.231387542949491,8.821776410611456,8.536601501699199,9.221326809313103,9.048582325782176,9.589564196665027,8.859832674561027,9.452377682701547,10.796922851319342,9.035179018818114,10.07887604832979,9.505857346273773,10.158782942195685,10.139633642312502,9.309377676680826,9.845128859228344,8.367973192647021,8.532485062611471,9.872465970134218,8.686374367456084,8.762048597370194,9.35240501039511,10.351750833887692,9.790301054824198,9.014479074328227,9.436405848943835,8.565120235483898,9.151269826540885,9.085291539404464,10.177120409095213,7.936476651838907,11.287083763347038,9.512603868038081,9.282749566090898,9.01524426166798,8.68049610152672,8.915913575161577,8.844751406005113,9.181819420533715,10.610083070672697,7.143007902848709,10.65823368528634,8.613648754582314,9.592432414575104,9.237491498559562,9.06087362871234,8.79099731126611,7.497628227093163,8.381551673246465,8.977481444468593,9.363404457014683,9.00109374754611,8.276139625896876,10.05182474673802,10.691397967862015,10.191046873240495,8.611286337031057,10.2588830140364,9.09253112163285,7.768834164494567,9.671792958296942,9.223736877416377,10.148391129785757,9.753488741995023,9.08288927200657,8.458156811082041,9.52525000282055,8.921291280325642,9.10560524704558,8.928220730796118,10.057694793182161,9.409440806484549,9.073496699086654,9.51297065169617,8.454307237796392,10.247301640698042,8.423495299843621,8.371617999264723,7.605349531598444,8.16799116092598,9.094761188991747,9.433259879241339,7.848164804726869,9.51572091030027,9.409566384382273,9.07613845707731,8.427371432497642,8.107042342509986,9.386958734575119,9.916307067720048,9.783677334474982,10.597325831872551,9.369799880818556,9.417982249793562,9.353390255703221,9.464668603918586,8.75565148381666,10.065882093841756,9.432008799722249,8.084506129503703,9.927482795200499,8.49652006837339,7.350291856707798,8.705861911109682,9.726732273144982,8.828211836180946,9.430789697805992,8.98359420767562,8.025461615679516
99,28.665581203682123,31.229714425381943,32.46015578861768,29.506812146122048,32.00976946938614,32.64676768260018,29.531856186754037,31.724498661948417,32.268788770378066,31.687954541676383,31.59315534389785,30.083863007175847,28.236067680188857,28.30575461352868,30.03421424332329,28.05126462622437,29.505210397299518,32.52910407338262,30.204125934695856,31.865199701237646,28.42929197410575,30.765922212894534,32.05451309299108,32.41079510430111,29.70834749319435,31.123662232033624,27.99508206228724,31.1492917609134,29.038624405107548,30.118862731730893,29.900825006146736,30.08463829283226,31.634920827732135,32.4977437586095,30.192289522919094,30.666878633006604,31.883638307782853,31.49760809591631,31.20352047380608,29.201650789477977,28.699888324053187,30.05225681353451,27.391871966240657,31.995158231928357,30.010956159209293,29.51772274189842,32.035121017052624,30.728696896442468,31.836993905541064,29.94879873053083,31.531393106683907,31.212398886369087,31.058883018305973,29.842223596752863,30.661056499033567,31.75071548711665,29.09266319272414,30.344338269930375,28.49803905256407,31.62902852548269,31.805403790965368,29.437052092966315,30.56427672781333,29.480275379786548,31.538607104160715,31.118523479549204,30.00487283465862,30.981861133091204,31.892214291018977,30.59391052670247,31.776179175876415,31.382920241319034,30.360178469850755,28.921686552916988,31.378463881184732,32.49749034414701,30.968176728437907,31.065167306887737,30.361742604074795,29.519438632177827,28.79818636911818,27.907405502433477,31.031555672180392,29.51190209873619,30.587175989525914,31.451368215151188,28.209236140068736,29.741442380402233,29.886484002271377,29.94557905713349,32.53301117055591,31.846590353383412,31.16132569200843,29.575622212071195,29.880372199731667,31.374664435672358,28.35004997675367,28.122293270027583,31.697616145044798,29.629657615433022,32.00021531419252,28.377678721073696,30.973076491275926,30.396761559288294,28.666747336249937,28.20493988487509,31.83925889502114,28.583113403904978,31.093725492525504,32.78792048355981,29.30136772692416,30.714799897362443,31.17745356510705,30.054070843048088,30.988870528149505,33.296530326182506,31.1435828129727,28.994255576781168,30.14768998214801,32.19957901161938,27.774500553303945,31.461308113545524,31.66062269549668,28.68206719435344,30.158932909644747,31.784675729764142,27.809757132152743,31.940635181961298,31.21804573617967,30.976627135086932,27.304694309217442,32.31456940356005,29.626302564032656,28.044656250157477,29.480784169685958,28.80674540999133,29.228783072957633,27.737441467447507,29.244422679591974,31.193024265195927,30.003243200429235,29.574675313004658,30.98024716367831,29.238369319456755,31.569492237496892,29.711866337436444,31.239638742527596,30.039135071539793,30.72921198845676,29.834959493073942,29.980409562168337,30.783687342221125,32.75171616866428,30.40263851061591,29.656429455676918,30.9424074882607,28.67516072440267,29.44490292374726,32.038000562562516,29.732167045746145,29.212758941613846,29.935511319348176,31.749648872550637,29.652911768402227,30.467054029156447,31.810996648205347,32.41558501350251,32.39896118681847,28.223427308838833,29.877337086196174,29.453980621506354,28.22050523712934,30.9056026696795,29.240677672160874,31.033491474252862,28.848693788599213,30.225578928830917,30.72434805257542,30.392198928746115,29.8408551367836,30.743448581486213,29.552601227356085,28.465835772830765,27.679813482008747,31.70829516402361,29.842150671170778,29.725290951887896,31.095364288796173,32.56359234264307,31.34530061108201,29.24484469128736,30.303147068082374,30.147680019366135,29.743088472624418,29.873974406586736,29.9590706140252,29.53255227770874,28.322745629521755,29.24001474187138,29.340062162065177,28.294985096107077,28.152547894193646,30.75723895221708,29.860152283812656,33.01002560474725,28.964091109540032,30.137808078446195,31.29416453445911,29.060204833302308,33.22174860163023,31.699976195502277,31.374530380875782,30.41878131197191,30.01084710776046,31.03870938328486,31.93711141583621,31.581755206837133,29.371977733718012,30.130706505349128,29.06575318119861,30.027593460782402,29.934972578679254,31.165834857925613,29.929973181858028,30.268719333509758,31.713604988338606,30.24938607623629,29.86943634234175,29.196148787904,31.749198881640734,30.977404573893754,30.438974678212208,32.54362735545662,31.696795892585808,29.067479809368333,30.691145148829985,31.98393110125199,28.837228257218722,29.81135505381008,29.6476012621997,30.789407138285295,29.46026595904785,28.69430453249304,29.196260229896165,30.286994691672106,31.983642812763282,30.897156275018986,31.883554685548937,32.66657518875848,30.427648513890865,30.294918121937393,31.09483306340973,29.759737448020914,29.230010332104744,29.598048112384458,29.780685984558385,30.159705076384917,30.008741127152504,29.741736347410793,30.71432365069593,30.493883083606217,28.37025239827303,28.590103977530845,32.2702368166118,29.565673486219712,30.25522914542612,31.866418850276297,29.265768314538064,32.25367810968299,29.582134228320967,29.818759425830077,29.841879157364463,30.645222826791358,29.735645274041136,29.959146297128047,29.60617331927688,30.432405949120646,29.376420324019673,29.20104612028604,31.052277268199116,28.076874264184198,31.259807218053368,32.98705074592544,32.86447035556432,30.233135090497584,29.41473681587201,30.468739880988522,32.618817787985925,28.53797866466364,31.962724810226998,30.09031772584415,29.232878333037572,29.91515541432462,29.65597789217601,29.847679033540093,31.885670577421642,29.859700293978012,31.52515340184869,29.892608705433535,27.161115376440446,28.75844915544213,30.754743381378294,31.849189268985167,29.098625536115964,28.901101623014274,30.793646033303197,32.17030060253881,30.403939808260848,29.74211530431855,32.9049245333974,31.4260546333977,29.00768206107466,29.040851425290256,31.251906281440174,29.744118246619557,32.890939631230474,29.21735794471903,31.5154375248024,29.399811878994203,30.12676795192379,31.449857885849557,31.151585551495465,31.2227970621988,30.202251021244585,26.846955709671015,29.80507200257936,29.43452584723954,31.219838644983128,30.44993007652277,32.016714866430874,30.862922938723454,30.388899906352467,31.530422926045507,28.61520817180167,31.88370543846424,28.23387042358948,28.944242800122783,32.3450418076575,32.61283986789939,31.592600531448323,29.445774041565663,28.583618799897692,31.182056608727304,29.898385205047735,31.805783077154583,28.596867397536837,30.179614907316463,30.57739272908234,30.847139575483045,31.484496287468666,30.370991515346972,31.692906953713408,28.621143128323222,31.7785283288015,31.335581751899678,31.22883514090845,29.180816995564218,28.977138481851032,29.423043295884902,31.29180588054133,28.111257625439194,31.040369617864453,31.722478056772523,29.677210088004127,31.50070354765691,28.845781074146657,28.128876001874946,30.567001655239608,28.824414250546226,32.672036149388845,28.2279350638818,30.449686670223887,28.77957394592434,31.776263622665606,32.4633372770425,30.08065954821351,30.39610493617462,30.599661682766587,29.69111779079209,28.242231879687512,30.779288121450797,29.427398417487417,27.209856777973755,32.156652663159115,31.408791739009374,29.785284489632307,28.03476823777489,31.22192984600324,31.933389112081098,30.751133540270136,31.930890445127854,30.396167603289502,30.781019355736355,29.40355779203932,30.573245643003197,31.546298766034926,27.28460757336932,27.967460881453597,30.649483993975938,29.60554391468727,28.84404008495998,30.082170091792932,31.172210256988855,32.09190787137525,30.260321556860866,31.32772711639652,29.010752620965945,32.04056415300604,30.339136771420183,29.876099575653228,31.59742419989914,29.052130024009724,29.60921664473597,30.109486436220685,31.433360446243455,31.405942561217508,28.665254467830522,29.765252958959735,30.180070060934707,28.523267533053726,30.117290749447903,30.92353966557867,30.332688319984833,30.76775775717055,31.391564059506052,29.95136022395758,31.095220458421927,31.472714169905483,31.305207062793617,30.811021434550554,29.59929496971014,27.610227697961168,27.636943895868782,29.81458758164887,31.848304169969182,28.559459603469197,31.462908208263734,30.159944384571702,29.937419855779943,30.899298117914118,30.742874992296027,32.83187397154932,28.995776121001807,27.028486136699854,31.870339008461173,28.695724428810962,30.717662423649813,31.055785449130862,29.777658824034372,31.613380038548357,29.56904167245303,33.145749922709044,31.051288842348796,30.197485871830445,31.23110661974792,30.795530030077963,26.711500161802938,28.82231728592852,29.589276066887592,31.755851984981202,31.110271066109682,31.537013641846578,30.73781932991226,29.13868333165833,28.801384609808377,29.741366419185347,29.876723331249863,28.60066195185379,32.5804111613343,31.702810745350572,31.53327077723287,31.27875851592106,28.97473934011813,31.388644785213426,32.95204182133438,30.027351427182438,28.90424993880164,30.153667207574415,27.894758598606863,28.168381695139818,30.534510815225005,30.045665606766125,31.684178835109048,31.921703391387982,30.080517401079767,30.509370664311216,31.52479151809065,28.992125717246765,31.593909035323176,31.432476462126278,28.96322378468719,27.298562871154903,30.06065919591571,29.68085302590097,33.787570023089636,27.98765289308457,32.2529863281775,30.424906934867916,32.34641006611647,31.66589427365501,28.884985364769705,29.798315242939175,32.29763895941059,29.75199226345631,27.793406095834097,29.352239521947652,30.161393569565607,31.028244255639997,31.905405104454708,27.15852713792675,30.068706714322825,31.31772645437995,27.798833649378494,30.261373900067376,28.827465369435995,29.077948548106555,31.72128186732412,30.48211170686669,30.051664726984786,28.933158637293364,29.33200553399499,28.845061416043798,30.58323920776255,31.0806614058964,27.813385596951687,30.733785576400354,29.998081769001956,27.90816416460822,29.776488274712097,32.652938786567354,30.18401165401574,26.764678179719112,29.94463580598942,30.509899567984565,31.82033583766462,30.19773070508841,29.110528427555025,30.2426293611565,32.82515053571503,26.95888656979028,31.025577462359042,28.246015642073917,27.3701873713442,28.54713768408901,29.898364532788577,29.8910661395205,31.034311568990066,30.207688399168774,32.6318163717904,31.469041197726465,30.97345151656287,32.75994258746837,33.521292923006676,30.22590458283753,32.00978933294827,27.79485116619467,29.19297625432803,29.242544168594044,29.863383753530965,32.000710678759084,30.92449738920246,31.464984419901334,32.71185183912362,30.702593794309347,31.548054635867256,33.07410768782103,30.43593818115418,31.681520779658086,29.806998626887506,28.64298839639009,29.49349115981691,30.985697876132633,30.124779328879967,30.19346809033355,32.6080505694388,31.14174616316493,32.723846298874214,30.680828389790047,28.714804537773457,28.79632301445343,30.863080059365515,30.86290722719529,31.34507393490428,29.944258029508134,30.46593791327586,30.128621642133137,31.445882132712974,31.703437960789223,32.95135156830621,31.890813591893917,33.34126959482426,29.893184090946676,30.285705706067652,31.039052794232024,32.80900994661596,27.51284673407741,31.366491778390273,29.20071410765767,28.174901276017113,28.86717392647791,30.6007578885642,26.955462007829023,32.011307226572306,29.140320953849862,29.225241753421354,30.42568487930148,28.81683839564633,32.15638945912082,31.45559826519533,30.206924516401614,32.172285824677715,29.652177407263274,32.78893450522887,28.013548521940756,31.44892318610964,29.31893244849677,31.738180856680852,26.71038058484842,31.043423760516056,29.21426471738344,29.434724184144976,30.032010087229782,30.932357675869255,29.95780626955696,30.83551268617019,28.450120838336918,29.45916639725761,28.70009128667735,29.35241049576458,31.631870077063585,31.723614415718508,29.11541380442804,31.115897336649393,32.19726679060309,30.67094426444168,30.308034556263863,28.26125119307233,31.954061088251947,29.613196396312528,31.558065119886386,29.877955937150126,27.7518917435339,28.704779807829215,31.828085125943776,31.850839362637583,29.547599702741174,31.801708372137895,30.662146689602906,31.495273190333457,30.846409172582327,28.856480385735228,31.498180453348613,30.87373131583369,30.83228417993077,29.087734876425063,31.66026025200113,28.964626099176602,28.006317776222247,29.96528469618082,29.172595739057922,29.89166373740641,29.31485452880145,29.17888114260315,30.612546725044513,27.30297161424472,27.9948290845061,30.86049152491961,30.776274738987695,29.827297585928108,29.952863822488954,27.655688447408043,30.050811375024594,29.138588111238636,30.375927727388007,29.56565775394196,30.818085839098565,28.202707290766938,30.821112641159075,29.246746497035403,29.616573296388246,29.187515390441373,28.50473035088969,27.148556293860345,28.103904736123777,30.378474268991063,28.714777462187094,32.14535966156071,28.51148936741507,27.512049694966418,29.858453155930686,31.707118896174556,30.27208922842152,30.47298046397857,29.95564879887732,28.811288366066666,29.152085099779697,31.931016765799683,30.996601165555695,29.535845544402804,31.619777708222692,29.632870879615773,30.36626026502845,29.147742505981835,31.596237248963167,28.825128483085248,32.22474315864969,31.303389577854844,30.254543338211683,28.37390016718291,28.877834933972544,29.56997093511651,30.85935435804499,30.349811552702064,28.93701237888788,31.354586048640847,31.36890233040285,27.375568171199888,31.077552019362017,30.727218826989255,29.092304181527894,30.890744521079608,31.590271913082155,31.20718309758828,30.404109711538734,27.870738561733422,28.489622415867224,32.51598535766117,27.159840242662984,31.46527593306947,30.191005855725287,31.168068504084985,28.285052051705758,32.03862066388416,29.948058071444258,28.982712248220157,29.637030777976445,31.286015079738533,32.499629646445285,31.155398914127424,30.746170283256287,31.29508414311097,29.481882711246246,28.410908757621876,30.192728444547047,27.470747197067375,32.19731551728027,28.780686090679165,28.992561523194343,28.37755666383028,30.943084248040766,31.226755131213046,31.381695802484867,28.730093202717335,28.852649309540645,30.545839168359628,32.06594916153265,30.008172312933024,29.015669832077172,31.475375681326955,28.944399014808674,30.506040900502423,30.270153880536107,28.87221774886096,28.838368249219403,29.256496630890428,30.861619792393537,31.84431778584348,28.551355172758328,31.007677823570003,32.0837108549431,29.60194690351933,31.154316822271507,30.526009560540725,30.507139907216462,28.64187724174852,31.01617692620513,30.316228558970636,31.60595153344339,31.443295835220457,30.41652989114241,31.481426263815756,28.861031546666727,29.816025128482853,29.84460006522605,27.39859912443149,29.313341227590687,30.781034041565235,30.74766464312771,31.75478077442253,29.375293906520696,28.79099203951359,31.217968235181154,28.66837834085921,30.664150538735196,30.418403553371654,30.099988611793744,26.747858462480572,29.436207101455558,31.193284426174877,30.176728375831257,31.33860708790593,28.89865328716415,32.67419843299244,31.437916780245164,30.87252003015419,31.084714870727616,29.109619908143568,30.32219403870578,31.063423373475,29.0027442556227,31.72754417573179,31.31648394519167,31.60273551448788,30.127212209093884,27.317862762151766,32.465144937577485,28.898785443052912,30.538908662547524,34.2863049491481,31.182440845588733,27.248088606735713,35.120001756144774,30.7302677421364,31.56809381496618,30.402579282098717,28.278900703028423,30.221385932477144,29.49725422886156,31.700146716165534,28.984783050152327,31.397150530930283,29.96573386171345,30.166765224356652,29.982070015004272,29.346304204193498,28.8839341123815,30.8831310215428,31.60248901865855,27.595165155400643,29.114774802848586,27.583825462069615,27.605663760425077,31.75279161483527,30.020571665997775,28.691765975383035,29.50157467057861,31.403335652215823,29.755613778429474,29.669448894552698,29.640893209664085,27.710222206636082,28.652680736748845,31.972629643771004,30.629332145595367,31.005334108150162,29.704417239574973,30.919725058468305,30.644436154123742,30.31320715460691,29.555479969802747,28.49739701775469,28.872696421270625,31.218023959331987,32.193096332719946,28.82344169213014,29.433124310891674,29.45146754967311,30.557074224160818,27.68094571499247,30.64356272692971,28.665102569220785,31.314651432077184,29.51663205796691,32.037853069453575,30.248214922789227,31.065788950056085,29.11467827546783,29.744353486604723,30.824831423827796,30.456699643388728,28.555189639096035,31.509188899978653,27.926444454963566,29.926205702371913,31.623112246890386,29.19920137782174,30.66498415654181,30.18726816165824,31.456027639403953,29.668787271969762,28.776827919822804,32.082957625493584,31.116041090909366,31.64335251373252,28.91213058798586,30.279038032117572,31.476161463801052,28.47632046400544,31.865255611027838,30.5922535944765,29.602114875226594,29.1323908694279,29.014404821479296,31.746222313838643,28.63160288892698,29.74744837177437,29.83021415731286,30.313172535711,30.11259292346833,29.689870613611504,30.82681502496021,26.369680087914915,31.455398409611888,30.011491532454485,29.300298487564547,32.55970556814355,29.802681591813794,28.176867961425444,28.944899484143825,30.744831002556047,29.917758107764563,31.843920897766584,29.28003036635474,27.840209845299402,26.589213212805163,31.996091874178095,29.075910116029576,29.121649674807767,29.64328265587684,28.411560403090956,27.409966020610305,28.612789045190635,29.23293887136664,28.74179491883055,30.000856143392735,27.3548663341031,29.918934541268285,29.972299652083947,29.328985407055047,29.678845597215865,26.809930044302448,32.06821324635653,29.945536527471,29.20263589461693,29.252883604869794,31.675749702738408,32.72581404737784,30.016054761452335,30.362878359331457,28.789887939963425,29.86180471050494,27.743347376786833,29.72331111605708,31.185089542107914,29.201987098335522,31.208814294161993,30.025142449789367,29.741190962054407,30.642773818497336,30.305278917189177,30.13638038510802,28.573060035415114,30.363481112068904,30.649609631534766,31.49376347788409,29.70244943395356,27.93033839677425,29.814499457513982,30.048775230067502,25.737551405133708,28.908585913055436,26.449571950977745,30.147692408898212,30.976485638247905,28.170523519411294,28.076665985442002,31.15029086150696,29.790093442366473,29.817559529563848,32.29120178066873,28.83806638994307,30.302570177504755,31.450375788589227,31.16859909462987,29.41137688727399,29.613492982554778,29.71013795590008,30.40010732002097,30.736804146928694,29.972205322905914,29.870947205463626,30.557587357094487,27.915345798357418,26.956979013686084,29.4034593402809,28.307669306677155,30.45572937223453,28.784805341793685,32.28407739962756,25.983954661894224,32.00402994176373,29.149084400116486,26.832857595825065,29.73242905244916,29.72265013051736,31.437514563756615,28.717669743507454,28.422705770787232,29.750466369031074,30.354683685411217,30.456150760990855,28.716112547849796,29.555074726538077,28.435115826146905,29.499101101669318,29.45798818195647,28.41057520817702,29.357798090667014,29.699980033691034,29.678475683185386,29.817239997998566,29.638459292320118,30.904393123766372,30.357177105027237,27.23269437943863,28.905267635342923,29.798634742227925,28.855741414034284,31.146277851160054,31.952834705108824,30.04985541796738,31.14791703718372,33.6435092987027,28.929129125706186,29.074482951913783,28.89668372764496,29.940007936699928,31.462813718677342,33.45182002602268,25.86559493715131,31.35764361064545,29.609830831647706,30.629964129278797,30.54935843156472,30.703267403891715,30.106175841222296,30.168501520221888,29.7482956512572,31.47417388380226,30.99425415470186,28.052888772893585,29.759899928021674,29.621173392930718,27.152006004307676,28.24356874837247,31.478076893041614,30.19923786505821,25.77755861822185,29.288670832090713,30.520284903033936,27.669458015566686,28.553430559795537,28.589686056604297,29.713740830488927,30.989130015739715,28.00918126218344,31.39615342776029,28.348824617432655,28.29167390160721,29.574077090693113,28.040592467571816,30.574800615038694,30.83289051054169,28.92959720947023,30.481827144173106,29.423647814444422,30.067459828793442,28.995442995904128,29.40877929396437,30.123026697763922,30.95003307029821,29.786342342897996,28.99835788992253,30.12744808992444,28.53550814495946,29.139726907521382,29.11889997270121,30.405750270049516,31.347313209116237,27.786422153866678,28.709383369394157,29.273938594886225,28.42729670091183,31.966513653258293,30.783453678308597,29.388195925642982,30.94203386112564,31.075005138561323,29.350216449140103,30.475238697541386,27.945515456574952,29.642434127492947,28.023114839990182,29.150016718353605,29.86116662200456,27.130612129838813,28.184236591373164,28.903238693191028,31.710456033813685,28.592709049537262,31.020186012660766,30.90652002740173,28.51040877713147,30.247846638680258,30.514912417347386,30.144574992469117,29.412372455717502,29.16283941477915,28.91201857043266,29.766368837017872,26.430102584602704,29.042350029927402,29.74755608427762,30.11270845484424,30.90009645565782,31.797900880907026,29.391497544538097,30.73093401013871,32.00722521405482,29.18946407692828,30.069420245242195,29.92734979838262,27.60708912770751,30.480256103352506,25.66836358313681,28.645336031857163,28.176720678757196,28.740442887617295,31.506023445211344,29.003120675489818,29.749154968006845,30.89421259079658,32.884675312602106,30.470961455894248,28.25096425716236,30.744822257843023,29.831546339602703,28.300775814468285,32.37527135501758,31.01760582217106,30.520502832388896,30.63926233212556,31.045052995388147,29.910888280930166,29.421699166840725,29.22492668016813,28.40260114288863,29.899729040218826,27.654106457397155,28.89921770868934,29.48076188210833,28.55293712217844,31.99805973757962,29.259261729210703,29.547951324003595,29.318844199002804,30.549750307889763,32.052479681360715,29.80952033707691,28.99148080016398,30.481513296288547,29.667480303364126,28.76227934385615,30.45991918154753,29.569652120395993,29.233832183637002,30.01958147733489,30.24954564663377,32.630632132527566,29.893158083271143,27.381447293379278,29.408613039836695,31.223422111539,28.92665894535321,29.863758946550053,30.448084667547327,30.10582725143879,28.380191375203843,32.796772742891605,28.119355444750603,30.086814779643817,29.989419263974618,30.886750005003005,29.752812086924227,31.139795167347557,28.684567157599552,29.83467590700645,29.085495428759575,31.479213527107063,30.821679396920114,17.612559306647555,18.070984574270863,13.11225983075864,15.863472820797886,27.356632411239374,27.11567253626048,24.616137462292528,20.805721988928262,21.23335650688405,13.926093230803092,15.104640657918559,16.251706212611236,15.142902442757473,12.754221822078499,17.23019853408987,15.778814755674208,16.616866701491364,30.70659661200936,27.201217568620006,17.724356869818585,28.94459049545151,14.478859431339252,24.185949442103013,14.923759770496806,16.20835610601812,14.077147871129657,16.195920568055445,16.02106698899017,15.27606287318726,17.689889622868087,16.585019613980457,13.76092069096027,18.05255021265402,25.534085562225997,25.88734913434871,25.191381043188265,15.571188292534497,28.748187267253204,25.078904491389682,13.615513737630959,21.685168809121347,19.02041320934385,13.963300734282516,22.67815335624503,19.188515933073585,28.573963886106295,13.625917737242156,27.36059807521467,17.951471219399107,14.388184537072114,25.612343163133268,17.16074131605677,15.564774151343872,30.237487791928306,25.178938026443827,30.362250085370526,18.09267297709326,22.037381226366605,30.355449475182773,19.00269178568387,11.947124549512315,25.343812147193418,23.065560686169608,22.336190713934837,18.455202202160873,17.015364351963086,17.321711688299146,13.675085818208364,14.239733740731948,22.23311217091097,26.364715487318026,21.619233896837105,16.012195923228894,13.018427825826462,27.025390892636132,21.53460649023444,23.323006067143755,14.956026277067604,15.631069811905938,26.550823864109795,17.508481641859994,16.081822506103105,12.244468634329907,14.325069994264979,18.392081353011807,16.29234607139675,14.998778186962978,16.729517921541262,20.06837248730668,24.97945728209756,22.912982131033942,15.762245898997934,12.413487098461758,13.778570451797647,27.883959887136466,21.07824555111999,15.032092740196065,20.541942502289043,23.760921960373572,15.299730114093592,18.441715542336716,25.56696685013997,17.861733595965877,21.73724618855359,16.618947688168575,17.547474895323948,18.899383418141298,15.422675715499537,16.827717927502977,18.904598579378977,13.608501037524707,31.75544530842419,14.478097666363034,13.9600601647729,16.2483910836045,12.223967844234663,22.294022100984662,13.483603991900065,18.982970337980895,29.62265226562287,14.669408671787332,24.9441200545948,29.457897616946422,21.59568230400723,16.527378751035982,24.044601453447388,17.840594945620342,12.710363221453157,14.705414942447172,20.53491466528575,13.712096253373552,21.96430466542035,15.21512218133986,25.260258902392977,27.816877343743986,25.305364789583095,15.276969021920204,15.456160915312784,20.826797467749735,17.79002834298599,28.919803513768944,15.176667422885716,14.187588315715782,15.865119771756516,22.34414310067053,19.490660271748787,13.946756159146613,17.12354228178919,14.443007613569701,16.966522243304034,16.377298621100806,22.648111987828557,25.99995845363302,25.965477499218647,14.035809793484363,28.127444538505614,21.775539541856347,26.94605170004991,27.47401391997305,14.652703390811897,28.93204785014556,14.476145917787672,15.906395601542101,15.834029570448273,28.88911603859874,26.70571660576543,15.993512344868018,32.20442717766492,24.387643142544942,18.810922846012108,24.73883418845986,24.78246269692068,17.283817257415212,17.942013650550194,25.336272744290923,16.144040346694908,22.979754790950437,12.815722682419983,23.85378435323009,18.82806506389889,32.26642728046475,17.38103281709721,13.737854933024504,18.719705135084546,12.39063744052446,22.485538277131013,23.87369804595859,18.08488391704299,12.956172135482372,12.58375267212128,24.523773275082757,16.426047251350337,12.152119577126461,14.175313070624023,20.902850860268103,28.999006807846637,16.685036647698755,23.91910387896405,12.529815670440103,20.209611748522292,14.554049390261982,17.142091075112287,29.768986305137688,20.0181217468798,17.272772193089114,16.2468567030928,14.254045575130851,14.31265109986192,21.63187228584424,21.111853483496628,17.78571194732059,11.76138239266193,29.444024232444253,14.240741377196345,24.048772822141707,17.114752834519944,14.59760336788189,17.52640923111821,17.80857155378904,13.287434275836015,29.947296828958077,11.791425703345125,15.65279934382605,23.209862227398784,18.70251803449506,14.890856533469957,13.948254388263537,22.76437959717889,27.828598287671888,17.284596190020377,15.407955950522936,14.24040659846463,27.722176964386733,15.117669940686305,14.997744946982897,16.435650034065347,28.631924447279157,24.684985395156325,18.18978485332084,27.50691920926813,19.227239597362686,13.790415415071395,12.645606293913314,16.008460142390888,26.278146936900097,23.418410412949765,14.278364814825428,17.975345987622276,15.405744195723129,14.902502060223837,14.207848521755386,19.68649530654812,25.860121309471793,30.478550738019,19.960490564260887,21.55885501691331,20.14185646842535,31.483975263718353,15.202255686372794,16.103382378626872,15.567900768011263,26.93238783816234,26.411585576732662,17.486720220142487,16.03423928269008,23.51575410498759,14.099400092396552,18.951939076600294,17.322817532846624,18.033786667635614,16.58732251604707,25.928986661543014,17.36923249747359,24.363664732072742,17.83021510269985,13.525389537898661,16.807700758221802,16.713853835965732,19.048321932232923,15.157773584254317,23.583109759092366,11.88054624357768,13.750108883636646,15.884595107653274,15.594320875208053,15.822001565274078,22.43753206883737,20.342432073755436,22.999781152848247,12.143587617222407,14.281030398991486,27.50547135789189,27.506097630053105,24.83836845894436,24.724943702491068,18.677059191804602,14.33622010467202,13.76415607981661,23.025546729775826,16.034771914394348,29.6325330416564,30.71257427541515,28.610218738879404,31.788474105950097,27.455681615591452,27.715603766467908,28.762125158032042,26.06813305161898,26.807163816980605,27.536159865049605,28.03281969957091,26.582413376779403,28.274271178322447,26.7531360574695,28.94188875534574,27.155863638833754,23.707665672941506,28.34458617340417,28.39370745850963,30.702449141152307,27.891904581387436,30.74672762213324,28.71052982360068,26.084252429365208,27.948615821815434,26.543062282656013,30.37803045957194,27.47412129402104,27.648894241078217,31.003429237196226,28.872937105452753,27.376285408432317,28.151872565537044,27.245834117836576,29.257844586925806,27.995618286634755,27.00114793871378,26.75093299799919,29.235557777803827,26.026800035468934,25.927368358948858,28.116699510132317,29.648005947823307,22.41486771095774,30.56899489101952,26.71651482302079,26.27436893650792,26.76155841810289,27.173419092318255,28.330256597884397,27.904923773717357,27.16315940321047,26.890799690327245,25.09519974041515,26.685717750580913,30.735841259343943,26.1796867250481,31.845014309412637,28.045723036864647,25.89969053971407,25.949186618895077,26.622132892013372,28.689577827214556,25.856401751091695,27.672051135335963,27.92407912418097,28.605872007149618,28.79770324172215,27.25083059999829,25.78774581841172,24.66715268065045,29.698421477900617,24.72393158468772,31.6665348265507,28.590130602844198,28.348267756835185,27.163587821974353,27.344694699762613,26.61350247155864,27.870122770348054,27.660698988646743,29.013515243023335,25.782113936404762,26.776961888255958,28.32306141868738,31.47558270011409,28.877983666154616,25.99700788126252,27.581720048868846,26.23976179233767,26.33530164139328,28.10918308616439,31.016978661460772,29.09924668102911,26.856763703583674,26.37118897615636,30.08382305119803,25.804963993461243,26.777691461258776,30.25010232134007,27.444604424125735,26.090569952030183,30.66715137907669,28.51596616547556,26.058704411819942,27.7233431050226,26.663880402318476,28.714764304624936,30.532803248446605,28.51058784082543,27.21331169580299,27.23000230005197,28.046751935188155,26.407941439381652,27.05679608490466,30.351730290965783,28.115091594675185,28.73880207026174,29.878701364601827,26.857167019225987,27.103183285911484,21.9476385516144,28.52038389267449,26.572525363893728,26.298191964511442,28.872725390858665,28.511147100800017,26.907576810719874,32.387889108195814,29.35010804414506,29.254126204658206,26.22162442457611,32.399236518893204,31.14309134972266,26.641202505042727,26.624919433469284,28.40748096253039,28.33591917723832,27.88991456885482,27.123622119303704,27.871049262018207,27.39908457592766,30.794880999571966,27.650642105163158,28.81447774294854,29.60836764061588,30.07685329528057,27.687725414108833,27.254131667034905,27.93557312282926,28.24003827788314,27.493214787650018,25.620912617668694,26.48040184282689,27.035985435501335,27.056472198630946,27.97475338979163,28.25403102598142,27.922368152884886,27.5683710237764,27.86187058100506,28.317255201893733,26.387675450491304,31.059549241942975,31.263246450162082,25.513326383959203,27.05762015741896,29.15250554928501,29.33604948204548,27.262378106896705,27.145864175685116,30.809804729532836,27.985758076765435,27.006438045561627,26.753538209348147,29.786895081988526,31.132021225460086,29.45925454282355,26.732252322094,26.68901516401809,29.061364831156503,27.046659702941994,27.998067882228266,27.87652256881547,30.593910357463137,29.15368718545264,27.770503242938148,29.456132758887755,24.973266747334954,27.168066332608245,28.13866318636428,23.54605870563778,23.61782544007628,25.226888220930956,29.39214874086342,32.00046147451636,26.199908073280156,31.0176572664443,25.412991748451653,26.05567926076625,28.87782884344499,30.892884155183708,26.997216058241563,28.15403667189303,25.409407176863336,26.76637610854046,27.465454731005227,32.06183293408854,27.674899307803834,26.23952950465388,25.442532562837993,26.442816525207252,27.92344845839007,29.251894781856922,26.44086462320906,25.971096148690158,27.934925434187708,26.665995094931528,28.59187955765166,26.68410962819315,28.899049357456963,27.417286238887986,26.64006976081976,26.688325009425856,28.398526184839422,26.26381808002957,26.44179680751704,32.31876167140973,24.42871733263215,26.71103131960673,23.021066270508186,28.80448860474928,26.213591034798892,28.363489440262654,26.075243021693577,27.407330710953477,26.055025059121217,31.338368942104083,25.80456740443862,28.91758156538708,23.43618992178175,26.923813003796123,27.298605463690663,27.827852629378082,30.285184327905498,27.71175781027437,28.939155136585605,29.96264953701301,28.405920187677765,27.928452652581086,28.180244806543207,25.732667536441966,27.979923916409252,29.097370380352086,27.889624975666713,26.75988099303844,25.273912401527095,28.85566076701324,28.34755054407067,27.358621572677055,27.616550734078302,25.862421226299276,29.37125430417688,27.98656792531024,29.197103368590117,28.34482031142946,26.637202368664127,27.616344856606567,26.62301360034781,28.258396727776702,26.70246599956408,27.244766668762146,23.700834912323447,29.859030464532452,27.75194392261338,26.449887685648886,27.898424744303366,31.431162228845402,27.22745936194769,27.32619643725598,28.05571828788108,28.430689932919055,27.87703983502101,26.47385149638059,28.655633417841543,28.445215993033028,27.108071621489785,31.238333488621933,27.904320328747904,27.780750627011827,28.617970499777538,27.833732358981056,26.70081800632189,29.07997073970523,32.39767333657647,25.530440772919597,27.89126266603152,26.648656630569853,29.196176965506005,31.57907742972773,19.516075072533845,18.395496557007128,21.569060973568796,14.200619829315599,26.90053052735131,16.94112558187614,16.720677617184872,14.884468806218727,28.57553648649512,18.37442404627994,29.471891778557378,24.001830943955884,13.895586937797933,29.572265090713945,14.695830344319303,19.13311668292379,15.137836139887954,16.571202782378606,16.791565010312677,18.599848976101885,18.688527256133494,16.64627645087582,19.43385291625802,26.553923238215656,22.13581357449042,18.984422935013242,30.044418142896358,21.173727894967676,26.272995888379857,16.937762160184064,17.63876563397722,21.21745195647187,15.81645165728156,15.52849077694269,23.417542480939993,18.801217582399044,16.859207314832283,13.092500946014411,19.41826968758697,14.793335270576131,28.017196585082193,24.000906101084958,31.381562737004753,15.125340123361877,28.444938876905827,23.814370326246234,25.13699838432869,28.886511966777576,14.952426974967029,18.300047272516103,26.737109350400676,25.4769407747785,17.341197462792298,20.82291823108631,21.778404160309023,15.437262372561404,18.21157269222429,14.034155662324427,26.164671398024293,13.643796059860712,16.4915073011817,15.048904993104035,32.15533236236129,17.272751831789336,18.18111952187589,15.032368398936839,18.10126594320114,22.353556525603814,18.900260404189414,15.554653345808617,21.280424946097174,26.113500791170438,28.26121781004905,16.95703659612927,30.615143167775894,26.59104747309558,23.516995358762312,16.444009142286212,25.09401207122828,14.249083276768722,20.75685025469063,25.93709690702588,19.516994963146608,30.245232848408584,23.078966418859622,17.44302873067626,23.392123065803244,29.92354271845538,19.335600106630373,20.724342288594702,17.81944471419426,19.03642126821962,20.229276437258143,24.738441730570525,17.913024213289034,18.92678212304625,20.180645628119997,28.11283692288809,15.213300473382123,19.953049293015333,26.401645711929433,24.327189826114324,27.466283257228277,23.74406433464258,19.36957020365908,29.18846697326945,24.29285184871643,25.28615710896795,15.719306265535579,16.984891026359687,17.521303899601897,16.59339341660095,23.388152438136903,19.482158453146898,24.289476961514975,22.956907445214974,20.98831493836122,17.586527665459794,21.995463913054795,15.726396303645481,18.41053183816864,25.61927431398411,29.59775822114946,25.577785280978855,17.812764355339166,19.50712410436217,14.338130191408029,18.44710832530371,22.521105381436936,20.278899493636874,17.431710235307104,21.100928500386924,27.106515808284545,27.785712216506155,13.835198552468873,20.611816628419582,18.86600022749383,18.044568138285964,26.87061561122931,29.646031499014608,18.43340978959386,29.00509869119482,27.586119606991815,22.2174750633465,32.032902647913936,26.65676978856743,22.98479927479241,15.043892066861032,24.117310897542175,24.817380716033437,15.888291722325349,16.31492394622372,20.585652163395537,16.537747553774206,13.176953375719785,18.14507612730356,28.15955541294211,21.254364751659683,25.418848386671545,16.488645289789023,18.9137834659096,15.644650149078231,15.578900019797576,28.31816960233373,12.855083355551683,26.59706242845304,25.428176067808877,28.78012083118658,24.20119958223691,24.42672189208724,14.325690666345078,21.738945992171896,28.45106482789474,15.610847503104957,17.347852611823104,25.97155556623149,29.59291205740961,19.303817851746114,20.3601184912387,16.839371731908816,16.11682482582155,23.353715577532167,19.03254601589463,15.876677546070237,24.555034536306728,15.766367900332003,21.289888664819863,18.18649000013446,22.169784268195574,16.641438598960622,17.962728342690706,23.89788889083178,17.225836465835943,22.064511127314574,28.19574424857841,28.61982447395339,23.91608811543499,18.731492559907693,29.23070407200756,14.71817406180398,17.12847736168853,29.9086398153117,16.297114964816686,18.34488428058498,20.52357631607123,17.837755712664418,26.235279790373667,16.711186209965195,15.73967079232566,26.236883530356874,31.039505855018792,22.69136202883171,22.923865141376087,19.17418568362087,30.83781135369703,20.668425854143454,19.172140181646864,19.309572255763747,20.170678759542028,21.229429578507,15.404597860898743,20.358480990755712,21.458884834379422,24.537726926612315,14.432323116425753,20.486131615285064,14.884308512490968,22.28672510063732,13.118040303053531,24.021128253141104,16.3538602640391,18.569412464241893,17.403620936171272,15.487656278191924,30.451541741544254,16.15789812968018,18.521085958780258,18.745758053681918,19.415713922740753,16.476999400788436,27.65913131905446,22.771751200483106,17.01112628185909,23.418115831242858,19.198237117410173,16.946668648868798,22.065334313652876,15.470440548156057,24.59689176814093,15.990107670560437,16.37484090211779,26.647429597742892,16.076979221146583,15.06085825158157,27.615799711769423,14.762266100571734,29.197594591861183,29.040378354650773,19.373801026764514,18.026012628865644,29.54055392743049,17.311968374869846,27.6997827716252,28.49678478853954,17.56273048105013,23.35815475702212,17.75517647637553,27.311539273225897,24.13085620965832,17.882118405859547,19.585471426389358,27.418064522684517,14.3751743047555,16.888078448300867,21.0100185788842,18.491906340844828,14.42972675164368,21.944098313620454,24.42477668820291,17.307143624199405,27.149360365738662,15.787745806005129,18.242066856493548,22.381131686995314,30.964930439061074,30.621198868938084,13.9800588791007,26.437396031880066,30.553458895126983,29.31095352958313,17.01643760113587,27.89904223881787,21.322827002784678,22.061110209938683,16.52307521165126,15.110704129091692,16.658434577340607,19.10593922028512,27.588193484117827,23.19074539384647
